-1	-11	-4	-2	18	-10	0	-2	
9	8	7
-5.625	2.75	0.5
----------
-4	-3	-2	-3	12	-2	-2	-2	
9	8	7
6	0.1875	-1.25
----------
-4	-8	0	7	38	7	5	-5	
9	8	7
5.25	-1.5625	0.875
----------
8	5	6	-20	34	19	5	6	
9	8	7
57.375	-7.625	3.25
----------
-3	0	-8	-16	-16	-3	-2	-2	
8	9	7
149.5	-128.563	23.5625
----------
-5	-19	-20	-31	1	0	0	-1	
7	10	7
120.688	-157.5	37.6875
----------
1	0	-3	-5	-64	-6	1	1	
6	10	6
16.5	-141.063	20.625
----------
-3	-7	-5	-4	-2	-9	-1	-1	
5	10	6
-40.5625	-128.125	8.375
----------
2	2	4	6	-9	8	4	0	
4	10	6
-41.5	-101.5	-31.625
----------
1	7	-1	-4	-29	-2	-2	-4	
3	10	5
-61.0625	-80.625	-91.9375
----------
-7	-33	0	0	-3	-3	-1	-4	
4	11	4
-65.8125	-21.3125	-159.688
----------
-1	-10	-4	0	17	1	2	8	
5	11	3
-53.25	9.4375	-194.938
----------
-5	-9	-7	1	-1	-1	-1	2	
6	11	3
-46.3125	38.375	-153.875
----------
-4	-4	3	1	-1	-7	-2	-4	
7	11	2
-6.375	21.625	-53
----------
1	9	-1	3	-3	3	0	0	
7	11	2
30.9375	-19.0625	42.375
----------
-3	-6	-5	-4	-4	-1	-2	-2	
6	11	3
33.625	-48.375	119.75
----------
0	-5	-5	-3	-2	0	-1	-2	
5	11	3
27.625	-68.6875	156.688
----------
0	2	2	-1	-1	0	-1	-2	
3	11	3
9.5625	-51.375	169.938
----------
-1	0	-2	5	6	-2	-1	-1	
2	11	4
-2.625	-17.375	172.063
----------
-6	-4	-6	-8	-6	-10	-36	-15	
1	8	6
-29.0625	30.625	181.875
----------
1	0	0	-1	0	3	4	-1	
2	7	8
-4.625	94.4375	188.313
----------
5	5	6	-5	2	-1	-4	4	
5	7	8
67.125	169.563	145.188
----------
-1	1	1	-16	-12	-10	-33	-6	
6	7	8
57.375	117.25	62.5
----------
-1	6	8	-28	8	10	-24	9	
7	7	8
38.4375	34.375	12.0625
----------
-1	-2	0	-21	28	3	58	1	
7	7	8
16.3125	0.8125	-33.6875
----------
-1	0	0	-3	10	2	-6	-5	
7	7	8
-13.8125	-81.4375	-131.938
----------
1	1	0	-6	-30	5	3	-1	
5	8	7
-41.125	-115.125	-173.25
----------
-1	-1	0	-4	-11	-2	-1	-3	
4	8	6
-42.9375	-95.5625	-190.75
----------
-4	-2	-2	-6	-42	3	-1	-10	
3	9	5
-7.875	-31.3125	-178.75
----------
1	3	11	18	73	31	4	-6	
4	10	4
18.375	-2.75	-177.438
----------
0	-16	1	-3	-24	-3	-5	-5	
5	11	2
75.5	-43.625	-153.5
----------
4	64	5	0	-4	-1	2	24	
5	11	2
44.25	-27.25	-52.3125
----------
-1	-20	-1	0	14	1	1	5	
5	12	2
3.5625	-44.8125	75.0625
----------
-2	22	-10	-10	-9	16	-3	-3	
4	12	2
0.8125	-49.75	123.688
----------
-2	-5	0	2	30	-2	-4	-2	
2	12	2
21.4375	-58.875	152.25
----------
-6	-28	-4	-1	-6	9	2	-3	
1	11	3
34.5	-61.0625	165.813
----------
1	-4	-3	-3	-9	1	-20	-18	
0	5	9
44.0625	-59.125	151.188
----------
1	3	2	5	-10	2	3	5	
1	4	11
61.5	-38.3125	122.063
----------
0	-2	4	8	64	1	-11	5	
2	4	11
61	14.625	82.1875
----------
2	2	-1	0	45	19	-5	3	
3	4	10
46.3125	43.625	32.8125
----------
-4	-3	-1	-6	18	-18	-8	-3	
3	5	10
6.375	49.8125	-49.25
----------
-1	2	0	0	1	12	8	-10	
2	6	9
7.25	62.875	-106.875
----------
-1	-2	-1	3	9	4	1	2	
2	7	8
3.0625	68.4375	-134.625
----------
-1	-1	-4	-8	38	-6	-3	1	
2	9	6
13.5	67.75	-141.25
----------
2	1	2	-2	-32	0	0	-9	
3	10	5
23	77.3125	-128.625
----------
2	-10	0	-3	-39	-9	-1	2	
4	10	4
6	43.4375	-70.5
----------
4	15	9	15	26	12	4	3	
5	10	4
5.9375	13.75	-16
----------
-1	-12	2	2	-8	0	1	-3	
5	10	4
-0.3125	-20.625	39.3125
----------
-1	-8	-6	-2	39	5	0	0	
4	10	4
0.625	-39.75	71.9375
----------
0	0	3	6	28	2	1	1	
3	10	5
2.5	-52.375	97.1875
----------
-3	-10	0	1	-8	4	0	1	
2	9	6
-5.3125	-52.125	106.5
----------
1	13	3	4	-21	4	0	2	
2	8	7
-12.375	-51.625	104.375
----------
-1	-6	1	4	2	8	4	1	
2	7	8
3.75	-44.625	91.8125
----------
-3	-8	-2	-1	-6	-3	-6	-3	
2	6	9
7.6875	-39.3125	76.0625
----------
0	2	-1	2	-40	-1	-3	2	
3	5	10
5.9375	-32.125	67.125
----------
-1	-2	0	4	2	-1	-2	0	
3	5	10
2.125	-20	49.9375
----------
-2	-2	-3	-6	14	-14	12	1	
3	5	10
-1.8125	3.625	-1.75
----------
-1	0	0	2	6	7	4	1	
3	5	10
-7.875	28.3125	-51.875
----------
0	0	-1	-3	30	13	-31	-7	
3	5	10
-6.375	49	-72.125
----------
0	0	0	-3	-10	-10	-10	-3	
2	6	9
-8.9375	54.625	-84.375
----------
0	0	1	-3	-5	9	2	0	
2	7	8
-3.3125	52.9375	-84.625
----------
0	-4	0	0	-30	-2	-3	-2	
2	8	7
5.4375	56.125	-82.75
----------
-6	-2	-3	-6	-29	-17	-29	-18	
3	9	6
-7.375	41.0625	-61.375
----------
41	8	13	23	-10	14	-38	0	
3	9	5
-17.5	13.75	-39.9375
----------
84	14	0	84	-7	9	18	8	
3	9	5
-2.6875	-16.25	-37.5
----------
79	14	14	107	97	72	-128	0	
3	9	5
-46.0625	-6.3125	-6.8125
----------
43	-33	-8	-17	-4	43	-35	24	
3	9	5
-9.6875	-3.3125	24.1875
----------
-41	-6	-1	-5	53	28	-13	-107	
3	9	5
57.75	-12.25	21.625
----------
0	-23	-5	-9	-60	-8	-2	3	
3	9	5
29.1875	-10.0625	21.875
----------
0	5	0	-5	-3	-2	-4	-9	
3	9	5
4.3125	-1.5	10.0625
----------
-1	-2	-1	13	-71	7	-7	1	
3	9	6
16.375	-7.3125	7.5
----------
104	4	-1	-2	-5	5	-39	10	
3	9	6
2.3125	3.5	15.875
----------
7	4	1	-46	-20	-4	-12	-13	
2	9	6
-13.875	-11	18.6875
----------
-128	-11	-6	2	17	-27	-89	-22	
2	9	6
-18.3125	-24.8125	-19.9375
----------
0	-5	2	18	5	30	-28	17	
2	9	6
-8.25	0.5	4
----------
33	1	3	-13	-20	10	39	24	
2	9	6
-0.3125	6.375	5.5625
----------
9	15	12	21	6	1	10	-48	
2	9	6
28.5	0.0625	15.875
----------
-18	-5	3	13	73	14	6	-19	
2	9	6
17.875	-0.8125	6.3125
----------
-5	-4	-1	8	51	6	2	-44	
2	9	6
3.25	6.8125	-5.6875
----------
-8	-51	-2	6	-17	-5	-3	-9	
2	9	6
-9.5	2.375	-3.6875
----------
-2	6	-2	4	18	-3	1	-23	
2	9	6
7.5625	-2.5	-0.625
----------
0	-2	-4	6	13	4	2	5	
2	9	6
3.125	0.875	0.9375
----------
-2	-3	0	0	-4	0	-2	-6	
2	9	6
-1.75	8.0625	0.625
----------
-2	-2	-1	-7	5	5	31	35	
2	9	6
-22	25.8125	9.125
----------
-34	-1	-1	-2	11	3	11	4	
2	9	6
2.8125	-6.4375	-3.3125
----------
-9	-1	-1	-7	21	2	-19	-18	
2	9	6
10.9375	4.25	-9.5
----------
0	-28	-9	-2	9	5	2	16	
2	9	6
-5.5625	7.0625	10.5
----------
-6	1	-1	-7	-25	18	-5	-13	
3	9	6
-1.8125	31.4375	29.125
----------
2	2	-1	-1	35	4	-7	-3	
3	8	6
8	71.9375	41.5
----------
-1	2	-1	-8	-5	-27	-1	-3	
4	8	7
-1.3125	100.375	43.4375
----------
-1	-1	0	-9	2	-42	-6	-1	
5	8	7
-31.9375	134.063	33.9375
----------
3	-2	-1	-1	-19	20	15	1	
6	8	7
-19.8125	152	14.5625
----------
-4	-22	-2	-4	-41	-15	3	0	
8	8	7
-29.5625	123.438	2.5
----------
1	5	3	-6	-55	-13	8	-1	
8	8	6
-28.375	61.875	0
----------
0	2	-3	-7	-18	-9	-3	-1	
9	7	6
-38.375	16.4375	9.5
----------
-4	-14	-5	-2	-35	-10	0	-13	
9	7	6
-43.4375	8.875	0.375
----------
-2	-4	-3	-6	-14	-2	-3	0	
9	7	6
-42.5	-1.125	2.75
----------
-1	-2	-2	-1	-36	-8	0	1	
9	7	6
-11.5625	-2.3125	-3.1875
----------
-3	-20	-4	-5	-2	-2	13	-1	
9	7	6
-6.4375	2.125	-3.9375
----------
-5	-4	-4	-4	36	8	-12	-6	
9	7	6
-1.4375	1.4375	-1.125
----------
7	35	8	5	53	8	-4	2	
9	7	6
10	0.1875	-2.5
----------
-2	-2	-7	-4	-10	-8	-5	1	
9	7	6
7.625	0.8125	-1.625
----------
