E:\Google Drive\Progetti\MSR Action3D\Real\a01_s05_e02_skeleton3D.txt
1
TRUE
-813.222
-854.415
-839.046
-826.33
-854.872
-836.354
-841.699
-833.323
-832.47
-882.258
-882.678
-896.026
-916.169
-930.323
-905.244
-864.282
-869.185
-891.555
-916.013
-879.541

35
20
1	0.911662	0.935719	0.986244	0.978376	0.826417	0.98768	0.975766	0.985705	0.981439	0.99108	0.344207	0.0165782	0.00165559	0.000174325	3.01792e-007	1.97506e-010	3.62464e-013	1.44761e-015	2.30124e-018	7.04338e-022	6.78843e-025	2.44317e-028	2.97067e-031	1.66659e-033	6.62748e-036	8.14312e-039	1.94942e-042	2.01631e-045	6.44587e-047	4.51775e-048	6.75909e-049	6.09413e-049	1.10612e-048	8.81063e-049	1.56492e-048	
0	0.0646255	0.0465944	0.00884475	0.00966162	0.170051	0.00889918	0.00633396	0.0106686	0.0106797	0.00110766	0.00265998	0.000196149	6.03683e-005	3.3738e-006	3.09285e-010	1.12207e-013	4.43525e-016	6.94228e-019	3.43825e-021	1.04717e-024	1.63187e-027	2.54326e-031	3.30312e-034	1.22738e-036	2.1676e-039	2.42238e-041	1.18997e-044	2.69332e-048	5.29785e-048	2.97308e-048	1.00017e-049	7.59798e-050	6.89416e-051	1.39348e-050	7.68801e-051	
0	0.0237123	0.0176057	0.0047991	0.0119531	0.00121377	0.00330666	0.017714	0.00334057	0.00784693	0.00776928	0.652689	0.979723	0.99216	0.993551	0.701198	0.850701	0.977423	0.717722	0.472919	0.00296919	0.00110301	0.000153873	5.72891e-006	9.73803e-007	9.44027e-007	8.07264e-008	1.59838e-009	1.13447e-010	4.17789e-012	7.52548e-014	2.57517e-015	4.76965e-017	1.83958e-019	6.80374e-022	3.48031e-024	
0	0	8.05095e-005	0.000112541	8.91427e-006	0.00231876	0.000114253	0.000185749	0.000285838	3.41358e-005	4.27554e-005	0.00044457	0.0035031	0.00612356	0.00627133	0.298802	0.149299	0.0225774	0.282278	0.527081	0.997031	0.998897	0.999846	0.999994	0.999999	0.999999	1	1	1	1	1	1	1	1	1	1	


1	0.915876	0.49389	0.0646932	0.101294	0.411347	0.189578	0.316673	0.168292	0.026223	0.00599622	0.000270193	8.70952e-006	5.1635e-006	2.49085e-007	2.81425e-009	6.46963e-011	3.65462e-012	5.62489e-013	1.95745e-013	2.69777e-014	6.64965e-015	3.06219e-016	3.17645e-018	2.54867e-019	3.90658e-020	4.95388e-021	5.32014e-022	5.29655e-023	1.2119e-023	5.62666e-025	1.80949e-025	6.0573e-025	1.61129e-026	3.27394e-028	2.00895e-028	
0	0.0841237	0.506069	0.933254	0.897475	0.540903	0.80614	0.670898	0.807731	0.955001	0.987068	0.997819	0.994615	0.98351	0.993684	0.701566	0.756093	0.983926	0.924032	0.889171	0.289617	0.317934	0.120671	0.0864799	0.202238	0.677707	0.710922	0.292196	0.429971	0.0389659	0.0043232	0.0016136	0.000264953	1.00452e-005	7.714e-008	3.22948e-009	
0	2.3196e-007	3.76239e-005	0.00195693	0.00119712	0.0240481	0.00105366	0.00526988	0.00183041	0.00169021	0.00100416	0.00163299	0.00533628	0.0164133	0.00617506	0.298178	0.241999	0.0157293	0.0757839	0.107435	0.589426	0.538601	0.848527	0.893305	0.768243	0.313257	0.28388	0.624942	0.523849	0.923287	0.816929	0.570365	0.0221313	0.000108327	2.43242e-007	4.68776e-009	
0	0	3.26409e-006	9.55668e-005	3.39707e-005	0.0237022	0.00322834	0.00715928	0.0221462	0.0170861	0.00593144	0.000277949	4.02512e-005	7.1934e-005	0.000141173	0.000256036	0.00190766	0.000344657	0.00018427	0.00339474	0.120957	0.143465	0.0308022	0.0202146	0.0295196	0.00903571	0.00519769	0.0828618	0.04618	0.037747	0.178747	0.428021	0.977604	0.999882	1	1	


1	0.886962	0.984972	0.998946	0.992725	0.977806	0.981267	0.998568	0.79389	0.998678	0.998177	0.539328	0.513216	0.868732	0.956301	0.852181	0.00974375	0.00045432	0.000209444	1.48809e-005	1.02271e-005	3.71263e-005	1.04953e-006	1.83e-006	1.41127e-006	4.75204e-007	1.18397e-008	3.38261e-009	2.82944e-010	1.69711e-010	2.2193e-010	2.19914e-011	8.64386e-013	3.58049e-014	1.74875e-015	1.20148e-016	
0	0.113038	0.0139812	0.000802418	0.00724267	0.0210521	0.0176719	0.000852074	0.205169	0.000523489	0.00152798	0.460581	0.48588	0.127853	0.0426676	0.146531	0.990212	0.999461	0.998566	0.998787	0.975043	0.952334	0.992983	0.969248	0.996779	0.998447	0.999781	0.997541	0.999263	0.87619	0.450299	0.251751	0.00121073	9.27384e-007	1.46732e-009	1.05379e-012	
0	1.17803e-012	0.000283223	2.10619e-005	2.9133e-006	3.05464e-005	4.92412e-005	6.90082e-005	1.68706e-006	0.00025664	4.08699e-006	1.95098e-007	0.000197136	0.00203424	0.000236257	0.000936384	3.21764e-005	1.6425e-005	0.000903368	0.000203832	0.00350013	0.00280684	0.00194218	0.0149364	0.00058284	0.000156932	2.75938e-005	0.000485915	6.13818e-005	0.0811335	0.194596	0.00450957	0.00010161	6.1023e-007	6.95531e-010	4.05802e-012	
0	0	0.000763937	0.000230946	2.98775e-005	0.00111186	0.00101194	0.000511153	0.0009403	0.000541381	0.000291397	9.12778e-005	0.000707156	0.00138104	0.000795339	0.000351886	1.19599e-005	6.8553e-005	0.000320881	0.000994032	0.0214462	0.0448219	0.00507369	0.0158141	0.0026364	0.00139538	0.000191196	0.00197286	0.000675799	0.0426768	0.355105	0.74374	0.998688	0.999998	1	1	


1	0.976662	0.899555	0.98369	0.840061	0.985266	0.991415	0.939533	0.997636	0.950035	0.989046	0.752903	0.124541	0.00589454	0.000494649	3.31905e-006	2.65757e-008	1.84268e-011	2.13601e-014	3.26372e-017	1.81635e-020	1.24742e-023	1.28851e-026	4.23684e-029	8.50373e-032	1.8157e-034	2.48816e-038	7.18417e-042	3.55089e-045	1.92777e-046	1.85865e-047	8.37555e-049	2.55149e-049	7.89953e-050	3.56223e-050	1.92497e-050	
0	0.0233378	0.100405	0.0161514	0.159872	0.00644423	0.00841485	0.0603012	0.00220736	0.0499605	0.0109451	0.244848	0.864667	0.982295	0.991773	0.936143	0.553114	0.25882	0.0541969	0.00636775	0.000109245	0.000137407	4.17997e-005	4.32604e-005	2.53026e-005	3.13992e-005	5.99798e-007	2.66314e-008	2.09517e-009	3.83776e-010	1.10166e-010	1.01211e-012	2.66025e-014	2.92103e-016	5.32655e-018	8.18621e-020	
0	4.30422e-008	4.00844e-005	0.000158418	6.69466e-005	0.00820735	7.55252e-005	3.84127e-005	0.00013165	3.36743e-006	8.658e-006	0.00224853	0.0107762	0.011783	0.00736448	0.0630854	0.444234	0.740901	0.941137	0.976732	0.75895	0.866702	0.83366	0.979358	0.993479	0.992765	0.998165	0.959465	0.979576	0.815624	0.401872	0.00781164	7.86911e-005	1.22952e-007	4.0627e-009	3.98522e-011	
0	0	2.39659e-008	3.83771e-007	4.84731e-007	8.21275e-005	9.45286e-005	0.00012698	2.50585e-005	8.28766e-007	1.70634e-007	1.1968e-006	1.63624e-005	2.78932e-005	0.000367899	0.000768575	0.00265189	0.000278981	0.00466655	0.0169001	0.240941	0.133161	0.166298	0.0205983	0.00649549	0.00720348	0.00183459	0.0405353	0.0204241	0.184376	0.598128	0.992188	0.999921	1	1	1	


1	0.945112	0.767646	0.968513	0.686626	0.993162	0.970615	0.981663	0.968949	0.96257	0.963173	0.0635356	0.00215348	0.000228283	7.64821e-006	2.79745e-007	3.95335e-010	1.43438e-013	2.95942e-015	5.84864e-017	1.46265e-018	1.57378e-020	1.64979e-022	7.24341e-024	1.32934e-025	1.83897e-027	1.32525e-029	3.45214e-032	3.52331e-034	4.63613e-035	6.94497e-036	5.66775e-037	1.2033e-037	3.59646e-038	5.87747e-039	4.76949e-039	
0	0.0548877	0.232351	0.0314812	0.313368	0.00543382	0.0292964	0.0181525	0.0310055	0.0374274	0.0368269	0.936427	0.997663	0.996654	0.999593	0.919957	0.988955	0.999937	0.655193	0.778419	0.0287287	0.0626597	0.050457	0.0266672	0.0221703	0.192358	0.151444	0.00318494	0.00695884	0.000373786	7.47879e-006	6.81443e-008	4.27436e-010	4.04362e-013	9.60685e-017	1.41934e-019	
0	2.79775e-020	2.95649e-006	6.26165e-006	5.60283e-006	0.00140051	1.364e-006	8.54081e-005	1.88941e-006	5.94968e-007	2.99576e-007	3.7521e-005	0.000183062	0.00311134	0.000377406	0.0799973	0.01063	4.27819e-005	0.344776	0.117392	0.45931	0.0326261	0.0781974	0.0104717	0.000796853	3.64103e-005	0.0143702	0.0474589	0.00781823	0.0241333	0.0102069	0.000242031	1.7812e-007	4.34718e-011	2.08901e-014	2.07653e-017	
0	0	9.73853e-017	1.8963e-008	2.81877e-007	3.71632e-006	8.67608e-005	9.86604e-005	4.37114e-005	2.47033e-006	1.5362e-007	2.57652e-008	2.41239e-007	6.62909e-006	2.16103e-005	4.51243e-005	0.000414991	2.04007e-005	3.05452e-005	0.104188	0.511962	0.904714	0.871346	0.962861	0.977033	0.807605	0.834186	0.949356	0.985223	0.975493	0.989786	0.999758	1	1	1	1	


1	0.943791	0.992156	0.99578	0.99903	0.993454	0.999889	0.609707	0.909921	0.994281	0.995486	0.901883	0.556494	0.393763	0.0191167	0.000111835	7.37342e-008	7.14471e-011	5.21101e-012	1.22729e-014	1.92087e-016	5.63035e-018	2.19402e-020	7.31321e-021	3.27798e-021	1.38757e-021	1.39978e-023	1.10922e-025	2.39052e-027	1.12694e-028	5.88206e-030	7.02193e-031	4.26172e-031	3.07603e-031	2.49216e-031	8.58264e-031	
0	0.056205	0.00759934	0.00420418	0.000782126	0.00642044	0.000104628	0.390292	0.000190404	0.0053375	0.00451131	0.0910423	0.175658	0.184068	0.956581	0.98138	0.00103481	1.18431e-006	3.86203e-008	4.95306e-011	1.37204e-011	2.02378e-009	7.48335e-010	2.57524e-011	1.37466e-012	1.63952e-012	2.38353e-014	8.55408e-015	1.44008e-014	2.61418e-015	4.60017e-017	4.34193e-019	1.90496e-021	6.52242e-024	4.9518e-027	6.69477e-029	
0	3.8633e-006	0.000245136	1.45424e-005	0.000188075	9.81812e-006	3.11262e-006	1.10565e-008	0.0898882	0.000168167	1.08074e-006	0.00707359	0.267775	0.414929	0.020487	0.0175134	0.998934	0.999752	0.964985	0.98985	0.140268	0.0164401	0.003574	0.00771929	0.0971471	0.199066	0.240356	0.038415	0.00681282	4.61137e-005	1.56796e-006	3.11971e-008	4.8226e-011	2.32368e-014	2.27923e-016	3.37249e-020	
0	0	1.95946e-008	1.58047e-006	2.04292e-007	0.000115806	3.33662e-006	9.72626e-007	2.05907e-007	0.000213648	1.61439e-006	1.00165e-006	7.27927e-005	0.00723998	0.0038158	0.000994846	3.14744e-005	0.00024638	0.035015	0.0101504	0.859732	0.98356	0.996426	0.992281	0.902853	0.800934	0.759644	0.961585	0.993187	0.999954	0.999998	1	1	1	1	1	


1	0.858803	0.998178	0.998842	0.999906	0.854992	0.998325	0.990507	0.956996	0.999415	0.998559	0.333884	0.194875	0.395578	0.766756	0.0822413	0.000226752	7.83421e-005	2.86027e-005	7.16204e-007	2.31589e-008	5.25627e-009	1.51119e-011	1.20078e-012	3.60065e-012	1.1614e-011	3.44475e-012	2.17772e-013	2.95418e-014	4.26363e-016	2.56331e-017	2.85295e-018	8.31357e-020	3.03654e-021	1.1262e-023	2.12648e-025	
0	0.141197	0.00177152	0.00115228	9.34291e-005	0.144987	0.00161213	0.00947172	0.0429259	0.000547933	0.00143616	0.666113	0.80136	0.585836	0.23065	0.664115	0.950613	0.993168	0.932288	0.993841	0.950832	0.979079	0.905652	0.0671145	0.0252497	0.197869	0.848281	0.906741	0.985533	0.781109	0.138435	0.0583883	0.000672894	1.98694e-007	4.13592e-011	2.55695e-014	
0	6.16181e-016	4.08892e-005	8.63554e-007	5.83197e-008	7.57602e-007	5.43231e-005	3.10898e-006	1.8372e-005	1.60494e-005	3.96262e-007	2.34719e-006	0.00374441	0.0182943	0.00225651	0.253467	0.0491003	0.00668919	0.0675478	0.00547534	0.0413152	0.017831	0.094162	0.930628	0.939576	0.754686	0.126895	0.0580197	0.0121368	0.213513	0.705871	0.0769072	0.000145407	2.67453e-007	7.64873e-011	1.05774e-013	
0	0	9.27487e-006	4.52704e-006	4.12908e-008	2.00898e-005	8.73309e-006	1.86058e-005	5.9322e-005	2.07028e-005	4.48304e-006	4.07092e-007	2.01046e-005	0.000292065	0.000337697	0.000176233	6.03052e-005	6.49161e-005	0.000135249	0.000683215	0.00785288	0.00308968	0.000185923	0.00225783	0.0351741	0.0474452	0.0248242	0.0352396	0.00233011	0.00537789	0.155693	0.864704	0.999182	1	1	1	


1	0.941074	0.99945	0.999377	0.999915	0.950923	0.999178	0.991019	0.994277	0.999764	0.999398	0.976154	0.919955	0.888583	0.984978	0.0128747	8.32177e-006	1.4793e-005	4.65495e-007	2.71009e-008	9.03825e-011	1.13098e-011	6.43006e-014	2.06607e-015	6.93653e-016	2.80168e-016	1.6519e-017	3.55115e-020	2.79526e-021	7.64794e-024	1.17932e-025	6.42144e-028	1.21709e-029	4.12503e-031	2.35907e-033	1.46631e-035	
0	0.0589261	0.000356899	0.000597745	8.22526e-005	0.0489922	0.000465993	0.00881955	0.00556064	0.000154931	0.000595041	0.0238425	0.0797901	0.0999702	0.0105996	0.982782	0.9997	0.91417	0.895739	0.659809	0.0759921	0.0112199	0.190422	0.0414487	0.00277799	0.000621497	0.000197127	1.59123e-005	1.89091e-006	3.35963e-006	6.32097e-007	1.73816e-008	2.29197e-011	1.26793e-015	6.14099e-020	1.40358e-023	
0	1.74377e-008	0.000193074	1.84534e-005	2.96417e-006	1.80095e-005	0.000344409	6.94311e-005	1.92968e-005	6.19149e-005	1.51934e-006	2.37599e-006	0.000254755	0.0114397	0.00436409	0.00403321	0.000288498	0.0857956	0.0940216	0.284598	0.110702	0.033051	0.0104194	0.0293216	0.0131138	0.00498212	0.00191035	6.93764e-005	4.6551e-006	8.33833e-007	3.00279e-007	3.63664e-008	5.42677e-010	7.5669e-012	5.72114e-014	8.07556e-016	
0	0	5.26413e-008	7.03818e-006	4.91264e-008	6.69417e-005	1.20437e-005	9.18331e-005	0.000142837	1.92245e-005	5.63768e-006	7.11904e-007	3.23621e-007	6.71985e-006	5.81116e-005	0.000309967	3.36136e-006	2.00994e-005	0.0102393	0.0555927	0.813306	0.955729	0.799158	0.92923	0.984108	0.994396	0.997893	0.999915	0.999993	0.999996	0.999999	1	1	1	1	1	


1	0.955483	0.989515	0.991212	0.997616	0.735156	0.951901	0.988473	0.95548	0.997211	0.995347	0.957348	0.974282	0.954427	0.947184	0.140081	0.0066512	0.00604496	0.00139408	5.30495e-005	4.53352e-007	3.10416e-007	5.23103e-009	3.56116e-010	2.6928e-010	2.54752e-010	3.82804e-011	2.96718e-012	1.09581e-012	4.91152e-014	2.78663e-015	6.01791e-017	9.67534e-018	5.36761e-019	5.95915e-021	1.89395e-022	
0	0.0438981	0.0102993	0.00817579	0.00219872	0.262868	0.0469029	0.0102653	0.0442337	0.00235118	0.00435633	0.0419237	0.024284	0.0422129	0.0502371	0.659141	0.886957	0.958825	0.921994	0.983333	0.982733	0.907555	0.849676	0.746475	0.816922	0.871453	0.922048	0.916318	0.911326	0.780238	0.726119	0.794087	0.339695	0.0676673	0.00395779	0.000107578	
0	0.000618705	0.000183285	0.000610308	0.000183908	0.00123495	0.00112859	0.00112883	0.000227997	0.000430108	0.000295354	0.000727127	0.00143232	0.00333318	0.00255627	0.20062	0.106203	0.0348624	0.0755265	0.0150147	0.0102601	0.0824565	0.148024	0.249451	0.173891	0.123591	0.0718793	0.0460592	0.0714418	0.155501	0.0713269	0.00572629	0.00184457	0.000299571	9.88898e-006	2.31637e-006	
0	0	2.46981e-006	2.30166e-006	1.04564e-006	0.000740737	6.75439e-005	0.000132543	5.87236e-005	7.58109e-006	1.71389e-006	1.06758e-006	1.92111e-006	2.6474e-005	2.2766e-005	0.000157529	0.000189107	0.00026766	0.00108506	0.00159906	0.00700644	0.00998821	0.00229909	0.00407325	0.00918764	0.00495577	0.00607228	0.037623	0.0172317	0.0642608	0.202554	0.200187	0.658461	0.932033	0.996032	0.99989	


1	0.999895	0.999576	0.998184	0.999968	0.999728	0.999872	0.995912	0.999249	0.996257	0.956746	0.333239	0.00671175	0.00694293	0.0764799	0.000239687	1.17877e-007	2.15537e-008	1.11496e-010	1.94077e-013	6.60538e-017	1.05035e-017	6.50162e-021	7.36576e-023	2.06678e-024	1.22724e-024	1.60378e-027	7.51362e-031	4.32785e-032	3.86987e-033	7.84846e-035	4.86823e-036	1.6951e-035	1.03591e-035	3.38688e-038	9.93673e-038	
0	0.000104631	0.000424057	0.0018154	2.54639e-005	0.000181844	0.000123842	0.00408818	0.000585912	0.00374056	0.0432542	0.666303	0.992849	0.962025	0.472494	0.0546839	0.000132706	0.000561404	5.73798e-005	6.03712e-008	5.34364e-012	2.59121e-010	1.00466e-013	2.01597e-012	7.25294e-012	2.84607e-010	1.57374e-012	1.73157e-014	1.50534e-014	1.61316e-016	6.75329e-019	7.07272e-024	6.49335e-027	1.22556e-031	1.87276e-036	5.13025e-039	
0	2.40809e-026	1.61097e-008	6.02685e-007	6.77594e-006	1.32987e-005	7.98353e-008	1.27155e-007	0.000161909	1.744e-007	8.9366e-008	0.000457063	0.000436838	0.0310099	0.448364	0.94486	0.999735	0.983521	0.999661	0.996841	0.99674	0.979799	0.999984	0.989692	0.979737	0.986278	0.999835	0.998969	0.997752	0.987408	0.929909	0.985635	0.154004	0.00869994	1.5844e-005	2.85023e-007	
0	0	1.10994e-026	5.4902e-010	3.93269e-009	7.72551e-005	4.03946e-006	1.87823e-007	3.48803e-006	2.37738e-006	1.52694e-007	4.26938e-008	2.27784e-006	2.23587e-005	0.00266248	0.000216161	0.000131714	0.0159174	0.000281394	0.003159	0.00326024	0.0202013	1.55022e-005	0.0103083	0.0202633	0.013722	0.000164681	0.00103134	0.00224793	0.0125924	0.070091	0.0143647	0.845996	0.9913	0.999984	1	


1	0.997894	0.99989	0.997689	0.999988	0.998483	0.999956	0.999352	0.994259	0.999196	0.997367	0.582721	0.0150893	0.0249082	0.551013	0.0891509	0.00126358	0.00102021	8.25587e-005	4.16786e-006	2.07376e-008	8.87053e-008	1.66376e-009	1.94987e-010	3.43615e-011	2.36896e-010	3.62718e-012	1.96658e-014	1.87266e-014	1.08512e-014	1.20354e-015	3.34655e-016	2.37542e-016	1.33992e-016	2.69246e-019	2.32239e-019	
0	0.00210622	0.000109624	0.00231071	1.1534e-005	0.00151078	4.34545e-005	0.000647555	0.00572764	0.000803128	0.002633	0.417268	0.984859	0.968368	0.399333	0.445479	0.0791967	0.402593	0.0639211	0.00102459	4.79235e-006	0.000187483	5.31714e-006	3.25173e-005	3.86482e-005	0.000736921	8.48916e-006	2.85647e-007	1.99215e-007	3.16761e-008	1.41855e-009	4.38921e-013	3.94689e-016	3.19426e-020	1.61809e-021	4.17134e-023	
0	1.47602e-009	6.39288e-008	2.03953e-008	4.1471e-007	1.00028e-006	8.2733e-008	3.52571e-009	9.44442e-006	4.48552e-008	4.91935e-009	1.03754e-005	4.49805e-005	0.00662511	0.0490384	0.464829	0.918316	0.55525	0.932283	0.970565	0.980749	0.792309	0.999628	0.937292	0.877905	0.702156	0.997786	0.99489	0.986683	0.90925	0.421909	0.681325	0.00400064	3.48594e-005	1.87969e-008	3.72339e-011	
0	0	1.55731e-008	1.42098e-008	6.23827e-009	5.03206e-006	6.31382e-007	4.20064e-008	4.30324e-006	8.79419e-007	1.00448e-007	2.27351e-007	7.1551e-006	9.91264e-005	0.000616155	0.000541421	0.0012242	0.0411364	0.00371374	0.0284066	0.0192458	0.207504	0.000366747	0.0626753	0.122057	0.297107	0.00220514	0.0051098	0.0133169	0.09075	0.578091	0.318675	0.995999	0.999965	1	1	


1	0.967424	0.982699	0.999222	0.899604	0.900875	0.989661	0.991252	0.995001	0.998473	0.999815	0.835336	0.831949	0.672031	0.157884	0.634253	0.394871	0.473501	0.336344	0.0434058	0.00430429	0.0143342	0.0107925	0.334118	0.662826	0.862965	0.180431	0.00608425	0.000639514	0.000142291	0.000189308	1.72791e-005	1.81507e-005	7.75758e-006	2.49879e-005	0.000550116	
0	0.0223228	0.0161151	0.000654404	0.100269	0.000343599	0.00133485	0.0027836	0.000556653	0.00148402	0.000181644	0.153044	0.159359	0.324829	0.830202	0.0701615	0.0170407	0.207258	0.00939563	0.00106237	5.19711e-006	0.00186556	0.00105875	0.000428414	0.00400792	0.0884166	0.025076	5.81999e-005	5.32218e-005	2.34128e-006	6.5063e-007	1.29773e-007	5.50944e-008	6.44121e-009	1.79942e-009	6.39186e-008	
0	0.0102533	5.78434e-005	0.000105516	7.9838e-005	0.0987072	0.00126847	0.000119901	0.000834401	1.37528e-005	2.8795e-006	0.0116141	0.00787885	0.00250249	0.00889949	0.294331	0.562569	0.268645	0.635044	0.933735	0.980957	0.606241	0.447581	0.563802	0.289864	0.0285858	0.779029	0.977426	0.925456	0.947583	0.785448	0.468699	0.00704807	5.81639e-005	2.30204e-005	1.80295e-006	
0	0	0.00112842	1.77188e-005	4.66772e-005	7.38962e-005	0.00773604	0.0058448	0.00360836	2.90809e-005	6.44364e-007	5.60326e-006	0.000812743	0.000638331	0.00301479	0.00125404	0.0255192	0.050597	0.0192168	0.0217969	0.0147337	0.377559	0.540567	0.101652	0.0433026	0.0200324	0.0154638	0.0164314	0.0738509	0.0522726	0.214362	0.531283	0.992934	0.999934	0.999952	0.999448	


1	0.993234	0.998959	0.998913	0.998981	0.978878	0.995796	0.997518	0.992531	0.997971	0.995675	0.993571	0.996268	0.997057	0.99709	0.999364	0.999547	0.999816	0.997309	0.999258	0.992009	0.999097	0.999757	0.998832	0.997129	0.999325	0.998496	0.989412	0.998176	0.995559	0.989802	0.988118	0.992855	0.991863	0.968747	0.983633	
0	0.006766	0.000698399	0.000631531	0.000505897	0.0209393	0.00382176	0.00214898	0.00718974	0.000330267	0.000485797	0.0019418	0.00171008	0.000984279	0.000373184	0.000368632	0.000384833	0.000171338	0.00269059	0.000714127	0.00798995	0.000872461	0.000192647	0.00116364	0.00287064	0.000663833	0.00150134	0.0105877	0.00179775	0.00420352	0.00995069	0.011564	0.00464936	0.00706799	0.0310471	0.0153284	
0	6.59698e-009	7.43789e-010	3.42244e-009	6.9045e-008	1.25319e-010	5.01952e-011	1.32022e-010	3.73701e-009	1.13195e-007	2.26885e-010	6.20621e-008	4.69793e-008	1.35105e-005	1.88414e-008	3.50288e-008	6.70674e-008	1.1427e-006	2.56362e-010	4.512e-006	4.83663e-009	2.57313e-007	7.42349e-007	2.32991e-008	8.0239e-010	3.85912e-007	6.36846e-008	1.52338e-010	7.83879e-009	1.17336e-006	3.40054e-007	8.48065e-010	4.13614e-007	4.01355e-011	7.62528e-011	2.30552e-009	
0	0	0.000342429	0.000455795	0.000512646	0.000182449	0.000382255	0.000333021	0.000278811	0.00169827	0.00383956	0.00448714	0.00202192	0.00194527	0.00253705	0.000266869	6.7662e-005	1.13983e-005	3.23019e-007	2.35405e-005	1.12855e-006	2.99712e-005	5.01088e-005	4.09427e-006	8.35297e-007	1.11927e-005	2.91554e-006	6.64974e-007	2.58599e-005	0.000236451	0.000246751	0.000318434	0.00249539	0.00106935	0.000205552	0.00103903	


1	0.962382	0.653773	0.715379	0.687673	0.764134	0.541329	0.401996	0.411077	0.447089	0.149805	0.117524	0.422087	0.245587	0.208961	0.0432021	0.000713502	4.62526e-006	2.2541e-007	1.65544e-009	1.77026e-010	3.67657e-012	7.04436e-014	2.57287e-015	4.20892e-017	1.94592e-018	1.83148e-020	6.96693e-022	1.73402e-023	1.77466e-023	6.52883e-024	2.48605e-023	5.98771e-023	1.53318e-022	1.88101e-022	9.26759e-023	
0	0.037618	0.345488	0.25219	0.13936	0.0436885	0.424447	0.562899	0.520224	0.152683	0.773396	0.854003	0.280936	0.171597	0.492794	0.0466326	0.000580646	2.41699e-007	2.58505e-008	1.3537e-010	6.70829e-012	1.30194e-013	1.18106e-014	6.35664e-017	1.40869e-018	7.91731e-020	5.11684e-022	2.37582e-023	1.23574e-024	3.52706e-024	5.06354e-025	5.21873e-023	4.9945e-023	2.72101e-022	2.75815e-023	7.09187e-023	
0	5.50126e-010	0.00012385	0.010531	0.105009	0.00172673	5.22324e-005	0.00135488	0.00694487	0.179449	0.0015425	0.00880506	0.198012	0.327103	0.0876611	0.89617	0.998309	0.999736	0.998219	0.999828	0.996076	0.997463	0.999241	0.99596	0.998429	0.998732	0.999582	0.997715	0.999105	0.336971	0.0424236	0.000357638	1.68574e-005	2.25424e-007	2.68419e-009	4.46982e-012	
0	0	0.000615924	0.0219005	0.0679581	0.19045	0.0341716	0.0337497	0.0617542	0.22078	0.0752561	0.0196677	0.0989637	0.255713	0.210584	0.0139951	0.00039658	0.000259377	0.00178115	0.000171725	0.00392353	0.00253719	0.000758968	0.00404021	0.00157097	0.00126766	0.000417524	0.00228527	0.000894644	0.663029	0.957576	0.999642	0.999983	1	1	1	


1	0.240226	0.547187	0.701187	0.296654	0.0278088	0.0806174	0.0413185	0.0309503	0.00604158	0.0403274	0.0484236	0.0548898	0.0417609	0.0505319	0.00795614	0.000582337	3.72208e-005	4.86535e-007	1.38598e-008	7.27649e-010	7.84939e-012	6.4729e-014	5.24938e-016	5.69363e-018	2.1311e-019	1.39236e-021	5.59331e-024	7.74219e-026	1.50688e-026	3.92604e-028	4.80765e-027	7.39653e-027	1.83107e-026	7.61337e-027	7.26799e-027	
0	0.00266586	0.0143521	0.0201358	0.0416648	0.000457318	0.00188132	0.00642664	0.000185241	0.00148844	0.00379735	0.0017099	0.00144608	0.00381583	0.0110825	0.987747	0.994504	0.93485	0.99592	0.960024	0.972225	0.993435	0.999341	0.997083	0.955893	0.999332	0.704607	0.617577	0.976262	0.469988	0.00663324	0.0128207	0.00385714	0.0036093	0.000329527	6.95948e-005	
0	0.757108	0.211689	0.00262251	0.0839843	0.359697	0.00345171	0.000149382	0.0027333	4.0331e-005	4.24063e-007	0.000310989	0.000309538	0.00325112	0.000360204	3.50597e-005	0.00489656	0.0651063	0.00405293	0.0399746	0.0277161	0.0065571	0.000657483	0.00291659	0.0441057	0.000653431	0.295392	0.382223	0.0235083	0.521391	0.956785	0.320799	0.0992845	0.00266966	0.00450172	6.30376e-005	
0	0	0.226772	0.276054	0.577697	0.612037	0.91405	0.952105	0.966131	0.99243	0.955875	0.949556	0.943355	0.951172	0.938025	0.00426162	1.73965e-005	6.03393e-006	2.62357e-005	1.3778e-006	5.85292e-005	7.39955e-006	1.21859e-006	2.13994e-007	1.51522e-006	1.45876e-005	5.5955e-007	0.000200568	0.00022966	0.00862123	0.0365814	0.666381	0.896858	0.993721	0.995169	0.999867	


1	0.982909	0.93531	0.932465	0.989105	0.948759	0.851336	0.642865	0.93414	0.973645	0.835984	0.776608	0.62718	0.610045	0.463532	0.0976019	0.0437989	0.0380375	0.00746134	0.00208069	8.40943e-005	7.77833e-006	6.25462e-007	1.22085e-007	7.22562e-008	6.27161e-009	3.36032e-009	1.04625e-009	4.35084e-010	1.94919e-010	9.68897e-011	3.95396e-012	7.42904e-013	1.6482e-014	4.4704e-016	7.21135e-017	
0	0.0148453	0.0522053	0.0549552	0.00883008	0.0324022	0.104816	0.283345	0.0425271	0.0224667	0.131482	0.180277	0.238931	0.183053	0.30487	0.450662	0.523535	0.40905	0.151466	0.0913301	0.0297968	0.0160997	0.0346038	0.0167287	0.00555398	0.00337413	0.00230604	0.000755329	0.000578561	0.000581823	0.000376019	0.000195783	0.000272857	2.32031e-005	4.75841e-007	2.85576e-007	
0	0.002246	0.0121191	0.0120987	0.00101573	0.0149316	0.0208972	0.0530784	0.00670725	0.00273329	0.0322491	0.0424778	0.131779	0.20241	0.225665	0.448728	0.425412	0.546248	0.818108	0.791824	0.907144	0.980429	0.959304	0.977874	0.968536	0.990995	0.961987	0.915625	0.973004	0.964738	0.956325	0.7356	0.262443	0.00857309	0.000146789	4.9313e-005	
0	0	0.000365258	0.000480915	0.00104934	0.00390741	0.0229508	0.0207119	0.0166257	0.00115481	0.000285114	0.000636459	0.00210962	0.00449224	0.00593369	0.00300787	0.00725442	0.00666418	0.022964	0.114765	0.0629749	0.00346312	0.00609151	0.00539748	0.02591	0.00563079	0.0357068	0.0836194	0.026417	0.0346805	0.0432994	0.264204	0.737284	0.991404	0.999853	0.99995	


1	0.984474	0.998735	0.999715	0.998686	0.988413	0.973795	0.978629	0.812966	0.970192	0.995327	0.9285	0.961097	0.991157	0.966142	0.950411	0.0739128	0.0282194	0.00284797	0.000139144	5.1629e-006	5.82133e-006	2.92857e-008	1.11003e-008	5.18523e-009	3.85339e-009	5.21663e-011	1.78573e-012	9.20145e-014	1.19808e-014	3.40755e-015	3.48168e-016	5.81434e-017	3.781e-018	4.35068e-019	7.17566e-019	
0	0.015508	0.000669167	6.45403e-005	0.000589933	0.00175282	0.00182651	0.000380904	0.00191808	1.43752e-005	9.55899e-005	0.048425	0.0116076	0.000628093	0.0107574	0.00886498	0.0139612	0.00217865	7.61781e-005	4.56722e-006	1.4275e-007	7.76889e-008	2.7545e-009	2.87746e-011	4.28206e-011	7.28131e-011	5.33073e-012	2.62237e-013	4.53903e-014	3.50935e-016	3.39624e-018	2.31839e-017	2.18594e-019	2.03285e-020	8.89795e-022	1.51317e-022	
0	1.76465e-005	1.85263e-005	2.21292e-006	1.1529e-006	3.04456e-005	1.28994e-005	7.14021e-006	2.63135e-005	7.2715e-007	8.39227e-008	2.724e-005	0.00207803	0.000281756	0.000119465	0.0244059	0.89938	0.927699	0.9908	0.947753	0.964676	0.91812	0.994269	0.996742	0.983597	0.958046	0.984604	0.98221	0.97256	0.971568	0.93459	0.544231	0.0123958	7.97602e-005	7.41747e-007	1.2848e-008	
0	0	0.000576856	0.000218588	0.000722815	0.00980333	0.0243657	0.0209829	0.185089	0.0297934	0.00457705	0.0230478	0.0252177	0.0079331	0.0229815	0.0163176	0.0127455	0.0419028	0.00627592	0.0521029	0.0353183	0.0818741	0.00573079	0.00325776	0.0164033	0.0419538	0.0153956	0.0177896	0.02744	0.0284315	0.0654099	0.455769	0.987604	0.99992	0.999999	1	


1	0.999977	0.999854	0.998972	0.999848	0.999975	0.999782	0.999973	0.999314	0.999817	0.999726	0.99228	0.996959	0.999072	0.995089	0.81655	0.00327616	1.43295e-005	2.8819e-006	7.86305e-008	6.35505e-009	3.10447e-010	3.73886e-013	4.04187e-014	1.49485e-014	3.61294e-016	4.54264e-018	4.68533e-019	2.57267e-021	6.40572e-022	3.52721e-022	1.21091e-022	9.41342e-023	4.83644e-023	6.28352e-022	2.8092e-021	
0	2.32963e-005	0.000145986	0.00102835	0.000115813	2.50265e-005	0.000217263	2.67633e-005	0.000685554	0.000182993	0.000274158	0.00761136	0.0013963	0.000757096	0.00170383	0.000937525	9.50753e-005	1.25927e-006	3.02749e-008	1.83314e-010	2.32031e-011	1.57216e-012	1.06527e-014	1.63376e-015	1.50987e-016	3.35341e-017	4.82619e-020	1.27357e-022	7.06479e-024	5.07838e-026	1.21006e-025	3.84303e-026	3.41209e-026	3.84886e-026	7.08517e-026	9.64372e-025	
0	1.14831e-009	1.1276e-007	1.38454e-007	3.62571e-005	7.16296e-009	1.30444e-007	8.75058e-008	5.94303e-008	2.02975e-007	2.7015e-007	0.000108313	0.00164264	0.000156226	0.00315361	0.175871	0.985005	0.994693	0.831623	0.850024	0.0655318	0.0222825	0.00249868	5.12553e-005	4.98403e-005	4.16852e-005	1.29549e-005	2.08149e-006	9.33501e-007	1.53248e-009	1.85722e-012	1.53034e-013	5.40246e-017	2.82976e-020	8.97508e-024	5.71576e-028	
0	0	6.49241e-012	1.1085e-009	2.43644e-009	4.19602e-007	1.78081e-007	3.38102e-008	6.05926e-009	3.56337e-010	1.56658e-009	1.19463e-007	1.82095e-006	1.49437e-005	5.34782e-005	0.00664181	0.0116242	0.00529176	0.168374	0.149975	0.934468	0.977717	0.997501	0.999949	0.99995	0.999958	0.999987	0.999998	0.999999	1	1	1	1	1	1	1	


1	0.950958	0.997977	0.999389	0.999107	0.894422	0.990706	0.997187	0.965177	0.999886	0.999807	0.972842	0.996648	0.999284	0.970946	0.802499	0.035383	0.0106562	0.0020864	0.000167005	4.09638e-006	1.31015e-006	3.94465e-009	2.72964e-010	1.23854e-010	4.02781e-011	2.433e-012	2.1826e-013	3.5861e-014	9.70167e-015	3.35719e-015	1.17724e-015	5.53442e-015	2.09351e-014	1.20609e-013	9.19041e-013	
0	0.0379673	0.000102641	0.000249389	0.000217795	0.101354	0.00424917	0.00014107	0.0337514	3.1496e-005	1.06239e-005	0.000271439	0.00070065	0.000102079	3.238e-005	0.000248601	2.01314e-005	1.39578e-007	1.3755e-006	3.76885e-008	4.89602e-008	1.58073e-011	1.46352e-013	3.99069e-014	6.1284e-014	5.32112e-016	1.47991e-015	2.38087e-015	5.93214e-018	2.94601e-017	6.40461e-017	4.04778e-017	7.84202e-018	7.31217e-017	1.49171e-014	4.33927e-015	
0	0.0110752	0.00188342	0.000351349	0.000673644	0.00420816	0.00501477	0.002644	0.00104588	8.14645e-005	0.000181827	0.0268843	0.00243305	0.000574299	0.029005	0.0469787	0.06722	0.0628787	0.0718702	0.0081749	0.00142155	0.000997366	7.66866e-005	1.20833e-006	3.89404e-007	4.39205e-007	2.36837e-007	1.62059e-007	2.5632e-007	4.00138e-009	2.98413e-011	1.6816e-011	1.81467e-012	7.72151e-013	7.21925e-014	2.31343e-014	
0	0	3.73263e-005	1.02665e-005	1.63452e-006	1.56632e-005	3.01595e-005	2.77468e-005	2.57603e-005	1.53625e-006	1.35999e-007	2.08919e-006	0.000218218	3.95881e-005	1.6736e-005	0.150273	0.897377	0.926465	0.926042	0.991658	0.998574	0.999001	0.999923	0.999999	1	1	1	1	1	1	1	1	1	1	1	1	


1	0.998345	0.936634	0.920395	0.966018	0.996837	0.994449	0.907578	0.99705	0.68895	0.440263	0.707474	0.526534	0.0441352	0.00130672	3.53924e-008	8.3125e-012	1.07867e-015	1.44103e-018	4.44898e-023	8.14055e-028	1.61532e-032	1.66508e-037	1.21146e-041	6.58998e-045	1.21102e-048	2.07823e-052	2.05998e-056	1.88588e-060	3.20606e-062	9.2647e-064	1.09121e-064	7.84006e-065	8.13536e-065	3.97695e-064	2.73288e-064	
0	0.00160876	0.0569799	0.0292766	0.0133786	0.00191927	0.00524753	0.0886595	0.002759	0.22195	0.206573	0.0142714	0.00352188	0.00440054	0.000294709	8.71297e-007	2.90847e-009	1.42535e-012	4.52303e-015	3.04963e-018	2.41219e-022	2.9235e-025	2.10653e-028	2.03012e-031	1.88525e-034	2.99908e-037	3.15691e-041	6.46216e-045	2.43123e-048	3.41569e-050	1.00558e-051	1.53299e-053	1.2975e-054	1.43089e-055	3.71163e-057	7.58369e-058	
0	4.62056e-005	0.00638545	0.0501286	0.0199943	2.46908e-005	0.000153454	0.00346964	0.000174113	0.089067	0.350844	0.257559	0.457304	0.934408	0.980417	0.900513	0.823027	0.942422	0.208603	0.0105626	1.12511e-005	4.69379e-006	1.0087e-006	1.34631e-007	1.72693e-008	1.72558e-008	3.48976e-010	6.88472e-013	2.23399e-014	1.39255e-016	8.48293e-019	7.33867e-021	1.3323e-022	2.17653e-024	4.23002e-027	1.5023e-028	
0	0	1.04241e-006	0.000200145	0.000609118	0.00121872	0.000149688	0.000293122	1.73022e-005	3.287e-005	0.00232035	0.0206962	0.0126399	0.0170558	0.0179812	0.0994864	0.176973	0.0575778	0.791397	0.989437	0.999989	0.999995	0.999999	1	1	1	1	1	1	1	1	1	1	1	1	1	


