E:\Google Drive\Progetti\MSR Action3D\Real\a01_s07_e03_skeleton3D.txt
1
TRUE
-958.552
-1017.49
-996.839
-967.31
-1018.82
-988.643
-1006.1
-990.55
-1004.19
-1055.83
-1030.9
-1045.29
-1107.56
-1118.51
-1091
-1026.68
-1017.81
-1070.52
-1120.61
-1033.58

41
20
1	0.993494	0.983132	0.975288	0.99639	0.96047	0.414242	0.078287	0.0121399	7.63168e-006	8.91925e-010	1.24592e-012	6.23358e-016	3.64727e-019	4.37971e-022	1.16278e-024	4.76086e-028	5.23779e-032	8.18308e-035	7.98026e-038	1.79648e-041	5.99321e-044	4.59154e-046	7.255e-049	2.49927e-052	3.9928e-055	1.12163e-057	1.87501e-060	3.36977e-062	8.06355e-066	4.68256e-068	7.22487e-071	1.06803e-073	1.46838e-074	1.59685e-075	2.89124e-076	2.5219e-077	1.34236e-077	2.07015e-077	4.87003e-077	1.08465e-076	1.50064e-075	
0	0.0064333	0.0150987	0.0159704	0.00187963	0.026788	0.00193295	0.000174571	5.1051e-005	2.86403e-008	4.36349e-013	9.37588e-016	3.75896e-019	3.36728e-022	1.37578e-024	1.71285e-027	3.3751e-031	1.50784e-034	1.68575e-038	1.96366e-040	5.62513e-044	7.98097e-047	9.04055e-050	1.09503e-051	8.99975e-055	1.1173e-057	4.8352e-060	6.50196e-063	1.09666e-065	8.03581e-069	4.5912e-071	4.5424e-073	1.56349e-076	1.17677e-076	1.00409e-077	3.26592e-078	4.69729e-079	4.9961e-080	1.89166e-079	2.22316e-079	2.14944e-078	5.40811e-078	
0	7.24288e-005	0.00176188	0.00873387	0.0017065	0.0127373	0.583557	0.895614	0.981933	0.967989	0.993101	0.860617	0.763511	0.610553	0.0056179	0.000470408	2.89636e-005	1.13508e-007	1.28839e-007	1.20823e-007	6.92346e-009	1.35303e-009	1.45725e-009	7.73286e-010	5.02662e-012	6.44145e-014	5.06261e-014	7.56622e-014	1.04442e-012	3.06138e-014	9.47441e-016	8.64319e-017	1.34775e-018	9.96358e-020	4.63302e-021	1.75137e-022	2.19896e-024	2.842e-026	4.59114e-029	4.66674e-031	2.99981e-032	1.73967e-032	
0	0	7.09052e-006	7.94382e-006	2.36348e-005	5.16484e-006	0.000267517	0.025924	0.00587621	0.0320029	0.00689872	0.139383	0.236489	0.389447	0.994382	0.99953	0.999971	1	1	1	1	1	1	1	1	1	1	1	1	1	1	1	1	1	1	1	1	1	1	1	1	1	


1	0.94696	0.957543	0.287114	0.201082	0.025251	0.00287498	5.10252e-005	3.93732e-005	2.08877e-007	1.026e-008	3.12945e-011	1.12456e-012	3.48328e-014	6.53556e-015	5.22123e-015	9.86178e-016	2.68126e-017	1.67298e-018	1.01037e-019	7.23665e-021	9.51795e-022	5.97039e-022	1.72695e-022	2.87216e-023	1.4647e-024	6.2406e-026	1.06358e-026	4.07855e-028	1.8427e-028	2.53201e-029	1.54317e-029	1.47998e-030	6.06237e-031	5.04627e-031	1.12428e-032	5.87635e-035	1.61419e-036	9.00645e-039	4.29559e-040	1.81446e-041	4.39131e-042	
0	0.0530391	0.0423829	0.712821	0.795851	0.974002	0.986483	0.996377	0.981777	0.985194	0.989568	0.980676	0.880984	0.801509	0.274912	0.15856	0.0316009	0.0075696	0.121275	0.305906	0.162606	0.156048	0.335657	0.167034	0.0923011	0.111488	0.569315	0.85781	0.990808	0.84907	0.889081	0.779974	0.622165	0.332119	0.0698899	0.00879342	0.000103527	9.7035e-007	4.72631e-009	7.82708e-011	7.73146e-012	3.30278e-012	
0	1.04733e-006	5.43696e-005	5.1144e-005	0.00303673	0.000645432	0.0106346	0.00348802	0.0181701	0.0143564	0.0104238	0.0188154	0.118116	0.192774	0.693534	0.809561	0.959272	0.938369	0.800764	0.569394	0.258227	0.172281	0.319685	0.779745	0.697926	0.317513	0.104672	0.0548694	0.00638988	0.143499	0.106055	0.219015	0.374776	0.579829	0.529746	0.0281347	0.000772764	1.12692e-006	2.27466e-009	4.06441e-012	2.14026e-014	1.57175e-014	
0	0	2.00286e-005	1.44493e-005	3.04904e-005	0.000101378	7.32134e-006	8.37557e-005	1.36595e-005	0.000449752	8.23206e-006	0.000508465	0.000900085	0.0057173	0.0315536	0.0318782	0.00912739	0.0540618	0.0779616	0.1247	0.579168	0.671672	0.344658	0.0532213	0.209773	0.570999	0.326013	0.0873201	0.0028022	0.00743045	0.00486425	0.00101072	0.00305886	0.0880513	0.400364	0.963072	0.999124	0.999998	1	1	1	1	


1	0.996641	0.994572	0.994317	0.999903	0.963926	0.98763	0.70014	0.980726	0.641286	0.0104531	0.00475273	0.000978832	0.0002406	0.00089677	0.0210095	0.0150633	0.00236493	0.000505902	4.84524e-005	3.40121e-006	1.77271e-007	3.53671e-007	1.61006e-005	7.1003e-006	1.33704e-006	1.51207e-006	2.6985e-008	1.70825e-009	3.68667e-010	3.83669e-011	2.62166e-012	4.75021e-012	4.61997e-013	2.96748e-014	5.9341e-015	5.10703e-015	1.1917e-016	8.92062e-018	2.09821e-019	1.55453e-020	3.30135e-020	
0	0.0033591	0.00493232	0.0054211	2.27239e-005	0.0360672	0.0122709	0.299806	0.016237	0.358629	0.989458	0.992525	0.996495	0.997994	0.967744	0.512091	0.260449	0.421932	0.969249	0.999537	0.998491	0.99904	0.970888	0.700898	0.501495	0.626449	0.94802	0.999879	0.999866	0.995996	0.998065	0.99945	0.989493	0.993399	0.985866	0.852775	0.0868278	0.00138019	3.96783e-006	1.06518e-007	1.18986e-007	3.38419e-010	
0	5.58123e-012	1.86626e-005	8.41579e-006	3.81804e-005	8.54194e-008	8.2109e-005	2.02636e-006	0.00244456	6.65965e-006	8.23169e-005	0.00144436	0.00219592	0.00105796	0.0118673	0.152475	0.35171	0.0194775	0.000446657	1.38416e-005	7.76543e-005	0.000117307	0.0183443	0.201617	0.00128492	0.000127178	5.07214e-005	6.62192e-006	5.47141e-005	0.000495704	0.000334413	0.000241312	0.00341195	0.000401354	0.00153061	0.000618152	0.00192189	9.39945e-006	6.69395e-007	1.43567e-009	1.32226e-011	1.14672e-009	
0	0	0.000477335	0.000253449	3.5743e-005	6.68226e-006	1.66417e-005	5.19446e-005	0.000592421	7.77449e-005	6.42467e-006	0.00127824	0.000329901	0.000707562	0.0194916	0.314425	0.372778	0.556225	0.0297983	0.000401013	0.00142812	0.000842942	0.0107677	0.0974689	0.497213	0.373422	0.0519277	0.000114297	7.9758e-005	0.00350866	0.00160097	0.000308218	0.00709511	0.00620011	0.0126032	0.146607	0.91125	0.99861	0.999995	1	1	1	


1	0.990485	0.995864	0.975493	0.930757	0.941527	0.148733	0.0690331	0.00209556	2.3174e-006	4.49712e-009	1.73174e-011	2.15285e-014	2.09832e-017	6.7734e-021	1.59277e-023	7.64277e-027	2.88267e-030	1.46053e-032	1.23199e-035	1.07716e-038	6.96681e-041	4.87173e-043	5.37745e-046	1.0577e-049	1.22493e-052	1.7376e-055	5.0817e-059	4.48017e-061	5.85827e-064	6.10203e-067	4.92024e-071	1.16036e-074	1.55001e-075	3.8931e-077	8.51757e-079	2.87748e-080	1.91349e-081	4.63599e-082	5.00284e-083	1.6154e-083	6.81492e-083	
0	0.00951518	0.00409203	0.0245	0.0692348	0.0578231	0.850081	0.875848	0.991729	0.917993	0.704312	0.729714	0.18805	0.120372	0.00522612	0.00934594	0.0141434	0.00194051	0.00316707	0.00019671	9.0567e-006	2.05904e-006	7.05207e-006	2.46187e-005	1.80873e-006	2.34424e-007	8.16803e-008	1.58357e-009	2.83639e-009	1.47756e-010	3.17591e-011	1.21067e-012	2.14999e-013	7.0266e-015	6.12373e-017	1.77833e-019	4.52048e-021	2.74974e-024	1.84832e-026	9.76497e-030	4.29404e-032	1.78143e-032	
0	1.17571e-008	4.35998e-005	6.88741e-006	8.08002e-006	0.000649327	0.00117972	0.0550126	0.00603139	0.0819646	0.294774	0.266591	0.809715	0.873513	0.985747	0.925553	0.918724	0.895628	0.923497	0.991051	0.78542	0.749276	0.675161	0.988265	0.966337	0.965114	0.99513	0.99549	0.910485	0.923906	0.936972	0.999009	0.995523	0.782573	0.0776448	0.000371608	8.57894e-006	3.65572e-009	5.75635e-012	4.20918e-015	8.09203e-017	5.15271e-019	
0	0	6.92325e-007	1.06605e-007	3.24843e-008	6.67342e-008	5.92388e-006	0.000106115	0.000144452	4.00938e-005	0.000913862	0.00369507	0.00223576	0.00611421	0.00902659	0.0651009	0.0671323	0.102432	0.0733362	0.00875256	0.214571	0.250722	0.324832	0.0117106	0.0336613	0.0348857	0.00486985	0.00450972	0.0895152	0.0760943	0.063028	0.000991402	0.00447682	0.217427	0.922355	0.999628	0.999991	1	1	1	1	1	


1	0.999327	0.996376	0.966378	0.992533	0.563021	0.0280112	0.000842702	7.895e-005	1.80129e-007	1.79084e-011	1.55716e-013	1.31424e-015	5.72838e-018	8.50391e-019	5.19085e-020	4.66743e-022	2.49553e-024	3.86782e-026	3.99815e-028	1.20513e-030	2.76325e-032	7.50142e-034	4.90115e-035	2.49945e-037	1.36489e-039	3.95549e-041	4.42538e-043	2.05425e-045	9.44917e-047	7.92373e-049	5.84568e-051	1.03512e-052	3.3047e-053	2.63636e-054	1.83699e-055	1.50215e-056	1.98833e-057	6.19483e-058	1.32065e-058	1.03021e-059	8.72959e-059	
0	0.000673074	0.00362335	0.0336222	0.00746588	0.436978	0.971562	0.998875	0.997177	0.999007	0.998373	0.99847	0.891159	0.97483	0.63261	0.776881	0.29094	0.0204466	0.491177	0.649839	0.0428666	0.0534041	0.0698106	0.0501261	0.00475002	0.000521159	0.00595031	0.0638463	0.839737	0.254593	0.170839	0.155223	0.0455243	0.00871073	0.000238522	8.27754e-006	4.32595e-008	1.23975e-010	1.08705e-013	1.38435e-015	1.90017e-017	6.57697e-018	
0	8.78501e-022	9.62135e-007	6.5304e-008	6.34153e-007	1.98347e-007	0.000426512	0.000279052	0.00274074	0.000919202	0.00162696	0.00149421	0.108809	0.0233945	0.352436	0.122287	0.574202	0.574152	0.0600195	0.023366	0.0263724	0.000641913	0.00119416	0.0153232	0.000543481	9.13507e-006	1.33634e-006	0.000785133	8.00694e-005	0.283547	0.0107643	0.0489199	0.0224938	0.0154296	0.00832382	9.13283e-006	6.05269e-008	2.74203e-011	9.37109e-015	3.71166e-018	1.73203e-019	2.76884e-021	
0	0	1.64072e-018	1.68421e-008	9.13033e-010	1.10453e-008	7.77963e-010	2.80589e-006	3.41536e-006	7.3599e-005	4.91166e-007	3.53518e-005	3.27514e-005	0.00177582	0.0149539	0.100831	0.134858	0.405401	0.448803	0.326795	0.930761	0.945954	0.928995	0.934551	0.994707	0.99947	0.994048	0.935369	0.160183	0.46186	0.818397	0.795857	0.931982	0.97586	0.991438	0.999983	1	1	1	1	1	1	


1	0.999905	0.980945	0.999553	0.998551	0.986009	0.231999	0.027205	0.00219202	7.85616e-006	7.06653e-008	2.09908e-010	1.93043e-013	1.78947e-016	6.12867e-017	5.0561e-018	1.78584e-020	3.71042e-023	5.30102e-024	1.41973e-024	2.02183e-026	1.54689e-027	6.49706e-029	1.34763e-029	8.04946e-032	1.53671e-033	1.53387e-033	9.238e-035	1.39021e-035	1.17998e-036	2.47467e-038	7.24535e-040	4.34629e-041	2.04552e-042	4.26788e-044	5.70011e-045	9.76527e-046	2.77988e-046	3.1195e-046	5.90791e-047	1.89794e-047	7.26017e-046	
0	9.52874e-005	0.019055	4.96598e-005	0.00144858	0.013447	0.767858	0.966394	0.997233	0.74449	0.270326	0.00111764	5.25314e-006	1.10295e-007	1.22772e-007	6.4225e-008	8.72368e-009	1.86148e-010	1.76439e-010	1.02923e-010	3.71386e-011	1.23986e-012	3.8065e-013	2.11791e-012	5.30005e-013	8.15715e-016	3.42652e-015	1.07671e-015	1.54804e-015	6.61104e-017	7.4398e-019	2.00539e-020	5.21154e-021	4.74611e-023	1.16386e-024	3.67954e-026	2.55333e-027	7.05251e-029	3.57365e-031	8.76463e-034	2.41197e-036	1.14347e-035	
0	7.24153e-009	7.84525e-009	0.000397798	1.02697e-008	0.000544356	0.000140199	0.00640055	0.000546384	0.255498	0.728216	0.998064	0.997859	0.998527	0.167198	0.00142249	2.41557e-005	4.11352e-007	1.44818e-006	8.66582e-005	4.6909e-005	0.00273122	0.00223051	0.000172431	1.46772e-006	1.77817e-006	2.08758e-005	0.00176038	0.417392	0.142481	0.148285	0.0621315	0.00271847	0.00119792	3.55872e-005	6.04664e-006	4.19061e-007	1.90988e-009	2.28347e-011	3.63723e-013	1.39436e-013	1.89948e-015	
0	0	1.73882e-009	5.15793e-011	3.51079e-007	2.67211e-008	3.13012e-006	6.38021e-007	2.81382e-005	3.29854e-006	0.00145788	0.000818738	0.0021357	0.00147285	0.832802	0.998577	0.999976	1	0.999999	0.999913	0.999953	0.997269	0.997769	0.999828	0.999999	0.999998	0.999979	0.99824	0.582608	0.857519	0.851715	0.937869	0.997282	0.998802	0.999964	0.999994	1	1	1	1	1	1	


1	0.999639	0.956805	0.997155	0.999982	0.998748	0.985614	0.519475	0.947858	0.377874	0.00134139	9.98795e-005	5.31599e-007	9.46981e-009	2.29897e-009	3.46598e-009	1.61605e-010	2.27903e-012	8.78049e-013	5.16679e-014	4.74259e-016	6.37462e-017	1.66955e-016	8.83377e-017	6.49871e-018	1.62421e-018	2.36685e-018	2.33992e-020	1.14158e-020	8.03578e-023	8.72152e-022	1.80254e-022	4.09569e-022	3.70434e-023	1.5015e-024	1.03146e-025	1.21958e-027	1.3436e-029	3.92136e-031	1.99391e-032	2.6488e-033	2.73029e-033	
0	0.000360705	0.0431811	0.00279819	1.55144e-005	0.00125225	0.0143822	0.480436	0.0495487	0.62068	0.996708	0.890883	0.952416	0.921719	0.660922	0.303841	0.0797633	0.0284578	0.160864	0.939458	0.990923	0.979119	0.852817	0.485657	0.463365	0.05713	0.456047	0.996705	0.995976	0.983751	0.819012	0.939223	0.557242	0.911665	0.782636	0.226993	0.00206911	1.77326e-005	3.9049e-009	4.15999e-011	4.79056e-012	5.29617e-014	
0	1.81687e-015	1.08064e-006	3.09322e-005	7.74302e-007	1.19627e-009	4.25848e-006	8.7549e-005	0.00257288	0.00136741	0.00195026	0.108865	0.047423	0.0780858	0.317876	0.43147	0.860447	0.822617	0.822385	0.04986	0.00465488	0.0197887	0.140153	0.488374	0.114732	0.0161941	0.0097767	0.000464639	0.00399757	0.016013	0.176676	0.0591017	0.435267	0.0220078	0.00902074	0.00257342	0.000438685	2.92454e-007	5.40841e-009	3.89615e-012	1.83419e-014	1.06523e-014	
0	0	1.29249e-005	1.58962e-005	1.40893e-006	2.74497e-008	7.48911e-009	1.22364e-006	1.9922e-005	7.90622e-005	9.02406e-008	0.000151851	0.000159985	0.000194782	0.0212025	0.264689	0.0597893	0.148925	0.0167505	0.0106819	0.00442251	0.00109215	0.00703014	0.0259687	0.421903	0.926676	0.534176	0.00283072	2.68618e-005	0.000236173	0.0043116	0.00167577	0.00749084	0.0663275	0.208343	0.770434	0.997492	0.999982	1	1	1	1	


1	0.998528	0.992833	0.999095	0.999678	0.999884	0.974198	0.937614	0.904559	0.525253	0.00927379	0.00439315	6.45916e-005	4.1951e-006	3.57985e-008	8.16489e-010	2.40676e-012	2.12635e-015	3.19207e-015	3.55082e-016	1.3878e-018	1.34263e-019	2.04411e-020	1.04696e-022	1.18655e-025	3.53188e-027	1.83368e-027	4.07837e-028	8.44954e-027	4.33138e-030	2.39332e-030	8.61021e-032	1.90289e-033	4.18995e-035	1.73183e-037	1.28266e-038	1.30347e-040	2.1383e-042	6.88993e-044	2.37833e-044	1.50043e-044	1.97146e-044	
0	0.00147151	0.00696974	0.000801123	0.000116069	0.000116077	0.0257985	0.0621757	0.0531689	0.414926	0.985384	0.379046	0.660548	0.622685	0.0625958	0.00127629	7.38264e-005	6.94322e-007	2.21706e-007	4.41328e-007	3.97667e-008	7.19572e-009	2.05515e-009	6.60493e-010	2.14437e-012	2.2273e-015	1.96291e-016	1.15606e-015	6.26414e-015	5.39038e-016	9.42675e-018	5.47621e-018	1.46118e-019	1.24206e-020	1.1156e-021	3.17107e-024	2.43889e-027	1.51614e-030	1.39852e-034	1.00783e-037	9.01227e-040	1.18508e-041	
0	3.54516e-007	0.000194206	9.87523e-005	0.000202725	2.53847e-007	3.91857e-006	0.000209119	0.0422685	0.0497023	0.0051944	0.614216	0.30226	0.277584	0.0856563	0.214827	0.798071	0.757947	0.727396	0.0646211	0.000805926	3.36745e-005	0.000237598	0.000909053	8.32402e-005	2.50562e-005	1.72055e-006	8.70617e-008	4.35151e-008	4.31701e-010	2.6303e-010	1.60226e-010	4.54716e-011	2.21466e-012	1.06741e-013	2.07516e-015	1.98658e-017	2.73789e-020	3.29084e-023	1.00938e-025	2.92863e-028	2.03318e-029	
0	0	3.20688e-006	4.80558e-006	3.27524e-006	1.66449e-007	8.70371e-009	1.00162e-006	3.24181e-006	0.0101197	0.000147786	0.00234477	0.0371276	0.0997273	0.851748	0.783896	0.201855	0.242052	0.272603	0.935378	0.999194	0.999966	0.999762	0.999091	0.999917	0.999975	0.999998	1	1	1	1	1	1	1	1	1	1	1	1	1	1	1	


1	0.917398	0.877915	0.97131	0.996704	0.998206	0.990298	0.971888	0.97067	0.800789	0.71857	0.496523	0.0636542	0.00984705	0.00170082	0.000223057	5.8667e-006	5.7231e-008	1.10047e-007	1.5935e-007	1.18317e-008	2.56814e-009	2.10698e-010	3.08112e-011	1.10267e-012	7.54639e-014	1.97366e-013	5.60796e-014	6.3333e-014	4.31799e-015	1.46462e-015	4.54738e-016	1.77597e-016	2.4698e-017	7.964e-019	5.3892e-020	3.8498e-021	3.39173e-022	3.0053e-023	6.27826e-024	6.26576e-024	2.41957e-023	
0	0.0789176	0.115252	0.0277249	0.00191278	0.0017109	0.00666784	0.0259037	0.0218596	0.188223	0.165811	0.285549	0.509778	0.317991	0.18595	0.0964255	0.0753827	0.058182	0.126722	0.452246	0.783928	0.955435	0.961284	0.647575	0.699167	0.769639	0.893303	0.981305	0.985696	0.970383	0.969365	0.860783	0.640792	0.870545	0.857198	0.913343	0.649971	0.328977	0.040167	0.0383203	0.0778116	0.0319875	
0	0.00368484	0.00173083	0.00048706	0.00130622	8.14983e-005	0.00303423	0.00219099	0.00743268	0.010722	0.115607	0.215453	0.423081	0.666928	0.519724	0.212981	0.478029	0.36595	0.80083	0.436273	0.0274977	0.0115677	0.0288581	0.32011	0.0787169	0.0110635	0.0408765	0.0141737	0.0142366	0.0273557	0.0290029	0.135741	0.33653	0.0529285	0.00803097	0.00141042	0.00338189	0.000393898	0.000166067	2.38097e-005	5.34412e-005	0.0011885	
0	0	0.00510223	0.000478389	7.66783e-005	1.27298e-006	2.02831e-007	1.72062e-005	3.81098e-005	0.000265591	1.26206e-005	0.00247542	0.00348618	0.00523404	0.292625	0.69037	0.446583	0.575868	0.0724484	0.111481	0.188574	0.0329974	0.00985773	0.0323151	0.222116	0.219298	0.0658208	0.00452173	6.75001e-005	0.0022618	0.00163246	0.00347616	0.0226786	0.0765262	0.134771	0.0852466	0.346647	0.67063	0.959667	0.961656	0.922135	0.966824	


1	0.999997	0.999968	0.997496	0.999685	0.947877	0.964186	0.0340807	0.700053	0.0114317	0.000275781	4.41124e-008	9.6189e-010	5.21598e-013	3.18897e-014	9.26227e-015	2.94006e-016	1.01601e-018	1.83788e-018	1.20297e-020	2.54761e-023	1.33023e-025	2.45492e-028	1.47422e-029	1.27393e-031	1.73347e-034	6.99309e-035	9.71008e-037	3.30723e-038	4.56889e-040	1.93521e-042	3.07473e-044	1.24615e-045	8.71729e-048	7.30582e-050	1.19463e-051	1.53234e-054	1.49154e-055	4.83159e-058	7.28823e-060	9.59566e-062	3.03268e-061	
0	2.57531e-006	3.19135e-005	0.00250409	0.000315381	0.0521217	0.035607	0.965907	0.125559	0.583228	0.989696	0.999499	0.402246	0.967181	0.775416	0.014562	1.79264e-006	1.07232e-008	1.05224e-006	0.000202808	1.22559e-005	7.54593e-007	2.25652e-012	1.88346e-013	5.99029e-015	7.79706e-019	2.7103e-014	2.24545e-014	4.36376e-014	1.30025e-014	2.53818e-017	1.24814e-019	5.58548e-019	3.86628e-023	1.25096e-029	7.57515e-033	5.53045e-036	5.73184e-041	1.861e-045	8.01201e-053	7.69345e-058	9.76169e-059	
0	3.04642e-027	1.00396e-008	6.83066e-008	1.00876e-007	1.33235e-006	0.000206974	1.25e-005	0.174388	0.403305	0.0100037	0.000484873	0.597738	0.031875	0.223894	0.98467	0.999692	0.998309	0.894077	0.918745	0.969129	0.948261	0.999976	0.999701	0.997834	0.994769	0.181533	0.872338	0.982947	0.992456	0.998554	0.999788	0.999153	0.993832	0.998605	0.0196563	8.66131e-005	6.34871e-006	3.74434e-009	8.21211e-012	4.58013e-014	5.10188e-017	
0	0	6.61975e-028	1.11628e-009	1.74675e-011	1.61837e-008	5.80602e-010	5.83403e-008	2.47744e-008	0.00203551	2.50492e-005	1.63731e-005	1.66338e-005	0.000944261	0.00068963	0.000768011	0.000306516	0.00169121	0.105922	0.0810518	0.0308589	0.0517382	2.43794e-005	0.000298915	0.00216601	0.00523076	0.818467	0.127662	0.0170527	0.00754436	0.00144572	0.000211958	0.00084685	0.00616841	0.00139548	0.980344	0.999913	0.999994	1	1	1	1	


1	0.999981	0.999973	0.996957	0.99999	0.987906	0.993627	0.388975	0.996768	0.138952	0.0721297	0.00031067	8.59392e-006	1.51702e-008	4.94477e-009	6.21699e-008	9.50828e-008	1.16318e-009	2.01785e-008	2.50746e-010	4.23041e-012	7.67341e-014	4.65335e-013	5.92589e-013	1.40722e-014	2.14612e-016	1.45905e-016	1.16425e-017	1.26303e-017	1.54684e-018	5.39684e-019	1.45578e-019	4.0519e-020	7.22001e-022	1.48487e-023	5.03473e-025	3.60681e-028	1.722e-029	3.03326e-032	4.43815e-034	4.78227e-036	5.65416e-036	
0	1.94687e-005	2.74803e-005	0.00304314	9.5127e-006	0.0120944	0.00637027	0.611008	0.00260427	0.859818	0.922721	0.99851	0.965462	0.99635	0.900314	0.117718	0.000477131	8.71119e-007	1.0741e-005	0.00025931	2.45645e-005	1.7999e-006	3.57943e-008	5.49053e-008	1.71984e-009	7.68311e-013	3.33561e-010	6.65865e-010	1.97715e-009	3.0848e-009	1.68458e-011	3.11856e-013	1.94856e-013	4.95858e-016	3.58114e-020	7.697e-023	7.44684e-026	3.12266e-030	2.04744e-034	3.528e-039	4.23588e-039	1.26378e-038	
0	4.33376e-010	1.19961e-008	1.15313e-008	8.77778e-009	9.55032e-009	2.52357e-006	1.69134e-005	0.000627868	0.00120326	0.00514731	0.000984844	0.0342447	0.0034386	0.0992781	0.879298	0.9968	0.999357	0.335492	0.137108	0.0560271	0.0119128	0.899049	0.991275	0.999213	0.995361	0.0568046	0.221156	0.279497	0.206664	0.893999	0.997264	0.997972	0.982004	0.997588	0.0204495	1.52647e-005	6.27141e-008	4.87622e-012	1.42717e-015	2.71144e-018	1.54628e-022	
0	0	2.30008e-010	5.86337e-009	2.73702e-010	2.83674e-009	4.18152e-009	3.19134e-008	8.15864e-008	2.63089e-005	1.8985e-006	0.000194185	0.000285239	0.000211231	0.000408363	0.00298398	0.00272251	0.000642045	0.664497	0.862632	0.943948	0.988085	0.100951	0.00872528	0.000786848	0.00463947	0.943195	0.778844	0.720503	0.793336	0.106001	0.00273553	0.00202848	0.0179962	0.00241203	0.979551	0.999985	1	1	1	1	1	


1	0.998871	0.998064	0.998796	0.999292	0.969291	0.614961	0.512631	0.125196	0.146608	0.275826	0.862047	0.859772	0.90408	0.928991	0.951301	0.885381	0.789694	0.9342	0.754331	0.190553	0.268378	0.361804	0.90863	0.73476	0.168277	0.427615	0.012721	0.0124095	0.0345993	0.00658156	0.00161427	0.00248843	1.17285e-005	1.5018e-007	2.61956e-008	1.68497e-008	6.23665e-010	7.78398e-010	1.74887e-011	1.29329e-013	1.2916e-011	
0	0.000561934	0.000786884	0.00117401	0.000706421	0.0296344	0.384506	0.186787	0.860313	0.40678	0.252735	0.00282461	0.00284165	0.00425521	0.00122174	0.0461236	0.113006	0.00508495	0.0146944	0.00114816	0.000626472	0.00155553	0.0887037	0.068957	0.0474083	0.00419962	0.00168616	0.000663445	0.00221975	6.35467e-005	0.000487158	0.000394084	0.000100855	2.7252e-007	4.30685e-009	5.29946e-011	2.0293e-011	7.54957e-013	5.53783e-014	4.51065e-014	2.96027e-016	2.91184e-015	
0	0.000566828	0.00102062	2.33353e-005	1.09335e-006	0.00107421	0.000446865	0.30027	0.00509548	0.440051	0.383654	0.129882	0.135944	0.0902358	0.0694578	0.00206841	0.000924051	0.204343	0.0197362	0.239067	0.714117	0.487506	0.11738	0.016995	0.214239	0.807164	0.557484	0.974349	0.153693	0.51831	0.223178	0.733316	0.904135	0.984815	0.849762	0.351178	0.155298	0.00137076	1.09387e-005	2.60635e-008	4.85402e-010	3.97232e-012	
0	0	0.000128558	6.57827e-006	2.31444e-008	1.78229e-007	8.61028e-005	0.000312478	0.00939518	0.00656056	0.0877845	0.00524658	0.00144269	0.00142911	0.000329625	0.000506531	0.000689267	0.000878171	0.0313695	0.00545447	0.0947035	0.24256	0.432112	0.00541819	0.0035931	0.0203595	0.0132152	0.0122663	0.831678	0.447028	0.769753	0.264676	0.0932757	0.0151728	0.150238	0.648822	0.844702	0.998629	0.999989	1	1	1	


1	0.987238	0.994237	0.995575	0.987486	0.99054	0.990019	0.992425	0.985625	0.99905	0.999799	0.999357	0.999298	0.999212	0.997837	0.999613	0.999683	0.999363	0.999505	0.993561	0.978186	0.997738	0.999826	0.999847	0.999369	0.998904	0.998697	0.995898	0.999337	0.997595	0.99732	0.999332	0.998746	0.988592	0.985782	0.974721	0.937614	0.917185	0.876697	0.915962	0.935842	0.990773	
0	0.0127616	0.00458454	0.000484597	0.000177121	0.00125725	0.000326873	0.00311435	0.000158634	0.000506979	0.000112219	0.000640218	0.000699742	0.000785787	0.00215983	0.000223924	6.16017e-005	0.000633604	0.00049354	0.00643855	0.0218117	0.00216543	0.000110785	6.16542e-005	0.000621202	0.00109357	0.00130078	0.00409947	0.000648701	0.00240034	0.00267653	0.000644769	0.00125152	0.0113746	0.0139546	0.0250203	0.0622455	0.0821856	0.12279	0.0816539	0.0632382	0.00214443	
0	3.16295e-010	1.8798e-009	1.50045e-007	1.73202e-008	9.92917e-010	5.58645e-008	1.13379e-011	1.86513e-005	1.69707e-008	5.02569e-007	2.21198e-007	5.81167e-007	1.70242e-007	4.08519e-008	0.000113312	0.000227329	2.72313e-008	1.01535e-007	2.3044e-010	8.37838e-011	2.30036e-006	6.26488e-006	6.01153e-005	1.77211e-008	8.0146e-009	1.1615e-008	1.07926e-009	2.80361e-008	8.49813e-008	8.14725e-009	2.41374e-006	1.14224e-009	1.00568e-008	5.74671e-010	1.88382e-009	3.36015e-009	1.29349e-011	1.08911e-010	1.68982e-009	4.43868e-012	6.55469e-008	
0	0	0.00117849	0.00393996	0.012337	0.00820233	0.00965435	0.00446078	0.0141978	0.000443401	8.84101e-005	2.5721e-006	1.21372e-006	1.6955e-006	2.78131e-006	5.02238e-005	2.76917e-005	3.50085e-006	1.05867e-006	3.06916e-007	1.9038e-006	9.4762e-005	5.73441e-005	3.0849e-005	1.01664e-005	2.91276e-006	2.44836e-006	2.07902e-006	1.4118e-005	4.14443e-006	3.12111e-006	2.07033e-005	2.2921e-006	3.37834e-005	0.000263245	0.00025837	0.000140288	0.000629718	0.000512937	0.00238448	0.000919631	0.00708246	


1	0.993496	0.420764	0.70471	0.382465	0.291819	0.360671	0.126055	0.0590591	0.00361395	1.15727e-005	1.81116e-008	4.18948e-011	7.00672e-014	7.26829e-016	4.36243e-018	4.61152e-021	9.41998e-023	7.12161e-025	4.50663e-026	3.0401e-026	1.58221e-028	1.09253e-030	1.30233e-033	2.39981e-034	4.92459e-036	7.66429e-038	2.61997e-039	3.8186e-041	1.67814e-042	2.9674e-044	3.44381e-047	9.69147e-049	2.99298e-048	7.2359e-048	1.62773e-047	1.1965e-047	7.20537e-047	2.40293e-047	6.74797e-047	4.02418e-046	1.97567e-046	
0	0.0065038	0.579142	0.22388	0.489552	0.105005	0.164482	0.762025	0.766977	0.00182272	8.61481e-005	3.28879e-008	7.17057e-012	8.12077e-015	6.86073e-018	3.74445e-019	2.91618e-022	1.3524e-023	4.00601e-025	3.24982e-027	3.65159e-027	2.03413e-029	3.43981e-031	1.3128e-035	5.77666e-036	5.36527e-038	1.78598e-039	3.41646e-040	4.37488e-041	1.73524e-043	3.455e-045	6.71667e-049	1.50152e-050	6.73317e-049	1.47563e-047	1.02649e-046	2.07279e-047	4.39696e-046	6.74882e-047	5.38062e-046	2.56995e-045	4.133e-045	
0	9.83363e-011	2.72964e-006	0.0442195	0.0140199	0.0451192	0.0661532	0.000381101	0.0354745	0.991748	0.999807	0.999812	0.999945	0.999766	0.997456	0.998622	0.999967	0.998915	0.999941	0.998234	0.989913	0.999449	0.999571	0.9999	0.973179	0.998973	0.999153	0.998624	0.999341	0.999541	0.996227	0.999896	0.995977	0.540698	0.0234712	0.000479446	1.86497e-005	5.81662e-008	6.35045e-010	1.20923e-011	8.29813e-013	4.40928e-014	
0	0	9.16764e-005	0.0271907	0.113964	0.558057	0.408693	0.11154	0.138489	0.00281488	9.51685e-005	0.000188077	5.48032e-005	0.000234336	0.00254381	0.00137804	3.29366e-005	0.00108518	5.91733e-005	0.0017661	0.0100872	0.000551104	0.000429485	9.95646e-005	0.0268206	0.00102713	0.000847165	0.00137551	0.000658502	0.000459133	0.00377255	0.000104218	0.00402267	0.459302	0.976529	0.999521	0.999981	1	1	1	1	1	


1	0.731722	0.784632	0.787167	0.558639	0.0922789	0.201942	0.347475	0.158783	0.00283172	0.000153331	8.89694e-006	7.96854e-007	1.54602e-008	1.28024e-010	7.31089e-013	2.56474e-015	5.24186e-018	2.14095e-019	9.23446e-021	1.11397e-021	6.64254e-023	2.24763e-024	8.12291e-028	4.77691e-030	2.95904e-032	6.00399e-034	4.18709e-035	2.20834e-035	4.23354e-037	5.74477e-039	1.14839e-041	1.34348e-043	3.9025e-044	7.01868e-044	1.4158e-043	3.17198e-044	6.07529e-043	3.03486e-043	8.55574e-043	1.382e-043	2.47683e-042	
0	0.0268128	0.0383071	0.0155643	0.226225	0.0175493	0.149115	0.21615	0.546826	0.989495	0.999701	0.995486	0.997678	0.99449	0.955706	0.999089	0.999817	0.997028	0.999915	0.92725	0.884097	0.351449	0.997742	0.99998	0.987299	0.759039	0.960382	0.464279	0.843981	0.996369	0.307757	0.237189	0.859335	0.0927628	0.0322366	0.00453194	0.00037925	0.00025037	1.1178e-005	3.53983e-007	3.35077e-009	8.87069e-009	
0	0.241465	0.0456945	0.0115672	2.83446e-005	0.748228	0.00959999	0.000467186	0.000888361	0.00666319	0.000141374	0.00450506	0.00231734	0.00550929	0.0442728	0.000892922	0.000182803	0.0029719	8.4485e-005	0.0727499	0.115689	0.648465	0.0020794	1.99104e-005	0.0127012	0.240943	0.0393615	0.535606	0.155321	0.00346886	0.692238	0.761995	0.139448	0.891921	0.526953	0.609658	0.842968	0.124351	0.349094	0.327144	0.75958	0.00691589	
0	0	0.131366	0.185701	0.215108	0.141943	0.639344	0.435908	0.293503	0.00100969	3.85418e-006	1.09728e-007	4.03542e-006	3.50706e-007	2.13417e-005	1.75801e-005	1.13146e-007	2.0973e-008	9.72593e-007	1.50368e-007	0.0002137	8.61703e-005	0.000178582	9.54449e-008	2.36497e-008	1.82718e-005	0.000256011	0.000114197	0.00069805	0.000162391	4.5268e-006	0.000815567	0.00121783	0.0153161	0.44081	0.38581	0.156653	0.875399	0.650895	0.672855	0.24042	0.993084	


1	0.966483	0.874843	0.905279	0.816113	0.995369	0.723189	0.564057	0.304267	0.201567	0.0153098	0.0026446	0.000180932	3.20969e-005	5.44721e-006	4.99506e-007	4.2911e-009	1.07371e-010	8.96925e-012	3.05778e-012	2.25137e-013	1.97106e-013	2.61574e-014	2.06917e-015	1.27034e-016	9.67486e-017	8.98997e-017	8.10667e-017	2.79533e-017	2.42317e-018	1.19421e-018	1.07494e-018	7.93637e-020	8.87725e-020	1.24601e-020	3.01742e-021	1.03338e-021	4.68065e-023	1.25887e-023	2.00343e-024	2.76012e-025	9.6922e-025	
0	0.0256811	0.10793	0.0799237	0.152499	0.00390341	0.199745	0.241822	0.440161	0.302755	0.25841	0.0601932	0.0259468	0.00783705	0.00271699	0.00194708	0.00191002	0.000795025	0.000552994	0.000131179	3.40555e-005	1.57701e-005	1.40839e-005	1.38006e-005	7.97352e-006	4.40163e-006	2.46055e-006	1.0486e-006	4.51098e-007	3.43617e-007	1.00621e-007	9.38664e-008	3.12521e-008	2.37761e-008	1.23608e-008	5.65301e-009	1.42528e-009	1.98195e-010	1.58428e-011	2.00065e-012	6.34931e-014	6.22607e-013	
0	0.0078364	0.0160671	0.0127918	0.0302714	0.000557091	0.0770316	0.192801	0.251923	0.482766	0.72596	0.935557	0.971512	0.990514	0.994889	0.995147	0.993962	0.988685	0.997056	0.991642	0.946342	0.972074	0.960125	0.992245	0.991044	0.723848	0.986275	0.987935	0.996145	0.987775	0.94675	0.925201	0.991106	0.870914	0.636126	0.528712	0.37005	0.0178525	0.0016553	6.06968e-005	6.30729e-007	4.65504e-006	
0	0	0.00115992	0.00200593	0.00111568	0.000170323	3.36669e-005	0.00132007	0.00365021	0.0129119	0.000320803	0.00160516	0.00236	0.00161638	0.0023883	0.0029057	0.00412752	0.0105202	0.00239148	0.00822676	0.0536244	0.0279104	0.0398614	0.00774125	0.00894828	0.276147	0.0137224	0.0120637	0.00385493	0.0122246	0.05325	0.0747989	0.00889373	0.129086	0.363874	0.471288	0.62995	0.982147	0.998345	0.999939	0.999999	0.999995	


1	0.998831	0.999068	0.999826	0.999995	0.997403	0.996907	0.869875	0.996715	0.965251	0.602552	0.224564	0.00382095	0.000114261	7.26219e-005	0.000407338	1.37395e-005	1.18693e-007	7.29637e-009	6.76662e-010	3.33633e-011	3.42595e-012	9.74422e-013	4.1542e-012	1.11458e-012	9.45173e-014	2.82135e-013	5.86215e-015	5.39686e-016	5.96213e-017	3.94656e-018	1.89683e-019	5.0201e-020	1.40127e-021	3.38304e-023	2.34283e-024	4.85972e-025	3.75083e-027	6.19537e-028	2.92326e-030	8.02822e-033	1.02175e-031	
0	0.0011677	0.000749659	4.90251e-005	1.8839e-006	0.00258812	0.00300857	0.129733	0.00140461	0.0272594	0.0217591	0.000312357	6.41112e-005	3.66905e-006	9.37556e-008	6.47534e-008	9.60367e-008	7.68319e-009	3.49722e-010	2.23395e-011	6.94944e-012	7.93623e-014	6.04355e-015	1.65807e-015	5.63612e-014	5.2036e-015	1.4582e-015	1.07353e-015	3.54817e-017	1.30134e-018	1.04469e-019	5.38902e-021	4.42134e-022	1.19225e-022	1.30854e-023	2.66096e-025	6.98024e-027	5.67205e-028	1.38459e-030	9.09004e-032	2.23993e-033	3.80988e-036	
0	1.47339e-006	7.0833e-006	1.8949e-006	1.49618e-008	1.38691e-006	5.20234e-005	0.000268378	0.000688373	0.00403282	0.372703	0.770969	0.994886	0.998539	0.991038	0.937508	0.985777	0.994033	0.987988	0.991715	0.938867	0.924706	0.888307	0.95902	0.923432	0.671654	0.771193	0.968054	0.970104	0.978074	0.945795	0.979157	0.992037	0.915728	0.72065	0.0645994	0.00412898	2.72396e-005	4.34395e-007	1.48996e-009	1.56008e-011	5.8418e-013	
0	0	0.000175244	0.000123514	2.61822e-006	7.33814e-006	3.19151e-005	0.00012446	0.00119206	0.00345638	0.00298614	0.00415528	0.00122858	0.00134347	0.00888948	0.0620847	0.0142088	0.00596697	0.0120119	0.00828484	0.061133	0.0752939	0.111693	0.0409796	0.0765684	0.328346	0.228807	0.0319465	0.0298961	0.0219256	0.0542048	0.0208431	0.00796305	0.0842721	0.27935	0.935401	0.995871	0.999973	1	1	1	1	


1	0.999974	0.999873	0.99856	0.99966	0.999882	0.998878	0.996624	0.996675	0.737987	0.00155929	0.000177663	9.65805e-006	6.58835e-007	2.38713e-007	6.48218e-009	6.06256e-012	2.11893e-014	3.40506e-017	2.00922e-017	1.08721e-018	1.43368e-019	1.78838e-021	7.20645e-022	9.3202e-024	1.85717e-025	9.33249e-026	5.53788e-027	1.59665e-028	6.92068e-030	6.5188e-032	1.09842e-033	4.1932e-035	1.198e-035	1.02868e-036	1.0326e-036	5.66684e-036	2.20167e-036	3.37429e-035	1.15002e-035	1.643e-035	4.89681e-034	
0	2.58914e-005	0.000126914	0.00144027	0.000340289	0.000110564	0.000967325	0.0025826	0.00238158	0.00217059	2.27788e-005	3.75739e-006	4.73622e-007	1.93444e-008	8.42941e-010	9.98379e-010	2.61499e-013	6.53509e-017	1.25929e-018	8.37058e-020	1.08148e-021	5.26394e-022	3.86352e-022	2.44642e-023	7.79817e-025	2.63833e-027	5.03585e-028	1.22341e-028	1.24736e-029	3.70221e-032	6.18496e-034	1.81871e-036	3.3281e-037	5.90871e-039	6.8514e-040	7.70872e-041	4.88222e-040	5.06842e-040	1.23903e-039	2.36257e-039	3.8552e-040	2.48062e-037	
0	1.35844e-011	2.21557e-009	5.86615e-008	1.61785e-007	7.84314e-006	0.000153395	0.000765989	0.000821994	0.259351	0.981477	0.909272	0.679742	0.643008	0.0111591	9.86222e-005	1.38976e-006	1.98989e-008	9.12656e-009	2.25887e-008	5.58532e-009	2.09588e-008	4.59933e-008	5.58762e-009	6.01863e-011	1.71512e-011	1.36878e-011	4.49091e-011	2.74806e-009	5.01914e-011	2.56471e-011	3.11925e-012	8.28041e-014	9.58952e-015	8.09229e-016	1.82403e-016	3.31591e-018	1.97592e-020	3.47601e-023	3.49666e-025	2.54001e-026	3.64163e-028	
0	0	2.40902e-012	7.29084e-012	3.136e-010	6.27356e-010	9.95166e-007	2.69146e-005	0.000121192	0.000491235	0.016941	0.0905465	0.320248	0.356991	0.988841	0.999901	0.999999	1	1	1	1	1	1	1	1	1	1	1	1	1	1	1	1	1	1	1	1	1	1	1	1	1	


1	0.942406	0.983898	0.999673	0.999911	0.998197	0.993217	0.936825	0.982959	0.831764	0.189382	0.102018	0.00287798	0.00025316	5.98037e-005	1.15177e-005	8.98036e-008	8.17155e-010	7.31393e-011	3.12187e-011	2.52007e-012	4.90589e-013	1.93928e-014	3.77966e-015	2.11649e-016	1.4968e-017	3.03092e-017	5.14967e-018	1.78122e-018	2.37786e-019	2.62997e-020	2.72004e-021	6.0662e-022	4.46278e-022	8.49791e-023	1.53264e-022	7.57195e-022	1.58811e-021	2.29481e-020	5.49744e-020	2.06047e-019	9.47248e-018	
0	0.0563323	0.00110893	0.000118624	1.58521e-006	0.00128643	1.44688e-005	0.000282725	2.64627e-006	0.000317976	2.43738e-007	1.11806e-005	1.09235e-006	3.91759e-008	6.10497e-009	1.15453e-011	9.8397e-014	8.46335e-014	7.21763e-016	1.17217e-013	3.17486e-014	3.29119e-016	2.48042e-019	4.62815e-021	4.86477e-021	8.39537e-021	6.96968e-022	8.01435e-021	6.36748e-023	5.64386e-023	1.35555e-023	1.4019e-025	2.40243e-026	4.52623e-023	2.98452e-023	5.94322e-023	8.35626e-022	6.79766e-021	3.43009e-019	1.55496e-018	4.06862e-017	1.44415e-018	
0	0.00126123	0.0149754	0.000152546	8.59901e-005	0.000516256	0.00676328	0.0628383	0.0160222	0.155831	0.682595	0.0722904	0.0144469	0.00106563	0.000171683	4.82845e-005	1.94494e-006	1.17271e-007	1.068e-007	8.58518e-008	2.86874e-007	1.1228e-008	5.05571e-009	3.4331e-010	4.29015e-010	2.28213e-010	1.13446e-010	7.46042e-010	6.54656e-010	2.11847e-010	7.90717e-011	2.93554e-011	9.4393e-012	2.59707e-012	3.73412e-012	3.98073e-013	2.20398e-014	7.81891e-014	1.69869e-015	9.35367e-016	1.24022e-015	3.48817e-017	
0	0	1.78513e-005	5.58608e-005	1.14288e-006	1.74194e-007	4.80083e-006	5.42316e-005	0.00101611	0.0120876	0.128023	0.82568	0.982674	0.998681	0.999769	0.99994	0.999998	1	1	1	1	1	1	1	1	1	1	1	1	1	1	1	1	1	1	1	1	1	1	1	1	1	


1	0.999366	0.94126	0.939996	0.199539	0.705497	0.0524758	0.101935	0.000258752	3.33982e-008	2.66122e-013	7.39934e-018	7.09932e-022	8.6926e-026	2.08927e-030	3.84867e-036	9.3606e-043	3.86155e-048	7.9589e-053	9.24377e-056	8.91029e-060	8.67372e-064	1.06261e-068	4.64248e-074	1.24491e-078	7.68153e-083	1.83101e-086	1.43886e-089	4.17841e-093	1.29222e-097	1.24341e-101	3.44202e-106	1.93149e-110	1.48442e-110	3.39892e-111	6.67445e-112	1.75142e-112	1.17695e-111	4.54359e-111	1.2703e-110	3.39545e-109	1.03561e-109	
0	0.0006257	0.058438	0.0336671	0.224749	0.0101112	0.0046858	0.000288766	0.000158524	1.699e-007	3.39627e-010	8.23441e-013	1.57906e-015	1.12554e-018	6.28868e-022	6.3557e-025	9.25115e-029	2.74646e-033	1.19115e-035	1.00463e-038	9.98746e-042	4.56041e-044	5.11757e-047	2.11257e-050	9.6889e-055	1.53577e-058	4.5767e-061	4.35685e-064	3.44944e-066	1.74872e-069	6.56466e-073	1.36763e-076	1.32101e-080	5.11772e-083	2.20549e-085	9.46516e-087	2.78918e-088	5.3117e-089	1.75541e-089	7.3175e-090	1.37405e-090	5.2006e-090	
0	8.21753e-006	0.00029987	0.0263304	0.572914	0.281982	0.933537	0.86289	0.991821	0.964252	0.953029	0.922923	0.593497	0.50886	0.0141575	0.00407923	0.00013961	3.6907e-007	7.27508e-008	4.2028e-009	8.20258e-012	2.67931e-012	3.88936e-012	5.78285e-012	1.88247e-013	1.24843e-015	5.17332e-016	3.09713e-017	8.25252e-017	5.47175e-019	9.40153e-021	1.55428e-022	4.91829e-024	4.68345e-026	1.42225e-028	1.09425e-030	7.06684e-033	4.36327e-035	4.77591e-037	3.79562e-039	1.43447e-041	1.23221e-040	
0	0	1.94091e-006	6.14394e-006	0.00279814	0.00241025	0.00930117	0.0348864	0.00776126	0.0357479	0.0469714	0.0770774	0.406503	0.49114	0.985843	0.995921	0.99986	1	1	1	1	1	1	1	1	1	1	1	1	1	1	1	1	1	1	1	1	1	1	1	1	1	


