E:\Google Drive\Progetti\MSR Action3D\Real\a02_s07_e03_skeleton3D.txt
2
TRUE
-1085.45
-1041.29
-1085.86
-1071.53
-1074.12
-1103.21
-1058.05
-1063.18
-1057.93
-1092.81
-1116.53
-1151.13
-1142.42
-1129.79
-1126.17
-1099.01
-1104.17
-1147.56
-1148.59
-1131.3

45
20
1	0.977024	0.962657	0.970503	0.987961	0.994784	0.976177	0.966869	0.976981	0.122168	0.00234804	2.16679e-005	3.24934e-008	3.35699e-009	7.86682e-011	5.67032e-012	8.24578e-012	1.82748e-011	4.57902e-012	1.48851e-012	1.61408e-013	2.13354e-013	8.01676e-014	5.0348e-015	1.06047e-015	3.57697e-017	6.01368e-017	1.10106e-016	5.35426e-016	3.71959e-017	1.38095e-017	1.41875e-018	1.09422e-019	5.30598e-021	6.26736e-022	3.83656e-022	2.17714e-022	1.38424e-022	2.99224e-022	2.79987e-022	2.71791e-022	8.60758e-021	1.38896e-019	2.68592e-019	3.47787e-019	2.47698e-018	
0	0.0112042	0.00317525	0.0120009	0.00577448	0.00407354	0.0152785	0.0233595	0.0137248	0.00130395	0.000103623	3.44715e-007	1.15433e-009	1.51111e-010	8.10447e-013	4.68606e-014	8.56878e-015	6.67488e-014	5.39532e-014	2.07744e-014	1.2848e-015	3.2218e-015	3.47733e-016	4.83055e-017	7.49585e-018	6.49178e-020	1.18631e-019	8.91834e-019	3.18879e-018	1.0432e-018	1.51629e-019	9.02373e-021	6.09183e-021	1.63097e-021	8.53044e-023	1.54488e-022	3.055e-023	3.56556e-023	8.94601e-024	1.05399e-023	8.27674e-024	2.86367e-022	5.00148e-022	2.82748e-020	4.5722e-020	1.53355e-019	
0	0.0117713	0.0341447	0.0170332	0.00608676	0.00111824	0.00854229	0.0097585	0.00928336	0.876463	0.996402	0.997954	0.998911	0.83707	0.345591	0.0331769	0.0562099	0.193292	0.0737547	0.00562912	0.000523456	0.00580055	0.00590049	0.00183205	0.0025251	2.42255e-005	9.40702e-005	0.00107312	0.0393667	0.0122172	0.000905309	1.10698e-005	3.41077e-007	8.48179e-009	2.55434e-010	2.61504e-012	1.3245e-014	4.26262e-016	8.1816e-019	2.29416e-020	8.11468e-023	5.31898e-023	2.03146e-021	3.64551e-021	8.57416e-022	1.83508e-021	
0	0	2.26187e-005	0.000462647	0.000177425	2.4436e-005	1.77318e-006	1.27969e-005	1.11344e-005	6.53649e-005	0.00114589	0.00202353	0.00108866	0.16293	0.654409	0.966823	0.94379	0.806708	0.926245	0.994371	0.999477	0.994199	0.9941	0.998168	0.997475	0.999976	0.999906	0.998927	0.960633	0.987783	0.999095	0.999989	1	1	1	1	1	1	1	1	1	1	1	1	1	1	


1	0.621954	0.0920558	0.0501486	0.041416	0.0576228	0.021163	0.00662035	0.00295466	0.000882172	1.44533e-005	1.14764e-007	3.2975e-009	1.88091e-011	2.19492e-013	1.11829e-015	1.14093e-017	4.59175e-018	2.92284e-018	2.60844e-019	9.18373e-020	1.11628e-019	4.71034e-021	4.1525e-022	9.10135e-023	7.24899e-025	1.54277e-026	8.05777e-028	2.05128e-028	1.26371e-029	2.80016e-031	1.04537e-031	6.53037e-033	3.77835e-034	1.39588e-034	6.62508e-036	3.00089e-037	2.81254e-038	2.70048e-040	8.31976e-042	3.84762e-044	1.43553e-044	2.46914e-044	1.24027e-044	1.00278e-045	1.48272e-046	
0	0.378046	0.907839	0.945553	0.957026	0.938291	0.978153	0.992907	0.996653	0.993737	0.998798	0.994627	0.978451	0.890084	0.164763	0.00514078	0.00161006	0.00224928	0.000811328	0.000214724	8.89056e-005	0.00220598	0.0101376	0.0143489	0.0100507	0.000118147	6.4411e-005	6.38309e-005	0.000207509	2.01312e-005	7.54444e-006	3.67799e-007	9.57468e-008	1.96045e-008	2.10062e-009	3.94601e-011	2.38517e-013	3.08347e-015	2.553e-017	2.81199e-019	9.43438e-022	8.29617e-022	4.72335e-022	8.65439e-023	3.49436e-024	1.52383e-025	
0	1.36964e-007	0.000103167	0.00339278	0.00132838	0.00399884	0.000668675	0.000464865	0.000385437	0.0053799	0.00116481	0.00537007	0.0215466	0.109802	0.83152	0.990874	0.998113	0.98369	0.863788	0.638022	0.35795	0.328369	0.49096	0.814425	0.906436	0.989673	0.999706	0.999578	0.997859	0.991392	0.95603	0.886418	0.551173	0.761796	0.615869	0.00232467	9.09013e-006	2.16852e-008	5.52618e-011	5.24472e-014	4.0003e-017	1.97868e-018	4.74518e-020	2.11923e-021	1.00858e-023	1.08573e-025	
0	0	1.81636e-006	0.000905794	0.000229481	8.75734e-005	1.525e-005	7.93389e-006	6.74165e-006	1.24358e-006	2.26322e-005	2.42732e-006	2.63738e-006	0.000114293	0.00371758	0.00398541	0.000277218	0.0140611	0.1354	0.361763	0.641961	0.669425	0.498902	0.171226	0.0835136	0.0102093	0.000229452	0.00035852	0.00193371	0.00858808	0.0439625	0.113582	0.448827	0.238204	0.384131	0.997675	0.999991	1	1	1	1	1	1	1	1	1	


1	0.650213	0.929944	0.994737	0.74385	0.918999	0.997295	0.997698	0.99823	0.915903	0.920302	0.15181	0.00379469	0.000446347	2.27466e-005	2.93631e-006	2.36831e-006	6.23064e-005	4.79511e-005	1.14366e-005	2.5913e-006	8.58061e-006	8.15881e-006	8.20409e-006	3.56962e-006	3.44017e-007	7.15e-007	1.51587e-005	0.0001109	5.46232e-005	1.164e-005	1.99542e-006	4.8228e-008	6.1113e-009	1.07046e-009	1.49615e-010	8.10043e-012	3.17854e-013	1.81179e-014	5.98993e-016	5.28245e-017	4.14109e-016	1.56171e-016	3.31035e-016	2.79827e-017	6.2088e-018	
0	0.349787	0.0681776	0.00366628	0.254931	0.0781017	0.00226228	0.00227038	0.00175787	0.0840932	0.079616	0.847826	0.995132	0.995536	0.7632	0.585022	0.0110541	0.000458491	0.000256925	6.71365e-006	2.66142e-006	5.14286e-005	2.11249e-005	0.000178117	0.00245201	0.000482954	0.000161454	0.000614311	0.00575881	0.000183512	5.79222e-006	2.41722e-007	3.25206e-007	1.20364e-007	1.72064e-007	9.9701e-011	1.86343e-012	3.08948e-013	1.03229e-015	1.50956e-016	6.34647e-019	1.88348e-020	1.24031e-018	2.20263e-019	2.06044e-017	1.36899e-019	
0	7.36933e-013	0.000662301	0.000255468	6.83497e-006	0.0011422	0.000213856	6.70934e-006	2.33368e-006	1.58158e-006	1.53555e-005	0.000286282	0.00103919	0.00351077	0.228049	0.381022	0.964773	0.805408	0.0236566	0.000244272	9.33814e-007	1.02552e-008	1.66979e-007	1.17715e-007	8.478e-006	0.000498061	0.00372453	0.00621881	0.00447811	0.000416044	5.29804e-006	1.77895e-007	4.19649e-010	1.20541e-009	8.80302e-010	3.85207e-011	2.16946e-013	7.42648e-016	1.96963e-016	2.98386e-019	4.9848e-020	1.12778e-020	2.65499e-022	2.90638e-021	2.6841e-023	7.58507e-020	
0	0	0.00121644	0.00134136	0.00121233	0.00175695	0.000228831	2.46703e-005	9.56036e-006	2.1699e-006	6.67511e-005	7.7566e-005	3.43634e-005	0.000506573	0.00872785	0.0339536	0.0241707	0.194071	0.976039	0.999738	0.999994	0.99994	0.999971	0.999814	0.997536	0.999019	0.996113	0.993152	0.989652	0.999346	0.999977	0.999998	1	1	1	1	1	1	1	1	1	1	1	1	1	1	


1	0.995871	0.957565	0.967646	0.990899	0.988509	0.705451	0.275522	0.198139	0.0166367	0.00186565	0.000166862	9.75133e-006	5.86324e-007	8.95577e-008	9.66614e-009	5.07766e-009	1.8038e-010	5.43637e-011	6.37526e-012	2.56545e-012	2.56095e-012	4.51299e-012	4.81687e-013	3.35106e-014	6.12205e-016	1.92755e-015	2.95473e-015	2.98406e-016	1.50903e-017	3.9495e-018	1.26774e-018	6.23174e-020	2.5373e-021	2.5937e-023	1.26903e-023	1.64773e-024	2.22384e-025	2.46683e-026	4.18995e-027	6.13209e-028	1.71327e-026	4.60035e-026	7.72388e-026	4.77944e-026	9.1697e-027	
0	0.00412911	0.0424264	0.0322896	0.00893881	0.011435	0.294502	0.723475	0.799737	0.888201	0.93522	0.9522	0.715669	0.523276	0.254358	0.0437487	0.844415	0.995595	0.637477	0.89915	0.350017	0.235225	0.276001	0.0979241	0.0218035	6.30399e-005	0.00574076	0.792458	0.937057	0.779373	0.789097	0.185388	0.00265108	0.000329324	1.33269e-006	2.6742e-008	1.3279e-010	1.19504e-013	1.43342e-016	2.21612e-019	8.82545e-022	2.08025e-020	4.04796e-021	6.91291e-021	1.52225e-023	2.17789e-025	
0	3.01233e-009	8.39036e-006	6.38881e-005	0.000159997	5.43733e-005	4.7151e-005	0.00100246	0.00212121	0.0951577	0.0626068	0.0467883	0.284151	0.47373	0.299102	0.0479409	0.0123856	0.00390709	0.358578	0.0766003	0.366048	0.530361	0.269846	0.604044	0.0932586	0.00126487	0.00204394	0.0635721	0.0549888	0.218482	0.173444	0.433341	0.0914975	0.0829342	0.00315999	3.42666e-005	5.60115e-008	3.38665e-010	8.60922e-014	2.47134e-016	9.82007e-019	2.80468e-019	4.49571e-021	4.05284e-021	3.31925e-022	7.35524e-025	
0	0	9.55521e-010	4.24422e-007	1.87035e-006	1.96443e-006	7.2615e-008	6.59978e-008	2.6375e-006	4.68139e-006	0.000307572	0.000844464	0.000170334	0.00299353	0.446539	0.90831	0.1432	0.000498248	0.00394454	0.0242495	0.283934	0.234414	0.454153	0.298032	0.884938	0.998672	0.992215	0.14397	0.00795429	0.00214497	0.0374594	0.381272	0.905851	0.916736	0.996839	0.999966	1	1	1	1	1	1	1	1	1	1	


1	0.921543	0.71199	0.924918	0.786145	0.916749	0.588702	0.186794	0.0506751	0.000687141	1.09058e-005	1.99539e-008	4.89756e-011	1.39845e-012	9.34703e-015	1.71601e-016	3.28677e-016	4.59373e-015	1.49584e-015	2.74931e-016	9.95527e-018	8.1733e-018	1.14107e-017	1.15445e-018	5.46567e-020	9.32027e-021	2.31961e-020	2.99585e-020	2.22081e-020	5.37708e-021	1.59111e-021	2.70694e-022	1.05854e-023	1.07884e-024	1.04784e-025	5.74906e-026	7.86554e-027	9.41172e-028	4.04266e-028	5.26115e-029	1.05348e-029	2.08099e-028	3.17515e-028	2.29926e-028	1.59365e-028	1.59495e-028	
0	0.0784565	0.288007	0.0749597	0.213824	0.0831387	0.411291	0.813188	0.949322	0.99847	0.999875	0.99865	0.871083	0.611877	0.00471766	4.11069e-005	0.000375023	0.00322575	0.00034035	7.54885e-006	6.48583e-008	2.20041e-006	8.38847e-006	3.77853e-006	2.0111e-006	9.88597e-009	4.61058e-007	1.3805e-005	0.000300307	1.48047e-005	1.95914e-006	4.77068e-009	2.30285e-010	3.95706e-011	8.93658e-013	1.77183e-015	2.46125e-018	1.45059e-020	1.7882e-023	6.32673e-026	6.06642e-029	2.03723e-028	3.56403e-029	6.29054e-030	2.05513e-030	6.29261e-031	
0	6.20831e-021	2.90278e-006	0.000122133	1.65375e-005	0.000106861	4.40539e-006	1.7953e-005	2.27399e-006	0.0008425	0.000113022	0.00134947	0.128917	0.386185	0.989872	0.979465	0.92668	0.508028	0.0657091	0.000360168	8.77468e-006	3.75728e-007	1.14604e-007	1.61927e-005	5.02602e-006	0.000115059	0.000309863	0.00165493	0.00175822	0.00770209	0.000436125	7.14397e-005	3.7866e-006	1.01026e-005	1.04577e-005	6.78515e-009	1.31858e-011	1.81847e-014	4.18037e-018	4.22793e-021	2.01481e-024	1.54472e-027	1.43133e-030	5.24055e-032	2.11731e-033	4.24925e-034	
0	0	2.28049e-017	1.92965e-007	1.43874e-005	5.49899e-006	2.42471e-006	3.35192e-007	1.24132e-007	3.81728e-009	1.3091e-006	5.8882e-008	8.2757e-007	0.0019386	0.00541082	0.0204941	0.0729451	0.488746	0.933951	0.999632	0.999991	0.999997	0.999991	0.99998	0.999993	0.999885	0.99969	0.998331	0.997941	0.992283	0.999562	0.999929	0.999996	0.99999	0.99999	1	1	1	1	1	1	1	1	1	1	1	


1	0.984353	0.99949	0.989865	0.999321	0.999781	0.998699	0.997113	0.994424	0.594484	0.320719	0.00554733	9.28633e-005	7.38122e-006	2.53866e-007	2.26295e-008	6.08771e-008	1.06176e-006	1.14456e-007	5.72383e-008	9.85284e-009	5.16392e-008	1.36208e-007	1.69879e-008	6.70728e-010	1.3147e-011	1.83685e-011	7.68723e-011	1.63153e-010	3.02719e-011	8.51935e-012	7.556e-013	2.85659e-014	4.57095e-016	7.0422e-018	2.27168e-017	6.70085e-018	1.48614e-018	1.22192e-018	3.38224e-019	1.32427e-019	1.5239e-017	8.05639e-017	1.97316e-016	1.76137e-016	1.0598e-016	
0	0.0156465	0.000356503	0.0101003	0.000410359	0.000208185	0.00130012	0.00287794	0.00557293	0.405131	0.276136	0.0307638	0.000968457	7.37607e-005	2.89004e-005	6.86342e-006	3.16985e-005	7.27024e-005	2.86437e-005	2.39537e-005	3.44127e-006	7.15264e-006	1.52396e-006	1.80472e-007	1.29644e-007	3.8566e-010	3.49277e-010	2.27857e-009	1.2344e-009	7.76527e-010	2.94317e-010	3.22318e-012	4.60222e-014	4.11055e-015	9.93795e-017	4.99493e-018	5.99751e-020	5.36399e-021	1.69071e-021	2.37329e-022	2.17758e-022	8.96589e-020	6.06011e-020	1.03799e-016	3.41202e-019	1.32626e-018	
0	7.52888e-008	0.000153386	2.7138e-005	0.000267231	6.10752e-006	6.23479e-007	8.60528e-006	3.06106e-006	0.000385167	0.403142	0.961726	0.995117	0.965923	0.449358	0.0833945	0.00205568	0.00043859	4.25116e-005	3.16547e-006	3.8038e-007	6.27934e-006	2.14884e-006	6.92164e-007	2.33944e-006	8.69931e-009	9.28863e-010	8.06545e-010	9.85919e-009	4.89594e-011	2.80762e-012	1.54023e-013	2.26514e-013	1.38887e-015	5.68104e-017	1.15359e-019	1.28114e-020	9.10331e-022	6.65485e-024	2.17234e-023	1.03202e-024	3.79711e-024	5.54465e-021	2.10755e-022	6.59141e-018	1.09339e-019	
0	0	1.73877e-010	8.02744e-006	1.22622e-006	5.20016e-006	1.15078e-007	5.44278e-009	1.65821e-008	6.96964e-008	2.17622e-006	0.00196304	0.003822	0.0339958	0.550613	0.916599	0.997913	0.999488	0.999929	0.999973	0.999996	0.999987	0.999996	0.999999	0.999998	1	1	1	1	1	1	1	1	1	1	1	1	1	1	1	1	1	1	1	1	1	


1	0.550925	0.977664	0.995388	0.989582	0.999689	0.999946	0.999942	0.999889	0.654335	0.216326	0.0104748	8.53291e-006	3.46905e-007	3.04698e-010	5.75756e-012	5.72808e-012	6.57569e-011	5.06912e-012	5.32885e-013	2.84516e-014	1.27192e-013	1.73449e-014	3.71647e-015	4.94633e-015	3.8869e-017	5.12585e-016	1.77294e-014	2.56024e-013	2.15778e-015	7.61489e-017	8.45254e-019	3.25587e-021	4.12153e-023	1.15192e-024	4.62158e-027	1.02675e-028	6.33618e-031	3.00634e-032	1.97362e-034	1.7222e-036	1.56991e-035	6.5837e-036	3.61212e-036	1.05273e-037	2.76465e-038	
0	0.449075	0.0221783	0.00450829	0.0104065	0.000308549	5.39429e-005	5.82734e-005	0.000110675	0.345665	0.783144	0.98765	0.999533	0.953602	0.743255	0.202299	0.00257436	0.000216642	9.79223e-005	3.95198e-007	1.15837e-007	6.85742e-006	4.64131e-006	3.32916e-005	0.00120048	0.000173097	0.000117551	0.000311437	0.00060678	3.13452e-005	1.09562e-007	1.24933e-009	1.62003e-010	3.68384e-011	1.00445e-011	9.64602e-015	2.97123e-017	1.78981e-018	6.75593e-022	7.03756e-024	3.46153e-027	7.96809e-030	1.85415e-031	6.70451e-033	1.00031e-033	1.40323e-036	
0	9.78016e-016	0.000146364	1.82372e-005	1.82874e-006	1.66917e-006	1.924e-008	3.35917e-009	2.12986e-009	1.91494e-007	0.000519595	0.0018717	0.000457817	0.0463663	0.255433	0.784674	0.987068	0.750038	0.0212034	0.000834301	2.37552e-005	3.89295e-006	1.70997e-007	1.9159e-007	5.62123e-005	0.000296855	0.0041015	0.0098164	0.00150813	2.54151e-005	1.79005e-007	3.69024e-009	1.33849e-011	9.86333e-013	3.02125e-013	5.64976e-016	5.45654e-018	3.59464e-021	5.46208e-022	1.59113e-025	5.61909e-028	2.03479e-029	5.84336e-032	6.72621e-034	1.87567e-036	3.3612e-037	
0	0	1.13415e-005	8.56245e-005	9.52794e-006	5.33986e-007	3.83663e-009	2.30435e-010	3.34278e-010	2.02544e-009	1.04176e-005	3.89568e-006	3.08891e-007	3.14515e-005	0.00131168	0.0130275	0.010358	0.249746	0.978699	0.999165	0.999976	0.999989	0.999995	0.999967	0.998743	0.99953	0.995781	0.989872	0.997885	0.999943	1	1	1	1	1	1	1	1	1	1	1	1	1	1	1	1	


1	0.985228	0.999178	0.998384	0.997587	0.999304	0.999952	0.999966	0.999979	0.795983	0.941139	0.960622	0.080171	0.0382386	7.5338e-005	5.78597e-007	6.27778e-008	2.91555e-009	3.54976e-011	8.22517e-013	2.29772e-014	1.58906e-013	4.19485e-014	2.45373e-015	3.40596e-015	9.0105e-018	9.63638e-017	3.53074e-016	7.89949e-016	4.54002e-019	8.2807e-021	1.50667e-023	4.07362e-025	3.76744e-027	1.90114e-029	1.68454e-031	1.56012e-033	2.49038e-035	1.30067e-036	4.2878e-038	1.34178e-039	1.57373e-038	1.86591e-038	7.05931e-039	2.38244e-040	1.65607e-040	
0	0.0147724	0.000787301	0.00159373	0.002408	0.000672718	4.43969e-005	3.39286e-005	2.13486e-005	0.204006	0.0571695	0.0358121	0.913859	0.719899	0.763774	0.911487	0.0200521	6.79963e-005	3.99952e-006	2.08956e-008	8.00221e-010	1.06175e-009	2.44987e-011	5.46281e-012	3.78734e-010	2.26895e-010	7.16001e-010	8.75152e-010	1.24556e-010	8.61378e-013	3.99181e-016	5.94613e-018	5.3357e-020	1.19816e-021	1.52822e-022	2.25512e-026	2.1762e-029	1.2419e-031	1.74541e-035	2.50191e-038	3.38382e-042	4.61733e-043	8.07256e-041	4.56889e-041	8.06243e-042	1.06904e-043	
0	3.76915e-009	3.50228e-005	1.99982e-005	4.10957e-006	2.36032e-005	3.32552e-006	1.82589e-007	9.70214e-008	1.1103e-005	0.00169077	0.0035618	0.00595744	0.240954	0.227859	0.0705992	0.979159	0.992888	0.856981	0.606603	0.0840321	0.0192082	0.00688047	0.000377295	9.24161e-005	1.54941e-005	0.00306379	0.107656	0.893623	0.93716	0.906367	0.523307	0.0265693	0.00410218	0.000217475	5.65503e-007	5.04534e-010	9.99793e-013	1.67344e-015	3.64417e-018	5.97368e-021	1.69337e-021	5.05222e-022	2.22146e-023	1.98641e-026	1.07896e-027	
0	0	6.26382e-009	1.83408e-006	7.51948e-007	1.16501e-007	1.04159e-008	1.55704e-009	9.92034e-011	1.31044e-009	4.60137e-007	4.38084e-006	1.24233e-005	0.00090765	0.00829153	0.0179131	0.000789061	0.00704353	0.143015	0.393397	0.915968	0.980792	0.99312	0.999623	0.999908	0.999985	0.996936	0.892344	0.106377	0.0628404	0.0936333	0.476693	0.973431	0.995898	0.999783	0.999999	1	1	1	1	1	1	1	1	1	1	


1	0.904783	0.992978	0.96468	0.975246	0.991793	0.998884	0.99925	0.999456	0.977819	0.991629	0.937929	0.815981	0.581564	0.00897908	0.000142397	1.96532e-005	2.6164e-005	3.59146e-006	1.51683e-007	8.25511e-009	3.30312e-007	2.9695e-007	9.98516e-008	1.06725e-007	4.86126e-010	2.60026e-010	2.69873e-010	1.27031e-009	4.25303e-011	1.42816e-012	4.09288e-015	9.528e-017	1.1781e-018	2.11185e-020	7.99552e-022	2.41399e-023	1.20483e-024	1.09935e-025	7.73348e-027	2.59107e-028	3.95822e-027	5.85029e-027	5.06782e-027	1.93999e-027	8.18365e-028	
0	0.0948052	0.00683699	0.034824	0.0244062	0.0076985	0.000905881	0.000584567	0.0004546	0.0177448	0.00786948	0.0554526	0.129008	0.181772	0.42209	0.56747	0.0752373	0.0147344	0.0243961	0.00340238	0.002275	0.0172474	0.0258197	0.0338403	0.55659	0.649651	0.421592	0.0946595	0.146709	0.0489863	0.0131259	0.00106506	0.00105448	0.00035241	0.000260959	5.46075e-006	5.78448e-007	2.61091e-007	5.17234e-008	1.51785e-008	1.95411e-009	1.89916e-010	2.54411e-010	1.64762e-011	9.9981e-012	3.36003e-012	
0	0.000412086	0.000184567	0.00048372	0.000344719	0.000505495	0.00020943	0.000165007	8.97624e-005	0.00443549	0.000496756	0.00661714	0.0549841	0.235259	0.556014	0.406154	0.919749	0.885226	0.217038	0.0156741	0.000673169	0.00161184	0.00100237	0.00120959	0.0127129	0.0155597	0.535588	0.888848	0.81563	0.249544	0.016815	0.000273413	5.56579e-006	6.70288e-006	2.41035e-006	4.31386e-008	2.21703e-009	1.47605e-010	1.48825e-010	1.02549e-011	2.36042e-012	5.59563e-011	3.39537e-012	1.5606e-012	3.44432e-014	2.20172e-014	
0	0	2.35013e-007	1.24654e-005	2.87279e-006	2.92066e-006	4.34234e-007	1.55265e-007	8.37293e-008	3.80632e-007	4.48382e-006	8.11894e-007	2.74879e-005	0.00140432	0.0129173	0.0262334	0.00499434	0.100014	0.758562	0.980923	0.997052	0.98114	0.973178	0.96495	0.430697	0.33479	0.0428206	0.0164921	0.0376613	0.70147	0.970059	0.998662	0.99894	0.999641	0.999737	0.999994	0.999999	1	1	1	1	1	1	1	1	1	


1	0.998841	0.995613	0.999806	0.998392	0.999943	0.999792	0.99946	0.992062	0.991385	0.00522727	0.000183569	3.52402e-005	1.21464e-007	5.24785e-009	2.42077e-010	1.74058e-009	3.77486e-008	1.46635e-009	2.34463e-010	4.9831e-011	1.68464e-010	7.1411e-011	6.06296e-011	1.28604e-011	8.4634e-013	7.01519e-012	1.29674e-010	6.94714e-011	3.46948e-011	8.78122e-012	4.38462e-013	4.02587e-015	1.14381e-015	1.0624e-016	5.44072e-018	3.26668e-019	4.12097e-021	8.34444e-023	1.18009e-024	1.77663e-027	7.22566e-027	2.03522e-026	8.32854e-027	2.99171e-028	4.30556e-029	
0	0.00115864	0.00438634	2.17899e-005	0.00159298	3.01453e-005	0.000208029	0.000540018	0.00793833	0.00850793	0.994772	0.997921	0.995401	0.999674	0.0628113	0.000204142	0.000106654	0.000140398	7.73931e-008	3.77069e-010	3.8996e-011	6.13076e-009	1.55695e-008	9.31341e-008	2.33765e-009	6.52341e-013	2.06748e-013	1.12682e-011	3.36203e-012	4.85022e-013	9.92885e-014	7.31793e-018	5.49343e-017	4.24477e-019	7.95303e-022	4.82114e-019	1.15232e-023	3.04787e-026	1.19536e-026	1.91027e-029	3.00439e-031	2.26587e-028	7.6981e-032	3.04256e-027	6.9568e-031	1.00505e-033	
0	1.49396e-028	3.14226e-007	0.000172307	6.87031e-006	2.65476e-005	1.24226e-008	4.94117e-008	1.87647e-008	0.000107124	3.33906e-007	0.00189494	0.00455837	0.000312326	0.937159	0.939696	0.998634	0.972856	0.992673	0.982237	0.656985	0.0432368	0.00147806	0.005458	0.0507811	0.441096	0.987703	0.988546	0.99663	0.988555	0.956256	0.989763	0.0633094	0.0557295	0.831306	0.000313054	4.25177e-005	4.48423e-007	1.31462e-009	4.19047e-011	2.67041e-014	1.79174e-017	8.06118e-018	1.32182e-020	4.2912e-022	1.36441e-023	
0	0	2.1509e-026	7.95392e-008	7.88655e-006	2.26284e-007	3.95359e-008	3.69919e-010	5.59132e-011	2.6907e-012	9.29534e-008	1.3296e-009	5.88627e-006	1.35113e-005	2.99391e-005	0.0600995	0.00125933	0.027004	0.00732671	0.0177625	0.343015	0.956763	0.998522	0.994542	0.949219	0.558904	0.0122973	0.0114541	0.00336979	0.0114452	0.043744	0.0102367	0.936691	0.944271	0.168694	0.999687	0.999957	1	1	1	1	1	1	1	1	1	


1	0.998757	0.9985	0.999833	0.999334	0.999984	0.999977	0.999921	0.999788	0.995694	0.0543366	0.0232776	0.00469644	5.61192e-005	1.22718e-005	1.28883e-005	0.00560278	0.240044	0.0834406	0.0372778	0.00491189	0.00535792	0.000672442	0.000143142	2.14889e-005	3.7173e-007	0.0002805	0.0261164	0.364877	0.545453	0.527043	0.199927	0.00028341	0.000110462	8.49491e-005	3.61352e-007	6.7121e-009	4.50901e-011	6.17763e-013	5.67253e-015	5.83934e-018	1.74488e-017	2.26157e-017	4.41929e-018	4.07943e-020	1.22658e-020	
0	0.00124273	0.00149975	0.000162733	0.000664594	1.38343e-005	2.2881e-005	7.87151e-005	0.000212015	0.00430522	0.945663	0.975635	0.994879	0.999623	0.872097	0.323165	0.465139	0.51051	0.024511	0.00111004	0.000546654	0.00481546	0.00167966	0.00340956	0.000197786	1.38434e-007	2.57692e-007	0.000615615	0.00223998	0.0308135	0.00963645	0.000140344	2.30685e-005	8.39133e-007	3.96181e-008	1.22313e-008	3.47578e-012	6.97227e-015	1.58503e-016	1.59905e-018	1.1287e-020	3.86961e-020	1.48538e-021	3.89188e-019	3.59947e-022	7.03568e-025	
0	3.72652e-011	4.59774e-008	3.97489e-006	8.39282e-007	1.96699e-006	1.16689e-010	4.55682e-010	4.76294e-010	5.37234e-007	3.788e-007	0.00106815	0.000400384	0.000277577	0.126297	0.336147	0.341553	0.0560245	0.813563	0.879386	0.32801	0.00459762	5.95516e-006	2.62905e-005	0.000203616	1.30969e-005	4.74823e-005	2.44655e-005	0.000177466	0.000174534	0.00559269	0.01801	6.1536e-005	1.48748e-005	0.000538183	3.09865e-009	2.23695e-011	1.91463e-014	8.31551e-018	8.76134e-020	1.95062e-023	1.05582e-025	1.42529e-022	5.83969e-026	3.82762e-022	3.17264e-024	
0	0	3.94962e-009	1.4086e-007	3.17566e-007	1.93816e-008	1.5757e-009	9.93352e-012	2.42784e-011	1.81638e-011	4.26102e-008	1.88945e-005	2.40383e-005	4.36194e-005	0.0015942	0.340675	0.187706	0.193422	0.0784852	0.0822265	0.666531	0.985229	0.997642	0.996421	0.999577	0.999986	0.999672	0.973244	0.632706	0.423559	0.457728	0.781922	0.999632	0.999874	0.999377	1	1	1	1	1	1	1	1	1	1	1	


1	0.996201	0.991612	0.994065	0.992799	0.987616	0.933269	0.777048	0.884432	0.249709	0.406764	0.252031	0.16802	0.0816443	0.0966378	0.113219	0.775477	0.926508	0.580057	0.653842	0.139636	0.0537217	0.325946	0.0270345	0.000787247	0.000448234	0.00473871	0.0681563	0.0923897	0.362257	0.360393	0.14873	0.0102119	0.000515992	7.64728e-006	0.00038209	3.10338e-005	1.13508e-006	5.13277e-007	1.81192e-008	7.56072e-009	3.10374e-006	4.98859e-006	4.25747e-005	1.01428e-005	3.53118e-006	
0	0.00126652	0.00831207	0.00558459	0.00513951	0.0108312	0.0666313	0.222858	0.115462	0.681918	0.405445	0.566786	0.199244	0.00640106	0.000300595	0.000254521	0.117141	0.0721726	0.0287698	0.0251242	0.00090603	0.00105431	0.000629927	0.00108019	0.000191654	5.92989e-007	0.00145573	0.0815326	0.172107	0.0866256	0.016674	0.000637568	4.67364e-005	3.5516e-005	2.86345e-007	1.44108e-008	4.90805e-008	1.29208e-009	4.09271e-011	1.86336e-011	1.54502e-012	3.35259e-009	3.19537e-008	9.64395e-008	6.06544e-009	4.39995e-009	
0	0.00253265	2.29061e-005	0.00030382	0.00180586	0.00107323	1.93338e-005	7.5508e-005	0.000103225	0.0683692	0.18404	0.072091	0.555535	0.878487	0.629888	0.271825	0.00805045	0.000626381	0.390459	0.283235	0.752873	0.87765	0.614676	0.842553	0.0265493	0.00354448	0.000600001	0.00307319	0.0184248	0.408664	0.58797	0.818653	0.893734	0.922154	0.771684	0.268118	0.00130216	0.000112688	2.49724e-007	6.85258e-009	1.34732e-010	1.11272e-011	1.04934e-010	6.93219e-009	3.9881e-007	1.53752e-009	
0	0	5.27989e-005	4.60936e-005	0.000255522	0.00047924	8.06619e-005	1.80416e-005	2.69546e-006	4.01165e-006	0.00375065	0.109092	0.077201	0.0334672	0.273174	0.614702	0.0993319	0.000692881	0.000714274	0.0377988	0.106585	0.0675735	0.0587484	0.129332	0.972472	0.996007	0.993206	0.847238	0.717078	0.142453	0.034963	0.0319795	0.0960075	0.0772946	0.228308	0.7315	0.998667	0.999886	0.999999	1	1	0.999997	0.999995	0.999957	0.999989	0.999996	


1	0.993817	0.998961	0.99804	0.993376	0.996049	0.998038	0.992622	0.977891	0.919411	0.882672	0.936864	0.917411	0.984468	0.986544	0.987986	0.995485	0.9869	0.985596	0.992545	0.963422	0.993488	0.995736	0.989779	0.988397	0.944063	0.96564	0.951453	0.969338	0.949171	0.981806	0.98253	0.964954	0.991347	0.986505	0.979371	0.947245	0.949621	0.919213	0.939441	0.901438	0.985148	0.978114	0.985222	0.965081	0.990555	
0	0.00618268	0.000290713	0.000716041	0.0061396	0.00365249	0.000119337	0.00013585	0.000173683	0.000123604	0.000520478	0.000717917	0.000294064	0.00577634	0.0120162	0.011414	0.000186626	0.000149192	0.00224231	0.00237002	0.0363053	0.00452545	0.00239909	0.00970074	0.0113046	0.0558521	0.000175315	0.0001931	0.000708715	0.00066502	0.00401563	0.0151034	0.0342459	0.00381258	0.011193	0.019394	0.0523204	0.0491145	0.0803853	0.0587826	0.0981	0.0014834	0.00106228	0.00298557	0.0309956	0.00516399	
0	4.67415e-011	2.12811e-008	2.38079e-008	6.47899e-012	4.38683e-010	3.95647e-007	4.57298e-008	2.2738e-008	2.19457e-007	7.15473e-008	4.59466e-008	3.726e-007	3.55294e-010	6.79592e-009	2.38229e-010	3.95147e-007	3.856e-005	5.87159e-009	1.68845e-009	1.55358e-011	3.06095e-008	4.76153e-008	3.77124e-011	3.51438e-009	1.95287e-009	4.28911e-006	3.67978e-008	1.31296e-008	1.02802e-007	1.48221e-010	1.2682e-008	1.3561e-009	1.60169e-008	3.71351e-009	1.20764e-008	2.32708e-010	3.52635e-009	1.31515e-011	1.16141e-009	9.13393e-011	7.12177e-008	4.23962e-008	2.84094e-009	6.93395e-012	1.17795e-009	
0	0	0.000748126	0.00124351	0.000484845	0.000298105	0.00184206	0.00724186	0.0219349	0.0804656	0.116808	0.0624179	0.0822947	0.00975545	0.0014398	0.000599642	0.00432798	0.012912	0.0121619	0.005085	0.000272896	0.00198621	0.00186451	0.000520278	0.000298042	8.50728e-005	0.0341805	0.0483541	0.0299529	0.0501638	0.0141784	0.00236686	0.000800334	0.00483993	0.00230246	0.00123479	0.000434392	0.00126447	0.000401391	0.0017766	0.000461613	0.0133686	0.0208236	0.011792	0.00392374	0.00428108	


1	0.434675	0.405896	0.505593	0.243552	0.188785	0.155478	0.017026	0.0057467	0.0108163	0.00928356	0.0155832	0.0144187	0.00461613	0.00920497	0.00826648	0.00148634	0.000463949	0.000189462	5.7516e-005	0.000195856	0.000219178	0.000544442	0.00235951	0.00293035	0.0074519	0.0017652	0.0007969	0.000195013	0.00018466	2.92915e-005	5.03539e-005	2.97624e-005	3.28076e-005	2.73343e-005	1.99431e-005	2.89585e-005	9.96527e-005	7.73591e-005	0.000213983	0.000233317	1.85925e-005	3.50621e-005	1.02946e-005	1.21625e-005	5.07293e-006	
0	0.565325	0.577833	0.392679	0.729187	0.692422	0.0827097	0.00640559	0.00246479	0.00591682	0.00431386	0.0596218	0.0541991	0.00874579	0.0807105	0.0952994	0.0205405	0.000585952	0.000137325	4.79274e-006	3.8113e-005	0.000714677	0.0016091	0.0018654	0.0149972	0.0703911	0.0332043	0.000825693	0.000306438	9.78377e-006	5.90892e-006	2.32634e-006	9.33988e-006	2.58295e-006	5.32177e-005	8.46049e-006	1.73229e-005	9.09727e-005	0.000273842	0.00124133	0.000286433	3.18682e-006	3.64835e-005	4.55982e-007	2.83572e-006	3.02898e-006	
0	9.73109e-012	0.00993722	0.0690951	0.00033905	0.00480802	0.509873	0.681436	0.108434	0.0796941	0.101627	0.10084	0.779855	0.761479	0.0669527	0.00289272	0.00102883	0.0103173	8.11006e-005	1.50237e-006	9.01926e-009	6.21513e-007	2.13295e-005	8.77507e-005	1.06603e-005	1.75516e-005	0.00281359	0.0135036	0.00149642	0.000349711	7.77937e-007	2.16858e-008	2.98193e-009	3.83616e-007	4.19264e-008	1.00886e-007	2.22162e-008	4.21641e-008	2.43845e-008	1.02622e-006	2.252e-006	5.30564e-006	2.21014e-007	3.3957e-007	1.38892e-009	5.98885e-009	
0	0	0.00633383	0.0326323	0.0269215	0.113986	0.25194	0.295132	0.883355	0.903573	0.884776	0.823955	0.151527	0.225159	0.843132	0.893541	0.976944	0.988633	0.999592	0.999936	0.999766	0.999066	0.997825	0.995687	0.982062	0.922139	0.962217	0.984874	0.998002	0.999456	0.999964	0.999947	0.999961	0.999964	0.999919	0.999971	0.999954	0.999809	0.999649	0.998544	0.999478	0.999973	0.999928	0.999989	0.999985	0.999992	


1	0.984075	0.992303	0.935966	0.978496	0.883162	0.513816	0.120303	0.0714952	0.0328342	0.0148097	0.0643481	0.0357537	0.0135395	0.0986705	0.177974	0.138229	0.0133928	0.0133119	0.0029335	0.00625118	0.0103469	0.0223093	0.00486966	0.024636	0.0723175	0.0476729	0.0047372	0.00401192	0.000426273	0.000338423	0.000150918	8.05235e-005	4.74295e-006	3.52687e-006	1.08898e-006	1.16384e-006	1.38334e-006	4.9407e-006	3.36641e-006	2.17149e-006	2.58976e-007	1.70185e-006	1.58251e-007	6.30295e-008	6.32948e-008	
0	0.0111077	0.00712868	0.0487818	0.00680963	0.0212224	0.196044	0.190622	0.0810048	0.139672	0.0258738	0.0098171	0.00656416	0.00342042	0.0020956	0.013054	0.240971	0.533615	0.352159	0.549514	0.41183	0.177198	0.138805	0.0572411	0.0115398	0.00378876	0.0868115	0.261547	0.0775876	0.160301	0.217852	0.0656984	0.00318836	0.000868315	0.000164727	1.08281e-005	1.80615e-006	3.76765e-008	1.60718e-008	1.16007e-008	5.54566e-009	4.68324e-008	1.61053e-008	3.26596e-008	3.51345e-010	4.55167e-010	
0	0.00481764	0.000244803	0.0144009	0.0133403	0.0857638	0.152106	0.197117	0.0370064	0.000562234	0.00894955	0.00222891	0.000256551	0.00278609	0.00029032	0.00104281	1.58756e-005	0.000286721	0.0746022	0.0472961	0.119173	0.0551826	0.000595907	0.0136209	0.0835723	0.00916253	0.000240405	0.000998436	0.0180884	0.00103197	0.00334585	0.0037185	0.2174	0.2118	0.128729	0.0278929	0.0279402	0.0322779	0.0103251	0.0144613	0.0178921	0.000865617	1.89266e-005	4.32832e-005	0.000104508	9.44577e-005	
0	0	0.000323952	0.000851681	0.0013546	0.00985217	0.138033	0.491957	0.810494	0.826932	0.950367	0.923606	0.957426	0.980254	0.898944	0.807929	0.620785	0.452706	0.559927	0.400256	0.462746	0.757272	0.83829	0.924268	0.880252	0.914731	0.865275	0.732717	0.900312	0.838241	0.778463	0.930432	0.779331	0.787327	0.871103	0.972095	0.972057	0.967721	0.98967	0.985535	0.982106	0.999134	0.999979	0.999957	0.999895	0.999905	


1	0.825844	0.69192	0.881626	0.903342	0.973257	0.980188	0.988839	0.969672	0.751418	0.791573	0.596061	0.313213	0.272453	0.00925096	0.00198784	0.00118804	0.000931594	0.000135497	3.42936e-005	1.66051e-006	5.0371e-006	2.0484e-006	1.69323e-006	2.66054e-007	2.43432e-008	3.6082e-008	4.87689e-008	4.38305e-008	7.55721e-009	3.50115e-009	1.45344e-010	1.28496e-010	1.19221e-010	1.30951e-011	9.46732e-012	7.30098e-013	5.14705e-014	6.4644e-015	6.61761e-016	6.2082e-017	3.07578e-015	4.81822e-016	1.87699e-015	1.73355e-015	8.34932e-016	
0	0.147327	0.267157	0.101217	0.06617	0.0165524	0.017008	0.00971196	0.0245559	0.197841	0.12919	0.223265	0.408974	0.205086	0.144066	0.116869	0.205561	0.212514	0.111025	0.0585734	0.0149499	0.0211535	0.0186468	0.0202838	0.015852	0.013917	0.0439082	0.0514245	0.0219056	0.0244951	0.00988181	0.00440494	0.00136181	0.00200684	0.00054947	0.000349969	2.14479e-005	9.69447e-007	1.46037e-007	5.53097e-009	2.60547e-010	2.1881e-009	1.02653e-009	1.75244e-009	3.01395e-010	1.42143e-010	
0	0.0268296	0.0388805	0.00823159	0.0152687	0.00308415	0.00179091	0.00130077	0.00574342	0.0505116	0.0789334	0.180266	0.276426	0.518136	0.837588	0.820387	0.782403	0.769331	0.816263	0.657736	0.49139	0.895352	0.964233	0.899296	0.923352	0.882329	0.932841	0.92439	0.94798	0.887856	0.855505	0.601792	0.337825	0.298662	0.161468	0.0803994	0.00196193	4.79561e-005	8.28303e-006	1.02216e-007	5.00477e-009	1.96382e-008	2.98681e-009	3.02647e-009	2.72926e-010	9.90202e-011	
0	0	0.00204209	0.00892608	0.0152189	0.00710658	0.00101291	0.000147802	2.89475e-005	0.000229579	0.00030271	0.00040881	0.00138662	0.00432519	0.00909521	0.0607562	0.0108481	0.0172232	0.0725759	0.283656	0.493658	0.0834897	0.0171187	0.0804186	0.060796	0.103754	0.0232506	0.0241851	0.0301142	0.0876488	0.134613	0.393803	0.660813	0.699332	0.837983	0.919251	0.998017	0.999951	0.999992	1	1	1	1	1	1	1	


1	0.967535	0.998995	0.995842	0.959899	0.940933	0.97368	0.986918	0.997475	0.989735	0.998632	0.978342	0.828059	0.137952	0.000594304	1.95073e-005	0.000110856	0.00881144	0.00332254	0.00221257	0.000264602	0.000248049	0.000241078	1.60173e-005	4.73485e-007	3.95445e-008	1.02571e-007	4.07821e-007	3.01808e-007	2.97018e-007	1.80557e-007	3.67271e-008	5.00889e-010	1.72598e-011	3.05403e-013	4.38877e-013	8.32605e-015	4.71477e-017	4.87058e-018	2.91012e-020	1.59789e-021	5.60279e-020	1.04707e-020	2.52065e-020	5.93606e-022	7.76204e-023	
0	0.0324493	0.000160013	0.000343202	0.0143161	0.000991148	5.64952e-005	0.000160277	5.45967e-005	0.00823194	0.000648915	0.0145545	0.00636364	0.00163997	1.02981e-005	3.76632e-007	1.54336e-008	1.9448e-007	5.57911e-005	3.29312e-005	3.58579e-005	2.63055e-006	5.90619e-008	1.53646e-006	2.55299e-007	9.58597e-010	2.12229e-011	3.00144e-010	9.46368e-011	2.08734e-010	5.47539e-010	2.85218e-010	1.97372e-011	5.60094e-013	4.45079e-014	4.98886e-017	3.72352e-016	1.88651e-018	1.15325e-020	6.043e-022	5.02212e-024	2.45655e-025	8.46084e-024	8.34127e-024	2.87923e-023	4.38941e-026	
0	1.55811e-005	0.000128156	1.36774e-005	4.08798e-005	0.000304558	4.50855e-006	3.55263e-007	1.14639e-007	6.58657e-006	9.02868e-005	0.00253705	0.145474	0.84995	0.99495	0.97609	0.943953	0.678557	0.35368	0.0496329	0.01014	0.0046383	0.000993452	0.0010843	0.00341276	0.00910911	0.0152686	0.0174336	0.00965898	0.00218103	0.000274497	6.0932e-005	3.78944e-006	8.61118e-007	7.19129e-007	6.54391e-009	1.31523e-010	1.22845e-012	2.16541e-014	1.33233e-016	1.20209e-018	3.35516e-020	4.69645e-022	2.27212e-023	1.2072e-024	6.99252e-026	
0	0	0.000716922	0.00380069	0.0257441	0.0577715	0.0262594	0.0129214	0.0024699	0.00202643	0.000628799	0.00456643	0.0201033	0.0104584	0.00444581	0.0238906	0.0559359	0.312631	0.642942	0.948122	0.98956	0.995111	0.998765	0.998898	0.996587	0.990891	0.984731	0.982566	0.990341	0.997819	0.999725	0.999939	0.999996	0.999999	0.999999	1	1	1	1	1	1	1	1	1	1	1	


1	0.99999	0.995272	0.999704	0.999649	0.999524	0.999871	0.999042	0.998889	0.99645	0.996742	0.974332	0.946252	0.9666	0.398165	0.298527	0.074291	0.493208	0.656409	0.949057	0.97428	0.985584	0.986118	0.961283	0.620106	0.121524	0.0167894	0.0817224	0.116948	0.321449	0.427506	0.470904	0.496814	0.207728	0.0235573	0.411151	0.496172	0.557215	0.782991	0.782316	0.933957	0.999254	0.99066	0.99999	0.999805	0.999851	
0	9.79423e-006	0.00472813	0.000280402	0.000344429	0.00047448	0.000126377	0.000957207	0.00110563	0.0024761	0.00296402	0.0105849	0.000393728	0.000331632	0.000455887	3.56975e-006	0.000374744	0.000815213	0.000628708	0.00012592	7.32848e-005	0.000691933	0.00257947	0.000298392	0.000300687	1.98106e-005	3.97611e-005	1.75983e-005	0.000386062	5.97575e-005	0.00178841	0.000104214	3.80036e-005	1.99886e-005	9.05552e-006	2.08426e-005	4.55763e-005	2.3796e-005	9.52649e-005	0.000154597	0.000216503	0.000180962	0.00913818	6.4859e-006	0.000194391	0.000149057	
0	2.66454e-009	6.94911e-008	1.5197e-005	5.97294e-006	1.35344e-006	2.21885e-006	1.02677e-006	5.21359e-006	0.00107277	0.000282271	0.0144598	0.0428408	0.00478103	0.000303679	3.26567e-005	1.50006e-006	4.22184e-006	1.7487e-005	9.29601e-006	1.26107e-006	9.77554e-006	5.66573e-006	3.14777e-005	0.000558442	8.53162e-007	5.27123e-007	8.96424e-006	3.30581e-005	4.41596e-007	4.19287e-007	2.21442e-006	1.16719e-006	1.53116e-007	3.64425e-007	1.13768e-010	1.16269e-008	8.20756e-008	5.17954e-009	8.79579e-008	6.57703e-009	1.03094e-008	7.25126e-007	1.74167e-007	4.67029e-009	1.92247e-007	
0	0	7.39528e-011	8.42058e-010	5.58142e-007	3.75917e-007	4.253e-008	5.73479e-008	1.97497e-008	8.54478e-007	1.12449e-005	0.000622926	0.0105135	0.028287	0.601076	0.701437	0.925333	0.505972	0.342945	0.0508081	0.0256453	0.0137144	0.0112965	0.0383868	0.379035	0.878455	0.98317	0.918251	0.882633	0.678491	0.570705	0.52899	0.503147	0.792251	0.976433	0.588828	0.503782	0.442761	0.216913	0.21753	0.0658262	0.000565294	0.000201096	3.01091e-006	7.09436e-007	2.0517e-007	


1	0.992964	0.999018	0.998127	0.98367	0.988799	0.999849	0.999528	0.999619	0.89155	0.996505	0.962859	0.972516	0.990956	0.838358	0.662338	0.815956	0.986225	0.90973	0.966454	0.845018	0.989281	0.998509	0.96221	0.890974	0.478208	0.826568	0.983184	0.989211	0.989566	0.972757	0.848728	0.706326	0.953777	0.795088	0.988052	0.806652	0.409108	0.235954	0.0804132	0.0165932	0.984547	0.985729	0.999444	0.808539	0.982854	
0	0.0023532	1.68682e-005	0.000783224	0.00674036	0.00441351	3.74335e-006	3.26932e-006	2.57608e-006	8.00877e-006	2.28677e-005	0.000103105	5.69432e-005	0.00474137	0.0534679	0.0779335	1.62304e-005	4.63728e-006	0.00349323	0.00343203	0.0959309	0.00101474	0.00029113	0.00429387	0.0289361	0.368357	4.63259e-005	1.58866e-005	0.000224694	0.000159685	0.00391585	0.0887471	0.27672	0.0163466	0.0996986	0.0106179	0.18813	0.582052	0.76341	0.909729	0.982917	0.0140108	0.00103714	0.000370029	0.152901	0.0153018	
0	0.00468277	0.000946499	0.00107915	0.00957779	0.00669839	0.000135677	0.000468218	0.000378231	0.108433	0.00313458	0.0367792	0.0248313	0.00262109	0.0427335	0.00369968	0.00219897	0.000237347	0.0649648	0.0132643	0.0471381	0.00838044	0.00102616	0.033446	0.057031	0.0127414	0.00259971	0.0013056	0.00781885	0.00866137	0.0224673	0.0542837	0.0115488	0.0243082	0.0796631	0.00027307	0.00498835	0.00869245	0.000555809	0.00984297	0.000462764	0.0014195	0.0131852	0.000157849	0.0385519	0.00113913	
0	0	1.82523e-005	1.03512e-005	1.13565e-005	8.92589e-005	1.1359e-005	4.35369e-007	6.34306e-007	9.30171e-006	0.000337248	0.000258767	0.00259576	0.00168181	0.0654402	0.256029	0.181828	0.0135325	0.0218121	0.0168494	0.0119131	0.00132396	0.000173493	4.98047e-005	0.0230584	0.140694	0.170786	0.0154942	0.00274532	0.00161246	0.00085967	0.00824073	0.00540537	0.00556864	0.0255502	0.00105661	0.000230405	0.000147036	8.02105e-005	1.45553e-005	2.69302e-005	2.26504e-005	4.81996e-005	2.81629e-005	8.25479e-006	0.000704621	


1	0.99373	0.938026	0.906783	0.999361	0.998154	0.856112	0.636753	0.180599	0.00965175	0.000495538	4.20779e-005	4.08589e-006	3.63776e-006	6.379e-008	2.32822e-009	2.17492e-011	4.71407e-013	1.01645e-013	3.51215e-014	4.12348e-014	3.5641e-014	2.94688e-015	1.47095e-015	5.15896e-016	1.14822e-017	8.10916e-020	8.8773e-021	1.92916e-021	2.45918e-023	7.5301e-024	8.7254e-025	2.16112e-025	4.70316e-027	5.73243e-028	2.73532e-028	2.09966e-027	4.90076e-027	1.33435e-026	6.29196e-026	1.72383e-025	1.39672e-025	4.45727e-025	6.56404e-025	2.6692e-023	1.78176e-023	
0	0.00625217	0.0345025	0.0631288	0.000418726	0.00164965	0.0940359	0.0416323	0.00932814	0.000157123	2.95214e-005	2.26595e-006	3.68195e-007	1.47e-008	5.98138e-009	2.47313e-010	3.95898e-011	3.21079e-012	9.78867e-015	2.35633e-016	1.68393e-017	7.4828e-016	2.72992e-016	2.78653e-018	1.28262e-017	1.30627e-018	1.84989e-019	1.96221e-021	7.11498e-023	5.05599e-025	9.21187e-027	1.8081e-027	7.32496e-028	4.50955e-029	1.96596e-030	2.91197e-029	1.0622e-029	4.12651e-029	1.86804e-028	5.04157e-028	9.23167e-028	3.49206e-026	3.22123e-026	1.09772e-026	9.56106e-027	6.08777e-025	
0	1.76572e-005	0.0274707	0.0285977	0.000156171	0.000191205	0.0498345	0.320463	0.807844	0.977896	0.992271	0.973114	0.76417	0.128493	0.00189756	1.74888e-005	0.000145659	0.00108934	0.000115736	4.37269e-005	1.48287e-007	1.6519e-007	6.79756e-008	4.96149e-010	3.46645e-011	2.47961e-014	1.49098e-013	3.97696e-013	6.76157e-013	3.62618e-014	5.60177e-015	1.47343e-017	4.17726e-020	1.77453e-022	5.05597e-025	7.49568e-027	5.52387e-029	1.65253e-031	4.74105e-031	7.22409e-031	1.44538e-030	1.9612e-026	5.40748e-026	9.56434e-027	2.37159e-028	1.40666e-026	
0	0	3.13873e-007	0.00149018	6.39771e-005	4.81507e-006	1.76131e-005	0.00115107	0.00222945	0.0122948	0.00720354	0.0268419	0.235826	0.871503	0.998102	0.999983	0.999854	0.998911	0.999884	0.999956	1	1	1	1	1	1	1	1	1	1	1	1	1	1	1	1	1	1	1	1	1	1	1	1	1	1	


