E:\Google Drive\Progetti\MSR Action3D\Real\a03_s05_e03_skeleton3D.txt
3
TRUE
-744.856
-726.692
-676.746
-746.629
-710.585
-715.553
-712.605
-735.01
-723.796
-751.287
-755.665
-761.889
-751.422
-737.239
-736.159
-746.319
-722.339
-733.241
-753.9
-760.718

29
20
1	0.994969	0.989308	0.995463	0.978542	0.996079	0.664393	0.169624	0.0267342	0.00333673	0.000531337	6.19256e-005	1.81055e-005	7.29562e-007	6.54228e-007	9.24786e-008	1.2496e-006	6.09354e-006	4.33841e-005	1.40924e-005	3.70211e-005	1.36145e-005	5.94338e-005	0.000282087	0.000169068	0.000207941	0.0053843	0.00268667	0.146359	0.106436	
0	0.00291242	0.0092738	0.00395256	0.0202742	0.00221458	0.00948989	0.00206255	0.000116832	1.05817e-005	1.08042e-006	4.18842e-007	3.32383e-007	3.5244e-008	5.52677e-008	1.33e-008	2.77025e-007	3.089e-007	1.62511e-007	8.29103e-008	6.9036e-008	2.98151e-008	2.43076e-007	1.28216e-006	3.1678e-006	5.85983e-007	8.21972e-006	6.71826e-006	0.00148604	0.0182287	
0	0.00211895	0.0014015	0.000364604	0.00112078	0.00166295	0.325648	0.817826	0.96134	0.992465	0.983231	0.996606	0.81921	0.0838382	0.00435981	1.80437e-005	3.46096e-005	6.38754e-005	9.54657e-005	1.61115e-005	4.44356e-006	1.50959e-007	1.37988e-007	1.33906e-007	1.07838e-007	1.47697e-007	6.59042e-006	8.69548e-006	0.000268541	0.00106853	
0	0	1.70556e-005	0.000220127	6.32346e-005	4.37016e-005	0.00046912	0.0104883	0.0118087	0.00418742	0.0162366	0.00333161	0.180772	0.916161	0.995639	0.999982	0.999964	0.99993	0.999861	0.99997	0.999958	0.999986	0.99994	0.999716	0.999828	0.999791	0.994601	0.997298	0.851886	0.874267	


1	0.820316	0.412181	0.947356	0.704381	0.656224	0.163007	0.00425614	0.000768096	2.0649e-005	2.02161e-006	5.62561e-008	5.55675e-009	4.61933e-010	2.62993e-010	2.73873e-010	1.31011e-010	7.75365e-012	3.38868e-013	7.30263e-015	9.59896e-015	2.41591e-015	7.55976e-015	2.81501e-015	4.62719e-016	2.72854e-018	1.84137e-018	1.36699e-019	4.16389e-019	4.93017e-020	
0	0.179678	0.585468	0.0451296	0.291258	0.335347	0.828817	0.985611	0.968473	0.995558	0.995831	0.99646	0.991531	0.501439	0.523205	0.0546449	0.182613	0.293865	0.0934128	0.00916414	0.00506655	0.000693088	0.000594676	0.000102754	3.0033e-006	3.03136e-008	1.99268e-008	6.14027e-010	2.09035e-009	1.24336e-010	
0	6.31653e-006	0.00228271	0.0070091	0.000637153	0.000756221	0.00529011	0.00956478	0.0305529	0.00432517	0.00414046	0.00351367	0.00809498	0.496688	0.421276	0.760178	0.807982	0.691873	0.906449	0.98651	0.969476	0.961639	0.0930616	0.0115962	0.000222204	1.69501e-007	2.39908e-008	1.11455e-010	1.86863e-011	8.93344e-013	
0	0	6.7978e-005	0.000505123	0.00372336	0.00767244	0.00288578	0.000567983	0.000205736	9.59458e-005	2.67185e-005	2.59096e-005	0.000374453	0.00187288	0.0555193	0.185177	0.00940482	0.0142621	0.000138137	0.00432572	0.0254576	0.0376675	0.906344	0.988301	0.999775	1	1	1	1	1	


1	0.996373	0.999931	0.999798	0.999716	0.999448	0.996338	0.992556	0.986034	0.592233	0.00764603	0.000515058	5.87607e-007	8.02393e-009	7.7928e-011	4.61403e-014	1.65932e-016	1.32744e-018	2.65758e-022	1.13824e-024	4.55901e-026	1.09405e-027	1.50116e-027	7.42112e-028	8.03145e-029	1.27418e-030	2.41973e-030	6.91951e-032	2.59336e-031	2.6441e-032	
0	0.00362668	2.72948e-005	0.000134996	0.000112804	9.47733e-005	0.00347096	0.0074029	0.013938	0.407745	0.992306	0.999314	0.999932	0.984311	0.387292	0.000581061	1.6192e-007	1.07625e-010	3.20889e-014	7.10025e-018	1.55915e-022	1.41575e-026	1.28674e-029	6.54249e-032	1.42806e-032	4.5407e-032	1.71218e-034	2.79251e-033	2.13306e-034	1.30996e-032	
0	7.69033e-011	2.38425e-005	7.18258e-006	1.38997e-007	5.32506e-007	5.40952e-008	1.17859e-006	1.60626e-005	7.84801e-006	6.9322e-006	7.26595e-005	8.24476e-007	0.0151342	0.612038	0.998724	0.99996	0.999934	0.999995	0.999185	0.997866	0.99349	0.0323449	0.00104705	2.60255e-006	6.11726e-010	8.97854e-011	4.29804e-014	4.00066e-015	3.3339e-018	
0	0	1.82181e-005	5.96112e-005	0.000171343	0.000456287	0.000191096	4.02747e-005	1.23774e-005	1.43641e-005	4.08719e-005	9.82049e-005	6.70037e-005	0.000555036	0.00066958	0.000694501	3.93655e-005	6.55575e-005	4.7858e-006	0.000814514	0.00213385	0.00650968	0.967655	0.998953	0.999997	1	1	1	1	1	


1	0.992634	0.844896	0.957447	0.894007	0.949336	0.241563	0.00558794	0.000184275	3.50074e-005	4.61218e-005	1.88053e-005	7.32809e-006	2.54739e-007	3.43407e-007	8.51349e-008	8.98174e-007	9.49823e-006	6.71215e-005	0.000162705	0.000193355	9.96892e-005	0.000183446	0.000626923	0.0014612	0.000404424	0.00404882	0.000962317	0.0341907	0.00847732	
0	0.00736649	0.155098	0.0415502	0.105797	0.0506128	0.75425	0.989942	0.991599	0.977077	0.780658	0.855579	0.1267	0.00302767	0.000349563	8.30818e-006	0.00119613	0.0100588	0.0623637	0.210477	0.919909	0.956609	0.926675	0.915633	0.418461	0.000890106	0.0033261	1.64877e-005	0.00514813	5.90332e-005	
0	8.02808e-010	5.65868e-006	0.000995525	0.000180027	2.65183e-005	0.00417911	0.00445574	0.00819911	0.0226708	0.212626	0.140918	0.815009	0.915022	0.574113	0.0687246	0.801737	0.661816	0.805813	0.592651	0.0125989	0.00403792	0.00307987	0.00793634	0.0434271	2.61772e-005	8.61127e-006	1.0169e-006	1.22338e-006	2.93869e-005	
0	0	4.95397e-009	7.16491e-006	1.57064e-005	2.471e-005	7.89612e-006	1.38339e-005	1.72509e-005	0.000217358	0.00666981	0.0034851	0.0582838	0.0819503	0.425537	0.931267	0.197066	0.328116	0.131756	0.196709	0.0672989	0.0392534	0.070062	0.0758041	0.536651	0.998679	0.992616	0.99902	0.96066	0.991434	


1	0.999087	0.998335	0.999855	0.995634	0.998072	0.784259	0.0610671	0.00324142	1.15136e-005	9.8587e-008	1.39875e-009	5.77727e-011	8.74157e-013	1.06726e-013	1.42884e-015	2.04731e-015	1.52699e-015	1.85956e-017	9.72369e-019	8.87243e-018	1.13906e-017	2.73461e-017	1.14866e-016	7.79691e-017	1.75478e-017	1.15661e-016	3.70136e-017	2.66623e-016	2.45267e-017	
0	0.000912792	0.00166454	0.000131424	0.00436541	0.00192739	0.2157	0.938897	0.996064	0.99996	0.999726	0.999897	0.994608	0.0113629	0.000687843	1.92007e-007	1.28347e-006	5.40494e-007	5.5308e-009	9.90789e-012	3.32069e-012	1.77263e-014	6.14615e-016	2.97437e-018	3.56109e-020	3.61539e-020	2.56701e-019	2.15335e-019	2.1016e-017	7.21849e-019	
0	5.24857e-020	3.22539e-008	1.32808e-005	4.40956e-009	1.96088e-007	3.87919e-005	3.51571e-005	0.000694565	2.75611e-005	0.000273504	0.00010236	0.00537948	0.988536	0.889755	0.980322	0.934222	0.961189	0.999126	0.995273	0.727631	0.646921	0.000318764	1.30237e-006	2.97365e-009	1.50124e-013	1.07615e-016	7.49147e-020	8.08171e-023	6.56924e-021	
0	0	4.00048e-019	3.12302e-009	7.25131e-007	4.26716e-007	1.80709e-006	6.24612e-007	2.61535e-007	4.28761e-007	8.2914e-008	6.58433e-007	1.26013e-005	0.000101091	0.109557	0.0196776	0.0657771	0.0388105	0.000874106	0.00472709	0.272369	0.353079	0.999681	0.999999	1	1	1	1	1	1	


1	0.987241	0.995851	0.995564	0.988215	0.998027	0.834077	0.00216678	1.90258e-005	5.94518e-007	1.14605e-007	3.14788e-010	1.22548e-012	4.34253e-015	1.32381e-016	3.19076e-018	2.55384e-018	1.66063e-018	4.38307e-019	6.78222e-020	2.31927e-019	7.06435e-020	3.60556e-019	1.58945e-018	1.59219e-018	1.40373e-018	2.17137e-017	1.64792e-017	8.37773e-016	2.73008e-016	
0	0.0127592	0.00414882	0.0044355	0.0117849	0.00197289	0.165918	0.997808	0.999543	0.889228	0.140002	6.19811e-005	6.20285e-008	5.63843e-012	9.72408e-017	5.901e-021	4.08232e-021	1.88559e-020	4.66746e-022	7.74132e-022	7.5231e-021	2.67459e-021	3.0904e-020	9.22481e-021	2.93958e-020	7.02584e-021	6.0361e-020	3.81e-019	1.1901e-018	1.94011e-018	
0	3.21101e-009	6.31037e-007	7.54898e-009	4.43176e-008	6.44256e-008	5.35769e-006	2.51491e-005	0.000438159	0.11077	0.857421	0.999839	0.995631	0.954627	0.820957	0.0161579	0.00566365	0.00261246	0.000202479	9.67672e-007	3.92011e-010	5.22443e-014	1.44526e-017	6.90224e-021	4.08013e-025	3.35707e-023	7.92419e-024	1.50174e-023	2.39074e-020	6.10315e-020	
0	0	1.30174e-011	7.82678e-008	5.91675e-009	6.15685e-010	1.84882e-009	1.28461e-009	1.99513e-008	1.12856e-006	0.00257637	9.8882e-005	0.00436844	0.0453734	0.179043	0.983842	0.994336	0.997388	0.999798	0.999999	1	1	1	1	1	1	1	1	1	1	


1	0.94755	0.999883	0.997153	0.991559	0.947484	0.853212	0.935642	0.904362	0.922542	0.206824	0.180261	0.00293399	1.84908e-006	1.23567e-007	1.04641e-010	2.53975e-011	4.7905e-012	4.91603e-013	8.18496e-015	1.77774e-015	3.78975e-017	3.02681e-017	6.14231e-018	5.81989e-020	1.21681e-021	1.87845e-021	2.76009e-023	5.2521e-022	3.28095e-023	
0	0.0524499	3.45336e-005	0.00171225	0.000264829	0.00042172	0.0494799	0.0521111	0.0937318	0.0773576	0.792983	0.816955	0.996703	0.804549	0.115773	0.00119327	2.00204e-006	1.5083e-008	3.74899e-011	5.50668e-013	6.41339e-016	1.12556e-018	9.97973e-021	1.17834e-021	2.22348e-022	9.33967e-024	1.38222e-025	6.42162e-024	3.7597e-026	2.17958e-023	
0	2.07193e-013	5.46407e-005	8.65947e-006	1.86354e-006	7.12709e-007	8.04801e-006	0.000307516	0.000807317	8.67289e-005	0.000191944	0.00277486	0.000340283	0.195424	0.882351	0.990589	0.999748	0.998862	0.99971	0.944085	0.969759	0.974547	0.00318082	2.23011e-005	9.5836e-009	3.38459e-012	2.84178e-014	3.37029e-017	5.59956e-019	8.87346e-022	
0	0	2.77679e-005	0.00112564	0.0081739	0.0520931	0.0973004	0.0119391	0.00109853	1.41567e-005	1.22256e-006	9.72097e-006	2.30047e-005	2.52066e-005	0.0018761	0.00821773	0.000250206	0.00113772	0.000289619	0.0559151	0.0302405	0.0254533	0.996819	0.999978	1	1	1	1	1	1	


1	0.760959	0.847103	0.0495322	0.0065277	0.000762481	0.000176713	0.000934029	0.00299822	0.27255	0.60023	0.929208	0.789957	0.0026483	0.00460538	0.000108874	0.000574418	0.00156833	7.70069e-005	5.02824e-008	5.29605e-010	1.60416e-012	4.96672e-013	3.0074e-014	1.22789e-016	5.86433e-018	5.49061e-018	6.11329e-020	1.58227e-018	1.66915e-019	
0	0.23904	0.00106175	0.00316019	1.70563e-006	4.06974e-007	4.23881e-006	1.56479e-005	0.000519988	0.00240478	0.145033	0.0639771	0.197858	0.990117	0.96464	0.944926	0.167457	0.0575719	0.00240961	1.51813e-005	6.46637e-008	2.49883e-009	5.15453e-013	9.24012e-016	5.89379e-019	1.91504e-021	2.50102e-021	9.38944e-022	5.45639e-023	5.97478e-021	
0	4.92558e-007	0.151815	0.305443	0.0579975	0.00495834	0.00357009	0.00204283	0.00231765	0.00390773	0.00014665	0.000390667	0.00031644	0.00408574	0.0291855	0.0475078	0.831735	0.935986	0.997287	0.998064	0.998081	0.976468	0.704216	0.238369	0.00982797	1.17765e-005	1.87606e-005	2.39803e-008	4.66798e-008	7.94662e-011	
0	0	2.00605e-005	0.641865	0.935473	0.994279	0.996249	0.997007	0.994164	0.721137	0.25459	0.0064242	0.0118694	0.00314924	0.00156904	0.00745742	0.000233485	0.00487392	0.000226662	0.00192038	0.00191846	0.0235317	0.295784	0.761631	0.990172	0.999988	0.999981	1	1	1	


1	0.642657	0.931959	0.445883	0.103774	0.0252744	0.013471	0.11779	0.524366	0.977414	0.887847	0.945895	0.62972	0.0121378	0.00399556	0.000190978	0.000138947	5.64628e-005	1.77621e-006	2.95857e-008	2.06302e-009	3.50977e-011	2.85681e-011	2.62923e-012	2.37851e-014	2.62018e-015	1.94853e-015	1.55538e-016	2.00371e-015	7.73886e-016	
0	0.33365	0.0483386	0.067423	0.00295425	0.00108315	0.00113503	0.00273225	0.00865709	0.0147774	0.110371	0.0530497	0.368677	0.899733	0.896042	0.694751	0.0341549	0.00135327	2.31759e-005	2.04488e-006	3.97882e-008	1.77786e-009	2.67076e-010	6.9928e-012	7.95156e-014	1.35008e-014	1.95729e-015	3.11849e-016	1.03426e-016	2.50826e-016	
0	0.0236933	0.0134467	0.0166871	0.000651608	4.49514e-005	0.000100894	0.000718968	0.00365266	0.0015765	0.00161936	0.00105324	0.00157667	0.0880872	0.0993419	0.294985	0.965399	0.997871	0.999747	0.976223	0.984353	0.955551	0.0559863	0.00173631	5.07687e-006	1.41782e-008	1.14167e-009	8.2707e-012	2.51461e-012	2.00937e-014	
0	0	0.00625541	0.470007	0.89262	0.973597	0.985293	0.878759	0.463324	0.00623253	0.000163129	2.50451e-006	2.6159e-005	4.14895e-005	0.000620463	0.010073	0.00030688	0.000719303	0.000227991	0.0237747	0.0156471	0.0444494	0.944014	0.998264	0.999995	1	1	1	1	1	


1	0.999957	0.998972	0.999972	0.997886	0.99872	0.433692	0.0265861	0.228064	0.574149	0.839501	0.737716	0.168463	0.000699253	2.24054e-005	5.90158e-007	2.65096e-005	7.99185e-005	0.0225122	0.0434177	0.95994	0.999079	0.998875	0.997297	0.996863	0.999262	0.999978	0.999586	0.99939	0.986356	
0	4.26397e-005	0.00102823	1.96271e-005	0.0021139	0.00127902	0.566306	0.973003	0.670146	0.189915	0.0280884	0.0681608	0.00422396	1.3291e-005	2.77421e-009	2.28101e-012	2.6615e-009	3.7368e-006	2.79686e-007	0.000389666	8.75744e-005	0.000509991	0.00108749	0.00269492	0.00311955	0.000537784	1.25323e-005	0.000400544	0.000608867	0.0133834	
0	3.27882e-026	4.20537e-008	8.21526e-006	2.07317e-008	5.21138e-007	2.189e-006	0.000411206	0.101785	0.234109	0.127401	0.143891	0.585275	0.675514	0.00352082	3.89073e-005	1.32252e-006	1.16255e-007	1.11699e-005	1.36107e-005	9.57722e-006	7.38164e-006	2.17383e-007	5.1401e-006	1.51119e-005	0.000143071	9.5712e-007	5.88461e-008	1.46813e-007	6.75638e-005	
0	0	5.29335e-027	1.04653e-010	8.47674e-008	9.59187e-009	1.06487e-008	5.57929e-010	3.92049e-006	0.00182674	0.00501017	0.0502321	0.242038	0.323774	0.996457	0.999961	0.999972	0.999916	0.977476	0.956179	0.0399629	0.000403224	3.71763e-005	2.59879e-006	2.36919e-006	5.69861e-005	8.27868e-006	1.32391e-005	8.67194e-007	0.000192871	


1	0.999926	0.999757	0.999979	0.9996	0.999831	0.860909	0.329251	0.572068	0.969198	0.980279	0.794272	0.542493	0.00716712	2.14957e-005	1.1829e-007	2.32046e-006	2.1975e-006	0.000150251	8.42456e-005	0.0263899	0.501325	0.953589	0.990407	0.991706	0.864754	0.973494	0.899751	0.997201	0.343453	
0	7.4429e-005	0.000242764	2.09487e-005	0.000399963	0.000169458	0.139091	0.670628	0.426108	0.0193668	0.0163928	0.201047	0.143387	0.00516369	2.49322e-008	2.33779e-011	7.05102e-011	4.34548e-009	4.82227e-010	5.57034e-007	2.07165e-007	6.13573e-005	6.69727e-005	0.00158691	0.00141881	0.00031065	3.27159e-005	0.00116843	3.36329e-005	0.011052	
0	5.91567e-010	6.04388e-009	4.01977e-007	2.15718e-009	1.58765e-008	1.85207e-007	0.00012145	0.00182073	0.0114275	0.00305085	0.000883006	0.241468	0.183196	4.34309e-006	9.32428e-010	6.5243e-013	1.2435e-014	3.26842e-011	3.77077e-012	1.86505e-009	4.21242e-009	3.33375e-009	6.35749e-008	2.75339e-006	9.70521e-006	2.11296e-008	3.14233e-008	6.56764e-008	3.92328e-007	
0	0	5.06433e-010	4.77657e-010	4.92065e-009	3.72637e-009	8.60657e-009	2.07862e-007	3.16731e-006	7.68608e-006	0.000277145	0.00379838	0.0726517	0.804473	0.999974	1	0.999998	0.999998	0.99985	0.999915	0.97361	0.498614	0.0463439	0.00800614	0.00687281	0.134925	0.0264734	0.0990807	0.00276504	0.645494	


1	0.99957	0.9994	0.999701	0.996834	0.999686	0.977572	0.338534	0.0583945	0.00428554	0.000674538	0.00027466	6.39498e-007	2.45298e-008	6.22616e-009	4.69609e-009	9.92358e-008	1.26117e-006	1.01693e-005	0.00194198	0.278274	0.914213	0.992205	0.999653	0.999446	0.999056	0.998742	0.998886	0.990782	0.980486	
0	0.000266619	0.000596661	0.000220827	0.00312559	0.00031233	0.0211843	0.660853	0.940471	0.849436	0.272841	0.215392	0.000580465	1.4731e-007	1.62621e-010	9.14846e-013	3.81847e-009	7.23624e-010	3.026e-008	1.39664e-007	0.000395475	0.000482999	0.00195709	0.000292876	0.000318823	0.000353201	0.00125304	0.000751946	0.00919995	0.00119809	
0	0.00016291	2.9987e-006	7.82755e-005	4.06265e-005	1.50653e-006	0.00124354	0.000568013	0.00112289	0.145903	0.519976	0.22562	0.444844	0.899933	0.00894783	0.000108466	1.28717e-006	6.39605e-008	2.2013e-009	8.62127e-008	5.37626e-008	3.49492e-006	1.08491e-005	6.04894e-006	0.000232444	0.000204377	1.39181e-006	0.000354472	1.58253e-005	0.0181801	
0	0	9.50364e-008	4.33489e-008	1.6375e-007	2.89825e-007	9.00748e-008	4.49163e-005	1.16154e-005	0.000375366	0.206508	0.558714	0.554574	0.100066	0.991052	0.999892	0.999999	0.999999	0.99999	0.998058	0.721331	0.0853003	0.00582723	4.80443e-005	2.3363e-006	0.000386392	3.07109e-006	7.9316e-006	2.57737e-006	0.000136235	


1	0.988879	0.99855	0.995593	0.996991	0.995905	0.996474	0.998179	0.998364	0.998406	0.996691	0.997731	0.978641	0.9726	0.948009	0.957578	0.994663	0.996808	0.998735	0.998292	0.99947	0.999025	0.998406	0.997692	0.994064	0.9658	0.996438	0.98869	0.986109	0.956593	
0	0.0111215	0.00051772	0.00348231	0.00105072	0.00140631	0.00233927	0.000604895	0.000614242	0.000847887	0.00285116	0.00201389	0.0213012	0.0271758	0.0519145	0.0413527	0.000364877	0.00291539	0.00120306	0.00165946	0.000224714	0.000570542	0.000749401	0.00083993	0.00459495	0.033939	0.000708548	0.00879358	0.000249327	0.0413647	
0	1.44573e-009	9.24592e-008	4.30087e-010	1.53703e-008	1.72628e-009	6.32457e-009	2.3825e-008	6.38076e-007	8.02024e-011	8.1359e-010	3.96008e-007	1.87666e-011	6.50942e-008	2.68102e-006	0.00026896	0.00166359	2.86139e-007	1.54898e-006	1.13008e-007	2.00804e-005	5.68098e-007	1.30621e-008	3.30034e-008	1.66784e-010	3.79213e-012	1.00174e-006	1.48959e-010	1.27205e-007	3.1013e-011	
0	0	0.000932255	0.00092439	0.0019584	0.00268886	0.00118709	0.00121648	0.00102065	0.00074563	0.000457553	0.000254851	5.7894e-005	0.000223915	7.41173e-005	0.000800802	0.00330807	0.000276734	6.02839e-005	4.81765e-005	0.000285137	0.000403849	0.000844536	0.00146792	0.00134129	0.000261302	0.0028524	0.00251611	0.0136416	0.00204264	


1	0.799835	0.730013	0.619077	0.395485	0.301691	0.409972	0.196735	0.0967191	0.0416949	0.0257426	0.0177002	0.0262433	0.0333075	0.0236216	0.00166386	3.9923e-006	2.52176e-007	1.22639e-008	5.16251e-009	8.71172e-010	3.78615e-010	1.09486e-010	2.13945e-011	1.07148e-011	2.0565e-011	5.61245e-012	2.32534e-011	1.67754e-012	6.27486e-012	
0	0.200165	0.16083	0.238053	0.0329365	0.343258	0.215249	0.0632123	0.0275653	0.21294	0.894872	0.625991	0.896368	0.647919	0.193276	0.0234565	4.56192e-006	9.22401e-007	2.13077e-007	4.76094e-008	2.88141e-008	8.05519e-009	1.48791e-009	4.89647e-011	2.02045e-012	8.93991e-011	4.74461e-012	5.69984e-011	2.96854e-012	2.04149e-012	
0	3.82352e-011	0.0264494	0.000622451	0.000880627	2.42783e-005	0.00270073	0.00265892	0.00415882	0.000584434	0.000406217	0.24291	0.0132401	0.246001	0.740791	0.943674	0.997401	0.955362	0.967135	0.675062	0.33555	0.0976055	0.000614257	2.05545e-005	4.2478e-008	6.7286e-011	1.09269e-011	1.2504e-013	1.02158e-012	2.67456e-014	
0	0	0.0827077	0.142248	0.570698	0.355027	0.372078	0.737394	0.871557	0.744781	0.0789788	0.113399	0.064149	0.0727725	0.0423111	0.0312059	0.00259044	0.0446372	0.0328643	0.324938	0.66445	0.902394	0.999386	0.999979	1	1	1	1	1	1	


1	0.901008	0.502924	0.130635	0.00921705	0.00847588	0.000980368	0.00038242	0.000309593	0.000433034	0.003551	0.00396142	0.00018365	9.66686e-006	4.2465e-007	5.13279e-008	7.16358e-009	1.15072e-008	1.51245e-008	1.90453e-008	1.69901e-008	1.27468e-008	1.09391e-008	5.00966e-009	1.00524e-009	5.32983e-009	7.28189e-009	1.81335e-008	4.16158e-009	1.95842e-009	
0	0.0966907	0.493169	0.866737	0.984143	0.990927	0.995142	0.993163	0.99436	0.937583	0.908665	0.0638606	0.000398117	2.36413e-006	7.2091e-010	2.03287e-010	4.48976e-010	3.07087e-010	9.39201e-010	5.93088e-009	2.95768e-008	9.78506e-008	2.15795e-007	4.91947e-007	1.85503e-007	1.32488e-007	1.27148e-007	1.28893e-007	1.19557e-007	2.49022e-009	
0	0.00230165	0.00342978	0.0014912	0.00582624	0.000115081	0.0036888	0.00624799	0.00434834	0.0603669	0.0666622	0.906981	0.984412	0.973044	0.979933	0.925165	0.532412	0.0851582	0.00233433	7.45982e-005	9.54773e-008	1.04372e-009	2.97391e-010	3.2976e-009	4.26632e-009	7.52885e-009	3.50714e-010	6.01128e-010	1.42059e-008	1.26224e-006	
0	0	0.000477063	0.00113724	0.000813482	0.000481675	0.000189002	0.000206791	0.000981734	0.00161687	0.0211218	0.0251972	0.0150067	0.0269437	0.0200662	0.0748354	0.467588	0.914842	0.997666	0.999925	1	1	1	0.999999	1	1	1	1	1	0.999999	


1	0.763834	0.84734	0.363156	0.671374	0.235482	0.136629	0.0931109	0.0328089	0.0883541	0.0739447	0.313453	0.515782	0.212383	0.156575	0.0470983	0.259856	0.552264	0.577434	0.216934	0.0532601	0.00227639	0.00104011	0.000445691	8.70987e-005	5.67379e-005	2.5317e-005	5.70687e-006	7.29167e-005	2.63887e-005	
0	0.21336	0.117232	0.482759	0.260405	0.594818	0.622004	0.643551	0.657849	0.536273	0.517028	0.284922	0.131306	0.165201	0.0744577	0.0459364	0.180104	0.196625	0.1685	0.423952	0.804788	0.893934	0.866614	0.875777	0.822665	0.394156	0.328613	0.271543	0.245177	0.0341102	
0	0.0228062	0.0282571	0.106486	0.0205567	0.0829532	0.16599	0.25918	0.307517	0.364547	0.394071	0.373991	0.155759	0.358553	0.0957226	0.0222051	0.0278715	0.051484	0.0255443	0.0897016	0.0902168	0.0842529	0.0732702	0.0691042	0.081821	0.0248637	0.0283807	0.00883665	0.0138908	0.00230417	
0	0	0.00717044	0.0475983	0.0476639	0.0867476	0.0753775	0.00415836	0.00182531	0.0108255	0.0149564	0.0276337	0.197152	0.263863	0.673245	0.88476	0.532168	0.199627	0.228522	0.269413	0.0517349	0.0195368	0.0590761	0.0546727	0.0954272	0.580923	0.642981	0.719614	0.740859	0.963559	


1	0.998708	0.999994	0.999879	0.999769	0.999938	0.996959	0.984525	0.994722	0.895416	0.354489	0.296573	0.00188887	3.29343e-006	5.55926e-009	2.17931e-011	5.01564e-012	3.2041e-013	3.38554e-015	3.19109e-016	4.44135e-015	2.80942e-015	7.83606e-014	6.58889e-013	1.2345e-012	2.6337e-014	1.49725e-013	8.01608e-015	3.65906e-014	4.40043e-016	
0	0.0012755	3.96264e-006	0.000119718	0.0002305	6.02813e-005	0.00304006	0.0154204	0.00482933	0.10074	0.526032	0.0563624	0.0494083	3.8966e-005	4.03674e-009	2.14668e-013	2.77114e-016	2.06989e-017	5.67455e-019	1.2371e-020	2.71094e-020	2.04371e-019	6.50628e-018	1.4608e-017	4.19559e-016	9.6253e-016	1.59227e-018	3.3299e-016	1.64316e-018	3.11404e-017	
0	1.60068e-005	2.29371e-007	3.57665e-007	2.31164e-008	7.93228e-008	3.66521e-007	2.64783e-005	0.000263941	0.00176793	0.0714222	0.312507	0.186095	0.953482	0.986909	0.995467	0.995724	0.998551	0.998717	0.996882	0.956901	0.979406	0.0384487	0.00251512	6.64998e-005	2.59615e-007	4.99384e-009	6.05957e-011	1.51462e-012	4.22841e-014	
0	0	2.29723e-006	8.76144e-007	8.29214e-007	1.58013e-006	7.80344e-007	2.78394e-005	0.000184845	0.00207655	0.0480569	0.334557	0.762608	0.0464762	0.013091	0.00453309	0.00427616	0.00144931	0.00128316	0.0031176	0.0430988	0.020594	0.961551	0.997485	0.999934	1	1	1	1	1	


1	0.999979	0.999889	0.999941	0.999767	0.999049	0.999683	0.993986	0.993667	0.511813	0.00839565	0.000445197	2.21648e-005	3.77076e-006	1.13323e-008	2.98512e-011	6.09805e-013	2.6961e-014	1.37367e-016	3.10106e-017	7.91746e-018	1.09668e-018	6.7823e-018	1.7188e-016	1.18207e-015	1.67171e-015	3.12079e-014	2.75323e-014	1.10423e-012	9.12825e-012	
0	2.12833e-005	0.000110554	5.85065e-005	0.000233137	0.000950724	0.000316506	0.00593918	0.00436646	0.000419013	7.42097e-006	7.59949e-007	3.32584e-009	7.56189e-010	3.60469e-013	2.73151e-015	3.9074e-016	4.66456e-018	1.06621e-020	3.77316e-021	6.55718e-021	2.96178e-022	1.47757e-021	3.47373e-020	2.7069e-019	1.85102e-019	1.9661e-017	2.32615e-018	1.43711e-016	7.79728e-017	
0	5.61353e-011	5.03252e-010	2.79147e-010	6.01949e-010	6.29222e-009	8.90284e-007	7.46169e-005	0.00196	0.48759	0.986418	0.997274	0.974309	0.0114047	1.27199e-006	1.29886e-012	4.57543e-016	7.1211e-019	1.81797e-021	3.34628e-025	6.13615e-026	2.26742e-026	7.12224e-026	1.34056e-025	3.04365e-025	5.90447e-022	5.20682e-022	9.11626e-021	1.16837e-019	5.88285e-019	
0	0	7.24782e-014	1.84174e-011	1.93071e-012	1.42961e-011	9.78709e-011	4.30418e-008	6.50911e-006	0.000177321	0.00517891	0.00227955	0.0256691	0.988591	0.999999	1	1	1	1	1	1	1	1	1	1	1	1	1	1	1	


1	0.967913	0.999899	0.998057	0.999034	0.999622	0.994221	0.988295	0.984723	0.903716	0.816625	0.984579	0.574224	0.11549	0.00346495	1.77747e-005	9.19027e-007	4.99672e-008	6.36829e-010	4.55703e-011	2.82935e-011	5.48206e-012	1.33093e-010	1.9642e-009	1.89378e-008	1.26458e-007	1.625e-006	8.59422e-006	0.000674572	0.00468348	
0	0.0295742	7.86264e-005	0.000399139	5.64473e-005	3.17297e-005	9.93807e-005	3.59722e-005	7.87419e-005	0.000266294	0.0023146	0.00379627	0.134477	0.598618	0.195519	0.00189294	5.35309e-008	3.94437e-010	1.62034e-012	1.39163e-013	2.07948e-016	7.22331e-016	1.88825e-015	1.80558e-013	1.00903e-011	6.4031e-009	3.8503e-010	2.65376e-008	7.31755e-009	0.00127144	
0	0.00251305	1.65254e-005	0.00154288	0.000906242	0.000343966	0.00567708	0.0116217	0.0149144	0.0956811	0.177693	0.0076003	0.288815	0.00812617	7.10395e-005	2.0993e-006	5.06822e-008	3.66998e-011	1.46582e-012	2.81407e-014	1.05227e-014	2.72862e-015	1.12839e-013	1.36687e-013	5.1111e-011	1.7479e-009	1.46417e-010	1.32941e-007	2.81746e-008	2.86454e-005	
0	0	5.89651e-006	1.20349e-006	3.24945e-006	2.61465e-006	2.16085e-006	4.74481e-005	0.000284149	0.000336783	0.00336692	0.00402493	0.00248375	0.277765	0.800945	0.998087	0.999999	1	1	1	1	1	1	1	1	1	0.999998	0.999991	0.999325	0.994016	


1	0.927765	0.547788	0.765626	0.869434	0.7285	0.489162	0.129556	0.00189199	0.000481266	0.00454341	0.0019347	0.194482	0.0112328	0.00105925	7.49089e-006	8.50331e-008	5.17748e-009	9.6636e-011	2.304e-012	1.56867e-014	1.90496e-016	3.57918e-017	1.59664e-017	8.87225e-018	1.22554e-016	2.9814e-017	1.12206e-016	1.28248e-016	3.12592e-015	
0	0.0721583	0.23901	0.0798747	0.0204076	0.0876461	0.0188264	0.00211477	0.000105562	4.41908e-006	6.75318e-006	2.397e-005	2.65417e-005	0.000115955	0.00147991	0.000769531	0.00145408	0.0049341	0.0034537	0.000145269	0.000129047	1.24903e-005	2.79846e-006	3.36752e-007	4.5681e-009	2.99056e-009	1.312e-009	2.3708e-010	1.61866e-010	1.52888e-011	
0	7.70305e-005	0.213187	0.0186209	0.0258234	0.0199144	0.0243062	0.741928	0.990884	0.989025	0.84192	0.970208	0.0971721	4.16572e-005	1.61148e-008	2.90731e-008	3.67706e-005	2.92097e-005	3.04894e-005	1.94237e-005	5.19924e-005	5.96552e-006	3.97001e-006	4.99458e-006	6.04516e-008	2.4808e-009	1.14894e-008	3.59966e-010	3.41016e-009	9.3643e-012	
0	0	1.4502e-005	0.135878	0.0843347	0.163939	0.467705	0.126401	0.00711867	0.0104897	0.15353	0.0278329	0.708319	0.98861	0.997461	0.999223	0.998509	0.995037	0.996516	0.999835	0.999819	0.999982	0.999993	0.999995	1	1	1	1	1	1	


