E:\Google Drive\Progetti\MSR Action3D\Real\a06_s03_e01_skeleton3D.txt
6
TRUE
-1110.51
-1094.39
-1060.12
-1097.13
-1054
-1048.93
-1070.44
-1108.73
-1096.42
-1125.24
-1136.41
-1140.79
-1154.92
-1134.1
-1143.09
-1118.43
-1055.06
-1080.56
-1120.66
-1103.6

43
20
1	0.997112	0.984095	0.971855	0.98471	0.98482	0.968235	0.980533	0.981885	0.964021	0.979289	0.989361	0.997962	0.997465	0.997569	0.988882	0.7582	0.278041	0.0325492	0.018476	0.0116232	0.00911997	0.00320624	6.1489e-005	1.97922e-006	8.6512e-009	8.12065e-010	1.04365e-010	3.8781e-012	1.42921e-013	2.1652e-015	9.60064e-016	2.69322e-016	1.56381e-017	1.41602e-019	2.82314e-021	5.18653e-023	1.69986e-024	7.69217e-026	5.80348e-026	5.58977e-026	1.94531e-025	1.68199e-024	1.78083e-022	
0	0.0026368	0.00520504	0.0235759	0.0131204	0.0127166	0.00443536	0.00926832	0.0103347	0.0351374	0.0110453	0.00619638	0.00156421	0.00174035	0.000973348	0.00199477	0.00231114	0.00110784	0.000143151	0.000158763	0.000165986	9.34794e-005	5.49928e-005	7.46747e-007	1.47171e-008	3.06255e-010	8.24891e-011	4.576e-012	9.01606e-014	1.91459e-015	8.49337e-017	5.60567e-018	6.7006e-019	1.47792e-019	1.75738e-021	3.05171e-023	6.19055e-025	1.58088e-026	4.2765e-028	8.00834e-028	9.65397e-028	1.02147e-027	3.33369e-026	7.20329e-025	
0	0.000251541	0.0106963	0.00294868	0.00142201	0.00238496	0.0273248	0.00974929	0.0067361	0.000452057	0.00965492	0.00166706	0.000331072	0.000555218	0.0014518	0.00910411	0.238582	0.693182	0.95566	0.812087	0.797635	0.89694	0.974166	0.997432	0.982708	0.996452	0.493162	0.323714	0.0146155	0.0010347	5.91076e-006	2.57573e-005	5.95558e-006	3.06196e-006	4.33017e-008	2.67068e-010	1.59223e-012	1.70078e-014	4.00121e-016	2.16483e-018	1.04385e-020	2.30951e-022	1.22096e-022	1.07462e-021	
0	0	3.9242e-006	0.00162019	0.000747567	7.83831e-005	4.51879e-006	0.000448936	0.00104404	0.000389391	1.09791e-005	0.00277518	0.000143205	0.000238945	6.22317e-006	1.92024e-005	0.000907653	0.0276691	0.0116477	0.169278	0.190576	0.0938465	0.0225729	0.00250611	0.0172902	0.00354775	0.506838	0.676286	0.985385	0.998965	0.999994	0.999974	0.999994	0.999997	1	1	1	1	1	1	1	1	1	1	


1	0.948986	0.746385	0.553508	0.524422	0.303044	0.106843	0.126462	0.798829	0.2288	0.0965187	0.605763	0.517244	0.921086	0.415851	0.275227	0.0258513	0.00412949	0.000305608	2.61857e-005	1.04033e-005	6.64069e-007	1.98696e-008	1.00639e-010	1.15567e-011	8.44321e-013	3.43911e-014	2.67371e-016	9.06814e-019	8.15395e-021	8.7908e-023	1.26454e-024	1.28207e-026	1.08179e-028	3.98143e-031	1.64821e-033	4.42549e-035	5.03661e-036	4.45829e-037	2.69635e-038	6.96249e-040	6.6982e-041	1.67251e-041	1.62881e-040	
0	0.0510123	0.253451	0.444835	0.471903	0.676153	0.892683	0.860499	0.198768	0.761681	0.900733	0.346697	0.46655	0.0505302	0.576449	0.715771	0.962714	0.953481	0.981927	0.973813	0.965698	0.995473	0.986102	0.997552	0.933473	0.897978	0.350823	0.0603688	0.0013892	4.50247e-005	8.35719e-008	1.98026e-008	1.22375e-009	1.20231e-010	9.09311e-013	1.03158e-014	2.83018e-016	1.36164e-017	2.40901e-018	2.62759e-020	9.81591e-023	1.05951e-023	2.81097e-024	8.21791e-023	
0	1.74441e-006	0.000144944	0.00125929	0.00209429	0.00471625	0.000143172	0.0122517	0.00171182	0.00162995	0.000740387	0.0263357	0.00476302	0.00684811	0.000815096	0.00107799	0.00968834	0.0404487	0.017417	0.0255029	0.0328323	0.00411683	0.0138869	0.00240532	0.0664393	0.101972	0.647981	0.938451	0.997067	0.997838	0.99912	0.999362	0.999872	0.999727	0.999193	0.998907	0.950622	0.977987	0.555741	0.00200649	1.92254e-006	1.66554e-008	2.109e-010	7.38259e-011	
0	0	1.9335e-005	0.000397926	0.00158084	0.0160869	0.000330886	0.000787426	0.000691123	0.0078893	0.0020079	0.0212048	0.0114437	0.021536	0.00688542	0.00792374	0.00174589	0.00194059	0.000350013	0.00065796	0.00145943	0.000409265	1.10337e-005	4.27337e-005	8.75434e-005	4.99249e-005	0.00119608	0.00117988	0.00154408	0.00211691	0.000879842	0.000638091	0.000128102	0.000272809	0.00080735	0.00109312	0.0493779	0.0220134	0.444259	0.997994	0.999998	1	1	1	


1	0.999445	0.999807	0.982761	0.962213	0.998863	0.982374	0.99957	0.946049	0.951909	0.998011	0.993366	0.998485	0.985919	0.99908	0.999321	0.999747	0.999678	0.966423	0.953095	0.430976	0.037111	0.0198567	0.000336099	2.24774e-005	3.58012e-007	2.47831e-010	2.7353e-012	2.61098e-015	2.06958e-018	5.83842e-022	1.0952e-024	8.23434e-028	2.38747e-030	1.42295e-033	1.76794e-036	2.71911e-037	9.09722e-038	1.04213e-038	6.01207e-040	6.44917e-041	7.17064e-042	2.90278e-042	2.18242e-041	
0	0.000554945	0.000186104	0.0171824	0.0366922	0.000202144	0.0173362	0.000334813	0.0534214	0.0464826	0.00137967	0.00100687	3.34699e-005	0.00178854	4.79791e-005	2.10809e-005	0.000111999	0.000300991	0.0335736	0.0467866	0.568688	0.962309	0.958257	0.999475	0.974842	0.979106	0.96489	0.230066	0.00867434	0.000506668	1.29952e-006	6.45187e-010	8.10262e-013	2.56588e-015	1.49233e-017	1.34645e-019	7.38494e-021	6.46251e-022	1.99067e-023	1.25357e-026	1.33701e-029	5.71479e-031	7.70364e-031	1.70147e-030	
0	1.78218e-011	1.43365e-006	2.85787e-007	8.08912e-005	0.000162858	1.49352e-006	3.2957e-005	4.83486e-006	4.45975e-005	9.67379e-005	1.58803e-005	9.49832e-006	2.9185e-006	6.09919e-006	5.69228e-008	1.16431e-008	1.25944e-007	9.63061e-008	7.75797e-006	7.35026e-005	0.000103782	0.0213238	0.000139607	0.0249733	0.0208473	0.0350842	0.769848	0.991269	0.999406	0.999807	0.999958	0.999952	0.999872	0.999199	0.998883	0.873194	0.368974	0.00105381	9.21916e-007	1.73581e-009	6.86571e-012	9.56691e-014	2.13043e-014	
0	0	5.10479e-006	5.67104e-005	0.00101391	0.000772253	0.000288377	6.20798e-005	0.00052512	0.00156369	0.000512416	0.00561148	0.00147207	0.0122899	0.000865952	0.000657873	0.000140723	2.09991e-005	2.86731e-006	0.000110354	0.000262722	0.000475752	0.000562198	4.89225e-005	0.000161793	4.65037e-005	2.60126e-005	8.56603e-005	5.69592e-005	8.78044e-005	0.000191957	4.2483e-005	4.7544e-005	0.000128225	0.000801096	0.00111743	0.126806	0.631026	0.998946	0.999999	1	1	1	1	


1	0.988977	0.940643	0.971619	0.994776	0.915973	0.910264	0.913548	0.973737	0.988743	0.979876	0.991751	0.973704	0.98049	0.951496	0.739142	0.0765733	0.00356128	0.000117243	6.98984e-006	8.55793e-007	2.44215e-007	4.66576e-009	1.18677e-009	2.78339e-010	3.70376e-012	4.84857e-014	1.41125e-015	7.34311e-017	6.41688e-018	2.30943e-020	3.90876e-021	3.87675e-022	5.10504e-024	9.28467e-026	2.93024e-027	7.39921e-029	9.79265e-030	9.42466e-031	2.55954e-031	5.25333e-032	1.24698e-032	1.50938e-032	1.78338e-031	
0	0.0110229	0.0593453	0.0275221	0.00494656	0.0839769	0.0895754	0.085074	0.024426	0.0102637	0.0200785	0.00813154	0.0262875	0.0193605	0.0485	0.260829	0.915984	0.994887	0.996184	0.969772	0.906508	0.884119	0.978021	0.936641	0.523974	0.45491	0.0222964	0.0170906	0.00163531	0.000315648	1.27131e-005	0.000509272	0.00062503	0.00104157	0.000185485	5.0101e-005	5.07722e-006	4.96365e-006	2.3811e-007	3.13781e-009	3.25358e-011	3.52029e-013	2.67845e-014	3.68215e-014	
0	5.41913e-010	1.1257e-005	0.000856049	0.000149085	2.6568e-006	0.000159569	0.0013776	0.00112186	0.000663234	8.81446e-006	5.68627e-005	3.58416e-006	0.000131176	3.23669e-006	2.84082e-005	0.00744078	0.00142433	0.00368712	0.0301057	0.0892105	0.11046	0.0219091	0.0631023	0.473457	0.544743	0.965099	0.970838	0.960204	0.941681	0.983824	0.970732	0.987199	0.989578	0.927975	0.830915	0.764855	0.517185	0.0327341	0.000125372	5.93006e-007	1.82249e-009	8.59019e-011	1.72434e-011	
0	0	6.56287e-009	2.75848e-006	0.000127883	4.71402e-005	1.33925e-006	7.10458e-007	0.000715228	0.000329736	3.63942e-005	6.08756e-005	5.31436e-006	1.82072e-005	8.77995e-007	2.98277e-007	1.54385e-006	0.000126992	1.14629e-005	0.000115241	0.00428037	0.0054204	6.98899e-005	0.000256854	0.00256818	0.000346986	0.0126045	0.0120713	0.0381611	0.0580038	0.0161628	0.0287592	0.0121764	0.00938074	0.0718398	0.169035	0.23514	0.48281	0.967266	0.999875	0.999999	1	1	1	


1	0.999906	0.997274	0.995842	0.974722	0.994173	0.450896	0.959635	0.970927	0.989552	0.817753	0.999339	0.997839	0.999757	0.98973	0.969149	0.797784	0.273018	0.00793035	0.000594891	2.94398e-005	3.78006e-006	8.40778e-008	5.84753e-010	2.84889e-011	7.51235e-014	4.63576e-017	1.6908e-019	2.30161e-023	1.16387e-026	1.11327e-030	7.96481e-033	3.21945e-035	6.09016e-039	6.39115e-043	3.48073e-046	9.16672e-048	1.96547e-048	6.25718e-049	2.09046e-049	7.16717e-050	1.24641e-050	2.75776e-051	1.82933e-050	
0	9.42822e-005	0.00272567	0.00415437	0.0252755	0.00582514	0.549104	0.0397555	0.0281666	0.00949854	0.1822	0.000317068	0.00215295	0.000206333	0.010269	0.0308508	0.202187	0.726698	0.99203	0.999171	0.999206	0.998947	0.997823	0.999373	0.755632	0.914413	0.00524301	0.000314431	1.89447e-008	1.84211e-011	2.98605e-016	1.79047e-017	2.20491e-019	4.67912e-022	1.17842e-026	8.19633e-031	4.82972e-034	7.13444e-036	4.648e-038	1.19874e-040	4.32456e-043	4.39281e-045	2.92169e-046	6.6302e-045	
0	6.54374e-021	3.95145e-009	3.67292e-006	2.3202e-006	1.59726e-006	3.11389e-008	0.000609986	0.000381087	1.24859e-005	1.78924e-007	0.000275696	1.01627e-007	2.08326e-005	4.57365e-009	7.0648e-008	2.8145e-005	0.000282855	3.8858e-005	0.000233077	0.000755161	0.000931014	0.002167	0.000621441	0.244363	0.0854172	0.994521	0.995606	0.999841	0.999015	0.999769	0.996111	0.999648	0.999835	0.99974	0.999113	0.969813	0.839539	0.0423652	1.01466e-005	4.62508e-009	1.27026e-012	1.38063e-015	1.09076e-017	
0	0	6.24317e-020	4.98754e-009	2.76568e-007	1.95186e-007	5.4545e-008	1.86105e-008	0.000525757	0.000936637	4.66924e-005	6.83419e-005	7.59301e-006	1.59068e-005	1.06928e-006	2.92508e-007	1.57309e-007	9.82762e-007	1.2105e-006	9.19641e-007	9.31013e-006	0.000118309	9.96767e-006	5.08683e-006	4.42277e-006	0.000169722	0.000236202	0.00407933	0.000158562	0.000984548	0.000231217	0.00388926	0.000352465	0.000164747	0.000259848	0.000886633	0.0301865	0.160461	0.957635	0.99999	1	1	1	1	


1	0.998974	0.999408	0.996269	0.995113	0.973746	0.998312	0.999296	0.991704	0.998955	0.977502	0.99925	0.99969	0.998285	0.999189	0.815057	0.0970995	0.000393246	2.50849e-007	4.40906e-010	1.87384e-012	6.18678e-014	1.42759e-015	1.9753e-018	7.56015e-021	1.17138e-023	2.33135e-027	1.17963e-029	1.1224e-031	4.95366e-034	5.83016e-037	4.27948e-038	1.58192e-039	1.18686e-041	5.9707e-045	1.20653e-047	1.29852e-049	1.33491e-050	2.45174e-051	2.39375e-051	2.17472e-051	1.36455e-051	1.16067e-051	1.74488e-050	
0	0.00102589	0.000591204	0.00373029	0.00488266	0.0262481	0.00143299	0.00069369	0.00829213	0.000684016	0.0224957	0.000748607	0.000309958	0.00171515	0.000811253	0.184943	0.902896	0.999603	0.999979	0.999956	0.969601	0.00220246	6.83741e-006	1.77491e-009	2.84468e-012	1.21756e-014	1.03885e-019	4.46926e-022	1.56063e-025	3.01926e-029	5.40864e-033	1.9601e-033	4.21176e-036	5.9093e-037	2.17667e-040	5.52311e-044	3.5674e-046	4.68375e-047	1.29382e-048	4.37718e-050	2.84011e-051	8.69637e-053	4.68327e-054	9.37132e-053	
0	3.97382e-010	7.98332e-007	3.71839e-007	4.58656e-006	5.57628e-006	0.000255246	8.69455e-006	2.20141e-007	0.000358155	8.30784e-007	3.93428e-007	1.21757e-009	1.99186e-008	3.26421e-008	5.07833e-009	4.6998e-006	3.35931e-006	2.04551e-005	4.36904e-005	0.0303982	0.9977	0.997435	0.999862	0.996838	0.998813	0.991107	0.971872	0.787257	0.723077	0.0177345	0.00204225	4.06636e-005	2.86472e-007	7.58782e-010	2.31147e-012	4.47987e-015	1.50053e-018	2.26455e-020	5.23413e-023	1.15446e-025	1.66091e-027	6.80004e-027	7.55092e-027	
0	0	1.70661e-012	5.79828e-008	1.48684e-007	6.89267e-008	1.45072e-008	1.86641e-006	3.23502e-006	2.53409e-006	1.48209e-006	7.3927e-007	1.30848e-008	3.71483e-008	2.83885e-010	1.82312e-010	2.12426e-011	1.03266e-009	8.62581e-011	5.92057e-009	3.10615e-007	9.71393e-005	0.00255783	0.000137964	0.00316236	0.00118738	0.00889256	0.0281285	0.212743	0.276923	0.982266	0.997958	0.999959	1	1	1	1	1	1	1	1	1	1	1	


1	0.999501	0.998313	0.983178	0.958931	0.999667	0.998426	0.998673	0.940033	0.998363	0.998869	0.958144	0.999756	0.98919	0.999448	0.999124	0.992791	0.968311	0.915917	0.857293	0.704019	0.896099	0.991843	0.296283	0.00274285	7.06684e-006	4.79271e-009	4.54036e-012	8.50232e-016	4.04091e-019	1.92635e-023	8.62358e-026	1.09388e-028	1.02549e-031	7.65152e-036	1.56638e-039	1.45422e-041	3.48422e-043	2.81139e-045	4.11863e-047	5.39966e-049	3.58844e-049	4.95527e-049	1.14607e-046	
0	0.000499124	0.00168364	0.0167843	0.0408708	9.26257e-005	0.00157178	0.00132163	0.0599486	0.00155282	0.00112622	0.0411553	2.45524e-005	0.003665	1.41293e-005	0.000129962	0.00541733	0.0292524	0.0835113	0.140477	0.294106	0.101792	0.00551665	0.703275	0.982981	0.931086	0.344824	0.00500963	1.39206e-005	1.03178e-007	1.85062e-010	1.3595e-013	1.92371e-016	1.52542e-018	1.12609e-020	3.46886e-023	1.67593e-024	7.42117e-026	3.0394e-027	2.41849e-030	1.38246e-033	2.42965e-035	6.57541e-036	8.05777e-036	
0	4.78601e-015	1.58852e-006	7.44051e-006	3.52354e-005	3.7581e-005	2.17267e-008	2.13454e-006	4.16428e-006	4.20908e-005	2.11009e-007	5.72329e-005	2.29442e-005	3.32335e-006	1.10606e-006	4.99137e-009	4.3172e-007	0.000106926	0.000342001	0.00204237	0.00177914	0.00202614	0.00263761	0.000433101	0.0142691	0.068906	0.655156	0.994973	0.999935	0.999929	0.999553	0.999923	0.999947	0.999922	0.999293	0.999176	0.663038	0.540945	0.00775573	3.96209e-006	1.90901e-009	1.35378e-011	1.73421e-013	1.86506e-014	
0	0	1.45682e-006	3.06797e-005	0.000162437	0.000202733	2.2342e-006	3.64177e-006	1.40886e-005	4.16508e-005	4.58417e-006	0.000643648	0.00019617	0.00714195	0.000536902	0.000745556	0.00179089	0.00232958	0.000229966	0.000187984	9.5648e-005	8.31061e-005	2.96308e-006	8.36114e-006	6.85366e-006	4.91072e-007	2.04416e-005	1.7486e-005	5.07328e-005	7.05548e-005	0.000447246	7.66315e-005	5.34764e-005	7.80171e-005	0.000706807	0.00082374	0.336962	0.459055	0.992244	0.999996	1	1	1	1	


1	0.988584	0.994491	0.985673	0.964292	0.97284	0.999798	0.995591	0.959634	0.998203	0.999826	0.774323	0.898685	0.0206882	0.0983875	0.101911	0.015089	0.00503149	0.00937749	0.00309667	0.0106656	0.0890209	0.723844	0.915153	0.131954	0.000602807	1.16758e-006	3.51232e-008	1.65372e-010	3.05936e-012	9.03225e-016	1.85489e-017	5.75036e-020	2.50354e-022	4.45386e-026	9.5037e-030	2.25504e-033	9.6632e-037	3.13286e-039	7.75795e-041	2.90918e-042	1.93005e-042	7.6255e-042	2.45475e-039	
0	0.0114122	0.00354511	0.00577238	0.00340643	0.000285515	0.000101983	0.0041132	0.0379958	0.000165353	0.000129379	0.180461	0.000226263	0.00193683	1.63856e-005	1.03787e-005	7.07897e-005	0.000142659	0.00182778	0.000908437	0.00191652	0.000744353	0.0027566	0.049613	0.819624	0.99804	0.99848	0.986696	0.988589	0.982458	0.736777	0.045553	0.00450428	0.00218537	0.000730789	0.000105499	2.65497e-007	1.98412e-009	1.91409e-011	1.83119e-015	1.79068e-019	4.36361e-022	5.55061e-023	3.37373e-023	
0	4.22714e-006	0.00196002	0.000940604	0.000133397	0.000100129	6.03865e-007	4.88832e-005	0.000234726	6.30766e-005	1.91019e-006	0.000212395	0.0440263	0.0233971	0.0608942	0.0624846	0.382353	0.441305	0.30144	0.0339531	0.00966195	0.0111248	0.198708	0.0324729	0.0466729	0.00135404	0.00151729	0.013301	0.0113252	0.0174601	0.262861	0.954358	0.994837	0.996711	0.987863	0.990453	0.925861	0.886598	0.124019	0.000205286	3.12925e-007	9.93334e-010	1.35521e-011	1.334e-011	
0	0	3.58456e-006	0.00761378	0.0321683	0.026774	9.9152e-005	0.000246863	0.00213509	0.00156863	4.28283e-005	0.0450034	0.0570622	0.953978	0.840702	0.835594	0.602487	0.553521	0.687355	0.962042	0.977756	0.89911	0.0746915	0.00276152	0.00174943	3.39382e-006	2.00218e-006	3.01025e-006	8.56682e-005	8.18704e-005	0.000362833	8.92184e-005	0.000659054	0.00110379	0.0114058	0.00944123	0.0741386	0.113402	0.875981	0.999795	1	1	1	1	


1	0.842477	0.925468	0.877234	0.898168	0.9573	0.997227	0.986027	0.920888	0.971444	0.997615	0.834224	0.982652	0.56055	0.910718	0.893918	0.677992	0.605749	0.916411	0.91773	0.832798	0.800065	0.874228	0.912659	0.482431	0.228194	0.00566123	0.000140946	1.36999e-006	2.68994e-008	1.53911e-011	1.70199e-013	4.25604e-016	1.03174e-018	4.27783e-022	4.38256e-025	4.72108e-027	4.14471e-029	2.71299e-031	1.17209e-032	5.15055e-034	5.51222e-034	3.2047e-033	1.03551e-030	
0	0.148961	0.070537	0.107519	0.0804012	0.0203835	0.00261663	0.0117203	0.0769952	0.0276083	0.00212567	0.156759	0.0101696	0.127591	0.00692079	0.00595435	0.0471125	0.0380774	0.0180231	0.0372948	0.150889	0.196268	0.0722287	0.0706209	0.441471	0.242377	0.196391	0.0139285	0.00135834	0.000231264	2.8499e-005	5.72347e-007	8.60527e-009	1.78082e-010	1.5677e-011	2.28511e-012	7.04671e-013	3.05391e-014	5.81035e-015	1.88743e-016	6.61002e-018	4.12995e-018	1.09814e-017	1.06175e-016	
0	0.00856239	0.00201871	0.00198771	0.00155921	0.00117053	8.36365e-005	0.00216712	0.00140763	0.000446836	0.000246062	0.00612527	0.00386227	0.012441	0.00370561	0.000948118	0.00980979	0.018533	0.014966	0.0105208	0.00598606	0.00281039	0.0535126	0.0166745	0.0758613	0.529377	0.796913	0.985692	0.996951	0.997416	0.982478	0.999569	0.99971	0.999567	0.992862	0.989311	0.461702	0.228029	0.00270454	4.19022e-006	5.24927e-009	9.86327e-011	5.35021e-012	1.56581e-011	
0	0	0.00197655	0.0132589	0.0198714	0.0211464	7.2241e-005	8.576e-005	0.000709599	0.00050044	1.33849e-005	0.00289169	0.0033162	0.299418	0.0786561	0.0991794	0.265086	0.337641	0.0505997	0.0344547	0.0103272	0.000856958	3.05161e-005	4.55347e-005	0.000236446	5.30943e-005	0.00103433	0.000238992	0.00168913	0.00235271	0.0174931	0.000430222	0.000290459	0.000432741	0.00713813	0.0106893	0.538298	0.771971	0.997295	0.999996	1	1	1	1	


1	0.999962	0.996978	0.990673	0.9999	0.997546	0.998503	0.998645	0.999928	0.993977	0.999623	0.993574	0.999902	0.999965	0.997937	0.998643	0.841136	0.772336	0.171094	0.00359406	0.00109939	5.86443e-005	6.2588e-006	8.0077e-006	4.19474e-006	1.51308e-005	1.69281e-007	3.96702e-008	4.86757e-009	5.94194e-010	1.88949e-010	3.85057e-009	1.43424e-008	1.76678e-008	9.86435e-011	2.129e-012	1.67916e-013	2.649e-013	7.16912e-015	7.21198e-016	2.114e-017	3.71669e-018	1.35382e-019	6.22557e-018	
0	3.77228e-005	0.00302234	0.00931001	2.98614e-005	0.00243543	0.0014966	0.00132528	6.8212e-005	0.00599524	0.000376465	0.00642213	9.7293e-005	2.82564e-006	0.00206288	0.00135606	0.158862	0.227031	0.828743	0.986769	0.0113877	0.00011632	6.56045e-007	1.02155e-006	2.21196e-008	2.98328e-005	1.22328e-007	5.67696e-009	6.33522e-010	1.81083e-012	2.69403e-016	4.67729e-012	2.36611e-013	8.72783e-011	7.6951e-015	4.03083e-017	5.38535e-016	4.89251e-016	4.85965e-016	1.73355e-018	1.91991e-020	5.25626e-022	2.99142e-023	1.10532e-022	
0	2.46418e-026	6.74789e-008	1.73021e-005	6.92014e-005	2.80249e-006	1.15588e-007	2.984e-005	3.2648e-006	3.45007e-006	4.4586e-007	3.85408e-006	6.60052e-007	3.20483e-005	4.33905e-008	6.75499e-007	1.99166e-006	0.000632784	0.000163222	0.00963689	0.987378	0.982053	0.998457	0.642717	0.199753	0.093249	0.0417745	0.00221346	0.00435916	0.00436395	0.314199	0.823087	0.997267	0.998768	0.999748	0.998646	0.964262	0.995143	0.937191	0.0040916	4.06086e-006	3.49975e-008	4.64368e-010	3.68646e-011	
0	0	4.04123e-026	3.62731e-008	4.43961e-007	1.55066e-005	5.21458e-007	3.73768e-007	2.29777e-007	2.38774e-005	3.45425e-007	2.49621e-007	3.77126e-009	5.59719e-009	4.92473e-008	2.7939e-010	1.45074e-009	1.2226e-008	9.98688e-008	1.31572e-008	0.000134457	0.0177716	0.00153586	0.357274	0.800243	0.906706	0.958225	0.997786	0.995641	0.995636	0.685801	0.176913	0.00273283	0.00123224	0.000252342	0.00135436	0.035738	0.00485741	0.0628093	0.995908	0.999996	1	1	1	


1	0.999978	0.992287	0.995585	0.999964	0.99898	0.99972	0.995855	0.999958	0.994838	0.999976	0.991336	0.999997	0.999966	0.999965	0.999894	0.992338	0.978098	0.708723	0.012946	0.00637065	0.000796673	0.000641287	0.00102089	0.00012224	3.78013e-005	9.04813e-008	3.47478e-009	3.39815e-011	2.48732e-013	2.33121e-014	1.11435e-012	2.07922e-010	2.14391e-008	3.32798e-008	6.63454e-008	4.96123e-009	6.12357e-008	8.03874e-010	3.72949e-012	4.29122e-014	2.66158e-015	3.62371e-017	2.32957e-015	
0	2.16704e-005	0.00771256	0.00439273	3.02451e-005	0.00101817	0.000279905	0.00414306	3.9916e-005	0.00514548	2.43187e-005	0.00866317	3.15508e-006	3.35961e-005	3.48894e-005	0.000105929	0.00766178	0.0218983	0.291248	0.983702	0.457866	0.0514775	0.00266609	0.00239092	9.10364e-005	0.000755347	5.11544e-006	1.00323e-007	7.34901e-010	2.29437e-013	5.57229e-017	5.30678e-016	4.90018e-015	4.12158e-011	3.94966e-011	2.17859e-011	6.842e-011	8.58895e-011	1.14072e-010	2.05237e-014	5.63089e-017	1.0374e-018	9.35172e-020	3.10893e-020	
0	1.64351e-009	4.57904e-009	1.92657e-005	4.6063e-006	3.22688e-008	4.71241e-009	1.43174e-006	1.93993e-006	4.03425e-007	3.20949e-008	1.02343e-007	7.47731e-008	1.56178e-007	8.2471e-010	6.42706e-010	4.10754e-008	3.9927e-006	2.91502e-005	0.00335184	0.535676	0.936951	0.989591	0.178746	0.0109657	8.2801e-005	6.14428e-006	6.08156e-009	4.1663e-010	9.97384e-013	4.43644e-012	1.81465e-012	1.31901e-011	2.90846e-010	1.59047e-008	4.88779e-007	5.59701e-007	1.856e-006	3.81773e-007	8.32798e-012	5.28331e-016	1.14197e-019	1.3116e-022	1.73773e-022	
0	0	1.03937e-008	3.15294e-006	8.52526e-007	1.95896e-006	1.09967e-007	1.53084e-007	4.2886e-008	1.57221e-005	9.90974e-008	5.14908e-007	4.63685e-009	1.7312e-009	1.60749e-010	8.7737e-012	6.1954e-011	1.49806e-008	1.46602e-008	3.73355e-008	8.75144e-005	0.0107743	0.00710198	0.817842	0.988821	0.999124	0.999989	1	1	1	1	1	1	1	1	0.999999	0.999999	0.999998	1	1	1	1	1	1	


1	0.999756	0.999605	0.997708	0.991162	0.998938	0.956235	0.997852	0.989919	0.990415	0.993145	0.999883	0.999675	0.998474	0.998462	0.900617	0.712617	0.45674	0.00882777	4.26055e-005	2.36223e-007	2.84339e-008	3.11601e-009	2.62421e-009	2.92557e-010	7.18375e-010	2.53033e-011	2.17136e-011	1.00476e-011	8.72883e-013	1.59817e-013	4.25748e-013	2.19937e-012	8.90727e-013	1.4728e-013	6.47051e-014	2.08031e-013	1.30879e-012	1.46599e-012	2.05527e-012	2.23116e-012	1.41644e-013	7.94524e-015	3.30429e-015	
0	9.27951e-005	0.000393329	0.000627846	0.00404781	0.000911062	0.0437152	0.000903519	0.00723142	0.000911773	0.00631307	4.81866e-005	0.000321846	0.00113672	0.00153676	0.0993819	0.27861	0.542455	0.991045	0.999696	0.997918	0.911409	0.977733	0.339404	0.00204472	0.00843183	1.29447e-005	1.70457e-006	3.40767e-009	3.7533e-011	5.47263e-012	9.42745e-012	1.93026e-011	1.51466e-011	4.7375e-013	5.83051e-015	2.28622e-016	6.9398e-015	1.6089e-015	1.31089e-015	1.47759e-015	5.73074e-016	6.3597e-017	8.15942e-017	
0	0.000151259	1.45816e-006	0.00166362	0.00390699	1.1499e-005	6.78833e-006	0.00124374	0.00062029	0.00394893	7.47704e-005	5.01174e-005	3.3333e-006	0.000388907	9.17578e-007	1.39734e-006	0.00877275	0.000681777	0.000117661	0.000260012	0.00201687	0.085435	0.0167172	0.613781	0.975451	0.630429	0.393564	0.0342492	0.0098556	0.000262469	0.000483956	8.48384e-006	9.03477e-006	6.81688e-006	2.40258e-005	3.78529e-005	0.00116064	0.00368047	0.0147363	0.000210879	2.64222e-006	1.25952e-009	3.81028e-012	3.64889e-014	
0	0	1.44074e-007	4.48466e-007	0.000882715	0.000139343	4.26505e-005	2.61228e-007	0.00222947	0.00472422	0.000467124	1.87326e-005	1.46307e-007	4.31409e-007	3.15917e-007	1.68064e-008	2.07076e-008	0.000123761	9.40722e-006	1.00745e-006	6.46491e-005	0.00315625	0.00554975	0.0468145	0.0225041	0.361139	0.606423	0.965749	0.990144	0.999738	0.999516	0.999992	0.999991	0.999993	0.999976	0.999962	0.998839	0.99632	0.985264	0.999789	0.999997	1	1	1	


1	0.987566	0.998022	0.982987	0.994696	0.996849	0.994772	0.994774	0.990655	0.970556	0.987012	0.982042	0.982407	0.981925	0.979507	0.92824	0.830843	0.62629	0.588132	0.709599	0.75567	0.881941	0.926152	0.980143	0.988786	0.984819	0.964809	0.987517	0.596772	0.141663	0.378856	0.963617	0.957547	0.975675	0.980975	0.987387	0.980535	0.99577	0.97403	0.95969	0.938704	0.938843	0.978161	0.996368	
0	0.0124339	0.00132989	0.0168927	0.0028982	0.00149103	0.000276592	0.00119117	0.00527846	0.0291941	0.000306891	0.00744854	0.000869588	0.0057857	0.0004333	0.000226408	0.000160466	0.000232461	0.000363604	0.00365246	0.00282793	0.00395622	0.000387369	0.000951402	0.00123721	0.000707954	0.0346059	0.0123059	0.403219	0.857939	0.427594	0.0138682	0.000488586	0.000717357	0.00294694	0.00291457	0.0188084	0.00326812	0.0257904	0.0398606	0.0608077	0.060746	0.0209148	0.000450044	
0	1.96663e-010	8.91375e-007	1.45513e-012	4.90653e-009	2.23615e-009	1.94441e-007	8.25867e-010	2.0908e-010	1.95082e-011	2.40458e-008	3.8587e-009	5.52505e-009	2.16798e-009	5.16162e-007	8.53993e-007	2.86825e-006	1.94052e-006	2.44789e-005	0.000154644	0.000187223	7.70702e-007	0.000104203	4.42473e-008	3.82109e-006	0.00314657	5.43739e-007	5.91706e-006	3.16076e-008	0.000318992	0.178456	0.00301353	0.00854445	5.135e-006	0.000262524	2.20371e-005	1.19334e-007	1.65257e-006	1.27938e-009	9.62117e-009	4.61665e-010	1.09209e-009	2.75523e-008	1.42808e-009	
0	0	0.000647589	0.00012	0.00240556	0.00166029	0.00495111	0.00403486	0.00406634	0.000249476	0.0126807	0.0105098	0.0167237	0.012289	0.0200594	0.071533	0.168994	0.373475	0.41148	0.286594	0.241315	0.114102	0.0733566	0.0189058	0.00997304	0.0113265	0.000584352	0.000171295	9.03331e-006	7.88034e-005	0.0150936	0.0195013	0.0334202	0.0236029	0.0158153	0.00967633	0.000656195	0.00095984	0.00018005	0.000449417	0.000488657	0.000411527	0.000924379	0.00318238	


1	0.69803	0.927754	0.861539	0.530423	0.521203	0.464041	0.528116	0.335677	0.565501	0.126483	0.294286	0.104284	0.0775379	0.0175097	0.00663389	0.00318079	0.00192415	0.000832302	0.000219125	0.000149822	0.000204532	6.32363e-005	0.000128261	1.27755e-005	1.14545e-007	1.4023e-008	4.10401e-010	1.1496e-010	4.95849e-012	1.27121e-013	8.81638e-015	1.09065e-016	1.29523e-017	9.17494e-019	3.20222e-020	3.63285e-020	1.58808e-020	4.52432e-020	2.44042e-020	1.24199e-020	1.32141e-020	9.73381e-021	1.42628e-020	
0	0.30197	0.056235	0.128569	0.459761	0.325961	0.43305	0.0268021	0.562088	0.0452392	0.538146	0.322498	0.261597	0.120811	0.0723263	0.0190433	0.00541972	0.004863	0.00266084	0.000228871	8.6909e-005	0.000173307	3.09441e-005	0.000329837	0.000160715	6.04017e-007	4.12328e-008	6.13101e-010	3.62224e-010	1.85767e-011	5.38956e-014	1.04991e-014	7.42379e-016	1.98963e-016	2.39577e-017	2.18334e-018	9.2298e-019	3.79469e-019	4.03617e-019	4.88482e-020	1.14544e-020	2.46986e-020	1.55779e-020	5.73946e-020	
0	3.05177e-011	0.00658803	5.19867e-005	0.000958196	0.0203244	0.00857194	0.0304583	6.45678e-005	0.0190612	0.00252801	0.00047384	0.00185314	0.000788419	0.00346133	0.000188752	0.000152978	0.000252731	0.000315998	8.49571e-005	0.000157226	0.000371614	0.0233979	0.275616	0.948013	0.997954	0.987824	0.989627	0.926939	0.989455	0.981131	0.981544	0.991858	0.96569	0.973293	0.9801	0.405662	0.0551706	0.000433565	6.26352e-006	3.28433e-008	8.94085e-010	3.28728e-010	3.1725e-010	
0	0	0.00942258	0.00983962	0.00885866	0.132511	0.0943377	0.414624	0.10217	0.370199	0.332843	0.382742	0.632265	0.800862	0.906703	0.974134	0.991247	0.99296	0.996191	0.999467	0.999606	0.999251	0.976508	0.723926	0.0518133	0.00204487	0.012176	0.010373	0.0730607	0.0105449	0.018869	0.0184561	0.00814174	0.0343096	0.0267073	0.0198998	0.594338	0.944829	0.999566	0.999994	1	1	1	1	


1	0.847128	0.896407	0.773035	0.825984	0.715025	0.940812	0.650537	0.717818	0.0425119	0.101339	0.118626	0.0344975	0.0129471	0.00983211	0.0035871	7.38905e-005	2.70253e-006	5.98951e-008	8.05979e-009	4.68257e-009	1.26764e-009	1.91981e-010	4.40143e-010	1.37661e-009	8.89837e-010	1.15184e-010	6.37204e-011	1.39756e-011	3.3606e-012	5.81759e-014	2.13516e-013	5.41462e-014	1.01329e-014	3.56873e-015	9.28799e-016	3.33565e-016	9.71486e-017	2.57606e-016	1.28605e-016	5.36099e-017	1.33793e-016	1.46654e-016	1.26881e-016	
0	0.146626	0.101475	0.147283	0.0771239	0.197768	0.0252919	0.175069	0.074946	0.00218558	0.00933014	0.0213779	0.0334925	0.0501314	0.334966	0.809005	0.996675	0.99987	0.999834	0.992706	0.412271	0.0940314	0.03237	0.0107101	0.00684999	0.00131186	9.20719e-006	4.85718e-007	7.24317e-009	4.16239e-011	5.07297e-013	6.5018e-012	5.74861e-012	1.52613e-011	2.77615e-011	2.78094e-011	1.3566e-011	5.89849e-011	9.54652e-011	1.08897e-011	5.32474e-013	2.51946e-014	4.67928e-016	1.20697e-016	
0	0.00624542	0.00151008	0.0773701	0.0560819	0.025541	0.00168179	0.0143983	0.00852945	0.780586	0.0165599	0.000803036	1.27344e-005	0.000555973	7.51453e-005	3.53973e-005	5.89574e-006	2.78148e-005	0.000164708	0.00728702	0.58708	0.864973	0.836225	0.519214	0.0879483	0.0481985	0.4433	0.241162	0.430933	0.688965	0.88977	0.0222986	0.0002021	1.00239e-005	5.76672e-006	1.71666e-006	2.74476e-007	6.8811e-009	1.61773e-009	2.52014e-009	1.70848e-009	1.13154e-009	2.93785e-008	1.47929e-009	
0	0	0.000607409	0.00231142	0.0408099	0.0616654	0.0322146	0.159996	0.198707	0.174717	0.872771	0.859193	0.931997	0.936366	0.655127	0.187372	0.00324555	9.90658e-005	1.33545e-006	6.60283e-006	0.000649011	0.0409959	0.131405	0.470075	0.905202	0.95049	0.556691	0.758837	0.569067	0.311035	0.11023	0.977701	0.999798	0.99999	0.999994	0.999998	1	1	1	1	1	1	1	1	


1	0.813352	0.679209	0.499403	0.617978	0.789221	0.834675	0.891911	0.447095	0.722784	0.95498	0.385103	0.429761	0.116192	0.143478	0.0332249	0.00181825	0.000104241	1.97014e-005	7.91871e-007	7.03069e-008	9.50665e-009	2.06692e-009	2.83175e-009	6.3275e-010	3.31189e-010	8.10765e-011	1.10833e-011	2.88167e-012	1.54415e-012	2.19073e-013	1.77049e-014	6.31689e-015	5.35857e-016	4.28034e-017	1.3401e-018	3.19634e-020	2.12295e-021	9.02482e-023	1.41299e-022	1.39089e-022	2.51194e-023	1.52906e-023	7.53429e-023	
0	0.121874	0.234965	0.18215	0.143298	0.0531096	0.106565	0.0531313	0.297644	0.0179116	0.0293515	0.458277	0.445777	0.386607	0.58882	0.89546	0.897922	0.899068	0.888823	0.669769	0.387974	0.122709	0.0414041	0.0282509	0.00998335	0.0143727	0.00648289	0.0033185	0.00102798	0.000516057	0.000317003	0.000349374	0.000569861	0.000661853	0.00065709	0.000361761	7.85442e-005	7.05628e-005	2.76829e-005	1.7395e-005	6.78059e-006	1.07243e-006	1.04253e-007	1.68681e-007	
0	0.0647737	0.0740513	0.0463134	0.0186007	0.0123378	0.0133033	0.0105024	0.0391606	0.00295675	0.00405655	0.0970414	0.0828633	0.0358883	0.0577435	0.0262113	0.0963522	0.100371	0.110528	0.32997	0.609341	0.817061	0.940063	0.928358	0.970215	0.982411	0.932565	0.973566	0.957321	0.871067	0.659254	0.916455	0.973235	0.989637	0.860235	0.80697	0.842632	0.930847	0.767484	0.166994	0.0374222	0.00334939	0.000182741	7.40251e-005	
0	0	0.0117745	0.272133	0.220123	0.145332	0.0454566	0.0444557	0.2161	0.256348	0.011612	0.0595793	0.0415991	0.461312	0.209958	0.0451035	0.00390749	0.000456971	0.000629259	0.00026001	0.00268512	0.0602302	0.0185328	0.0433907	0.0198018	0.00321639	0.0609524	0.0231158	0.041651	0.128417	0.340429	0.0831956	0.0261955	0.00970119	0.139108	0.192669	0.157289	0.0690824	0.232489	0.832989	0.962571	0.99665	0.999817	0.999926	


1	0.999811	0.99998	0.986334	0.990821	0.997483	0.996645	0.999305	0.978271	0.905522	0.969722	0.981092	0.999149	0.993849	0.999894	0.997762	0.992955	0.986313	0.0715985	0.000131402	1.51739e-006	5.36152e-008	2.44972e-008	8.56532e-010	5.77109e-012	1.99083e-014	5.94448e-019	7.83066e-022	3.80366e-025	2.88816e-028	1.19567e-031	5.17496e-033	2.98445e-035	7.9505e-038	1.68248e-041	7.53792e-045	3.36191e-046	1.63628e-046	1.21837e-046	5.54455e-047	1.69768e-047	5.84962e-049	1.14736e-050	2.64463e-051	
0	0.000187545	1.86558e-005	0.0136538	0.00262554	6.7376e-005	0.00041163	6.65359e-005	0.0153528	0.00504441	4.20638e-005	0.000254572	3.49618e-006	0.00212291	4.96597e-005	0.00223529	0.00704326	0.0136731	0.928393	0.999813	0.978762	0.934444	0.0394299	0.000461047	4.41457e-007	4.17566e-010	3.99184e-014	1.06347e-017	7.92207e-022	3.29612e-025	1.01913e-028	6.38211e-032	4.69448e-036	4.52201e-039	1.57059e-042	1.45731e-046	2.75793e-048	9.34788e-049	1.83789e-048	1.03169e-049	2.95197e-050	7.30737e-051	8.54578e-053	3.28982e-054	
0	1.33288e-006	7.84039e-008	1.5589e-006	0.000732128	9.5448e-006	5.27411e-007	1.2191e-006	5.3177e-006	0.000607763	9.60326e-006	9.46035e-007	6.32519e-008	3.48122e-006	1.60069e-007	3.45899e-009	2.31408e-007	4.75625e-006	4.10761e-006	4.36723e-005	0.0117367	0.0236294	0.854104	0.90681	0.995416	0.999613	0.999882	0.999712	0.999903	0.999497	0.9997	0.998921	0.999782	0.999855	0.999764	0.999699	0.993634	0.968829	0.611436	0.00594265	3.60037e-005	5.09192e-007	1.33671e-008	7.51746e-010	
0	0	1.06236e-006	1.04206e-005	0.00582134	0.00243982	0.00294265	0.000627159	0.00637098	0.0888255	0.0302264	0.0186527	0.000847894	0.00402483	5.62864e-005	2.60235e-006	1.19812e-006	8.96301e-006	4.50199e-006	1.20643e-005	0.00949991	0.0419261	0.106466	0.0927285	0.0045832	0.000387146	0.000118296	0.000288278	9.69272e-005	0.000502905	0.000300043	0.00107945	0.00021756	0.000144558	0.000236244	0.000300719	0.0063662	0.0311714	0.388564	0.994057	0.999964	0.999999	1	1	


1	0.999986	0.999487	0.999989	0.999794	0.999922	0.997686	0.999773	0.999934	0.999983	0.9994	0.999916	0.999719	0.99982	0.99878	0.907135	0.935544	0.975865	0.19549	0.00182075	1.46411e-006	3.05103e-009	4.22564e-011	6.6181e-013	9.2237e-014	3.87991e-015	5.83611e-018	1.90896e-020	5.5386e-023	3.2573e-026	2.41195e-029	7.71033e-032	3.10419e-035	2.34385e-038	4.67941e-042	5.39594e-045	4.40842e-046	7.46903e-047	2.08707e-046	1.3675e-045	9.00319e-045	3.96681e-045	1.80107e-044	3.41855e-044	
0	1.37126e-005	0.000513101	1.09653e-005	0.000205922	7.75574e-005	0.00231228	0.00022721	6.62905e-005	1.66213e-005	0.000600017	8.40495e-005	0.000280867	0.000180446	0.00121939	0.0928637	0.0626808	0.0144429	0.00665847	0.0399377	2.19983e-005	1.83255e-008	4.04723e-011	5.0229e-015	4.12219e-017	5.14476e-018	5.89419e-022	3.29666e-024	1.02252e-026	2.78767e-029	4.30372e-032	9.62191e-035	1.7343e-037	4.68417e-041	3.70294e-045	1.1747e-048	1.41424e-049	1.2597e-050	7.60816e-050	1.39542e-049	1.97766e-048	1.34925e-048	1.35902e-048	4.05021e-048	
0	7.90104e-012	2.49839e-010	2.74242e-008	3.55729e-008	6.4193e-008	2.02338e-006	1.14553e-007	1.28015e-007	2.9561e-008	1.0243e-007	6.85116e-010	2.26393e-009	1.09407e-008	2.99634e-007	1.20872e-006	0.00177526	0.00964137	0.797712	0.955728	0.998971	0.999303	0.993234	0.994416	0.818157	0.178559	0.000444987	2.37487e-006	2.60891e-010	9.16396e-014	3.51301e-018	2.35671e-020	5.24104e-024	1.52192e-027	4.69288e-032	6.24596e-036	1.4498e-039	1.12154e-042	1.19571e-044	3.75341e-048	1.15205e-051	1.73632e-051	6.14081e-050	9.76094e-049	
0	0	1.08552e-014	3.55066e-012	1.06145e-008	2.48577e-010	2.87049e-009	2.39587e-009	3.00118e-008	4.98806e-009	1.81722e-009	1.38522e-009	1.47872e-010	4.98204e-010	3.18225e-011	5.24206e-009	2.1691e-008	5.10935e-005	0.000140176	0.00251394	0.00100595	0.000697023	0.00676635	0.00558432	0.181843	0.821441	0.999555	0.999998	1	1	1	1	1	1	1	1	1	1	1	1	1	1	1	1	


1	0.981782	0.999473	0.983042	0.995546	0.999409	0.99899	0.998243	0.966089	0.806521	0.998854	0.997581	0.999844	0.986829	0.999943	0.994361	0.995492	0.997672	0.994475	0.815309	0.545498	0.198252	0.0442383	0.0408478	0.00647769	0.000420795	6.30565e-007	2.5754e-009	1.25112e-011	2.06303e-014	2.75892e-018	1.24659e-020	3.32103e-023	1.10884e-025	4.78101e-029	1.15138e-031	5.04932e-033	1.40126e-033	1.61173e-033	3.47189e-032	7.058e-031	4.79926e-030	2.91365e-029	4.82327e-028	
0	0.0179198	0.000460324	0.0108708	0.000899379	0.000532917	8.85322e-006	0.00124378	0.000434824	0.192635	2.1172e-005	0.00198573	1.41405e-005	0.00768869	2.18263e-005	2.34688e-006	2.79476e-006	5.34645e-006	4.06926e-005	0.000501473	0.00100815	0.000539379	1.00399e-005	7.76432e-005	1.32958e-005	1.03788e-007	4.7395e-007	5.95968e-010	6.39054e-010	2.36826e-010	2.50542e-013	5.0103e-018	3.69304e-023	4.19887e-028	7.0059e-031	1.91227e-033	4.5797e-034	3.60033e-036	1.28875e-034	1.29863e-033	1.52888e-032	2.40547e-031	3.25301e-030	1.68454e-031	
0	0.000298002	6.51831e-005	0.00608668	0.00347672	4.85664e-005	0.0010012	0.000507488	0.0334659	0.000690742	0.00111909	0.000420439	0.000141187	0.00547518	1.71259e-005	0.00563586	0.00438844	0.00222236	0.00526643	0.179776	0.240137	0.0998479	0.00508719	0.00210245	7.17904e-005	2.43631e-006	1.46497e-008	3.84336e-011	1.16681e-012	2.15928e-012	6.06477e-014	7.92464e-017	3.87348e-020	1.73901e-022	4.11077e-026	7.74802e-030	1.31673e-031	6.49902e-033	1.16087e-033	2.95379e-034	2.19492e-033	1.59925e-032	2.69967e-032	9.8651e-031	
0	0	1.07182e-006	7.13493e-007	7.83965e-005	9.54042e-006	4.1037e-007	6.07801e-006	9.83345e-006	0.000152781	5.40842e-006	1.328e-005	1.07868e-006	7.19574e-006	1.77005e-005	1.24841e-006	0.000117026	0.000100751	0.000218013	0.00441335	0.213357	0.701361	0.950664	0.956972	0.993437	0.999577	0.999999	1	1	1	1	1	1	1	1	1	1	1	1	1	1	1	1	1	


1	0.990211	0.931184	0.998304	0.981568	0.931633	0.851893	0.977514	0.990467	0.999633	0.489762	0.936591	0.58657	0.879214	0.509444	0.0130539	2.10464e-005	2.74249e-008	5.48368e-011	6.13692e-013	2.89077e-014	1.32156e-014	2.10655e-016	7.54807e-017	7.41278e-018	3.47672e-019	1.66586e-020	8.44912e-023	2.02755e-024	3.45061e-026	5.85487e-029	7.68431e-032	3.48462e-035	4.25383e-038	3.32513e-041	2.31393e-044	2.6803e-046	3.537e-048	1.43932e-048	3.38569e-048	8.89792e-048	5.33944e-047	5.70098e-046	1.6079e-045	
0	0.00972081	0.0545329	0.00150096	0.0178289	0.057103	0.0569281	0.00217539	0.00720715	0.000299052	0.369282	0.0404306	0.299344	0.0114945	0.0917609	0.00253292	3.74956e-006	1.58751e-008	2.10218e-012	1.39465e-015	4.5781e-016	1.33289e-016	2.5756e-017	6.64183e-018	2.50781e-018	5.98545e-019	1.61478e-020	3.39693e-021	1.34722e-021	1.76382e-021	8.48768e-024	1.54204e-024	1.01839e-025	1.57108e-027	6.0505e-030	1.55644e-032	2.48739e-035	1.26652e-037	1.00553e-039	5.22165e-040	2.38176e-040	1.53923e-040	1.87018e-040	1.63845e-040	
0	6.81522e-005	0.0142799	3.44762e-005	0.000408618	0.0111194	0.090995	0.0185078	0.000153776	2.71809e-006	0.140865	0.00655147	0.0450291	0.00157518	0.313687	0.98193	0.997425	0.998072	0.999942	0.999793	0.992754	0.957078	0.969464	0.931616	0.337999	0.26253	3.54408e-005	2.76867e-007	5.34745e-011	4.16808e-014	1.42215e-017	1.49207e-018	4.72937e-020	4.32565e-022	2.04787e-025	1.14922e-028	1.25552e-031	4.05575e-033	5.31406e-035	1.28174e-036	2.13833e-038	8.0525e-040	1.87493e-040	4.47606e-040	
0	0	2.83601e-006	0.000160498	0.000194034	0.000144368	0.000184392	0.00180255	0.00217174	6.49941e-005	9.17559e-005	0.0164265	0.0690566	0.107716	0.0851077	0.00248291	0.00255005	0.00192772	5.81841e-005	0.000206544	0.00724641	0.042922	0.030536	0.0683842	0.662001	0.73747	0.999965	1	1	1	1	1	1	1	1	1	1	1	1	1	1	1	1	1	


