E:\Google Drive\Progetti\MSR Action3D\Real\a06_s01_e03_skeleton3D.txt
6
TRUE
-928.829
-936.033
-907.843
-901.365
-920.7
-899.191
-927.792
-949.577
-942.41
-969.688
-958.425
-958.825
-977.401
-976.466
-957.932
-942.73
-931.521
-957.316
-988.387
-969.891

39
20
1	0.996497	0.965044	0.940212	0.931462	0.945691	0.978962	0.666185	0.656201	0.329918	0.177945	0.0241394	0.00684059	0.001002	0.000125605	7.89587e-006	1.19923e-005	3.33358e-009	3.51793e-012	2.5728e-015	8.09943e-018	1.32814e-020	1.58725e-023	2.55813e-026	4.60582e-027	2.09579e-027	1.5499e-028	1.14756e-028	1.02511e-028	1.47515e-027	2.66431e-027	4.51521e-027	1.5922e-025	4.03404e-024	1.5794e-022	1.39702e-021	3.29504e-020	2.28711e-020	3.58558e-019	1.36053e-018	
0	0.00317351	0.0316609	0.0365181	0.0568782	0.0521695	0.0164939	0.0211642	0.0490287	0.0253404	0.0139079	0.000820545	0.00010364	8.76888e-006	1.14381e-006	1.19905e-008	1.24454e-008	6.47776e-013	7.08063e-015	3.05204e-018	4.55207e-020	2.67829e-022	2.03304e-025	1.05055e-027	4.71678e-028	1.10313e-028	7.25593e-029	3.38033e-029	5.76209e-030	6.47498e-030	4.19042e-030	1.99458e-030	3.27313e-028	4.70419e-027	1.37711e-025	1.33556e-023	5.27821e-023	6.90278e-023	1.41579e-020	1.10168e-019	
0	0.000329975	0.00327884	0.0232528	0.0113732	0.00207659	0.00452382	0.312079	0.254168	0.5754	0.365042	0.902389	0.957739	0.983448	0.967472	0.99824	0.983228	0.996864	0.984574	0.930541	0.382974	0.0440815	0.00620646	0.000200024	7.73176e-005	1.95892e-005	4.83055e-007	4.03174e-009	3.89603e-011	2.67719e-011	2.31245e-013	7.52115e-016	2.1103e-016	1.501e-015	2.33162e-014	2.56872e-013	2.73158e-012	7.54166e-014	2.2196e-014	9.4341e-016	
0	0	1.57831e-005	1.68127e-005	0.000286477	6.25594e-005	1.98872e-005	0.000571582	0.0406023	0.0693409	0.443105	0.0726508	0.0353163	0.015541	0.0324013	0.00175195	0.0167602	0.00313587	0.0154264	0.0694587	0.617026	0.955918	0.993794	0.9998	0.999923	0.99998	1	1	1	1	1	1	1	1	1	1	1	1	1	1	


1	0.740088	0.329253	0.0997088	0.311891	0.126607	0.44803	0.273825	0.163144	0.0875915	0.0445731	0.000925332	7.56799e-005	5.32807e-006	1.31328e-006	2.80309e-008	1.30678e-009	5.59319e-012	3.75465e-013	4.06863e-014	4.04644e-015	2.88874e-015	2.35817e-015	6.84496e-016	1.13019e-016	3.73214e-017	2.04015e-017	1.33541e-018	1.56973e-020	4.56064e-021	9.41642e-021	1.53257e-021	6.85648e-021	5.02401e-021	2.13276e-021	2.23615e-021	5.42416e-021	4.68241e-022	2.27587e-021	2.71676e-022	
0	0.259911	0.669938	0.8988	0.677179	0.865683	0.537754	0.690072	0.681856	0.709667	0.499073	0.927719	0.962265	0.986462	0.992854	0.998795	0.989208	0.999178	0.981215	0.985813	0.978752	0.842165	0.764452	0.629942	0.425862	0.239298	0.0428358	0.00240223	1.41329e-005	5.31647e-006	1.73205e-006	5.66786e-008	5.24239e-007	4.10672e-006	2.56381e-005	6.89565e-005	0.000225971	9.93075e-006	7.27804e-006	6.96152e-007	
0	3.41257e-007	0.00064689	0.00125715	0.0100553	0.00597339	0.0119116	0.0333874	0.151481	0.191241	0.423865	0.0581367	0.0328016	0.0123002	0.00668207	0.00118398	0.010786	0.000803408	0.0187821	0.0138359	0.0199477	0.156454	0.233403	0.367525	0.570773	0.760017	0.871838	0.00390502	4.56891e-006	9.90538e-008	8.37576e-008	2.78651e-009	2.08895e-009	1.92038e-009	7.29719e-009	1.45874e-007	2.34997e-007	1.34657e-007	7.67382e-008	3.97195e-009	
0	0	0.000161317	0.000234297	0.000874966	0.00173698	0.00230371	0.00271567	0.00351947	0.0115013	0.0324888	0.0132186	0.00485774	0.00123256	0.000463102	2.11453e-005	6.46154e-006	1.81509e-005	3.16673e-006	0.000351445	0.00130063	0.00138023	0.00214514	0.00253295	0.00336505	0.000684934	0.0853261	0.993693	0.999981	0.999995	0.999998	1	0.999999	0.999996	0.999974	0.999931	0.999774	0.99999	0.999993	0.999999	


1	0.998824	0.987424	0.998542	0.999795	0.999255	0.999657	0.999641	0.999952	0.99983	0.999612	0.987631	0.844129	0.948284	0.28547	0.010938	0.170091	0.000913192	3.20232e-005	5.88216e-008	2.5696e-010	1.25581e-011	3.30579e-013	1.56454e-013	4.16331e-015	2.82581e-016	1.23299e-015	4.13771e-016	1.49595e-017	9.67157e-018	3.98456e-018	2.37328e-019	1.69934e-018	3.45385e-018	1.88177e-017	1.79687e-016	6.99527e-016	1.17712e-016	1.15107e-016	1.72218e-017	
0	0.00117639	0.0125592	0.0014415	0.000198575	0.000743191	0.000337098	0.000356853	4.60254e-005	0.000169125	0.000385704	0.0123672	0.155824	0.0513018	0.713859	0.988956	0.762919	0.999056	0.999895	0.999986	0.999922	0.999721	0.999696	0.99731	0.999022	0.994728	0.731915	0.0019662	7.23935e-006	5.90774e-008	4.46271e-010	1.24706e-013	1.28663e-015	4.93991e-016	4.59183e-016	1.94215e-015	2.08612e-015	3.80579e-016	1.70922e-017	9.289e-018	
0	1.85266e-012	5.16612e-007	4.27005e-006	3.44003e-006	4.41821e-007	3.55597e-006	3.17658e-007	1.0908e-006	7.56633e-008	3.22961e-007	1.22366e-007	8.44646e-006	0.00013608	4.11941e-005	2.31895e-005	0.0553114	1.80228e-006	5.24271e-005	1.43214e-006	2.31577e-006	0.000190543	7.90593e-005	0.000935864	0.000452535	0.00378071	0.0413098	0.000555306	5.00451e-007	2.56105e-008	1.64225e-009	1.47857e-011	2.34521e-012	9.91538e-015	2.71647e-016	1.03415e-017	7.05967e-018	9.18823e-019	3.97525e-018	1.46745e-020	
0	0	1.64133e-005	1.20488e-005	2.8737e-006	1.78105e-006	1.91315e-006	2.23357e-006	1.19597e-006	5.95832e-007	1.73935e-006	1.62453e-006	3.93144e-005	0.000278578	0.000630041	8.26112e-005	0.0116792	2.89134e-005	2.06849e-005	1.21931e-005	7.57009e-005	8.79823e-005	0.000225025	0.0017541	0.000525036	0.0014914	0.226775	0.997478	0.999992	1	1	1	1	1	1	1	1	1	1	1	


1	0.952218	0.993641	0.932064	0.907065	0.954911	0.898822	0.0904892	0.00118097	1.13586e-005	1.66955e-006	5.21391e-008	5.30271e-009	3.44563e-010	9.1826e-011	1.16037e-010	1.19036e-011	2.02829e-013	3.79169e-016	1.4995e-019	5.11154e-023	2.37562e-027	9.57961e-032	5.54561e-036	4.0244e-038	1.38331e-039	1.96922e-041	2.65618e-041	3.73699e-042	1.31714e-041	2.71649e-041	5.48025e-042	1.10841e-040	2.61617e-039	4.7657e-038	1.10665e-036	6.80454e-036	1.22868e-036	3.75667e-036	8.3227e-037	
0	0.0477823	0.00587025	0.0679013	0.0927727	0.0447088	0.100873	0.895081	0.993624	0.996378	0.918181	0.995918	0.974605	0.993818	0.9621	0.978551	0.996367	0.902333	0.36095	0.0138384	0.000174139	9.35806e-007	1.14494e-008	6.22231e-010	8.15929e-012	1.49052e-012	1.90141e-013	1.99586e-014	1.68369e-017	4.66446e-018	1.70759e-019	1.81354e-021	2.16211e-020	8.96094e-020	3.23223e-020	6.29369e-020	3.96147e-020	1.31627e-022	3.25073e-022	1.07717e-024	
0	7.53942e-010	0.00048887	3.31772e-005	0.000162382	0.000379801	0.000303185	0.0144282	0.00518451	0.00360607	0.0816653	0.0037625	0.0251891	0.00581798	0.0336734	0.0156166	0.00345344	0.0973518	0.6389	0.97728	0.983481	0.998144	0.998932	0.999399	0.995982	0.980554	0.979304	0.0235627	1.59347e-005	1.70447e-008	3.21037e-010	2.0518e-013	2.6634e-014	7.37256e-015	1.22255e-016	2.21079e-016	8.69365e-018	6.44835e-020	4.93551e-020	1.20536e-021	
0	0	1.24017e-007	1.78501e-006	3.43831e-007	3.2502e-007	1.62036e-006	1.53828e-006	1.02831e-005	4.63989e-006	0.000152113	0.00031937	0.000205415	0.000364246	0.00422666	0.00583224	0.000180021	0.000314968	0.000150295	0.00888193	0.0163454	0.00185475	0.00106797	0.00060063	0.00401753	0.019446	0.0206963	0.976437	0.999984	1	1	1	1	1	1	1	1	1	1	1	


1	0.992422	0.990682	0.901658	0.956901	0.995898	0.989024	0.884783	0.936219	0.673001	0.913418	0.12495	0.0119863	0.000318361	9.69796e-006	1.52684e-007	2.948e-008	4.74633e-012	7.60931e-015	5.05782e-018	2.10064e-020	1.15482e-022	5.18886e-025	9.13387e-027	7.60934e-029	1.54831e-030	3.22586e-031	3.83061e-031	1.41338e-031	5.43583e-031	1.20524e-030	5.56687e-031	2.2764e-030	4.21658e-030	1.40318e-029	3.28277e-029	6.78174e-029	8.67196e-030	2.66828e-030	5.94593e-031	
0	0.00757823	0.00931613	0.0983414	0.0430862	0.0041009	0.0109751	0.11518	0.0632749	0.326788	0.0788165	0.874794	0.987766	0.999617	0.999727	0.999974	0.999758	0.999974	0.997263	0.990551	0.975271	0.527148	0.198314	0.27272	0.00623792	0.00156205	2.74828e-005	2.80115e-007	3.73028e-010	1.97471e-010	1.17313e-012	5.37355e-016	3.2893e-016	9.28433e-016	2.7902e-015	6.66347e-015	3.07836e-014	1.17961e-016	5.53577e-018	1.10189e-019	
0	2.39839e-022	2.11918e-006	7.37543e-007	1.2581e-005	8.50906e-007	5.25022e-007	3.74625e-005	0.000504241	0.000168171	0.00768566	4.82122e-005	0.000207069	6.18383e-005	0.000260118	2.51782e-005	0.000241516	2.56869e-005	0.00273649	0.00939679	0.0229453	0.470123	0.738376	0.444006	0.952621	0.977499	0.788725	0.00133317	3.81021e-007	1.02454e-010	2.68434e-012	3.13163e-015	6.26109e-018	5.72472e-021	6.94692e-020	5.52658e-018	7.03007e-019	2.98197e-017	7.65545e-020	1.25882e-021	
0	0	1.44666e-017	4.62477e-008	1.14115e-008	1.39007e-007	3.43774e-008	5.34888e-008	2.10622e-006	4.21858e-005	7.94612e-005	0.000207465	4.07004e-005	3.04532e-006	3.19662e-006	5.37156e-007	4.25418e-007	2.45738e-007	1.76184e-007	5.26068e-005	0.00178396	0.00272937	0.0633102	0.283274	0.0411406	0.0209387	0.211248	0.998667	1	1	1	1	1	1	1	1	1	1	1	1	


1	0.998849	0.999487	0.988119	0.986428	0.999867	0.999026	0.547411	0.253776	0.00289298	0.000788655	2.01612e-006	4.97876e-009	1.5513e-012	6.86526e-015	4.38804e-016	2.77743e-015	8.32214e-019	4.84797e-022	2.43257e-026	3.16638e-030	1.57397e-032	2.27004e-034	1.95868e-035	1.16551e-036	1.14695e-037	1.02035e-038	1.73373e-038	1.20484e-038	2.77523e-037	2.64863e-036	3.11491e-036	2.24665e-034	1.09473e-032	1.44879e-030	2.59417e-029	1.17215e-027	2.72725e-028	4.92515e-028	1.54289e-028	
0	0.00115114	0.000511264	0.0118699	0.0135645	9.43613e-005	0.000973574	0.452586	0.745987	0.997095	0.999158	0.999934	0.997084	0.999972	0.996793	0.0870579	0.305099	0.000336765	5.83943e-008	6.22088e-011	6.10016e-015	5.84397e-017	6.14398e-019	6.46123e-020	2.20966e-022	9.57265e-024	1.39146e-025	1.73521e-026	2.49182e-028	1.5419e-027	9.51722e-030	4.52441e-032	1.90406e-032	4.89567e-032	8.65626e-032	2.74243e-031	1.89854e-029	2.34084e-030	9.99372e-031	1.57942e-030	
0	3.13468e-010	1.35843e-006	1.09129e-005	7.56528e-006	3.82528e-005	5.53269e-007	2.73229e-006	0.000236967	1.16006e-005	5.28348e-005	6.4055e-005	0.00291586	2.79123e-005	0.00320719	0.912938	0.644446	0.999515	0.999775	0.999442	0.998027	0.944677	0.820563	0.483858	0.261308	0.00695122	6.79853e-005	6.44367e-008	2.9484e-010	1.1199e-011	5.39614e-015	7.82313e-019	2.89449e-021	1.0886e-020	4.00654e-020	1.14038e-018	5.9339e-018	1.59511e-019	9.3835e-021	2.41999e-022	
0	0	3.15979e-012	5.81497e-009	3.02602e-008	1.91558e-008	2.60464e-007	6.26653e-008	3.50136e-008	1.47123e-007	3.1009e-007	6.28195e-009	1.63398e-008	6.41596e-008	3.73871e-008	3.90324e-006	0.0504548	0.000147963	0.000224761	0.000557762	0.00197332	0.055323	0.179437	0.516142	0.738692	0.993049	0.999932	1	1	1	1	1	1	1	1	1	1	1	1	1	


1	0.999975	0.9692	0.999395	0.999194	0.999861	0.999654	0.960384	0.997287	0.991728	0.878324	0.899777	0.910721	0.964951	0.327715	0.27667	0.995777	0.179233	0.0155103	6.54814e-005	1.17493e-006	3.58378e-008	1.99817e-009	1.74437e-009	1.23854e-010	1.1671e-010	1.93307e-011	9.13338e-013	5.5786e-015	1.79805e-014	4.24999e-015	2.15632e-016	1.39145e-014	3.01678e-013	7.44263e-012	6.73964e-011	1.4569e-009	1.68086e-010	3.94072e-010	5.93705e-011	
0	2.48567e-005	0.0307997	0.000601397	0.000805052	0.00013827	0.000345207	0.039605	0.00136785	0.00783528	0.113114	0.0980436	0.0880968	0.0347414	0.672032	0.722261	0.00240616	0.820748	0.980302	0.999622	0.998787	0.993139	0.992749	0.891765	0.989341	0.976587	0.763019	0.0027482	4.74558e-006	5.62447e-008	3.85496e-010	5.38655e-014	2.03568e-016	8.31542e-016	2.5755e-014	6.01309e-012	1.88782e-011	2.48983e-011	5.45392e-013	1.90727e-012	
0	1.06586e-016	4.504e-008	2.80658e-006	4.90092e-007	4.25786e-007	1.16574e-007	7.9517e-006	0.00130608	0.000154349	0.000701456	0.000718969	0.000887754	0.000278664	0.000239259	0.00106241	0.00180756	1.76716e-005	0.00418653	0.00031146	0.00119736	0.00683924	0.00714707	0.107792	0.00445092	0.0213584	0.106812	0.000510044	2.00205e-007	1.3944e-008	4.04388e-010	1.03702e-012	4.62175e-014	6.57187e-016	1.05801e-017	1.44793e-016	2.88388e-014	1.5573e-014	3.33962e-014	9.69801e-017	
0	0	4.25478e-008	9.09568e-007	4.62244e-007	4.34203e-007	2.03519e-007	3.07545e-006	3.90286e-005	0.000282504	0.00786041	0.00146094	0.0002947	2.8762e-005	1.36841e-005	6.62268e-006	9.05562e-006	1.62393e-006	1.34592e-006	1.54628e-006	1.41088e-005	2.13144e-005	0.000103498	0.000443115	0.00620805	0.00205456	0.130169	0.996742	0.999995	1	1	1	1	1	1	1	1	1	1	1	


1	0.99996	0.998431	0.999814	0.997474	0.998887	0.996824	0.883661	0.214472	0.0108859	4.6853e-005	0.000186357	0.000561793	0.00559137	0.0164667	0.503306	0.945993	0.921315	0.145254	0.00896338	0.00630731	0.00019261	4.17405e-006	8.78342e-007	3.19729e-008	4.63122e-009	1.16068e-011	3.71559e-013	4.33025e-015	1.72025e-014	2.24149e-016	2.79362e-018	6.49105e-017	1.73496e-015	1.59354e-013	1.07178e-012	3.1196e-011	2.54045e-012	9.32547e-012	4.69313e-012	
0	4.0013e-005	0.0015686	0.000183609	0.00252065	0.000644842	0.00252835	0.0563715	0.00546195	0.000335193	1.84435e-005	1.01938e-005	5.67697e-005	7.00986e-005	0.00338982	0.0298556	0.000516518	0.0764569	0.85	0.989538	0.978303	0.981206	0.823054	0.281219	0.0448586	0.004697	0.000181135	2.67399e-008	6.45225e-012	6.11106e-014	1.18666e-016	1.55982e-020	1.01201e-021	4.01679e-019	2.6705e-017	2.91481e-014	4.46304e-014	5.98949e-014	6.38784e-015	9.07502e-015	
0	2.35776e-008	1.13694e-007	2.25056e-006	4.8103e-006	0.000467385	0.000575335	0.0582807	0.763207	0.949447	0.873862	0.760851	0.50514	0.585866	0.114816	0.0382286	0.0406684	0.00124365	0.00460871	0.00138292	0.0141432	0.0166964	0.169913	0.611822	0.840485	0.924127	0.524009	0.00169285	2.06419e-006	9.84928e-008	2.66573e-009	3.70789e-011	5.53751e-011	1.07165e-011	2.41487e-012	1.14505e-013	6.90431e-015	3.02424e-017	1.07425e-014	1.55635e-016	
0	0	1.12371e-008	2.193e-009	1.77812e-007	7.95527e-007	7.25968e-005	0.00168724	0.0168599	0.0393315	0.126072	0.238953	0.494241	0.408473	0.865328	0.42861	0.0128223	0.000984782	0.000136759	0.000115764	0.00124615	0.00190494	0.00702871	0.106958	0.114657	0.0711758	0.47581	0.998307	0.999998	1	1	1	1	1	1	1	1	1	1	1	


1	0.99699	0.994308	0.999225	0.998108	0.990889	0.990843	0.920852	0.867428	0.739032	0.117783	0.577098	0.861182	0.962988	0.885239	0.96481	0.984216	0.893743	0.568859	0.0966005	0.00753828	0.00118049	0.000154163	7.22173e-005	6.53423e-006	2.00934e-006	1.30298e-007	2.23675e-008	1.02231e-009	5.27911e-009	8.08143e-010	1.95926e-011	3.26931e-010	2.22368e-008	5.08768e-006	0.000195671	0.0238828	0.00623624	0.0114287	0.00878176	
0	0.00238195	0.00550844	0.000685413	0.00133459	0.00816473	0.00766986	0.0632432	0.0566734	0.060209	0.0466408	0.0326107	0.0472865	0.0224852	0.110683	0.0342786	0.0118325	0.104989	0.41413	0.89807	0.989983	0.976238	0.960545	0.833213	0.950522	0.892698	0.681669	0.0884223	0.00997316	0.0060531	0.000429188	2.43188e-005	3.1751e-006	9.60739e-006	3.97101e-005	0.000121848	0.000447686	0.00157386	0.000369997	0.000617282	
0	0.000628191	0.000163998	8.88517e-005	0.000554999	0.000921942	0.00140115	0.0143293	0.0593131	0.0898524	0.0469641	0.0405247	0.0168006	0.00695883	0.00299158	0.000905384	0.0039482	0.00126626	0.0170061	0.00526984	0.00243811	0.022484	0.0378204	0.161315	0.0310453	0.0952594	0.0490251	0.00066034	1.60516e-005	0.000162525	4.75081e-005	4.46657e-007	1.39371e-006	9.16841e-007	1.4084e-006	3.11819e-006	1.15058e-005	6.86432e-006	1.75726e-005	3.05907e-006	
0	0	1.96732e-005	7.85424e-007	2.13574e-006	2.45472e-005	8.58741e-005	0.00157567	0.0165854	0.110907	0.788612	0.349766	0.0747313	0.00756817	0.00108687	5.77808e-006	2.94357e-006	2.60051e-006	5.3936e-006	5.97729e-005	4.0529e-005	9.76072e-005	0.00148067	0.00539954	0.0184263	0.012041	0.269306	0.910917	0.990011	0.993784	0.999523	0.999975	0.999995	0.999989	0.999954	0.999679	0.975658	0.992183	0.988184	0.990598	


1	0.997272	0.295337	0.299155	0.803067	0.994553	0.999795	0.988504	0.797383	0.942203	0.88347	0.0932095	0.07671	0.297342	0.660505	0.771675	0.962985	0.223987	0.0150713	1.99392e-005	1.8033e-008	1.05205e-010	1.21582e-013	1.07936e-014	9.29432e-017	8.51914e-017	9.13047e-018	8.22347e-018	2.55308e-019	2.48261e-018	3.51093e-017	8.85915e-017	1.35756e-014	6.47574e-014	1.00275e-013	3.74591e-014	7.02982e-014	2.98577e-015	2.72699e-015	2.73408e-016	
0	0.00272798	0.704663	0.696561	0.195155	0.00370005	3.27093e-005	0.0114797	0.202569	0.0553429	0.115135	0.906685	0.877085	0.689961	0.330491	0.204717	0.0347045	0.66613	0.339312	0.00125972	1.88443e-005	1.43051e-007	2.06023e-011	7.7818e-011	2.35742e-015	1.01202e-018	2.67461e-020	5.84185e-020	3.97621e-022	1.83499e-021	2.21199e-020	1.45488e-021	3.37628e-017	9.98082e-015	1.17487e-014	1.09097e-014	2.05126e-014	5.8083e-018	1.80887e-020	8.01884e-020	
0	4.73971e-029	2.3762e-007	0.00428447	0.0015793	0.00138589	0.000124326	1.17664e-005	4.70416e-005	0.0024538	0.00136181	0.00010494	0.0462023	0.0121944	0.00814751	0.023443	0.00220731	0.109768	0.642585	0.997962	0.964162	0.990165	0.999958	0.978776	0.999028	0.99916	0.967415	0.0147851	0.000338648	6.07025e-006	6.0838e-007	2.14686e-007	7.06049e-009	3.2214e-010	5.13338e-013	1.45054e-014	1.4787e-016	1.76245e-016	2.50676e-018	8.59115e-020	
0	0	7.44965e-024	1.20028e-008	0.000198705	0.00036071	4.82093e-005	4.38546e-006	7.99114e-007	9.42824e-008	3.34643e-005	4.21627e-007	2.20933e-006	0.000502633	0.000856519	0.000165723	0.000103501	0.000115236	0.00303133	0.000758145	0.0358196	0.00983463	4.22924e-005	0.0212235	0.000971884	0.000839799	0.032585	0.985215	0.999661	0.999994	0.999999	1	1	1	1	1	1	1	1	1	


1	0.999983	0.881466	0.970992	0.996617	0.997995	0.999839	0.923644	0.836089	0.974914	0.931786	0.564177	0.321867	0.932984	0.977253	0.981292	0.999661	0.803095	0.345152	0.0275803	0.000492924	5.42716e-005	1.50418e-006	8.92928e-007	4.88972e-008	4.70238e-007	6.52707e-008	4.50029e-008	3.29787e-010	1.31167e-009	7.84199e-009	1.1049e-008	2.37597e-006	3.53749e-006	3.30033e-006	1.46694e-007	7.22914e-008	7.14135e-010	8.76222e-010	1.05828e-010	
0	1.741e-005	0.118534	0.028954	0.00337226	0.0019832	0.000152182	0.0763542	0.163835	0.0248666	0.0679352	0.435732	0.66614	0.0657811	0.0225951	0.0183971	0.000328773	0.196777	0.603638	0.220267	0.0348353	0.00285439	8.10494e-006	6.22643e-006	7.30963e-009	7.36897e-011	4.60973e-009	2.70258e-010	9.58678e-013	2.01436e-013	7.53686e-013	1.95504e-013	2.90772e-011	4.04629e-008	4.25602e-009	3.41991e-008	2.56091e-009	5.22453e-012	2.42813e-014	4.37568e-014	
0	1.5391e-012	1.40428e-009	4.3225e-005	1.8077e-006	3.39852e-006	1.81522e-006	4.90906e-007	7.47179e-005	0.000219417	0.000273545	9.0931e-005	0.0119861	0.00116612	0.000115931	0.000303559	9.68713e-006	0.000127559	0.0511746	0.750586	0.701933	0.777128	0.998775	0.968643	0.99309	0.993534	0.957857	0.00230562	1.95385e-006	1.28079e-009	1.97785e-011	4.02897e-013	1.99687e-015	1.78955e-014	7.67714e-013	2.76934e-013	2.12997e-012	9.72735e-013	2.76343e-015	1.05333e-016	
0	0	4.67457e-008	1.12435e-005	8.97119e-006	1.82851e-005	6.67969e-006	1.49406e-006	1.303e-006	3.93683e-007	4.96279e-006	6.09203e-007	7.29144e-006	6.88746e-005	3.64397e-005	7.60081e-006	6.03976e-007	6.32208e-007	3.52937e-005	0.00156739	0.262739	0.219963	0.00121561	0.03135	0.0069103	0.00646513	0.0421425	0.997694	0.999998	1	1	1	0.999998	0.999996	0.999997	1	1	1	1	1	


1	0.99631	0.999572	0.991759	0.998525	0.99967	0.993449	0.88569	0.96305	0.492409	0.859825	0.660707	0.198045	0.00904693	0.000826924	0.000136052	0.000368473	0.000120916	0.000201569	1.76004e-006	3.95474e-008	3.20957e-009	4.65349e-011	1.54747e-011	1.26966e-014	7.96271e-016	1.40114e-016	1.07616e-015	5.4476e-016	2.0485e-015	4.63199e-014	3.41669e-014	8.08314e-013	2.3906e-012	9.01807e-012	2.86191e-011	4.03608e-011	1.39889e-012	2.39701e-012	1.47574e-013	
0	0.00367162	5.35283e-005	0.00813119	0.00146319	0.000290356	0.00651441	0.11359	0.0367356	0.506997	0.0344023	0.308371	0.768354	0.984247	0.94777	0.741819	0.800625	0.223976	0.0935981	0.00244959	1.65886e-005	1.41816e-007	2.51705e-009	1.76905e-010	8.79925e-014	3.61277e-014	5.95692e-016	1.1422e-017	7.87965e-020	4.66298e-018	1.70023e-018	1.53289e-017	1.80485e-015	2.5371e-014	2.20562e-015	9.68079e-014	1.17814e-013	1.31436e-015	4.3373e-014	2.50855e-016	
0	1.80416e-005	0.000374327	0.000103367	1.17706e-005	3.97167e-005	3.64484e-005	0.000720724	0.000213765	0.000593393	0.105771	0.0211601	0.0191713	0.00237039	0.010002	0.0261341	0.0288885	0.156605	0.672787	0.626329	0.58148	0.906457	0.983	0.987728	0.997067	0.805941	0.985877	0.107835	0.00332891	2.23816e-006	9.0637e-007	2.00176e-009	4.09899e-011	4.52396e-012	1.92113e-013	1.70657e-013	2.72613e-015	2.76379e-015	2.24332e-016	2.68288e-015	
0	0	2.19582e-007	6.64244e-006	1.37401e-007	5.25635e-009	9.89323e-008	3.46319e-008	2.9514e-007	7.79065e-007	1.43684e-006	0.0097627	0.0144294	0.00433544	0.0414014	0.231911	0.170118	0.619298	0.233413	0.371219	0.418503	0.0935426	0.0169997	0.0122717	0.00293251	0.194059	0.0141233	0.892165	0.996671	0.999998	0.999999	1	1	1	1	1	1	1	1	1	


1	0.99686	0.980408	0.995446	0.997748	0.998573	0.998401	0.998676	0.997272	0.991469	0.988588	0.988327	0.994375	0.997422	0.996613	0.99735	0.999028	0.999589	0.999648	0.998422	0.991139	0.996092	0.998657	0.999186	0.992769	0.997819	0.996759	0.989115	0.939257	0.992508	0.989966	0.989346	0.99694	0.99701	0.996517	0.99402	0.994497	0.935395	0.993224	0.974022	
0	0.0031395	0.0195645	0.00430821	0.00163394	0.000949608	0.00117869	0.000311334	0.00027025	0.000219889	0.0012739	0.000389634	0.00339986	0.00150523	0.00202665	0.0018703	0.000740192	0.00038962	0.000346868	0.00157743	0.00885931	0.0038928	0.00132821	0.000804384	0.0072216	0.00176059	0.00233153	0.0104006	0.0606262	0.00305672	0.00544902	0.00858922	0.00115152	0.00239074	0.00333208	0.00589729	0.00541312	0.0645816	0.00402904	0.0256044	
0	8.82754e-009	1.39348e-010	2.56282e-009	1.10541e-007	2.59332e-008	8.92579e-008	1.90373e-005	1.3852e-005	2.07381e-006	7.22859e-008	8.41255e-010	8.18319e-009	8.49983e-008	4.08276e-007	8.59738e-008	4.25591e-009	8.63814e-009	1.83766e-006	7.73719e-010	4.46338e-008	2.1192e-007	8.62071e-008	3.02406e-007	3.82199e-011	5.39883e-009	5.71784e-007	2.08539e-011	1.01753e-010	1.47684e-008	1.53615e-010	1.22781e-010	1.34529e-009	1.63718e-011	1.21523e-011	1.98101e-009	4.36122e-011	2.17985e-012	1.06592e-006	1.28754e-011	
0	0	2.70055e-005	0.000245774	0.000617697	0.000477468	0.000419833	0.000993599	0.00244373	0.00830864	0.0101385	0.0112834	0.00222471	0.00107233	0.00135973	0.00077934	0.000232011	2.13583e-005	3.57222e-006	9.98395e-007	1.57278e-006	1.5396e-005	1.50494e-005	9.54294e-006	9.50697e-006	0.000420248	0.000908406	0.000484291	0.000116838	0.00443498	0.00458458	0.00206439	0.0019087	0.000598948	0.000151126	8.2399e-005	9.02349e-005	2.31995e-005	0.00274625	0.000373225	


1	0.753855	0.840979	0.835426	0.495038	0.187728	0.0421833	0.0104126	0.000866592	0.000153072	7.16284e-005	7.6397e-005	1.76398e-005	7.44355e-006	1.08215e-005	2.01109e-005	5.93343e-006	4.24806e-005	1.91864e-007	7.62673e-009	9.71441e-011	2.41479e-013	3.05422e-015	5.20298e-018	3.65148e-017	5.28473e-017	2.19109e-017	2.71982e-017	4.2366e-017	4.14728e-017	5.04508e-017	8.48944e-017	2.57546e-017	2.75118e-017	7.13352e-017	8.58957e-017	9.92509e-017	8.85228e-016	9.74571e-017	4.48708e-017	
0	0.246145	0.148783	0.0826877	0.0469013	0.00322222	0.000743444	9.52147e-005	1.20176e-005	5.66145e-006	3.97432e-006	2.48602e-005	1.03964e-005	2.34552e-005	0.00036027	0.0199839	0.0104059	0.305201	6.05845e-005	6.09877e-007	6.3303e-010	3.13361e-014	4.89733e-017	2.00443e-020	1.2253e-018	1.56633e-017	3.29171e-019	7.13561e-018	5.2966e-017	8.33225e-016	3.44533e-015	1.11935e-014	3.93728e-015	3.39961e-015	1.29421e-013	4.52932e-014	1.28498e-013	6.05985e-013	7.25578e-015	5.24095e-015	
0	2.8773e-010	0.00131604	0.0108437	0.0118094	0.00385583	0.000588139	9.44191e-005	3.07421e-005	2.35109e-006	5.13207e-008	3.86578e-008	4.94881e-008	9.92242e-008	2.38508e-007	1.37892e-005	0.000254416	0.326099	0.999644	0.999606	0.99975	0.999883	0.999321	0.999656	0.508266	0.197626	0.0554838	0.000325738	4.95283e-007	1.66885e-008	3.71332e-010	2.28536e-012	3.03125e-013	1.81467e-015	1.23979e-016	3.81281e-015	1.13624e-016	3.60045e-016	2.37674e-014	1.11876e-016	
0	0	0.00892178	0.0710429	0.446251	0.805194	0.956485	0.989398	0.999091	0.999839	0.999924	0.999899	0.999972	0.999969	0.999629	0.979982	0.989334	0.368657	0.00029555	0.000393517	0.000249577	0.000116653	0.000678787	0.000344289	0.491734	0.802374	0.944516	0.999674	1	1	1	1	1	1	1	1	1	1	1	1	


1	0.739743	0.571444	0.171422	0.111424	0.0394536	0.0106855	0.00163517	0.000243564	6.93231e-005	2.03304e-005	8.14304e-006	6.98111e-006	1.00569e-006	2.02114e-006	4.55593e-006	1.88682e-006	2.6595e-007	1.02817e-008	8.50194e-010	1.68425e-012	1.67092e-015	1.01869e-017	2.67315e-021	5.1088e-023	1.48724e-023	3.64042e-025	2.45425e-025	1.09381e-024	1.66065e-023	1.39673e-023	3.19205e-023	6.2793e-024	5.02681e-023	3.55613e-022	5.94328e-022	5.13347e-021	9.69612e-021	5.89595e-022	2.04103e-022	
0	0.232737	0.0378143	0.0144532	0.0197519	0.00694491	0.0018623	0.00202861	0.0090039	0.0756231	0.158964	0.690391	0.859792	0.989345	0.977125	0.987839	0.995818	0.997898	0.903081	0.564719	0.0047704	6.50604e-005	2.20162e-005	2.23399e-006	3.45083e-008	2.40967e-008	1.96614e-009	4.04694e-010	3.9846e-011	2.96883e-010	5.04604e-010	6.5535e-010	1.11768e-009	1.10782e-009	9.83824e-010	1.4111e-010	4.32571e-011	8.11347e-012	2.04885e-013	2.85367e-015	
0	0.0275194	0.372768	0.724354	0.241659	0.0436342	0.00473376	6.69901e-005	4.48757e-005	3.40067e-005	7.52595e-005	0.000166965	0.0166462	0.000701772	0.0182553	0.0100679	0.00326857	0.00209856	0.0969172	0.435165	0.995193	0.999468	0.997554	0.999774	0.944974	0.63743	0.562394	0.0374362	0.00778118	8.44696e-005	8.62299e-007	2.11134e-008	4.46829e-010	7.3612e-011	4.50042e-012	1.90324e-010	1.77519e-011	3.28729e-011	2.33583e-010	1.27999e-009	
0	0	0.0179744	0.0897702	0.627165	0.909967	0.982718	0.996269	0.990708	0.924274	0.840941	0.309434	0.123555	0.00995266	0.00461758	0.00208868	0.000911241	3.15188e-006	1.33397e-006	0.000115997	3.67993e-005	0.00046691	0.00242377	0.000223806	0.0550263	0.36257	0.437606	0.962564	0.992219	0.999916	0.999999	1	1	1	1	1	1	1	1	1	


1	0.976779	0.980053	0.996547	0.982811	0.979105	0.96635	0.771325	0.523401	0.300715	0.0315758	0.0118958	0.00653944	0.00501075	0.000674996	0.00129227	0.000952768	0.000877756	0.000333049	0.000240635	0.000433525	0.000182266	6.50062e-005	3.27773e-005	2.00317e-005	1.34911e-005	2.1496e-006	1.01222e-006	1.53097e-007	4.92891e-007	1.07109e-007	2.46771e-009	8.85359e-009	1.09782e-008	2.65782e-008	1.08692e-007	3.17664e-007	2.43857e-008	1.2068e-008	7.79245e-009	
0	0.0191154	0.0140545	0.00276453	0.013543	0.0152997	0.025987	0.163869	0.267009	0.421467	0.392825	0.46648	0.250299	0.211143	0.162736	0.162111	0.0614396	0.063379	0.0315087	0.0269267	0.0158358	0.00611248	0.00364996	0.00180615	0.000611944	0.00075052	0.000497877	0.000333327	5.20335e-005	0.000197681	0.000143094	1.93818e-005	2.44897e-005	1.3937e-005	9.11204e-006	4.48069e-006	6.46626e-006	8.48063e-007	8.42488e-008	8.20565e-009	
0	0.00410564	0.00570817	0.000648953	0.00364154	0.00522113	0.00691826	0.0642055	0.20825	0.27343	0.571019	0.518269	0.733938	0.776496	0.826569	0.805313	0.893991	0.90265	0.945016	0.895958	0.781409	0.951042	0.833547	0.965788	0.469876	0.388837	0.450259	0.161627	0.0182024	0.0169941	0.0064301	0.000382021	0.000217432	7.80752e-005	3.17101e-005	8.65294e-006	1.11493e-005	5.37916e-007	2.91794e-008	2.93183e-009	
0	0	0.000184732	3.91546e-005	4.55528e-006	0.000374088	0.000744458	0.000600739	0.00134074	0.00438672	0.00458029	0.00335567	0.00922357	0.00735078	0.0100203	0.0312834	0.0436163	0.0330937	0.0231421	0.0768742	0.202322	0.0426629	0.162738	0.0323734	0.529492	0.610399	0.549241	0.838038	0.981745	0.982808	0.993427	0.999599	0.999758	0.999908	0.999959	0.999987	0.999982	0.999999	1	1	


1	0.999796	0.999777	0.999796	0.999985	0.999979	0.99992	0.999676	0.999972	0.998576	0.999769	0.983865	0.350912	0.0790058	0.00274276	0.000242484	0.00883092	0.000401523	5.38331e-005	1.60988e-007	1.15301e-009	2.07546e-011	3.58804e-013	8.20549e-014	1.46304e-015	8.58959e-017	7.94262e-017	7.96629e-017	5.29759e-018	6.43644e-018	1.34465e-017	3.39474e-018	3.29218e-017	2.03938e-017	1.40271e-017	6.1764e-018	4.0959e-018	5.42233e-020	1.54097e-020	3.85578e-022	
0	0.000204119	0.000216664	0.000197869	1.47053e-005	2.07009e-005	7.91293e-005	0.000323889	2.79137e-005	0.00142391	0.000225877	0.0161275	0.648533	0.915519	0.979151	0.946496	0.153167	0.0105882	0.000118579	1.98346e-005	7.60156e-007	1.16517e-009	1.84469e-011	1.33734e-013	1.35587e-015	3.15451e-017	5.57519e-019	1.1675e-019	2.15374e-020	4.11929e-021	2.18022e-021	4.21312e-021	7.11367e-022	1.33487e-019	4.48988e-021	2.14386e-020	9.24353e-021	6.79933e-021	4.22028e-024	3.83992e-024	
0	1.62734e-007	9.37197e-007	5.13835e-007	1.33779e-007	1.15194e-007	1.87867e-007	9.60067e-008	1.12385e-007	8.74794e-008	2.68765e-006	3.12064e-006	0.000279441	0.00123101	0.00384459	0.0164911	0.215433	0.315632	0.824124	0.925505	0.913872	0.985945	0.981377	0.98604	0.889654	0.786585	0.648803	0.0111401	0.000102243	1.16636e-006	1.68416e-007	2.22957e-009	7.54481e-011	2.33104e-012	4.96814e-014	7.94764e-015	4.45794e-016	2.02714e-017	2.59311e-019	6.35482e-021	
0	0	5.08788e-006	5.2577e-006	6.57132e-007	2.35046e-007	2.5195e-007	1.7488e-007	1.16841e-007	7.06164e-008	2.32057e-006	4.42733e-006	0.000274611	0.00424445	0.0142621	0.0367701	0.622569	0.673379	0.175704	0.074475	0.0861275	0.0140555	0.0186229	0.0139597	0.110346	0.213415	0.351197	0.98886	0.999898	0.999999	1	1	1	1	1	1	1	1	1	1	


1	0.999979	0.999989	0.999803	0.999915	0.999814	0.999311	0.985709	0.999102	0.996876	0.998571	0.998348	0.929659	0.100913	0.000689722	2.5982e-007	7.8381e-008	2.46062e-012	1.80057e-014	7.14802e-018	1.07191e-019	1.01393e-020	1.01268e-022	1.30427e-023	3.86736e-024	1.43561e-025	2.76339e-025	1.02579e-024	2.58456e-024	2.89543e-023	1.87495e-022	1.80464e-022	1.84144e-021	3.624e-020	1.26573e-018	5.38674e-017	8.94113e-016	1.36546e-015	1.06794e-014	1.96832e-014	
0	2.14406e-005	1.05726e-005	0.000196966	8.45936e-005	0.000185896	0.000689108	0.0142902	0.000896301	0.00312171	0.00142823	0.000986882	0.00320336	0.000103523	6.74262e-007	1.1715e-009	8.71987e-012	8.35096e-014	4.18403e-017	6.02918e-020	4.60124e-022	7.72124e-024	1.01871e-024	8.05392e-027	6.8442e-028	4.71644e-029	2.807e-028	5.3651e-028	1.16129e-027	4.54284e-027	3.10778e-027	9.7083e-026	8.95104e-026	2.43165e-023	1.736e-023	5.13792e-021	1.39855e-019	4.56816e-020	4.383e-019	1.04257e-018	
0	8.90919e-011	2.49773e-010	1.23419e-008	1.27409e-008	7.76504e-009	4.64344e-008	3.10593e-007	1.22207e-006	2.54054e-006	3.5884e-007	0.000665166	0.0671059	0.8983	0.994484	0.999911	0.994344	0.999716	0.997581	0.993785	0.835395	0.33943	0.0478475	0.00333076	0.000268071	1.26422e-005	1.22748e-008	1.95795e-012	2.24412e-015	5.71616e-016	2.18734e-019	3.29754e-023	4.337e-025	1.04699e-024	3.45415e-023	3.38554e-023	3.14032e-021	2.88721e-022	1.38769e-022	1.92094e-021	
0	0	3.28599e-013	4.87259e-013	1.18391e-011	1.08303e-011	2.76434e-011	5.21922e-010	7.40033e-010	1.9635e-008	4.24132e-008	2.35467e-008	3.20612e-005	0.000683288	0.00482556	8.90147e-005	0.00565556	0.00028423	0.00241949	0.00621455	0.164605	0.66057	0.952152	0.996669	0.999732	0.999987	1	1	1	1	1	1	1	1	1	1	1	1	1	1	


1	0.999707	0.995618	0.997492	0.999775	0.998473	0.998198	0.988136	0.999862	0.992877	0.995272	0.981604	0.964491	0.963948	0.960276	0.958841	0.998327	0.330276	0.333375	0.00708047	0.000925387	0.0002013	5.42865e-006	3.10863e-006	2.08004e-006	2.68548e-006	3.65384e-006	8.18834e-005	0.000492759	0.0170232	0.193773	0.606149	0.993915	0.993249	0.998431	0.984932	0.995641	0.650204	0.98787	0.85604	
0	0.000166692	0.00421848	0.00190332	0.000137587	0.00145063	0.00104853	2.6423e-005	7.02609e-006	4.5804e-006	0.000105723	1.94347e-005	0.00342512	0.000102018	0.000100174	0.00072472	0.000128049	2.56649e-005	5.61603e-005	8.15656e-006	9.74249e-006	3.73754e-007	2.49669e-009	8.30608e-011	1.24935e-007	2.87067e-009	5.10225e-009	6.95772e-008	6.88986e-005	8.00802e-006	8.31041e-005	0.00105898	1.51504e-005	0.00111903	0.000874266	0.014064	0.0028474	0.336589	0.0111442	0.12904	
0	0.000125816	0.000163689	0.000603992	8.68085e-005	7.59482e-005	0.000752956	0.0118244	7.32608e-005	0.00711225	0.00447991	0.018325	0.0303396	0.0341705	0.0343828	0.035348	0.000849232	0.667892	0.223931	0.811641	0.708877	0.246856	0.476307	0.0518031	0.162706	0.224825	0.0167989	0.0257561	0.0161204	0.00275115	0.000199056	0.00189332	9.64061e-005	0.0054181	0.000680887	0.00100108	0.00150882	0.0131763	0.000746467	0.0148549	
0	0	1.71801e-007	1.97972e-007	7.63082e-007	4.30978e-007	5.37259e-007	1.37019e-005	5.74275e-005	5.81381e-006	0.000142068	5.16019e-005	0.00174435	0.00177948	0.00524073	0.00508632	0.000695461	0.00180661	0.442638	0.18127	0.290188	0.752943	0.523687	0.948194	0.837291	0.775172	0.983197	0.974162	0.983318	0.980218	0.805945	0.390899	0.0059737	0.000213483	1.41287e-005	2.94196e-006	2.70199e-006	3.02971e-005	0.000239723	6.46824e-005	


1	0.968948	0.987524	0.988089	0.899167	0.967729	0.973017	0.268949	0.00203512	7.40547e-006	1.00045e-006	2.40739e-008	3.87739e-009	3.68016e-011	2.3434e-012	1.42769e-013	7.57411e-015	1.08448e-018	2.78938e-022	8.60864e-025	5.37294e-028	1.55234e-032	1.05565e-036	2.42194e-041	8.21522e-042	5.51822e-043	2.38519e-044	2.74636e-044	2.055e-043	4.86647e-043	2.18559e-043	1.46802e-043	1.15165e-043	1.12831e-041	1.03406e-040	5.66598e-039	2.54459e-037	7.28002e-036	3.68784e-036	4.07332e-035	
0	0.0302744	0.0124082	0.00890107	0.0708202	0.00733803	0.00644462	0.00812896	0.000217264	1.01366e-006	3.37078e-008	5.62191e-010	4.31969e-012	1.83843e-012	2.39414e-013	6.2383e-015	6.56356e-016	4.16322e-018	6.68465e-021	1.74819e-023	1.22691e-026	2.43724e-030	2.28691e-034	2.60329e-038	1.84302e-041	4.30841e-044	1.07256e-046	8.09473e-046	1.56161e-045	1.72242e-043	2.60335e-044	7.45804e-045	1.70601e-044	2.18228e-044	8.81018e-042	1.43674e-041	1.14846e-039	2.37796e-039	2.2892e-037	8.47577e-038	
0	0.00077766	5.78708e-005	0.00300918	0.0299121	0.0244594	0.0199824	0.717255	0.982937	0.994784	0.76035	0.991027	0.997834	0.998634	0.981166	0.998851	0.98122	0.98109	0.868264	0.182638	0.000876092	1.16295e-006	5.61109e-009	6.22385e-011	5.45345e-014	6.23063e-016	4.81698e-018	9.5646e-020	2.00781e-021	3.07568e-020	4.77582e-022	7.41499e-024	5.2947e-024	7.33269e-023	1.76825e-022	3.10766e-022	1.0271e-021	3.36707e-024	5.16112e-025	5.55366e-027	
0	0	9.6283e-006	4.84419e-007	0.000100743	0.000473769	0.000555652	0.00566731	0.0148102	0.00520763	0.239649	0.00897296	0.00216627	0.00136621	0.0188345	0.00114926	0.0187803	0.0189098	0.131736	0.817362	0.999124	0.999999	1	1	1	1	1	1	1	1	1	1	1	1	1	1	1	1	1	1	


