E:\Google Drive\Progetti\MSR Action3D\Real\a11_s03_e02_skeleton3D.txt
11
TRUE
-1107.8
-1124.06
-1055.78
-1107.54
-1129.72
-1055.16
-1104.76
-1108.46
-1109.5
-956.972
-925.503
-1099.39
-1131.44
-1107.84
-1143.18
-1016.2
-1047
-1079.29
-1082.68
-1071.94

41
20
1	0.79447	0.894724	0.962378	0.957153	0.962767	0.965816	0.978799	0.949013	0.932066	0.974439	0.992868	0.367707	0.0487463	0.00476904	4.3614e-005	1.79779e-006	7.17084e-008	5.0743e-009	8.45103e-012	2.56629e-015	1.10842e-017	3.52702e-020	1.77453e-023	2.43151e-025	2.20252e-028	5.00742e-027	7.12292e-029	5.2394e-029	3.23651e-029	1.09401e-029	8.63583e-031	3.22072e-031	4.05045e-031	3.78966e-031	7.83426e-031	1.1813e-029	2.07097e-028	1.87326e-027	3.1016e-026	1.12539e-024	1.37707e-023	
0	0.000500446	0.0389808	0.0353345	0.0368775	0.0283184	0.0265321	0.0111346	0.0490952	0.0676041	0.0202157	0.0033739	0.00156259	0.00021215	4.08982e-005	9.8004e-007	5.82307e-008	5.9013e-009	2.03902e-009	2.44024e-012	2.59789e-015	3.46583e-018	4.15157e-021	2.33519e-024	1.84984e-026	1.41249e-029	3.23426e-028	2.55754e-030	7.68701e-031	1.89324e-031	1.72126e-031	1.75721e-032	2.93618e-032	4.22883e-032	4.76081e-032	4.07867e-032	6.33185e-032	9.97521e-031	1.93796e-029	8.69293e-029	1.93103e-027	6.34271e-025	
0	0.205029	0.00691934	0.00142866	0.00478738	0.00889617	0.00739282	0.0100411	0.00132778	0.00026932	0.00534485	0.00375127	0.630675	0.947612	0.99192	0.997868	0.970893	0.965481	0.977618	0.977446	0.885728	0.22601	0.463061	0.344201	0.0496518	0.0026161	0.0883674	0.274408	0.0730209	0.0173771	0.00545557	0.000229604	3.61771e-006	1.19302e-008	1.00271e-010	2.85233e-013	1.53168e-013	5.24448e-014	1.10234e-013	7.23e-013	3.1177e-012	1.64857e-011	
0	0	0.0593755	0.000859031	0.00118174	1.8568e-005	0.000259611	2.54084e-005	0.000564355	6.0436e-005	6.41745e-007	7.23758e-006	5.49107e-005	0.0034292	0.00326993	0.00208715	0.0291053	0.0345186	0.0223815	0.0225544	0.114272	0.77399	0.536939	0.655799	0.950348	0.997384	0.911633	0.725592	0.926979	0.982623	0.994544	0.99977	0.999996	1	1	1	1	1	1	1	1	1	


1	0.239401	0.760944	0.402277	0.703789	0.304814	0.388505	0.0356502	0.590317	0.552749	0.398429	0.143238	0.0056405	0.000233655	4.29381e-006	1.83345e-007	3.25296e-008	6.74194e-009	1.2164e-008	3.687e-009	1.38541e-009	1.73801e-010	6.53e-011	1.00382e-011	1.29786e-012	5.2409e-013	1.42912e-012	4.09114e-012	2.43155e-012	3.62561e-012	2.10406e-012	4.83727e-013	5.35352e-014	2.45657e-016	2.80103e-018	8.10179e-020	3.06757e-020	3.81554e-020	1.46481e-018	8.8217e-019	7.43957e-018	3.10003e-016	
0	0.760599	0.227995	0.595419	0.290697	0.694581	0.607608	0.963809	0.396155	0.443644	0.601266	0.856047	0.990024	0.992663	0.996937	0.994171	0.966806	0.933327	0.84739	0.930407	0.619188	0.0733049	0.0550257	0.0158876	0.00343539	0.000103403	0.000569118	0.00101411	0.00211568	0.00171422	0.00357444	0.000860748	2.7215e-005	1.44371e-007	5.43372e-010	2.82371e-012	9.85753e-013	1.27773e-012	1.07322e-011	2.728e-011	6.41082e-010	3.65135e-009	
0	1.17486e-007	0.00907138	0.000599164	0.00206553	0.000382738	0.00366575	0.000405312	0.0132023	0.0025586	0.000274512	0.000708668	0.00433287	0.00709647	0.00303063	0.00579957	0.031774	0.0597238	0.110586	0.0544555	0.348462	0.85287	0.848016	0.733423	0.984499	0.998224	0.98992	0.993117	0.954879	0.974865	0.933714	0.781831	0.00774082	9.33998e-006	8.40672e-009	1.76233e-011	2.89204e-013	1.38401e-013	5.67246e-014	1.64603e-014	8.13558e-013	3.55586e-011	
0	0	0.00199029	0.00170534	0.00344788	0.000222033	0.000220918	0.000135208	0.000325465	0.00104898	3.01018e-005	6.29105e-006	2.88516e-006	6.72929e-006	2.78844e-005	2.97194e-005	0.00142003	0.00694908	0.0420234	0.0151377	0.03235	0.073825	0.0969581	0.250689	0.0120654	0.00167276	0.00951124	0.00586883	0.0430056	0.0234209	0.0627113	0.217308	0.992232	0.999991	1	1	1	1	1	1	1	1	


1	0.892167	0.942223	0.990882	0.970535	0.980252	0.997063	0.991477	0.994292	0.913734	0.993732	0.999852	0.999089	0.999064	0.993269	0.935086	0.988549	0.996524	0.996147	0.93353	0.121786	0.0230277	0.00279391	3.70973e-005	3.63571e-005	3.48181e-006	0.000514189	0.000130306	3.75043e-006	2.03612e-007	2.67792e-008	9.63982e-009	2.86638e-009	4.83955e-010	4.41135e-011	2.16657e-012	2.03475e-012	1.5323e-011	1.58447e-011	3.78152e-011	4.34223e-010	3.84577e-009	
0	0.107833	0.0451621	0.00294484	0.00278045	0.0169425	0.0019994	0.00828502	0.00471518	0.0848241	0.00560883	0.000101197	0.000909515	0.000935217	0.00672995	0.0649088	0.0110669	0.00333144	0.00385252	0.0664704	0.878214	0.976896	0.997173	0.999958	0.999637	0.999895	0.997749	0.999866	0.999267	0.99855	0.997162	0.944584	0.671084	0.00826242	3.91655e-005	2.58037e-007	5.69043e-010	2.0984e-011	3.87112e-012	1.7377e-012	3.79772e-013	7.12822e-012	
0	2.7688e-013	0.000999364	0.000172357	7.07229e-006	8.74658e-006	5.77155e-005	1.51231e-006	9.16332e-005	3.72592e-005	0.000353486	2.31179e-005	1.13642e-007	4.52275e-007	1.61379e-007	4.89384e-007	2.30548e-005	5.3426e-006	6.46925e-009	4.66841e-009	2.24977e-007	6.28584e-005	2.91918e-005	2.11359e-006	0.000308271	9.55311e-005	0.00149315	2.48601e-006	8.93887e-005	0.000549605	0.000245406	0.00284772	0.00073658	0.000337459	3.6719e-006	2.88978e-008	1.34377e-009	4.27996e-010	4.8215e-012	1.14443e-013	5.11281e-014	1.9841e-014	
0	0	0.0116153	0.00600033	0.0266779	0.002797	0.000879753	0.000236112	0.000901034	0.00140462	0.000306093	2.34256e-005	9.71453e-007	4.20515e-007	6.30334e-007	5.05512e-006	0.000360886	0.000139482	3.3859e-007	2.12388e-008	3.95497e-007	1.31589e-005	3.9637e-006	2.40673e-006	1.88527e-005	6.03405e-006	0.000243693	8.97051e-007	0.000639904	0.000900021	0.00259242	0.0525687	0.32818	0.9914	0.999957	1	1	1	1	1	1	1	


1	0.995501	0.990473	0.941897	0.973364	0.90272	0.990155	0.933118	0.906598	0.974281	0.903125	0.722413	0.0781387	0.00230768	0.000198305	1.71326e-005	1.89897e-006	3.47592e-007	3.87611e-008	3.33649e-011	5.86262e-014	1.86299e-016	1.24668e-018	1.82717e-021	9.43612e-024	9.8859e-027	2.43598e-026	4.35432e-029	3.03303e-030	2.18052e-031	2.38354e-032	2.413e-033	7.26773e-034	2.95107e-034	6.6979e-035	1.50281e-035	3.92257e-035	1.28532e-033	5.46128e-033	3.43767e-032	1.19593e-030	2.44837e-029	
0	0.00449909	0.00938369	0.0580563	0.0256661	0.0971453	0.00946863	0.0668607	0.0897078	0.0229931	0.0968082	0.27752	0.919743	0.995311	0.992491	0.926185	0.899059	0.908328	0.938064	0.92285	0.214295	0.0213156	0.03533	0.00199081	0.000655547	3.17181e-005	0.00187889	0.000631822	5.54454e-005	7.65323e-006	1.16864e-006	6.60959e-008	1.37452e-010	8.0446e-013	1.66073e-015	7.10513e-018	4.03252e-018	3.25232e-017	4.34216e-017	3.6089e-018	8.10585e-017	5.64918e-015	
0	4.66544e-010	0.000143354	4.57575e-005	0.000956343	0.000132762	0.000369188	2.04342e-005	0.00368433	0.00256838	5.0115e-005	6.61697e-005	0.00211856	0.00238096	0.00730682	0.0737839	0.0991768	0.0889995	0.0603461	0.0769558	0.782005	0.911405	0.736878	0.693862	0.924714	0.971776	0.970017	0.99538	0.950898	0.896244	0.852728	0.420805	0.0174205	7.03685e-005	4.18449e-007	1.15029e-009	4.78112e-012	3.87153e-012	4.22445e-012	1.12024e-013	4.96381e-014	8.48755e-013	
0	0	3.07447e-007	7.11117e-007	1.33869e-005	2.16278e-006	7.00097e-006	7.56927e-007	9.93355e-006	0.000157328	1.68977e-005	4.52666e-007	9.53657e-008	7.46441e-007	3.93999e-006	1.35618e-005	0.00176205	0.00267236	0.00159028	0.000193991	0.00370011	0.0672792	0.227791	0.304147	0.07463	0.0281919	0.0281039	0.00398821	0.0490466	0.103748	0.14727	0.579195	0.982579	0.99993	1	1	1	1	1	1	1	1	


1	0.87671	0.989417	0.945599	0.99491	0.794601	0.940486	0.903771	0.980404	0.987757	0.612835	0.72267	0.266468	0.0499916	0.00146099	5.26116e-005	2.36104e-005	1.98053e-005	7.20956e-006	1.85602e-008	2.14986e-010	1.13498e-011	1.70102e-013	1.33975e-015	1.25806e-016	4.29971e-019	3.11947e-018	2.3368e-020	3.94619e-021	8.95436e-022	2.23805e-022	2.74179e-023	5.54147e-024	1.41433e-024	3.36348e-025	8.69264e-026	4.23369e-025	4.22287e-024	5.53643e-024	5.84505e-023	3.21317e-022	5.99887e-022	
0	0.12329	0.00761173	0.0543284	0.00466532	0.205287	0.0591793	0.0962021	0.0186638	0.0117177	0.387102	0.27731	0.733297	0.94927	0.998524	0.99939	0.995166	0.991362	0.997274	0.9996	0.623344	0.10113	0.497814	0.187138	0.397854	0.0127855	0.702431	0.890514	0.871466	0.521819	0.230099	0.00217883	5.41312e-006	8.82576e-009	7.56259e-012	1.89269e-014	1.60477e-014	3.38514e-015	4.47021e-015	1.47508e-014	6.1666e-014	7.79328e-014	
0	1.8817e-021	0.00297135	1.86857e-007	8.16688e-005	9.7889e-007	0.000321447	6.73887e-007	0.000836555	6.53052e-005	3.83868e-007	1.19861e-005	0.000234065	0.000736219	1.41811e-005	0.000557014	0.00478062	0.0082164	0.00246484	0.000374242	0.376421	0.781402	0.296577	0.427252	0.204884	0.925713	0.057497	0.0758106	0.0496053	0.288531	0.157628	0.061158	0.000390995	3.7944e-008	1.79052e-011	2.92263e-015	1.35871e-018	3.85368e-017	4.05966e-018	6.54259e-018	2.78117e-018	4.39723e-016	
0	0	1.09535e-015	7.18778e-005	0.000342935	0.000111172	1.36617e-005	2.58317e-005	9.54524e-005	0.000460128	6.2392e-005	7.81285e-006	1.1795e-006	2.05323e-006	9.9988e-007	6.50528e-008	2.96839e-005	0.000401765	0.00025377	2.61148e-005	0.000234317	0.117468	0.20561	0.38561	0.397262	0.0615017	0.240072	0.0336754	0.0789287	0.18965	0.612274	0.936663	0.999604	1	1	1	1	1	1	1	1	1	


1	0.995869	0.988849	0.999692	0.988012	0.99883	0.992114	0.999418	0.977412	0.999291	0.994431	0.992856	0.794378	0.328868	0.0401637	0.00315796	4.66648e-005	2.49472e-006	6.68362e-011	7.61847e-016	6.4313e-021	1.33428e-025	3.16887e-031	4.89925e-037	2.30764e-040	9.81189e-044	4.50118e-044	7.65844e-048	8.33565e-049	1.02819e-049	2.93898e-050	1.19308e-051	2.13634e-052	1.45665e-052	1.29764e-052	7.19861e-053	1.89794e-051	9.29251e-050	4.54678e-049	1.44386e-047	2.05379e-045	1.1662e-044	
0	0.00413025	0.0111329	0.000152535	0.011977	0.000440462	0.00787195	0.000156653	0.0224641	4.73578e-005	0.00556241	0.00714362	0.205602	0.670525	0.956831	0.929086	0.998495	0.99847	0.999464	0.978072	0.204584	0.00238989	2.94001e-005	1.89765e-007	3.59636e-009	1.17991e-010	2.46398e-008	5.18522e-010	2.18277e-011	4.87919e-013	2.61245e-014	2.20961e-016	2.2499e-019	8.52127e-022	2.88393e-024	1.20055e-026	1.54943e-025	3.20941e-026	3.17993e-026	1.59733e-026	8.96201e-026	9.29599e-026	
0	7.16147e-007	1.76112e-005	0.000155742	6.86417e-008	0.000728854	5.01448e-007	0.000425299	3.84069e-007	0.000548607	3.0249e-006	1.80086e-007	1.95218e-005	0.000606431	0.00300527	0.0677534	0.00140467	0.00152504	0.000536169	0.0219279	0.795414	0.99745	0.999959	0.999954	0.999339	0.993352	0.998663	0.999861	0.785142	0.433377	0.216214	0.00524661	0.000537504	1.02169e-005	1.29024e-007	1.4549e-009	2.15571e-011	2.6458e-012	6.52097e-014	7.18225e-014	1.29635e-014	1.79053e-015	
0	0	7.37881e-007	1.16623e-007	1.11579e-005	5.35179e-007	1.34876e-005	1.62583e-007	0.000123033	0.000113396	3.97319e-006	2.79959e-008	1.2006e-009	6.41208e-008	3.98575e-007	2.75472e-006	5.33053e-005	2.59422e-006	2.4578e-009	1.87226e-009	1.42158e-006	0.000159755	1.1561e-005	4.59775e-005	0.000660693	0.00664765	0.00133714	0.000139378	0.214858	0.566623	0.783786	0.994753	0.999462	0.99999	1	1	1	1	1	1	1	1	


1	0.87084	0.741403	0.997801	0.940909	0.999629	0.975457	0.999724	0.995668	0.999734	0.999972	0.999993	0.99572	0.997843	0.981316	0.196867	0.00631872	0.000219336	2.64615e-005	1.09843e-005	6.88843e-009	6.63417e-011	2.60963e-012	2.07224e-015	9.19634e-016	1.15589e-017	1.98837e-015	1.46679e-014	1.22902e-013	4.66614e-013	4.62408e-013	8.49619e-015	2.38951e-017	4.9405e-019	1.70228e-021	7.28915e-023	1.28304e-022	5.16995e-022	3.68582e-021	4.87805e-021	4.59288e-019	2.66568e-018	
0	0.12916	0.251465	0.000351277	0.0371387	0.000175916	0.024324	0.000263619	0.0043188	0.00026093	2.76568e-005	6.74929e-006	0.00428015	0.00215181	0.0186816	0.803064	0.989375	0.993113	0.987042	0.963562	0.986152	0.447852	0.345179	0.893111	0.107241	0.035069	0.00782871	0.0425374	0.282143	0.508197	0.574816	0.102438	0.00618442	5.14802e-006	5.98385e-009	4.82079e-012	4.14092e-014	1.86061e-016	1.0191e-016	4.93261e-017	1.25191e-017	5.19256e-018	
0	2.36599e-016	0.00131389	5.82923e-005	3.14461e-006	2.71189e-006	2.63258e-007	3.98832e-006	6.10297e-007	2.20819e-006	5.73882e-009	1.34654e-009	8.29647e-009	4.68767e-006	2.35033e-006	6.78297e-005	0.00393681	0.00574187	0.0119578	0.0363172	0.0138198	0.551889	0.652523	0.104207	0.891435	0.962239	0.942429	0.925676	0.379525	0.137535	0.0136667	0.00209909	1.0759e-005	7.19671e-007	2.8513e-010	1.88953e-012	2.86113e-014	1.15513e-015	9.75399e-018	1.2537e-019	1.20774e-018	1.69774e-019	
0	0	0.00581818	0.00178921	0.0219494	0.000192326	0.00021872	8.40163e-006	1.29497e-005	2.85308e-006	7.29051e-009	9.27035e-011	1.56218e-010	4.36494e-008	7.26044e-008	6.63088e-007	0.000369377	0.000925968	0.000973631	0.000110267	2.77675e-005	0.000258602	0.00229839	0.00268181	0.00132387	0.00269201	0.0497418	0.0317865	0.338332	0.354267	0.411518	0.895463	0.993805	0.999994	1	1	1	1	1	1	1	1	


1	0.969195	0.911684	0.997749	0.980151	0.999619	0.986198	0.999899	0.989693	0.99951	0.999977	0.999983	0.995933	0.993763	0.998271	0.50743	0.0529167	0.00409166	0.000833619	0.00031091	1.0133e-007	1.5478e-010	3.35e-012	1.30966e-015	1.56745e-016	2.39857e-019	8.05004e-019	1.48238e-019	1.56342e-019	6.45061e-020	1.62467e-020	4.69113e-023	2.43552e-025	1.43823e-026	2.12144e-028	1.29643e-029	4.36935e-029	2.03278e-029	8.59849e-029	4.18096e-028	1.50752e-026	3.20496e-026	
0	0.0308054	0.0817967	3.8141e-005	0.00980909	0.000229492	0.0136119	7.56331e-005	0.0102437	0.000340649	2.04341e-005	1.71405e-005	0.00405432	0.00459781	0.00148307	0.492512	0.916187	0.896606	0.910854	0.966087	0.999112	0.99567	0.993916	0.998895	0.366315	0.599154	0.00703347	0.00362387	0.000696043	0.000269478	1.87865e-005	5.08591e-007	4.26578e-009	4.23055e-013	8.95172e-017	1.85499e-020	9.72975e-023	1.28493e-024	8.36909e-026	1.23625e-026	1.0687e-027	3.00168e-027	
0	3.03539e-009	0.00640143	0.00216201	0.00108884	8.19496e-005	2.92047e-005	2.21166e-005	2.4527e-005	0.000131541	2.24893e-006	2.98498e-007	1.28373e-005	0.00163936	0.000240331	3.998e-005	0.0307113	0.0872545	0.0424116	0.0129704	0.000430673	0.004238	0.00606527	0.0010761	0.633632	0.385211	0.990715	0.977098	0.792109	0.639408	0.521745	0.21209	0.000255699	4.44966e-007	1.23665e-009	1.83243e-012	8.81814e-014	7.30302e-014	4.85265e-014	4.88095e-015	3.39202e-015	4.22411e-015	
0	0	0.000117914	5.0758e-005	0.0089514	6.95652e-005	0.00016073	3.68348e-006	3.86881e-005	1.73365e-005	5.09649e-008	2.35119e-009	4.04825e-009	1.4131e-007	5.9189e-006	1.75078e-005	0.000185347	0.0120483	0.045901	0.0206321	0.00045772	9.15232e-005	1.87987e-005	2.90058e-005	5.28714e-005	0.0156355	0.0022511	0.0192786	0.207195	0.360322	0.478236	0.787909	0.999744	1	1	1	1	1	1	1	1	1	


1	0.990538	0.806058	0.972137	0.918884	0.995653	0.982312	0.996086	0.961569	0.960636	0.998532	0.99929	0.994015	0.992226	0.99796	0.989857	0.880723	0.783991	0.58252	0.531205	0.0201713	8.40029e-005	1.00936e-006	1.63107e-009	4.19213e-011	2.8774e-013	3.22011e-012	1.84884e-012	7.95569e-013	2.1484e-013	8.73132e-014	1.35852e-015	9.76851e-017	2.04743e-017	1.06001e-018	7.69365e-020	4.24424e-019	7.83794e-019	7.16927e-018	1.62406e-016	1.45113e-014	5.87563e-014	
0	0.00925558	0.190564	0.0271092	0.0783524	0.00399277	0.0163766	0.00379518	0.0359238	0.0382424	0.00125444	0.000409927	0.00343519	0.00344733	0.00125109	0.00851286	0.110801	0.19488	0.382438	0.434855	0.942922	0.980415	0.988505	0.996766	0.912456	0.818822	0.370393	0.491782	0.830841	0.922099	0.946091	0.933473	0.858448	0.492265	0.084071	0.0125253	0.00443885	0.000601901	0.000319197	0.00144966	0.0020322	0.000586757	
0	0.000205993	0.00274255	0.00064137	0.00157622	0.000335548	0.00128577	0.000116624	0.00244281	0.000942305	0.000212343	0.000300222	0.00254852	0.00431278	0.000783876	0.00162732	0.0080842	0.0182958	0.02653	0.0322452	0.0360596	0.0191112	0.0114643	0.00320274	0.0875245	0.179058	0.623969	0.493446	0.139166	0.0575496	0.0353736	0.00908314	0.000665624	0.000793941	9.01984e-005	2.73843e-005	0.000177967	0.000233412	8.35859e-005	3.24311e-005	0.000373609	0.000194897	
0	0	0.000635156	0.000112873	0.00118705	1.89141e-005	2.58745e-005	2.50687e-006	6.47997e-005	0.000179084	1.49824e-006	2.55543e-007	1.61139e-006	1.38992e-005	4.99287e-006	3.29875e-006	0.000391812	0.0028333	0.00851244	0.00169483	0.000847253	0.000390184	2.96553e-005	3.09373e-005	1.99932e-005	0.00212024	0.00563826	0.0147728	0.0299922	0.0203517	0.0185359	0.0574438	0.140887	0.506941	0.915839	0.987447	0.995383	0.999165	0.999597	0.998518	0.997594	0.999218	


1	0.968614	0.994292	0.998407	0.972119	0.999656	0.998975	0.966951	0.999785	0.999928	0.999939	0.99799	0.00357563	3.31245e-006	6.74095e-010	3.25489e-015	1.85076e-018	6.35494e-022	2.65553e-027	1.80559e-034	8.65662e-043	3.31855e-050	6.85788e-058	1.08351e-066	1.80417e-073	9.50215e-082	9.89046e-084	1.12112e-090	1.93121e-093	1.43163e-096	4.46357e-099	9.46149e-103	4.89584e-105	1.38601e-107	1.71961e-110	2.34159e-112	1.61972e-111	2.92908e-110	5.82128e-108	2.2686e-107	1.01709e-105	3.70062e-104	
0	0.0313863	8.19564e-006	2.82046e-005	0.0259569	3.95599e-005	0.00101797	0.0330342	9.76195e-005	5.20622e-006	6.06993e-005	0.00200997	0.996424	0.999785	0.999996	0.999996	0.999247	0.99991	0.989927	0.997781	0.83687	0.000173055	5.15341e-009	6.08423e-014	3.31133e-017	4.8542e-023	3.03382e-021	2.02916e-024	1.68681e-029	2.13197e-035	2.37523e-037	5.01739e-043	7.23086e-047	2.47498e-052	3.20827e-058	7.83507e-065	5.4877e-066	7.25937e-067	1.3871e-066	7.00684e-067	1.75259e-065	4.17811e-066	
0	1.2607e-027	0.00569932	3.30369e-005	1.89895e-007	0.000230116	1.0877e-006	1.59937e-006	0.000115994	5.36334e-005	2.89459e-008	8.02713e-010	3.58701e-007	0.000212163	4.17788e-006	3.76767e-006	0.000753112	8.96438e-005	0.0100726	0.00221866	0.16313	0.999823	0.999998	0.999999	0.999997	1	0.999873	1	0.999968	0.999995	0.999607	0.999923	0.72215	0.000188771	2.9105e-008	4.5861e-011	8.27123e-014	6.50286e-014	6.04744e-014	2.35965e-015	1.185e-017	6.01989e-018	
0	0	1.33514e-022	0.00153154	0.00192421	7.45166e-005	6.15887e-006	1.27964e-005	1.28447e-006	1.33322e-005	5.71059e-008	8.62669e-011	4.15826e-015	8.48279e-014	3.90901e-010	4.59858e-013	2.1955e-010	1.00852e-007	9.25207e-010	1.77576e-009	1.03612e-008	3.80296e-006	1.5669e-006	9.70238e-007	3.07711e-006	6.3921e-009	0.000126752	1.45016e-008	3.2487e-005	4.92805e-006	0.000393241	7.69851e-005	0.27785	0.999811	1	1	1	1	1	1	1	1	


1	0.976818	0.999176	0.999884	0.994023	0.999967	0.999851	0.988017	0.999946	0.999991	0.999999	0.999985	0.368908	0.0514739	0.000270199	1.86681e-009	8.42472e-014	6.09782e-018	1.48388e-022	1.52055e-027	9.9514e-034	9.15557e-038	8.33496e-042	2.47355e-047	4.20135e-051	6.01352e-056	2.25411e-055	2.89856e-059	7.45152e-062	1.60042e-064	4.69196e-067	1.08556e-070	3.91816e-073	3.25703e-076	1.69972e-079	6.7828e-082	2.16481e-081	2.70422e-080	5.22608e-078	1.85345e-077	3.50439e-076	4.19676e-075	
0	0.0231817	0.000191203	5.15567e-005	0.00575177	2.16622e-005	0.000148212	0.0119803	4.73326e-005	7.41404e-006	1.14262e-006	1.5302e-005	0.631092	0.947411	0.999705	0.999996	0.99994	0.999983	0.999442	0.999512	0.981581	0.179397	0.00213052	9.38755e-006	8.49117e-009	2.7341e-013	2.21749e-012	3.47182e-015	3.93727e-019	2.02008e-023	9.56475e-026	1.17275e-029	2.7348e-031	1.74912e-036	9.55247e-042	1.79872e-047	3.16681e-049	1.45003e-050	1.97787e-051	1.8508e-052	5.41466e-053	2.16804e-053	
0	1.57755e-010	0.00062714	1.15673e-006	1.73173e-008	3.09626e-006	7.60804e-009	3.41602e-008	6.37824e-006	1.06203e-006	8.69062e-011	9.67664e-013	2.79834e-008	0.00111495	2.49355e-005	3.57346e-006	5.98493e-005	1.67702e-005	0.000557901	0.000488036	0.0184194	0.820577	0.997851	0.999977	0.999994	1	0.99954	1	0.999977	0.999989	0.999871	0.999949	0.472775	5.61183e-006	5.1463e-011	2.4356e-015	2.67662e-019	6.15246e-020	1.11973e-020	1.39162e-022	5.39091e-026	1.99249e-027	
0	0	5.27674e-006	6.30813e-005	0.000225529	7.7762e-006	3.60834e-007	2.44585e-006	3.02547e-007	5.52588e-007	7.54223e-010	8.31938e-013	2.4031e-012	1.24165e-008	1.05687e-007	9.91005e-010	1.28192e-008	7.91208e-008	3.50775e-009	9.09687e-010	1.60871e-008	2.5977e-005	1.81712e-005	1.32018e-005	6.15241e-006	9.30466e-008	0.000459749	8.92123e-008	2.32406e-005	1.09515e-005	0.000128587	5.06821e-005	0.527225	0.999994	1	1	1	1	1	1	1	1	


1	0.998067	0.979587	0.996547	0.999189	0.944507	0.995321	0.997232	0.985189	0.986035	0.941584	0.988498	0.911355	0.500397	0.485792	0.292486	0.349094	0.688206	0.116561	0.0032265	0.000537889	0.000541525	2.96888e-005	3.60121e-007	5.90128e-007	6.57584e-008	1.38559e-007	1.089e-008	3.56092e-011	1.1803e-013	2.35466e-015	2.75457e-017	3.39396e-018	5.92715e-018	1.09604e-017	3.09127e-018	6.8407e-017	9.38126e-015	5.39689e-015	2.26299e-014	1.0834e-012	1.29083e-011	
0	0.000914421	0.00223177	0.00309129	0.000475969	0.055211	0.000833861	0.0026869	0.0143261	0.00619916	0.0568777	0.0114582	0.0878241	0.497385	0.501365	0.525974	0.335262	0.0463646	0.786192	0.994927	0.116358	0.0253078	0.026779	0.00065009	0.000614932	0.00013092	0.00664762	0.0136551	0.000679702	3.01477e-005	2.85402e-007	6.08253e-010	2.94763e-013	5.93332e-016	3.00955e-019	3.745e-021	1.87796e-019	4.02059e-018	2.46406e-016	8.26661e-018	3.60479e-015	1.07616e-012	
0	0.00101833	0.0174721	0.000209746	0.000266016	0.000197831	0.00382963	2.46537e-005	0.000362008	0.00586814	4.35624e-005	4.91169e-006	0.000819814	0.00221091	0.0128247	0.181364	0.313625	0.26384	0.0878237	0.000796168	0.881546	0.628694	0.0178704	0.0137706	0.0373447	0.111027	0.0186805	0.0211028	0.0570926	0.02921	0.263048	0.849564	0.680997	0.0304694	0.00337699	7.81024e-006	1.04165e-008	4.57941e-008	1.32815e-008	4.11518e-009	1.04964e-010	3.26612e-011	
0	0	0.000709495	0.00015155	6.95007e-005	8.47084e-005	1.50936e-005	5.63087e-005	0.000122523	0.00189794	0.00149424	3.88171e-005	1.28927e-006	6.49115e-006	1.78523e-005	0.000176525	0.00201867	0.00158861	0.00942284	0.00105017	0.00155886	0.345457	0.955321	0.985579	0.96204	0.888842	0.974672	0.965242	0.942228	0.97076	0.736951	0.150436	0.319003	0.969531	0.996623	0.999992	1	1	1	1	1	1	


1	0.997008	0.992093	0.99863	0.988244	0.998548	0.995749	0.997253	0.995097	0.993151	0.99858	0.998331	0.997079	0.993938	0.992755	0.990817	0.982055	0.961346	0.453253	0.385372	0.670657	0.764694	0.684337	0.58977	0.435597	0.169232	0.0114001	0.00547497	0.0150169	0.0374217	0.0938743	0.105572	0.18966	0.635014	0.836997	0.825405	0.965211	0.971109	0.92561	0.826945	0.807522	0.522684	
0	0.00299223	0.00771763	0.000500441	0.0115056	0.000673521	0.000819118	0.00193941	0.00395793	0.00657442	0.000342273	0.000228393	0.000277394	0.000316635	0.000805335	0.00175544	0.00161644	0.00143272	0.00643345	0.00258095	0.0829602	0.125438	0.0187193	0.0187548	0.00576313	0.00296338	4.39241e-005	2.74787e-005	0.000127644	0.000366455	0.000993433	0.000836661	0.00849515	0.0496671	0.126223	0.169922	0.00495194	0.000937314	0.000488213	0.000547967	0.000490865	0.000139076	
0	3.0248e-012	2.8405e-009	1.49611e-008	4.97352e-011	2.75707e-008	1.65667e-009	9.49319e-010	1.31214e-008	8.25503e-011	5.35509e-009	1.69197e-009	1.02388e-005	2.70948e-005	7.13738e-006	7.65176e-007	1.06755e-006	7.42292e-006	1.83439e-005	7.5693e-005	3.73706e-006	0.000209957	0.000846982	1.99753e-005	0.000125183	0.000940675	7.14054e-007	4.44933e-006	3.28603e-011	5.97439e-010	5.16439e-011	1.35423e-008	2.07125e-009	1.5211e-009	9.08979e-010	3.95202e-009	3.66129e-008	1.1157e-010	5.70727e-010	5.18887e-011	1.53107e-009	4.51696e-006	
0	0	0.000189419	0.000869784	0.00025027	0.000778045	0.00343232	0.000807955	0.000945369	0.000274754	0.00107772	0.0014411	0.00263289	0.00571825	0.00643232	0.00742639	0.0163271	0.0372135	0.540295	0.611972	0.246379	0.109657	0.296096	0.391455	0.558514	0.826863	0.988555	0.994493	0.984855	0.962212	0.905132	0.893592	0.801845	0.315319	0.0367799	0.0046727	0.0298371	0.0279534	0.0739022	0.172507	0.191987	0.477172	


1	0.405759	0.504505	0.585852	0.745997	0.44719	0.268603	0.41642	0.212229	0.171809	0.0495869	0.0150584	0.0111172	0.00274624	0.000430588	0.000276977	8.71602e-005	5.86929e-005	4.01348e-007	6.8601e-009	1.00957e-010	8.52321e-015	1.09306e-019	2.71173e-023	5.94419e-028	1.23678e-032	1.72231e-035	7.64767e-041	3.15695e-040	6.27937e-040	1.07549e-039	2.99238e-039	1.12406e-038	1.49266e-038	2.42717e-038	1.61031e-038	5.29685e-039	7.05414e-040	9.84952e-040	3.38419e-039	2.22461e-039	5.80457e-040	
0	0.594241	0.435961	0.0436951	0.0930665	0.129408	0.467306	0.0823962	0.0356183	0.0157171	0.110841	0.0483111	0.0185971	0.00653991	0.00104353	0.000150191	2.55307e-005	7.24435e-006	1.14457e-008	8.20563e-011	1.0963e-012	6.18052e-017	1.2694e-020	6.66173e-025	1.22976e-029	3.60741e-034	2.71331e-036	5.91454e-042	1.48364e-040	4.90208e-040	9.90365e-040	1.63276e-039	1.51717e-039	1.14546e-039	2.40275e-039	2.45469e-039	1.18986e-038	6.18102e-040	6.24354e-040	5.33916e-038	2.79197e-038	2.52435e-040	
0	8.95521e-012	0.0149588	0.0465904	0.000114623	0.0211249	0.00255236	0.0148328	0.00076839	0.00118098	0.000280277	0.00121196	0.00612565	0.00886417	0.00423223	0.00186342	9.32593e-005	2.39785e-005	8.03277e-006	0.00765678	0.650325	0.999431	0.999953	0.999877	0.999767	0.999956	0.933222	0.999984	0.478126	0.171366	0.0187552	0.00316255	0.000328404	1.7905e-005	3.29765e-007	4.80746e-009	8.36915e-011	4.32462e-012	1.2938e-013	6.6038e-015	5.11739e-016	8.76645e-016	
0	0	0.0445746	0.323863	0.160822	0.402277	0.261539	0.486351	0.751384	0.811293	0.839292	0.935419	0.96416	0.98185	0.994294	0.997709	0.999794	0.99991	0.999992	0.992343	0.349675	0.000569245	4.74688e-005	0.000122665	0.000233093	4.41047e-005	0.0667784	1.59694e-005	0.521874	0.828634	0.981245	0.996837	0.999672	0.999982	1	1	1	1	1	1	1	1	


1	0.987101	0.645674	0.434947	0.608485	0.211366	0.108811	0.127637	0.0195902	0.000701202	0.000555603	0.00028131	0.000183055	0.00012697	7.38283e-005	5.76108e-005	7.74944e-005	8.39419e-005	6.10187e-005	1.52018e-006	3.38978e-008	2.05465e-009	9.12785e-011	6.27068e-012	3.33688e-014	4.79188e-017	1.62609e-018	1.84839e-021	6.93655e-022	1.394e-022	1.22657e-023	9.42038e-024	1.45399e-024	3.68233e-025	4.44317e-025	2.87801e-025	4.02958e-024	1.01679e-024	3.1848e-025	1.90208e-024	5.09354e-024	5.39597e-025	
0	0.0128625	0.0348395	0.0114083	0.0238121	0.0197727	0.0224132	0.0056378	0.00200708	0.000108169	0.000118667	0.000333615	0.00401038	0.0542737	0.0573736	0.052689	0.0477532	0.0835363	0.283753	0.995243	0.856453	0.963217	0.99523	0.984084	0.993708	0.997663	0.999854	0.998628	0.37852	0.0681367	0.0170156	0.0278533	0.000155218	2.48481e-006	4.33647e-008	5.7349e-010	1.46539e-009	2.27914e-009	1.28499e-009	7.98742e-010	1.07153e-009	3.50033e-010	
0	3.63389e-005	0.319442	0.417433	0.0656745	0.197623	0.00383908	0.00533916	0.0173037	0.204218	0.0183012	9.54477e-005	1.39792e-006	1.82672e-005	0.00044365	0.00187108	0.00023916	0.000210636	0.000538188	0.00176518	0.143537	0.0366495	0.00475659	0.0159116	0.00628775	0.0023362	0.000117088	0.00137169	0.621245	0.87278	0.920096	0.692849	0.891982	0.935711	0.663194	0.674433	0.00734129	0.000472665	5.40045e-005	2.77591e-007	3.85134e-009	5.30203e-009	
0	0	4.37256e-005	0.136211	0.302028	0.571238	0.864937	0.861386	0.961099	0.794972	0.981025	0.99929	0.995805	0.945581	0.942109	0.945382	0.95193	0.916169	0.715648	0.00299063	1.02114e-005	0.000133672	1.33713e-005	4.40516e-006	4.18879e-006	8.76898e-007	2.88187e-005	3.93095e-008	0.00023524	0.0590838	0.0628888	0.279297	0.107863	0.0642868	0.336806	0.325567	0.992659	0.999527	0.999946	1	1	1	


1	0.916409	0.926494	0.967276	0.567997	0.937152	0.905041	0.956385	0.826437	0.897424	0.966027	0.930668	0.380392	0.0936205	0.0228543	0.00320171	5.74184e-005	8.51315e-007	7.47349e-010	6.44366e-013	2.2185e-016	4.56265e-020	2.32779e-023	3.14115e-027	1.65515e-030	6.87733e-034	7.69985e-037	1.49435e-039	2.47814e-040	2.151e-041	1.47555e-042	2.26126e-044	3.24817e-045	1.02455e-045	7.67976e-047	1.39946e-047	7.9828e-047	1.27405e-046	1.88682e-046	7.55089e-046	2.47033e-045	9.93088e-045	
0	0.0712423	0.0574191	0.0201531	0.298275	0.0273433	0.074729	0.0279001	0.128753	0.016541	0.0191265	0.0551528	0.276085	0.209755	0.0656155	0.0220478	0.00457187	0.00102572	0.000422016	0.000108817	1.54799e-005	3.3781e-006	1.09952e-006	3.64997e-007	6.41483e-008	3.67922e-008	8.47579e-009	3.18714e-009	1.23505e-009	4.81011e-010	1.08526e-010	3.21681e-011	1.506e-011	1.41266e-012	6.33428e-014	4.15798e-015	4.83589e-014	1.69084e-014	2.64432e-014	1.02491e-013	5.84122e-013	1.10862e-012	
0	0.0123484	0.00788855	0.00629232	0.0949631	0.00418273	0.015664	0.00762846	0.0289679	0.00241151	0.00319305	0.0119495	0.343042	0.695401	0.911183	0.974274	0.995044	0.998653	0.999421	0.999827	0.999258	0.998962	0.99923	0.998113	0.999592	0.99833	0.999723	0.998915	0.909982	0.847687	0.884216	0.82265	0.513196	0.0302184	0.00164685	5.64976e-005	0.000253469	6.99695e-005	2.11472e-005	4.28948e-005	0.000179724	0.000108182	
0	0	0.00819881	0.00627818	0.0387656	0.0313218	0.00456579	0.0080866	0.0158417	0.083624	0.0116531	0.00222946	0.000480692	0.00122362	0.00034704	0.000476916	0.000326912	0.000320352	0.000156512	6.41774e-005	0.00072649	0.00103509	0.000769284	0.00188638	0.00040836	0.00167042	0.000277388	0.00108474	0.0900183	0.152313	0.115784	0.17735	0.486804	0.969782	0.998353	0.999944	0.999747	0.99993	0.999979	0.999957	0.99982	0.999892	


1	0.98999	0.985562	0.991795	0.985891	0.966088	0.983494	0.980884	0.955239	0.397762	0.526104	0.955078	0.997728	0.999372	0.999548	0.977786	0.986707	0.998286	0.0109803	1.00474e-005	7.24349e-011	2.93655e-016	1.10726e-021	5.61405e-028	9.37958e-033	9.25555e-039	1.90464e-040	3.36312e-045	2.73765e-047	2.01765e-049	6.9444e-051	1.90037e-052	6.7827e-054	4.07924e-055	3.34722e-056	1.2108e-057	6.84711e-057	5.58564e-056	1.89187e-056	1.69118e-056	2.3254e-055	6.90463e-055	
0	0.0100017	0.00562538	4.64707e-005	0.00196008	0.000410067	9.76441e-005	0.000422288	0.00120716	0.00249275	9.17849e-005	1.56623e-005	0.000178688	0.000516124	0.000441212	0.0221788	0.0128081	0.00153409	0.98782	0.798448	0.0265666	6.31675e-005	3.91248e-007	1.78769e-009	9.10437e-013	4.23455e-016	3.99316e-017	2.05673e-019	6.08515e-020	6.49195e-021	4.58495e-022	1.68284e-023	2.79924e-025	3.66496e-028	1.3694e-031	3.0911e-034	1.91407e-036	9.45985e-039	1.48804e-040	4.38083e-043	3.65018e-045	1.86126e-047	
0	7.9901e-006	0.000952339	1.9368e-005	1.34647e-006	2.16233e-005	5.97212e-006	6.37447e-007	6.33873e-006	6.78549e-005	5.59279e-006	5.95841e-008	3.17296e-007	1.54139e-006	2.42058e-006	3.15404e-005	0.00040643	0.000145292	0.00119972	0.201533	0.973431	0.999935	0.999996	0.999997	0.999999	0.999999	0.999908	0.999997	0.943174	0.942919	0.919243	0.840171	0.313895	0.00197603	1.15201e-005	5.71871e-008	8.1064e-010	1.79437e-010	5.53322e-012	4.71213e-013	4.46449e-014	6.15748e-015	
0	0	0.00786076	0.00813897	0.0121475	0.0334799	0.0164019	0.0186935	0.0435474	0.599678	0.473798	0.0449061	0.00209293	0.00011054	8.7528e-006	3.32908e-006	7.81891e-005	3.48185e-005	3.21267e-007	8.96938e-006	1.94728e-006	2.01664e-006	3.58351e-006	3.34767e-006	1.2153e-006	6.27533e-007	9.18818e-005	3.40537e-006	0.0568258	0.0570812	0.0807573	0.159829	0.686105	0.998024	0.999988	1	1	1	1	1	1	1	


1	0.999911	0.999946	0.999571	0.999957	0.999787	0.999902	0.999704	0.999947	0.999982	0.999872	0.999853	0.987871	0.93762	0.927707	0.839383	0.386915	0.719992	0.00779823	3.72178e-006	6.50014e-008	5.16755e-010	5.07825e-014	1.80914e-017	5.24465e-020	3.96308e-023	1.57388e-023	8.87731e-027	1.16923e-028	3.26942e-030	8.09127e-031	5.62463e-031	2.56603e-030	2.43857e-029	2.40726e-028	5.98517e-028	5.99051e-027	9.46382e-025	2.06799e-024	2.03414e-023	6.45373e-022	1.60663e-020	
0	8.88453e-005	5.44078e-005	0.000428786	4.32527e-005	0.000211944	9.79493e-005	0.000296039	5.27498e-005	1.77792e-005	0.000127362	0.000146702	0.012114	0.0605955	0.0433021	0.143807	0.612104	0.276706	0.991821	0.969441	0.295041	0.165389	0.0273831	0.00160668	0.00037422	7.83805e-006	2.43028e-005	4.89898e-006	1.00352e-008	5.41102e-011	1.95765e-013	1.03162e-014	1.21893e-015	2.08806e-018	9.54354e-021	2.903e-023	4.84693e-024	3.20444e-025	6.78121e-028	1.35745e-026	1.26226e-025	4.42116e-024	
0	2.80049e-008	1.18624e-008	1.15037e-007	5.17338e-009	1.53082e-006	7.24238e-008	3.06868e-007	2.08796e-008	1.21692e-007	7.5872e-007	1.87641e-007	1.48448e-005	0.00178419	0.0289617	0.0165592	0.000870495	0.00329234	0.000377416	0.0305547	0.699238	0.657107	0.933746	0.924282	0.80045	0.131001	0.670126	0.899673	0.942085	0.869083	0.873916	0.352582	0.00546346	1.95596e-005	1.61242e-008	4.01606e-011	8.86982e-013	1.18212e-013	5.36018e-015	1.24607e-015	1.65266e-016	5.43666e-018	
0	0	3.13352e-009	1.39852e-010	2.5115e-009	3.27509e-010	4.55086e-008	9.19619e-010	2.8354e-008	1.44874e-008	5.40434e-009	6.69903e-009	3.76691e-009	6.08057e-007	2.91972e-005	0.000251542	0.000110506	1.02049e-005	3.08872e-006	6.98399e-007	0.00572156	0.177504	0.0388709	0.0741109	0.199176	0.868992	0.32985	0.100322	0.0579145	0.130917	0.126084	0.647418	0.994537	0.99998	1	1	1	1	1	1	1	1	


1	0.983172	0.977473	0.999396	0.995073	0.9986	0.999329	0.997971	0.997421	0.973193	0.998881	0.999813	0.998478	0.997004	0.996266	0.967713	0.909174	0.985083	0.0505972	2.55751e-005	2.23736e-009	2.02475e-014	2.80365e-019	1.02316e-024	2.82407e-029	1.70694e-034	6.35853e-036	1.33733e-039	1.22587e-040	1.03791e-041	3.19754e-042	1.59485e-043	5.83522e-044	5.90797e-043	4.00325e-042	2.04106e-041	8.67614e-040	1.94924e-038	2.91607e-037	7.68589e-036	6.46018e-034	1.22582e-032	
0	0.00545394	0.0129031	0.000351169	0.00147308	0.000434571	5.01794e-005	0.0018433	0.000452072	0.0245017	1.50706e-005	1.74902e-006	4.02287e-006	3.95561e-006	1.58739e-005	0.000158035	0.000107058	8.64312e-005	7.9475e-007	3.11512e-011	7.46194e-012	4.69998e-017	8.26309e-024	6.70547e-028	9.81443e-034	1.40258e-038	2.37021e-042	7.31928e-045	3.09544e-042	4.46214e-043	9.93592e-044	1.335e-044	1.11727e-043	7.12272e-042	3.74028e-040	1.12141e-038	2.12684e-040	9.572e-041	8.22886e-042	5.67274e-040	6.05546e-039	5.58346e-037	
0	0.0113745	0.0092579	0.000186822	0.00344773	0.000946155	0.000616926	0.000184085	0.00212416	0.00227258	0.00109803	0.000184447	0.00151183	0.0029413	0.00366949	0.0320342	0.0884425	0.00940649	0.922176	0.931136	0.281735	0.00314877	0.000239128	3.41533e-005	1.85172e-007	3.94742e-009	1.06544e-009	8.77118e-010	4.03193e-009	1.00181e-008	7.39849e-009	1.4003e-009	2.11259e-010	5.91678e-012	5.40992e-013	9.35003e-014	2.30676e-014	1.26786e-015	6.1879e-015	4.53656e-015	5.12898e-016	3.5307e-017	
0	0	0.000366458	6.56591e-005	6.04324e-006	1.87743e-005	3.78561e-006	1.54912e-006	2.27523e-006	3.2371e-005	5.96948e-006	1.10896e-006	5.66259e-006	5.04848e-005	4.88899e-005	9.47953e-005	0.00227673	0.00542369	0.0272257	0.0688386	0.718265	0.996851	0.999761	0.999966	1	1	1	1	1	1	1	1	1	1	1	1	1	1	1	1	1	1	


1	0.998385	0.994488	0.985038	0.996653	0.982984	0.946248	0.994162	0.993885	0.999278	0.870664	0.396552	0.00129644	1.03209e-006	1.82444e-009	7.1345e-011	8.06035e-013	7.95953e-015	8.6979e-018	2.64068e-024	3.77263e-028	5.16494e-033	1.11886e-038	1.23842e-043	2.64576e-049	2.83501e-055	3.67815e-057	6.01297e-062	1.00576e-061	8.07536e-062	5.25477e-062	6.00718e-063	3.73786e-062	1.13123e-061	1.42502e-061	6.0902e-061	5.84481e-061	1.97053e-060	5.32975e-060	1.52534e-059	3.19914e-059	6.32399e-059	
0	0.00146	0.00546346	0.0105787	0.00313997	0.0121644	0.0485664	0.00358272	0.00565998	0.000678734	0.0998607	0.196588	0.00208511	3.55871e-006	1.37087e-008	2.20529e-011	5.39332e-014	1.01688e-015	1.14589e-018	1.29329e-022	9.3784e-025	1.03208e-026	6.77586e-029	4.05039e-031	4.96572e-034	2.33614e-037	7.65987e-038	1.07682e-040	5.7172e-043	2.35402e-045	7.16851e-048	1.21261e-050	7.23485e-052	2.34507e-052	5.76269e-053	3.08936e-053	1.39174e-052	1.96114e-053	2.13752e-054	1.97292e-054	2.06512e-054	2.92449e-055	
0	0.000155284	3.2246e-005	0.00437445	5.25123e-005	0.00483071	0.00416516	0.00222188	0.000171236	5.33898e-006	0.0294522	0.405367	0.995386	0.999497	0.999608	0.999368	0.998224	0.994228	0.99964	0.999746	0.833751	0.460417	0.705438	0.18203	0.0458084	0.000912047	0.128732	0.214476	0.011076	0.000245171	3.2597e-006	2.84976e-008	1.60618e-010	9.69445e-013	1.4612e-015	1.60117e-017	3.08788e-016	5.48844e-016	2.12554e-016	3.73678e-016	3.48737e-015	1.3921e-014	
0	0	1.61095e-005	8.3745e-006	0.000154333	2.11874e-005	0.00102009	3.3878e-005	0.000283832	3.83295e-005	2.28507e-005	0.0014927	0.00123229	0.000498182	0.000392151	0.00063236	0.00177577	0.00577203	0.000360152	0.000254174	0.166249	0.539583	0.294562	0.81797	0.954192	0.999088	0.871268	0.785524	0.988924	0.999755	0.999997	1	1	1	1	1	1	1	1	1	1	1	


