E:\Google Drive\Progetti\MSR Action3D\Real\a11_s07_e03_skeleton3D.txt
11
TRUE
-1018.86
-1020.05
-977.294
-1005.71
-1021.3
-989.544
-1010.42
-1009.13
-1017.61
-855.338
-823.04
-1002.19
-1051.25
-1024.73
-1052.51
-936.579
-966.551
-1005.23
-1013.51
-983.743

37
20
1	0.979074	0.980491	0.976737	0.970926	0.948728	0.585346	0.0871276	0.00363756	0.000126299	9.66078e-006	1.92891e-007	5.4187e-011	5.04543e-014	1.55968e-016	1.90774e-019	4.24097e-022	2.98424e-023	2.09608e-026	1.74275e-026	3.81187e-027	7.03467e-028	9.79299e-029	3.37734e-029	5.04113e-031	2.53909e-032	8.72764e-033	1.01702e-033	2.61769e-033	2.7322e-033	7.47203e-033	6.74617e-032	7.907e-032	5.96219e-032	4.99712e-031	1.3427e-030	8.96248e-029	1.47922e-028	
0	0.00295007	0.00178905	0.00326587	0.0046775	0.00778914	0.00328566	0.000375498	6.98105e-005	2.44885e-006	3.44801e-007	3.36232e-008	2.61406e-011	2.69882e-014	2.08023e-016	4.23671e-019	5.72196e-022	8.51678e-024	2.38505e-027	6.53804e-027	5.08232e-028	3.94207e-029	1.65199e-030	6.96771e-031	4.06644e-032	7.99882e-033	7.02087e-033	1.11031e-033	1.52796e-033	2.15149e-033	2.40057e-033	4.37691e-033	7.15463e-033	1.23767e-033	7.54373e-033	6.48638e-033	1.05186e-030	1.18848e-030	
0	0.0179763	0.0176336	0.0199425	0.0243467	0.0433849	0.409221	0.908663	0.98909	0.995647	0.995952	0.998818	0.996187	0.970938	0.35728	0.00650779	0.000211471	0.00365811	6.38882e-005	1.10031e-005	3.01121e-007	6.31312e-009	1.48429e-010	3.96891e-012	1.48552e-013	3.21264e-015	3.85814e-017	1.40995e-019	1.98141e-021	1.06431e-023	8.38122e-026	4.33677e-026	5.02041e-028	3.16873e-030	2.72521e-030	1.18487e-031	8.68168e-031	2.79906e-030	
0	0	8.64506e-005	5.49269e-005	4.98503e-005	9.82498e-005	0.00214713	0.00383421	0.00720226	0.00422459	0.00403804	0.00118193	0.00381292	0.0290617	0.64272	0.993492	0.999789	0.996342	0.999936	0.999989	1	1	1	1	1	1	1	1	1	1	1	1	1	1	1	1	1	1	


1	0.651263	0.173563	0.37895	0.266505	0.120157	0.0611613	0.00036367	1.95992e-005	1.47353e-007	1.11962e-009	9.19247e-010	5.9126e-011	1.91268e-010	3.53191e-010	1.26882e-010	2.68616e-010	4.15869e-010	5.61767e-010	1.09447e-009	4.07411e-010	8.31525e-011	7.34254e-011	7.68469e-012	7.19233e-013	3.76052e-015	4.75431e-017	7.74219e-019	1.27864e-019	3.85247e-021	1.33522e-022	3.23599e-023	1.68213e-024	1.16193e-025	3.4642e-025	2.07334e-025	4.67109e-025	8.1456e-026	
0	0.348737	0.825707	0.620173	0.73279	0.879543	0.918067	0.997304	0.994187	0.997675	0.998736	0.982373	0.994684	0.934693	0.441465	0.0354007	0.00551313	0.0501662	0.00167547	0.00048392	0.000185524	4.14703e-005	4.66349e-006	1.73136e-006	2.45686e-007	1.76205e-008	3.17503e-010	1.51303e-012	2.58395e-013	1.12241e-015	3.28577e-017	3.56953e-018	1.46625e-019	1.51506e-021	5.71162e-021	7.25598e-022	1.68911e-020	1.35302e-021	
0	1.18025e-007	0.000720535	0.000863113	0.0007017	0.000287899	0.0207452	0.00231874	0.00566843	0.00228554	0.00124099	0.017593	0.00517373	0.0649919	0.547362	0.946708	0.939742	0.933032	0.975459	0.935375	0.535263	0.527274	0.661309	0.177462	0.0815848	0.00362251	8.96218e-006	4.83274e-008	1.68535e-009	4.32671e-012	1.31163e-014	2.18318e-016	2.97385e-018	1.45031e-020	1.41686e-021	2.27285e-023	2.44792e-023	7.24248e-024	
0	0	9.58406e-006	1.30428e-005	2.99164e-006	1.19617e-005	2.66899e-005	1.36788e-005	0.00012537	3.89478e-005	2.3506e-005	3.35679e-005	0.000142679	0.000315374	0.0111729	0.0178916	0.0547446	0.0168017	0.0228653	0.0641407	0.464551	0.472685	0.338687	0.822537	0.918415	0.996377	0.999991	1	1	1	1	1	1	1	1	1	1	1	


1	0.999675	0.999229	0.999134	0.997075	0.999267	0.998184	0.985208	0.992529	0.85244	0.96996	0.958343	0.940802	0.0180547	0.00019365	5.66958e-005	0.000371169	0.00651191	0.0367034	0.00279317	0.00386092	0.000560629	0.000150606	1.67377e-005	1.10715e-006	6.65893e-008	3.32719e-009	1.61013e-010	1.0294e-010	9.96784e-012	1.28846e-012	3.26987e-012	6.71098e-013	5.60095e-014	6.87315e-014	1.68746e-014	2.93535e-013	5.49771e-014	
0	0.000325072	0.00076986	0.000858604	0.00292048	0.000718506	0.00180237	0.0147903	0.00743977	0.14755	0.0298639	0.0416566	0.0591982	0.981945	0.999803	0.999589	0.998309	0.9934	0.962411	0.997184	0.745647	0.651316	0.417963	0.0391975	0.0532503	0.0224631	0.00133843	4.46973e-005	1.60175e-005	4.38286e-008	2.20238e-010	6.24618e-013	3.66842e-013	8.862e-016	9.05805e-016	9.91223e-016	1.04454e-016	8.51487e-015	
0	1.27056e-012	4.36363e-007	4.74311e-006	3.5381e-006	3.5991e-006	5.16494e-006	3.81572e-007	2.31364e-006	5.83047e-007	1.54053e-005	5.02711e-008	9.71444e-009	9.89684e-009	2.81712e-006	0.000311532	0.000673923	5.43861e-005	0.00035563	4.26334e-006	0.0117409	0.00277551	0.00753459	0.000405048	8.06965e-005	6.1334e-005	4.57859e-005	3.2775e-006	2.7164e-006	2.54393e-008	3.77892e-011	5.83023e-012	3.51604e-014	2.65567e-016	6.94053e-018	1.25046e-018	2.13675e-017	1.22262e-019	
0	0	3.60237e-007	3.01289e-006	1.01358e-006	1.1067e-005	8.02102e-006	1.76116e-006	2.91137e-005	9.34844e-006	0.000160343	8.18656e-008	8.58591e-008	1.40283e-008	7.95921e-007	4.25391e-005	0.000646102	3.32287e-005	0.000530304	1.87647e-005	0.238751	0.345348	0.574351	0.960381	0.946668	0.977475	0.998616	0.999952	0.999981	1	1	1	1	1	1	1	1	1	


1	0.943672	0.87542	0.588443	0.544565	0.35514	0.0335133	0.00089141	4.50831e-005	3.6081e-006	3.09862e-007	5.09533e-008	7.94934e-011	5.78318e-014	2.18441e-017	3.42174e-020	7.89995e-023	8.49115e-025	7.59108e-028	2.50453e-028	2.58415e-029	1.12183e-030	2.77612e-032	1.38792e-033	3.41558e-035	4.65653e-037	3.36231e-038	4.63922e-039	4.04659e-039	1.09756e-039	1.12332e-039	3.38254e-039	1.40503e-039	1.60108e-040	2.21543e-039	1.001e-039	1.12596e-037	3.94061e-038	
0	0.0563275	0.124476	0.411298	0.453821	0.641065	0.963132	0.964183	0.978035	0.890576	0.98194	0.891816	0.781624	0.0263352	0.000380951	1.81792e-005	4.87986e-006	8.36388e-005	1.14461e-005	9.70967e-007	1.88287e-007	3.82928e-009	8.08379e-011	3.28129e-012	1.48281e-013	1.7689e-015	2.52826e-018	1.6403e-020	9.01344e-022	2.89157e-024	6.14287e-026	3.36711e-026	5.47324e-028	5.8367e-031	3.79347e-030	4.57467e-033	1.92331e-030	5.68307e-033	
0	5.48554e-010	0.000103399	0.000258275	0.00161277	0.00376781	0.00331713	0.0349224	0.0217689	0.109374	0.0179003	0.108132	0.218239	0.971559	0.94934	0.908674	0.767747	0.982847	0.944047	0.807709	0.089403	0.0158076	0.00215981	8.18169e-005	0.000288224	2.87215e-005	7.34707e-007	2.06367e-008	9.94196e-010	2.22597e-012	3.55757e-014	6.93779e-016	2.87542e-017	4.9336e-020	3.61747e-020	1.65707e-022	6.61048e-022	6.85975e-024	
0	0	3.46638e-008	1.32249e-006	1.29221e-006	2.769e-005	3.75644e-005	2.94944e-006	0.000150682	4.62296e-005	0.000159132	5.2003e-005	0.000136312	0.00210578	0.0502789	0.0913081	0.232248	0.017069	0.0559417	0.19229	0.910597	0.984192	0.99784	0.999918	0.999712	0.999971	0.999999	1	1	1	1	1	1	1	1	1	1	1	


1	0.942639	0.908361	0.69189	0.352812	0.182901	0.127788	0.00662769	0.000706389	1.09588e-005	2.32741e-007	2.47357e-008	4.07628e-011	1.05139e-013	2.93288e-016	1.32654e-018	3.52907e-020	1.46914e-020	2.41876e-022	8.38908e-023	4.99001e-024	5.65954e-025	5.81253e-026	3.28078e-027	8.76553e-029	3.31716e-030	4.88072e-031	5.15084e-032	1.73136e-032	6.06845e-033	6.5704e-033	2.7828e-032	3.56394e-033	2.10349e-033	1.49818e-033	2.20051e-033	1.26923e-032	7.4249e-033	
0	0.0573614	0.0916297	0.308086	0.647125	0.817046	0.867553	0.993043	0.998712	0.999931	0.999993	0.997253	0.999827	0.941487	0.0743534	0.000672442	4.16172e-005	0.00648946	0.000121187	1.20643e-005	1.64586e-007	1.45725e-009	1.31791e-011	1.8827e-013	1.34975e-015	4.22909e-017	1.22785e-019	1.40792e-022	4.25218e-024	2.21008e-027	6.44615e-029	6.67211e-030	2.28773e-032	3.62944e-035	8.58282e-035	1.61759e-035	1.16861e-033	2.90976e-034	
0	1.45661e-022	9.49297e-006	2.30423e-005	6.30621e-005	5.00381e-005	0.00465425	0.000306289	0.000569935	5.72341e-005	6.35636e-006	0.00274665	0.000167482	0.0585083	0.918547	0.944358	0.741172	0.0462228	0.071607	0.0152699	0.000299264	3.85156e-005	3.56605e-005	8.58037e-008	4.82764e-008	4.56928e-010	3.19826e-012	3.61757e-014	2.15139e-016	1.33801e-019	1.66465e-023	3.92203e-026	1.0946e-028	4.55293e-031	4.04791e-034	7.40325e-036	1.48909e-038	8.82403e-037	
0	0	3.60002e-017	5.00484e-007	2.90243e-007	2.74647e-006	4.22707e-006	2.34983e-005	1.16914e-005	1.03583e-006	1.27286e-007	2.13719e-008	5.50974e-006	4.93977e-006	0.00709975	0.0549692	0.258786	0.947288	0.928272	0.984718	0.999701	0.999961	0.999964	1	1	1	1	1	1	1	1	1	1	1	1	1	1	1	


1	0.998116	0.981428	0.94401	0.977534	0.855036	0.78817	0.305012	0.0150913	0.00120338	0.000419714	5.38629e-007	5.23037e-011	1.95002e-017	7.31423e-023	7.03711e-026	1.02188e-027	1.35015e-029	4.50522e-031	2.25812e-033	4.07544e-034	1.75647e-035	3.40821e-037	3.20816e-038	3.47451e-040	1.39092e-041	1.09195e-042	1.4449e-043	2.27845e-043	4.81712e-043	1.74945e-042	3.7805e-041	1.48599e-041	9.87023e-042	2.47015e-040	3.6897e-040	3.56792e-038	2.69125e-038	
0	0.00188414	0.0185697	0.0559795	0.0224333	0.144942	0.211095	0.690549	0.979344	0.769923	0.848147	0.863078	0.535789	0.000157261	4.85838e-007	3.76818e-008	1.7019e-007	6.69547e-006	0.000666366	1.20334e-005	7.64354e-007	4.3409e-009	2.88091e-011	3.03764e-013	3.44861e-016	3.51027e-018	9.22117e-022	1.52433e-024	3.80095e-027	1.42991e-029	2.96865e-031	2.8026e-031	1.95213e-033	4.41477e-035	7.22415e-036	4.04657e-038	7.0019e-038	1.99854e-039	
0	4.03893e-009	2.79123e-006	1.06842e-005	3.25013e-005	2.05072e-005	0.000734245	0.00443472	0.00556021	0.228865	0.151156	0.13692	0.464211	0.999842	0.999838	0.989028	0.84445	0.999333	0.672848	0.99306	0.0892784	0.00173611	1.2887e-005	2.8636e-007	1.02928e-007	4.98727e-008	2.59671e-009	5.80073e-011	9.18994e-012	6.91865e-014	1.19361e-015	5.77039e-017	6.98748e-018	4.66206e-021	1.08269e-021	1.63738e-023	5.39452e-024	7.44679e-025	
0	0	1.83404e-011	5.20596e-008	3.92045e-008	7.15214e-007	1.2406e-006	4.32172e-006	4.71826e-006	8.56433e-006	0.000277549	1.1425e-006	5.95232e-007	8.1909e-007	0.000161714	0.0109717	0.155549	0.000659929	0.326485	0.0069275	0.910721	0.998264	0.999987	1	1	1	1	1	1	1	1	1	1	1	1	1	1	1	


1	0.999327	0.999871	0.999792	0.999539	0.99945	0.982053	0.976802	0.70854	0.166016	0.375985	0.0563031	0.00784107	2.32564e-005	8.96145e-008	1.18678e-009	4.25706e-010	2.23196e-008	1.94192e-009	9.15502e-010	5.36533e-011	1.33585e-012	4.99697e-014	1.93693e-015	3.75391e-018	3.07219e-020	1.16144e-022	2.14647e-025	4.12959e-025	3.08143e-027	4.19019e-028	1.21793e-028	2.4838e-029	2.43513e-031	1.61166e-030	2.02728e-031	3.19548e-029	7.40009e-031	
0	0.000673151	0.000129387	0.00020766	0.000461342	0.000550407	0.0179395	0.0231777	0.291129	0.833093	0.619215	0.940924	0.989156	0.999425	0.925932	0.207477	0.0769158	0.0686521	0.0256001	0.0199944	0.000165009	9.94662e-006	7.39255e-007	4.27368e-009	3.25172e-009	3.93295e-010	7.62445e-012	1.01825e-013	3.38919e-015	1.79548e-018	4.67231e-021	2.36086e-023	1.17607e-024	3.21876e-027	4.15456e-028	2.95719e-029	4.09517e-031	1.34863e-030	
0	6.97422e-017	5.27307e-008	1.35186e-008	1.97403e-008	1.01165e-008	7.3781e-006	1.99836e-005	0.000319007	0.000883775	0.00470792	0.00275841	0.00299065	0.000551512	0.0740544	0.790521	0.641227	0.813369	0.623116	0.103078	0.000964897	3.06664e-005	1.53524e-006	7.38161e-009	3.23013e-010	2.00843e-011	9.16332e-014	1.09209e-014	5.72668e-015	3.51511e-018	4.95205e-021	4.05758e-023	7.06768e-025	5.74433e-028	3.91299e-029	2.34176e-031	4.1907e-031	4.61663e-034	
0	0	8.32583e-009	2.11658e-009	7.18154e-010	1.2619e-008	3.57487e-007	5.19265e-007	1.19273e-005	7.50463e-006	9.20287e-005	1.4537e-005	1.19721e-005	6.86639e-007	1.32854e-005	0.00200241	0.281857	0.117979	0.351284	0.876928	0.99887	0.999959	0.999998	1	1	1	1	1	1	1	1	1	1	1	1	1	1	1	


1	0.999713	0.999834	0.999707	0.998661	0.999913	0.949778	0.975556	0.955709	0.900507	0.997973	0.265182	0.351855	0.00240802	2.05849e-006	4.39655e-009	6.73858e-011	3.07086e-011	2.01301e-014	7.18931e-016	3.94627e-017	1.51676e-019	4.40536e-022	3.34754e-023	2.74984e-026	1.03109e-027	2.67885e-029	8.29046e-032	1.92722e-031	1.69249e-033	3.30188e-034	1.29436e-034	9.12822e-036	6.75014e-038	1.75844e-037	2.87859e-038	2.31683e-036	1.65241e-037	
0	0.000287224	0.000160922	0.000289442	0.00133456	6.90705e-005	0.0491821	0.00707095	0.040132	0.0988763	0.00166951	0.734773	0.612701	0.99712	0.999586	0.9339	0.0608385	0.000579018	4.24078e-005	3.41264e-006	6.79357e-009	2.47215e-010	1.44309e-011	1.03333e-014	3.48614e-016	9.25815e-019	1.44134e-021	1.75366e-024	8.20278e-027	2.05851e-030	2.22031e-034	2.67842e-036	2.81236e-037	1.00228e-039	2.56922e-040	2.20085e-040	8.46263e-041	1.60427e-038	
0	1.1827e-007	4.81816e-006	3.09254e-006	4.30592e-006	1.78212e-005	0.00103635	0.0173518	0.00284437	0.000313857	0.000347669	3.66199e-005	0.0354228	0.000343659	0.000405808	0.0660455	0.915621	0.994624	0.721089	0.545784	0.32438	0.0966009	0.0289488	0.0240275	0.00542479	0.000563939	1.10622e-005	7.5607e-008	3.69895e-009	8.95016e-012	1.7024e-014	7.23814e-016	7.62973e-019	1.69733e-021	2.15254e-022	1.30152e-024	4.24263e-024	2.58796e-026	
0	0	8.60295e-010	9.70641e-009	6.0012e-009	8.51575e-009	3.5475e-006	2.09572e-005	0.00131504	0.000302751	1.01449e-005	9.02303e-006	2.03567e-005	0.000128204	6.099e-006	5.43814e-005	0.0235407	0.0047965	0.278868	0.454213	0.67562	0.903399	0.971051	0.975973	0.994575	0.999436	0.999989	1	1	1	1	1	1	1	1	1	1	1	


1	0.995056	0.996471	0.995199	0.998581	0.994407	0.907023	0.973284	0.975715	0.975084	0.995851	0.981794	0.959879	0.378323	0.00392514	8.20753e-006	1.56841e-007	8.48049e-007	1.28796e-008	1.20052e-009	3.98436e-011	4.86079e-013	4.00097e-015	1.25971e-016	7.01555e-019	4.34927e-020	2.18333e-021	3.93744e-023	1.52925e-022	4.76843e-024	2.38401e-024	2.98629e-024	8.95046e-025	3.26057e-026	3.2724e-025	2.01924e-025	1.12025e-023	3.9969e-024	
0	0.00431151	0.00302897	0.0043632	0.000956564	0.00534218	0.0811036	0.0170912	0.0218539	0.0234237	0.00370966	0.0157982	0.0371533	0.616028	0.98717	0.978021	0.972748	0.712869	0.599779	0.681803	0.416175	0.326105	0.142687	0.0756071	0.0410439	0.0413962	0.0193291	0.00245612	0.00141527	6.10947e-005	7.23278e-006	1.26151e-006	6.85828e-007	4.5942e-008	2.40325e-008	1.56575e-008	6.65101e-009	9.97044e-009	
0	0.000632043	0.000497677	0.000434725	0.000461873	0.00024771	0.0118347	0.00956685	0.00227995	0.00148501	0.000438171	0.00240588	0.00295804	0.00561139	0.0088514	0.0217572	0.0214933	0.285458	0.18269	0.0462981	0.00524487	0.0028782	0.00228253	0.0004623	0.000680058	0.000415127	4.43898e-005	3.45134e-005	9.52749e-005	3.30116e-007	5.95027e-008	3.48121e-008	3.20936e-009	2.94554e-010	1.28972e-009	8.94021e-011	1.98715e-009	4.11995e-011	
0	0	2.54054e-006	3.11419e-006	4.29568e-007	3.00291e-006	3.90269e-005	5.80321e-005	0.000151165	7.45562e-006	1.44098e-006	2.07068e-006	9.66343e-006	3.78333e-005	5.37625e-005	0.000213539	0.00575896	0.00167282	0.217531	0.271899	0.57858	0.671017	0.85503	0.923931	0.958276	0.958189	0.980627	0.997509	0.998489	0.999939	0.999993	0.999999	0.999999	1	1	1	1	1	


1	0.999795	0.98919	0.999992	0.999543	0.99986	0.997002	0.00392288	8.55013e-008	1.74854e-011	3.77735e-016	6.53118e-023	4.68888e-033	3.02421e-040	5.90531e-049	2.67212e-056	6.54168e-063	1.1758e-066	1.29286e-073	7.84091e-080	4.78448e-083	2.02009e-086	2.67441e-090	4.20685e-092	1.65358e-095	6.50918e-098	1.27297e-100	1.40085e-103	5.10439e-105	1.57573e-107	7.91898e-109	3.93668e-109	4.95703e-111	7.52053e-112	5.69753e-111	3.68478e-111	2.57988e-109	1.68414e-110	
0	0.000205306	0.0108099	4.75273e-006	0.000457021	0.000139832	0.00292835	0.996076	0.999998	0.999951	1	0.999854	0.999999	0.00215322	9.97149e-008	2.89496e-012	1.27213e-017	2.92355e-015	7.50434e-020	6.18041e-025	2.01363e-031	4.26976e-038	2.87185e-046	2.01819e-050	5.24373e-054	1.05726e-055	1.75884e-061	1.75179e-066	3.35025e-070	1.2274e-074	6.65668e-078	3.73075e-080	4.13537e-084	1.43309e-087	5.92031e-088	7.90707e-091	5.44432e-090	1.84705e-094	
0	5.03234e-029	5.02698e-007	2.91652e-006	4.88949e-009	7.68775e-008	6.9355e-005	1.46482e-006	1.49228e-006	4.85584e-005	1.83665e-007	0.000145929	5.52023e-007	0.997847	0.999999	0.999998	1	0.999989	1	0.999997	0.999868	0.999956	0.999997	0.952482	0.995498	0.0754967	6.87433e-005	2.2293e-008	6.49753e-012	2.15376e-015	1.10699e-018	2.40277e-021	2.17682e-023	4.64167e-025	4.87651e-027	2.31481e-028	1.15019e-029	4.47351e-031	
0	0	4.50727e-027	1.15247e-010	1.55675e-010	5.83474e-012	1.06498e-010	3.66872e-010	1.26222e-011	2.17527e-011	2.98214e-010	1.18864e-014	4.00552e-013	2.14822e-012	9.1942e-007	2.25278e-006	4.63638e-007	1.08499e-005	4.64147e-008	3.34085e-006	0.000131564	4.37869e-005	2.55099e-006	0.0475175	0.00450179	0.924503	0.999931	1	1	1	1	1	1	1	1	1	1	1	


1	0.999976	0.999758	0.999998	0.999982	0.99999	0.985564	0.0953226	5.2226e-006	2.51872e-010	7.28119e-014	6.11636e-019	2.38428e-025	1.11399e-029	4.94629e-035	2.81138e-039	1.51681e-042	2.79495e-043	3.17678e-047	1.08291e-051	3.0892e-054	1.1829e-057	3.71369e-061	1.61463e-062	7.47309e-066	4.34578e-068	4.26548e-071	1.18894e-074	1.11644e-076	9.46964e-080	1.5255e-081	1.88352e-082	4.38227e-085	2.28493e-086	5.64272e-086	3.16906e-086	1.96023e-084	7.35949e-086	
0	2.42453e-005	0.000241669	2.2749e-006	1.82665e-005	9.8212e-006	0.0144352	0.904578	0.999993	0.999988	0.999999	0.999941	0.999995	0.223792	0.00111455	5.14723e-007	9.05343e-011	8.82201e-010	7.93518e-013	4.79433e-017	1.60229e-021	3.96585e-026	1.57554e-031	8.18462e-035	7.73853e-037	2.06193e-038	4.77379e-044	2.08003e-048	2.08305e-053	3.58482e-058	4.01612e-062	2.17554e-064	7.46685e-068	3.56153e-071	9.80369e-073	4.24391e-076	1.08438e-076	9.4448e-080	
0	1.45058e-012	5.68144e-009	1.8779e-009	4.21673e-011	1.05802e-010	6.73828e-007	9.9591e-005	1.97862e-006	1.18268e-005	9.84774e-007	5.93803e-005	4.82687e-006	0.776208	0.998864	0.999986	0.999997	0.999965	0.999999	0.999999	0.999825	0.999974	0.999995	0.988268	0.989558	0.0593633	2.13873e-006	1.07226e-010	8.28774e-016	1.10617e-020	2.83811e-025	2.22103e-029	1.38445e-032	1.77071e-035	9.08036e-039	9.15352e-041	2.43738e-043	3.29605e-045	
0	0	2.79213e-011	1.79711e-011	9.67705e-014	3.50674e-012	5.22675e-012	4.57065e-010	2.96095e-008	9.05282e-009	9.3216e-008	4.22214e-010	1.3182e-010	3.99441e-008	2.09963e-005	1.38283e-005	3.01696e-006	3.48757e-005	5.00812e-007	1.35142e-006	0.000174521	2.62926e-005	5.41212e-006	0.0117317	0.0104416	0.940637	0.999998	1	1	1	1	1	1	1	1	1	1	1	


1	0.99006	0.992826	0.724898	0.789584	0.403362	0.2551	0.0249481	0.0833025	0.0279673	0.0807885	0.0126604	0.0085222	0.000151352	3.26899e-006	8.14546e-007	1.43238e-007	8.69567e-007	3.94073e-007	5.56144e-009	9.30445e-011	3.51204e-012	5.78196e-014	4.3765e-015	6.48281e-018	9.02918e-020	1.5894e-020	3.59164e-020	3.01937e-020	1.48386e-019	3.07079e-019	1.58338e-017	1.53328e-018	2.22854e-018	8.8577e-018	1.96013e-018	8.4387e-017	2.26701e-017	
0	0.009906	0.00690669	0.275056	0.209533	0.592983	0.741193	0.306888	0.499027	0.553857	0.784384	0.8854	0.863559	0.269442	0.0126841	0.000717387	0.000375789	0.0189679	0.0235696	0.000456698	2.64985e-005	2.64726e-007	7.92408e-009	1.02584e-010	4.5854e-014	2.83272e-017	9.44863e-021	6.67444e-024	5.1114e-024	1.77807e-024	2.08712e-022	5.70251e-021	1.25047e-021	2.90376e-022	3.48633e-020	3.69098e-022	1.54234e-018	2.30592e-020	
0	3.3898e-005	0.000265961	5.88217e-006	0.000873437	0.00357	0.00363578	0.668154	0.363932	0.401372	0.117565	0.0980626	0.125749	0.66997	0.373391	0.318132	0.0700851	0.0233952	0.0452126	0.430822	0.099779	0.308327	0.333483	0.244824	0.989297	0.978738	0.852046	0.408727	0.00303761	0.000115668	6.09207e-006	1.05139e-007	2.01152e-009	1.43752e-010	4.17424e-012	5.32971e-013	2.31875e-014	6.86782e-015	
0	0	1.36161e-006	3.95139e-005	9.0027e-006	8.48679e-005	7.15553e-005	1.02614e-005	0.0537384	0.0168038	0.0172627	0.00387661	0.00216985	0.0604365	0.613922	0.68115	0.929539	0.957636	0.931217	0.568722	0.900194	0.691672	0.666517	0.755176	0.0107034	0.0212624	0.147954	0.591273	0.996962	0.999884	0.999994	1	1	1	1	1	1	1	


1	0.999903	0.999041	0.999646	0.998868	0.995862	0.954398	0.911692	0.927698	0.934846	0.946482	0.632242	0.534326	0.646442	0.647143	0.663826	0.490039	0.305285	0.159979	0.0170517	0.0191176	0.0269796	0.0313021	0.0448695	0.121113	0.421541	0.810734	0.921182	0.889784	0.813389	0.886435	0.985803	0.932259	0.925755	0.992336	0.985884	0.994234	0.986832	
0	8.80098e-005	0.000957461	0.000142854	0.000176134	0.000132462	0.000106663	0.000226956	0.00147143	0.00107898	0.0012344	0.0111553	0.00349717	0.0267328	0.280669	0.210516	0.0199728	0.00050234	0.00208962	0.00152718	0.000334416	0.000222646	0.000280961	0.000291293	0.00226209	0.0137468	0.0282712	0.0645409	0.109839	0.18604	0.110678	0.00707425	0.0673471	0.0732229	0.00385836	0.0110252	0.000251502	0.00938667	
0	8.67277e-006	9.74556e-012	1.17112e-006	7.01652e-009	9.57357e-007	0.00189078	1.73215e-008	4.14348e-007	3.29535e-008	8.47505e-007	2.89599e-006	2.55003e-005	2.1738e-005	1.65421e-005	0.000547831	0.0377813	0.000236728	0.000523026	5.27552e-008	2.92114e-008	1.7264e-009	1.49672e-008	1.30258e-008	2.69429e-006	1.41661e-006	4.41471e-008	6.59795e-010	3.38186e-010	2.92922e-009	8.20671e-010	2.0154e-008	2.1535e-011	1.47045e-010	1.87036e-009	1.28762e-010	9.33358e-008	1.37362e-010	
0	0	1.95291e-006	0.000209829	0.000956248	0.00400473	0.0436043	0.088081	0.0708302	0.0640745	0.0522826	0.3566	0.462151	0.326803	0.0721713	0.12511	0.452207	0.693976	0.837409	0.981421	0.980548	0.972798	0.968417	0.954839	0.876622	0.564711	0.160995	0.0142772	0.000376454	0.000571328	0.00288703	0.00712286	0.00039403	0.00102225	0.00380572	0.00309064	0.0055144	0.00378099	


1	0.670754	0.540122	0.430559	0.131351	0.14219	0.136114	0.140712	0.15979	0.239175	0.127515	0.00221694	1.05479e-007	2.26562e-012	1.81647e-016	1.65757e-020	2.72494e-025	4.50565e-030	2.93462e-034	3.15723e-036	5.61792e-036	1.07442e-035	1.11925e-035	1.15229e-035	1.29185e-035	8.21494e-036	1.93043e-035	3.47222e-035	1.71815e-035	1.2347e-035	4.70932e-036	1.69829e-036	2.8977e-036	2.21262e-036	4.51255e-036	9.50656e-036	2.06152e-036	5.96313e-036	
0	0.329246	0.447216	0.521979	0.797201	0.690403	0.447442	0.183005	0.0448294	0.0119244	0.0145807	5.12941e-005	6.63637e-010	2.98428e-014	7.61608e-018	8.23809e-022	5.32737e-027	1.24453e-031	3.73473e-036	7.26683e-037	3.68899e-036	7.05322e-036	1.39637e-035	1.61063e-035	4.17201e-036	4.2562e-036	6.37472e-036	3.92404e-036	7.25665e-036	3.55057e-036	9.82269e-037	5.46234e-037	2.57513e-037	3.947e-036	1.23467e-036	1.39744e-034	2.51875e-036	3.15366e-035	
0	2.9866e-009	0.00147481	0.0239288	0.0129158	0.0629569	0.306856	0.419284	0.298665	0.208082	0.183847	0.278992	0.999148	0.999967	0.999648	0.999686	0.999965	0.999867	0.999742	0.748315	0.291989	0.0264364	0.00277509	0.000450055	0.000406678	0.000229954	8.36065e-005	1.19843e-005	2.16949e-006	2.74576e-008	2.33653e-010	1.47205e-011	8.84232e-013	2.66336e-015	6.21222e-016	1.4842e-017	2.39343e-017	3.57421e-019	
0	0	0.0111877	0.0235333	0.0585325	0.10445	0.109589	0.256999	0.496716	0.540818	0.674058	0.71874	0.000851532	3.33524e-005	0.000351786	0.000313733	3.49359e-005	0.000132882	0.00025755	0.251685	0.708011	0.973564	0.997225	0.99955	0.999593	0.99977	0.999916	0.999988	0.999998	1	1	1	1	1	1	1	1	1	


1	0.788168	0.592986	0.470884	0.358536	0.116268	0.0183465	0.000377795	0.000214237	0.00053849	0.000689596	0.000461363	2.51243e-006	1.2344e-007	4.62908e-010	4.78131e-011	7.37814e-013	5.57592e-016	4.35983e-019	1.27261e-019	4.2638e-020	6.13661e-020	4.95403e-020	3.05594e-020	4.87561e-021	3.56162e-022	1.15113e-022	4.13109e-023	4.71594e-024	2.75558e-024	1.31551e-024	3.85603e-024	1.59855e-024	3.70261e-024	1.57719e-024	2.95852e-024	4.3998e-025	1.87433e-024	
0	0.211463	0.405118	0.525588	0.636145	0.879912	0.981272	0.999522	0.976577	0.946807	0.913398	0.927524	0.998278	0.328698	0.0104228	0.132987	0.981527	0.999991	0.999941	0.851803	0.70501	0.630663	0.532429	0.38035	0.0380839	0.000580019	3.30496e-006	1.11278e-007	3.21802e-010	8.52913e-012	3.07665e-013	1.46044e-013	4.30323e-015	6.78177e-016	2.388e-016	3.69334e-017	3.08855e-017	2.19137e-018	
0	0.000369094	0.00186941	0.00323083	0.00403217	0.00320345	0.000144274	9.04549e-005	0.0231909	0.0435796	0.0580688	0.00957509	0.00161757	0.671297	0.989399	0.859929	0.0169251	7.7854e-006	5.94583e-005	0.148183	0.281306	0.249321	0.206749	0.261262	0.814056	0.964846	0.908546	0.874125	0.905721	0.810079	0.662906	0.0333569	0.328716	0.0274371	0.00255049	0.000430466	4.23201e-005	3.90548e-006	
0	0	2.58643e-005	0.000296469	0.00128605	0.00061698	0.000236997	9.74619e-006	1.74046e-005	0.00907495	0.0278439	0.0624394	0.000101962	4.24145e-006	0.000178559	0.00708434	0.00154762	9.12486e-007	2.48389e-009	1.35345e-005	0.0136844	0.120016	0.260822	0.358388	0.14786	0.0345741	0.0914511	0.125875	0.0942794	0.189921	0.337094	0.966643	0.671284	0.972563	0.99745	0.99957	0.999958	0.999996	


1	0.951101	0.933421	0.826928	0.844774	0.812514	0.0584127	0.00459	0.000368965	2.78099e-005	4.46304e-006	3.62821e-009	3.21459e-012	3.03913e-015	2.14676e-018	3.61968e-022	3.334e-026	1.07575e-029	7.50288e-034	7.76785e-037	5.89046e-038	5.95591e-040	1.12553e-041	3.59046e-043	5.99463e-045	2.16182e-046	9.72892e-047	1.18277e-047	1.09185e-047	1.75219e-048	2.98223e-048	5.21031e-048	7.93569e-049	1.69446e-049	6.45735e-050	6.98271e-050	3.72366e-049	1.02529e-049	
0	0.0440316	0.04889	0.158031	0.139693	0.173538	0.702733	0.410836	0.143216	0.044605	0.00967367	0.00231991	0.000372112	7.58905e-005	1.39392e-005	2.95808e-006	9.44078e-007	1.72007e-007	4.94725e-008	8.09164e-009	4.03517e-009	8.9513e-010	3.29059e-010	7.0333e-011	1.67946e-011	2.61612e-012	1.44206e-012	2.80723e-013	5.30984e-014	4.36634e-015	1.10201e-015	1.93554e-015	1.14295e-016	4.0118e-017	1.8276e-017	8.54932e-018	7.90768e-018	3.15615e-018	
0	0.00486776	0.0164241	0.0129415	0.0146259	0.0112721	0.237856	0.583142	0.855777	0.95471	0.989824	0.997591	0.999583	0.998808	0.998206	0.998621	0.998815	0.999917	0.999063	0.985065	0.832293	0.841284	0.802431	0.69673	0.808289	0.964802	0.468073	0.098464	0.0265614	0.00273379	0.000327651	0.000439128	1.9046e-005	3.72735e-006	5.79141e-007	1.50295e-007	6.09879e-008	1.44668e-008	
0	0	0.00126455	0.00209989	0.000907634	0.00267601	0.000998063	0.00143173	0.000637535	0.000657403	0.000498059	8.88155e-005	4.44281e-005	0.00111617	0.00178048	0.00137577	0.00118452	8.3009e-005	0.000936619	0.0149351	0.167707	0.158716	0.197569	0.30327	0.191711	0.0351979	0.531927	0.901536	0.973439	0.997266	0.999672	0.999561	0.999981	0.999996	0.999999	1	1	1	


1	0.999982	0.99958	0.999666	0.999866	0.999351	0.999642	0.982646	0.993769	0.901747	0.99616	0.0643453	0.000354705	3.44692e-010	1.37995e-016	9.41473e-022	9.84857e-026	4.24656e-028	3.16911e-032	4.88199e-037	4.26962e-038	9.17959e-040	1.71297e-041	1.20098e-042	1.62205e-044	5.39358e-046	7.11341e-048	2.64066e-049	3.38716e-050	9.91206e-051	2.34487e-051	1.54753e-050	3.78652e-052	9.44099e-053	5.61953e-053	5.14736e-054	4.58822e-053	1.69063e-054	
0	1.75524e-005	0.000419619	0.000318529	0.000126782	0.000634421	0.000339512	0.0173332	0.00602869	0.0973173	0.00301262	0.887791	0.281435	0.00406757	7.94261e-006	9.32246e-009	3.36353e-011	1.29998e-012	2.61263e-014	3.82389e-016	5.84512e-017	1.97634e-018	1.07683e-019	1.55863e-021	1.53247e-022	3.73708e-024	2.34961e-027	8.90866e-030	1.47953e-032	4.76778e-036	2.05007e-038	3.01373e-041	3.72586e-043	1.40108e-045	9.55229e-048	1.85294e-050	4.82463e-053	2.89908e-055	
0	7.95606e-008	4.22e-007	6.99896e-007	1.37642e-006	1.99599e-007	6.94274e-006	1.55074e-005	0.000125745	0.000792568	0.000445466	0.0478591	0.718189	0.99593	0.999991	0.999998	0.999969	0.999978	0.999991	0.999966	0.627725	0.652828	0.717322	0.122545	0.353967	0.214877	0.0120432	0.00201858	0.000369951	4.17619e-006	2.9473e-008	9.03635e-010	6.70108e-011	1.73624e-012	4.11035e-014	2.31964e-015	9.38717e-017	5.40412e-018	
0	0	2.75741e-007	1.52694e-005	6.10166e-006	1.4685e-005	1.1836e-005	5.03228e-006	7.68128e-005	0.000142969	0.000381829	5.00907e-006	2.14606e-005	2.64099e-006	9.56373e-007	1.966e-006	3.07999e-005	2.16524e-005	8.89803e-006	3.42541e-005	0.372275	0.347172	0.282678	0.877455	0.646033	0.785123	0.987957	0.997981	0.99963	0.999996	1	1	1	1	1	1	1	1	


1	0.999261	0.999908	0.998969	0.999486	0.999218	0.88868	0.803804	0.94056	0.667409	0.794042	0.0946917	0.000437043	2.02295e-007	5.4969e-010	1.73038e-012	1.54506e-015	5.36924e-017	9.22447e-020	6.90539e-021	3.96967e-022	6.6468e-023	3.88867e-024	1.08989e-024	1.14145e-025	3.4635e-026	1.28015e-026	2.18091e-026	3.01694e-026	1.01849e-024	5.11098e-024	2.8865e-022	1.89881e-021	3.31072e-021	4.29652e-020	4.48055e-020	1.37663e-018	2.18108e-018	
0	0.000738626	8.6294e-005	0.0010288	0.000502635	0.000774813	0.111207	0.058966	0.035553	0.23022	0.0686032	0.871564	0.926762	0.0618102	0.0134285	0.000869658	0.000167236	0.000980546	0.000258024	4.39465e-005	1.24962e-006	2.94857e-008	7.19071e-010	3.84796e-012	1.09118e-013	5.90306e-016	3.39928e-019	9.20955e-023	1.24059e-026	4.99073e-029	1.07401e-027	1.94859e-025	2.55691e-026	1.45179e-024	1.18746e-024	3.29269e-024	3.02371e-022	2.89165e-021	
0	5.99704e-010	5.98906e-006	1.43252e-006	1.10256e-005	6.57009e-006	0.000110765	0.137225	0.0228992	0.101788	0.136664	0.0331481	0.0726839	0.937234	0.467798	0.014224	0.000300851	0.0116731	0.000176643	0.000348226	4.08577e-005	1.22465e-005	9.24198e-007	4.362e-007	4.74608e-009	4.1144e-010	1.10484e-013	4.44494e-017	1.24377e-019	9.59772e-023	1.45295e-025	1.32957e-027	7.04586e-028	7.23498e-031	1.47414e-026	8.50235e-028	7.16878e-026	1.70609e-024	
0	0	4.64552e-012	6.80692e-007	1.92634e-007	9.03656e-007	1.53084e-006	4.85119e-006	0.000988126	0.000581899	0.000690242	0.000595884	0.000116754	0.000956111	0.518773	0.984906	0.999532	0.987346	0.999565	0.999608	0.999958	0.999988	0.999999	1	1	1	1	1	1	1	1	1	1	1	1	1	1	1	


1	0.999848	0.998816	0.997161	0.997743	0.997617	0.984635	0.973917	0.994754	0.919954	0.995748	0.113822	0.000656384	3.02066e-008	7.23366e-013	9.46221e-018	6.29947e-022	9.68795e-025	4.98306e-029	3.67074e-032	3.58643e-033	1.10243e-034	2.99665e-036	2.46902e-037	1.90469e-039	9.40774e-041	3.47136e-041	3.24779e-041	1.56577e-040	2.21725e-039	6.48768e-038	2.24784e-036	1.13137e-035	6.89204e-035	1.86554e-033	2.14375e-032	2.42012e-030	6.0244e-030	
0	1.98335e-006	0.000214453	3.09072e-006	2.61446e-006	3.22006e-006	2.79905e-006	1.16814e-005	7.13333e-005	0.000183029	2.59107e-005	3.4142e-006	3.64966e-010	2.02641e-011	5.17545e-015	1.25767e-021	1.25019e-027	2.55146e-032	5.43313e-034	1.99733e-034	3.12674e-035	6.91908e-036	3.12692e-037	8.05501e-039	7.37308e-040	5.89541e-041	1.20876e-040	1.72008e-039	2.19989e-038	1.39873e-036	1.04184e-035	2.8582e-036	5.40831e-034	1.59986e-033	2.10036e-034	3.96063e-034	3.1317e-035	2.21618e-031	
0	0.000150272	0.000968754	0.00283005	0.00224476	0.00237157	0.0149174	0.0241578	0.00366802	0.0790095	0.00348088	0.880339	0.852449	0.833311	0.281639	0.00483119	0.000537214	0.000322554	9.73041e-005	1.06349e-005	5.68694e-006	9.10929e-007	5.26572e-007	9.14401e-009	2.39067e-010	1.54056e-012	2.73196e-014	4.91133e-016	1.9041e-017	3.50991e-019	1.9322e-019	1.39178e-020	1.18277e-021	8.24866e-022	2.06458e-022	9.08468e-023	4.95566e-024	5.13043e-024	
0	0	3.87458e-007	5.42073e-006	9.33074e-006	8.64494e-006	0.000444345	0.00191338	0.0015071	0.000853071	0.000745136	0.00583581	0.146894	0.166689	0.718361	0.995169	0.999463	0.999677	0.999903	0.999989	0.999994	0.999999	0.999999	1	1	1	1	1	1	1	1	1	1	1	1	1	1	1	


1	0.658285	0.902531	0.399177	0.046783	0.0041863	2.36984e-006	3.68791e-008	1.13475e-009	9.08049e-011	8.08909e-013	3.40493e-015	3.4087e-021	6.99448e-025	5.40284e-029	2.25824e-035	3.3907e-042	1.40678e-047	1.2952e-053	1.03426e-054	9.48755e-056	1.08478e-056	1.02278e-057	2.97853e-059	3.70332e-060	1.27509e-061	4.45482e-062	7.1787e-062	1.10631e-061	1.41523e-061	7.59502e-061	6.38843e-061	2.36236e-059	3.29373e-059	1.17999e-058	1.87354e-058	3.03272e-058	2.97891e-057	
0	0.180461	0.0138706	0.0930889	0.0137447	0.00194415	1.52011e-005	8.42287e-009	1.09682e-010	3.50875e-013	1.02348e-013	3.83495e-016	1.44342e-019	4.451e-022	7.34728e-024	1.23546e-026	8.8581e-030	8.77013e-032	2.2878e-035	1.22933e-037	1.07533e-039	2.5341e-042	7.11301e-045	6.39915e-047	1.2212e-049	3.71884e-051	4.1563e-052	1.00092e-053	5.61841e-054	2.71819e-054	1.84957e-054	3.58161e-054	3.57903e-055	7.91667e-056	3.68989e-056	1.07481e-056	8.33896e-057	9.4961e-058	
0	0.161254	0.0808193	0.499094	0.933901	0.981206	0.994392	0.997819	0.996615	0.998655	0.998986	0.99949	0.998571	0.886562	0.060604	0.000700184	4.03692e-005	0.00368983	0.000360967	2.9192e-005	1.03136e-006	1.54939e-008	2.26267e-010	2.45715e-012	1.58033e-014	1.28204e-016	1.12886e-019	5.42847e-023	1.50726e-025	4.79029e-028	2.62271e-029	5.59509e-029	3.14864e-031	3.42842e-033	1.45797e-033	1.16075e-035	1.6526e-034	6.3134e-036	
0	0	0.00277918	0.00864073	0.00557103	0.0126637	0.0055904	0.0021813	0.00338481	0.0013447	0.0010136	0.000510345	0.00142862	0.113438	0.939396	0.9993	0.99996	0.99631	0.999639	0.999971	0.999999	1	1	1	1	1	1	1	1	1	1	1	1	1	1	1	1	1	


