E:\Google Drive\Progetti\MSR Action3D\Real\a16_s03_e01_skeleton3D.txt
16
TRUE
-901.295
-930.595
-904.583
-912.998
-907.833
-918.594
-915.792
-929.903
-918.746
-922.785
-927
-948.607
-925.196
-904.932
-902.264
-891.881
-917.988
-919.105
-914.92
-964.032

39
20
1	0.966356	0.985457	0.853701	0.812567	0.540099	0.39083	0.0941412	0.109502	0.307292	0.619764	0.74738	0.890424	0.338672	0.746213	0.612947	0.963208	0.960309	0.793867	0.717638	0.541828	0.260015	0.464546	0.65126	0.882872	0.871367	0.945997	0.982894	0.984007	0.990081	0.974027	0.867344	0.612925	0.545685	0.667394	0.851502	0.295298	0.254339	0.77078	0.449613	
0	0.00785153	0.00518304	0.0978478	0.183945	0.453398	0.608264	0.905761	0.887322	0.678051	0.362603	0.241801	0.0959416	0.0024312	0.00253327	0.001571	0.00160915	0.0194628	0.117696	0.27642	0.444112	0.734035	0.491048	0.0836606	0.0138022	0.00174127	0.00107547	0.000874327	0.00167453	0.00565408	0.0238143	0.131649	0.384416	0.447766	0.326361	0.112597	0.700823	0.745459	0.219902	0.545005	
0	0.0257924	0.00929812	0.0483934	0.00313958	0.00645895	0.000138301	8.20403e-005	0.00317418	0.0146285	0.0175138	0.0107012	0.0135235	0.656944	0.00498245	0.00157639	0.00282152	0.0197212	0.088296	0.00271767	0.0106132	0.0046864	0.0431043	0.254068	0.00410738	0.000510946	0.000104538	0.00268598	0.010034	0.00146574	0.000249406	0.000292307	0.00249771	0.00653128	0.00622718	0.0358751	0.00299964	7.18101e-005	0.00921569	0.00535868	
0	0	6.1757e-005	5.82136e-005	0.000348972	4.41456e-005	0.000767295	1.62225e-005	1.6758e-006	2.84216e-005	0.000118885	0.000118259	0.000110678	0.0019531	0.246271	0.383906	0.0323617	0.00050725	0.000141219	0.00322392	0.00344686	0.00126369	0.00130117	0.0110121	0.0992182	0.126381	0.0528233	0.0135454	0.00428409	0.00279887	0.00190971	0.000714775	0.000160802	1.83251e-005	1.80143e-005	2.67262e-005	0.000879713	0.000129814	0.000101513	2.28698e-005	


1	0.720092	0.102392	0.072988	0.0784194	0.176034	0.809945	0.638979	0.0897562	0.0265348	0.0173142	0.00726595	0.00255522	0.00124019	0.00470042	0.00313643	0.00940144	0.0129928	0.00186568	0.000990176	0.000497307	0.000213404	0.000430032	0.000165406	0.000477261	0.000167098	1.51218e-005	3.0176e-006	1.78347e-005	2.65176e-006	1.86144e-007	1.22477e-008	2.57716e-009	1.43133e-008	1.39744e-007	3.0922e-007	1.06197e-006	4.87115e-007	3.14619e-007	2.71965e-006	
0	0.279908	0.897005	0.926372	0.915403	0.818182	0.149511	0.344865	0.876229	0.954738	0.97738	0.990015	0.994702	0.951351	0.718372	0.0680568	0.0665336	0.72706	0.969922	0.930773	0.845879	0.728719	0.79077	0.900291	0.281426	0.00806834	0.000265606	4.38101e-005	2.48909e-005	3.35261e-006	5.52861e-008	4.3692e-009	4.60826e-009	1.87129e-008	6.04621e-007	6.20303e-006	3.33e-006	1.02153e-006	1.23448e-006	3.54098e-006	
0	1.24934e-007	0.000584472	0.00049896	0.00601737	0.00456312	0.0245364	0.000813567	0.00145626	0.00103194	0.00143285	0.00158563	0.00125734	0.0463496	0.0571955	0.00351797	0.00112349	0.000233096	0.000347437	0.00418335	0.00492321	0.00396872	0.0420958	0.0162538	0.0215786	0.000851779	2.16285e-005	7.91305e-007	5.2752e-007	3.26233e-008	2.82537e-009	2.44093e-011	4.79394e-012	6.31818e-011	8.71677e-010	3.62648e-009	3.69312e-008	1.87792e-008	2.16582e-009	1.02922e-008	
0	0	1.81888e-005	0.000140957	0.000160597	0.00122071	0.0160077	0.0153428	0.0325586	0.0176954	0.00387315	0.00113387	0.00148508	0.00105954	0.219732	0.925289	0.922941	0.259714	0.0278645	0.0640539	0.1487	0.267099	0.166704	0.0832902	0.696518	0.990913	0.999698	0.999952	0.999957	0.999994	1	1	1	1	0.999999	0.999993	0.999996	0.999998	0.999998	0.999994	


1	0.93631	0.990699	0.998741	0.957396	0.999641	0.999255	0.981007	0.999595	0.9952	0.998128	0.99758	0.999932	0.992271	0.965534	0.934619	0.964472	0.994032	0.944135	0.469211	0.00447618	0.000844951	0.000346768	2.88337e-005	1.38872e-005	6.26942e-007	2.79417e-008	3.3226e-009	1.52146e-009	3.03978e-010	7.26143e-011	7.9535e-012	2.01352e-012	2.30208e-011	4.52317e-010	4.59972e-009	9.40602e-009	1.06486e-008	4.51466e-009	2.70126e-008	
0	0.0636905	0.00912335	0.0012005	0.042572	4.85006e-005	0.000138458	0.0178444	0.000145222	0.00472833	0.00183304	0.00239069	5.10084e-005	0.00772248	0.0286645	0.00175238	1.4573e-005	0.00227502	0.0553244	0.529663	0.995099	0.988587	0.0100167	0.000363272	5.66675e-006	2.59093e-008	8.87888e-011	6.41527e-012	1.54955e-011	1.66711e-011	2.8734e-014	1.67332e-014	5.7681e-012	1.25263e-014	1.5773e-013	3.86189e-012	1.81999e-010	3.90028e-011	5.67533e-011	1.32218e-011	
0	4.63848e-013	0.000126381	3.48299e-006	7.94512e-006	0.000144977	1.54403e-005	3.92488e-007	1.1302e-005	3.23859e-007	9.36204e-006	3.04234e-006	1.18035e-006	2.36176e-007	4.00734e-005	0.000173193	1.53789e-005	6.3904e-008	2.44194e-007	5.53536e-005	7.28315e-005	0.00488493	0.983994	0.977181	0.0636599	0.000380907	2.68441e-006	1.70271e-008	4.5288e-010	2.09172e-012	1.01164e-013	3.35511e-016	4.04e-018	1.91137e-013	4.68465e-014	2.17607e-015	1.00824e-014	7.3508e-013	4.51023e-014	7.80091e-013	
0	0	5.10426e-005	5.47226e-005	2.45475e-005	0.000165119	0.000591564	0.00114776	0.000248286	7.13191e-005	2.94554e-005	2.59169e-005	1.60498e-005	6.37802e-006	0.00576188	0.0634549	0.0354977	0.00369247	0.000540793	0.00107017	0.000352248	0.00568267	0.00564212	0.0224272	0.936321	0.999618	0.999997	1	1	1	1	1	1	1	1	1	1	1	1	1	


1	0.988162	0.954325	0.68429	0.845362	0.667714	0.687674	0.809099	0.917643	0.98301	0.986747	0.96102	0.930063	0.610387	0.981593	0.992663	0.790054	0.450751	0.390129	0.881844	0.895565	0.967801	0.813851	0.749646	0.91127	0.578274	0.377134	0.522746	0.519893	0.593984	0.521346	0.232236	0.268686	0.399968	0.250792	0.338425	0.657678	0.886891	0.985489	0.568236	
0	0.0118378	0.045661	0.315118	0.134534	0.3296	0.284622	0.174805	0.081819	0.0168799	0.0132302	0.038962	0.0699174	0.388071	0.016576	0.00450824	0.209604	0.54804	0.580307	0.0513337	0.00460984	0.0022341	0.176851	0.237476	0.00989465	0.00199601	0.000996863	0.00447925	0.0327218	0.00536685	0.0069152	0.0056521	0.00201322	0.539236	0.746549	0.656685	0.164818	0.0629577	0.00579578	0.431337	
0	3.24206e-009	1.3716e-005	0.000591813	0.0200929	0.00254323	0.0268967	0.0149005	0.000430657	9.91046e-005	2.08498e-005	1.72888e-005	1.89974e-005	0.00153496	0.000876941	1.64235e-005	1.69457e-006	0.00120667	0.0295602	0.060205	0.0834256	0.00850745	0.000345188	0.000372198	0.000593298	1.24472e-005	1.37203e-007	4.22096e-007	3.46954e-005	0.000272099	2.68913e-005	1.95298e-005	0.000268825	2.22172e-005	0.00234228	0.00487428	0.176927	0.0425338	0.00102035	8.66482e-005	
0	0	3.36421e-009	2.75012e-007	1.10285e-005	0.000143072	0.000807473	0.0011957	0.000107328	1.07632e-005	1.96674e-006	4.29904e-007	2.05737e-007	7.06004e-006	0.000954013	0.00281271	0.000341109	2.65991e-006	3.90334e-006	0.00661733	0.0163997	0.021457	0.0089529	0.0125064	0.0782417	0.419718	0.621869	0.472774	0.44735	0.400377	0.471712	0.762092	0.729032	0.0607731	0.000316868	1.59418e-005	0.000577473	0.00761726	0.00769501	0.000340438	


1	0.806108	0.840034	0.32298	0.690476	0.944927	0.99925	0.965703	0.983878	0.829769	0.769198	0.620841	0.851465	0.74673	0.996399	0.992324	0.992784	0.436689	0.0310925	0.0720302	0.0782347	0.210656	0.368774	0.275366	0.589039	0.262007	0.120796	0.0812834	0.019355	0.00219814	0.000658069	0.000308053	6.31809e-005	0.000141985	0.00112128	0.00563994	0.00466259	0.00325916	0.00137948	0.00173902	
0	0.193892	0.159938	0.677017	0.307883	0.0549195	0.000431337	0.0338925	0.0160982	0.17023	0.230792	0.379158	0.148533	0.249476	0.00127207	0.00038362	0.00609283	0.563144	0.9689	0.916219	0.875982	0.561708	0.513912	0.629435	0.00103683	6.2921e-005	2.40836e-005	0.000120129	0.000183677	4.64083e-006	1.02334e-007	3.48914e-006	1.11606e-005	7.27403e-006	0.000102481	0.000806547	0.000452014	8.64511e-006	5.64606e-006	0.000254819	
0	4.67982e-021	2.87632e-005	2.79307e-006	0.00163832	7.9819e-005	0.000171138	2.37517e-007	2.48028e-007	2.01696e-007	9.77091e-006	1.21599e-006	2.47416e-006	0.00379398	5.82699e-005	1.76335e-006	7.97238e-009	1.53145e-007	4.20242e-006	0.0117205	0.0361883	0.0301542	0.0240177	0.0201148	0.00542217	3.25533e-005	8.91474e-009	9.42062e-010	8.35411e-008	6.82214e-008	1.54805e-009	6.76317e-012	1.11255e-009	4.82912e-009	6.22675e-009	2.31842e-008	6.42933e-006	2.09651e-007	3.36629e-009	1.31016e-009	
0	0	7.98082e-017	9.14843e-007	2.94577e-006	7.37455e-005	0.00014754	0.000404586	2.3242e-005	1.43567e-006	6.29089e-008	5.89373e-008	1.70804e-008	1.57843e-007	0.00227028	0.00729084	0.00112279	0.000166184	3.71742e-006	3.03494e-005	0.00959503	0.197482	0.093296	0.0750836	0.404502	0.737898	0.87918	0.918596	0.980461	0.997797	0.999342	0.999688	0.999926	0.999851	0.998776	0.993553	0.994879	0.996732	0.998615	0.998006	


1	0.884488	0.993619	0.617302	0.927321	0.994441	0.995031	0.999343	0.996193	0.993573	0.978678	0.976762	0.983247	0.272876	0.983193	0.998521	0.922896	0.98555	0.91553	0.974458	0.656989	0.462772	0.641434	0.533425	0.618159	0.572349	0.716237	0.8897	0.925724	0.911504	0.902004	0.815204	0.726057	0.957941	0.99754	0.994905	0.991977	0.9999	0.999909	0.979098	
0	0.115512	0.003011	0.382612	0.0019848	0.00444019	0.00336572	0.000245806	0.00379977	0.00637726	0.0213189	0.0232179	0.016751	0.727105	0.0149479	0.00134525	0.0770986	0.0136522	0.0808228	0.00240577	0.000407123	2.64085e-005	0.0270547	0.0360086	0.000637799	0.000486497	0.000146539	0.00181336	0.00782508	0.000490538	0.000289774	0.0356643	0.00271658	0.0349048	0.00236557	0.00508655	0.0079988	8.7852e-005	9.02489e-005	0.0209011	
0	1.78248e-007	0.00336964	6.01594e-005	0.0706718	0.000117189	2.04559e-007	1.88932e-005	2.98765e-007	4.96191e-005	2.78175e-006	2.04899e-005	1.91907e-006	1.90973e-005	0.00184738	6.49343e-007	1.09736e-008	0.000797331	0.00363993	0.0218336	0.327279	0.485617	0.0167169	0.00224461	2.13008e-006	8.63337e-008	4.68558e-008	7.10585e-008	7.51723e-006	5.67166e-005	1.08772e-007	7.61757e-008	0.0146275	3.55351e-006	1.51829e-005	6.46188e-006	2.25654e-005	1.07387e-005	9.64876e-008	3.63179e-007	
0	0	7.78701e-010	2.51892e-005	2.20478e-005	0.00100181	0.00160337	0.000392332	6.82221e-006	5.55036e-007	2.57313e-007	1.93524e-008	2.98048e-008	2.00142e-008	1.1397e-005	0.000133537	5.43459e-006	1.89653e-007	7.55458e-006	0.00130245	0.0153255	0.0515848	0.314794	0.428321	0.381201	0.427164	0.283616	0.108486	0.0664438	0.0879486	0.0977061	0.149132	0.256599	0.00715054	7.93628e-005	1.83729e-006	1.69777e-006	1.16235e-006	5.48734e-007	4.43707e-008	


1	0.84252	0.999636	0.996036	0.998356	0.999039	0.998341	0.999727	0.999729	0.997525	0.997258	0.99757	0.999657	0.40565	0.852426	0.12354	0.299674	0.981534	0.963597	0.974375	0.1295	0.0456251	0.0389856	0.0023263	0.000156509	2.16708e-006	2.4552e-007	3.30712e-008	2.9103e-008	4.5988e-009	7.85598e-011	4.88007e-012	4.60227e-012	7.98227e-011	1.07004e-008	1.98862e-007	1.53632e-007	4.23168e-007	2.61904e-007	4.3619e-006	
0	0.15748	0.000334751	0.00396249	0.00164131	0.00095566	0.00139582	0.000185422	0.000241541	0.00247104	0.00274099	0.00242839	0.000341359	0.594322	0.0886071	0.00554982	1.02288e-005	0.000153868	0.0353856	0.0250384	0.869953	0.943199	0.230754	0.0920553	0.00127898	1.06292e-006	2.181e-010	1.00954e-010	3.7695e-010	3.8647e-011	3.3147e-014	9.94547e-015	2.84277e-013	2.16147e-015	3.36578e-013	8.13643e-011	1.25955e-008	2.38061e-011	1.52355e-009	4.81972e-010	
0	5.40832e-016	2.74324e-005	5.06724e-008	2.13837e-006	1.35072e-006	2.51158e-005	3.50605e-007	5.78202e-008	3.83923e-008	4.9394e-007	8.17286e-007	3.96636e-007	2.58583e-005	0.0181315	0.000403421	8.21231e-006	6.33196e-009	2.83217e-008	3.17137e-005	0.000182494	0.010158	0.728061	0.89086	0.0145925	2.25252e-005	6.24437e-008	1.27551e-010	3.57167e-012	2.21725e-013	2.61423e-015	4.69517e-018	5.78524e-018	1.18931e-015	1.85667e-016	3.63219e-016	9.26226e-014	2.39786e-011	6.83157e-014	4.06586e-012	
0	0	1.56677e-006	1.19639e-006	3.72794e-007	3.53171e-006	0.000238177	8.6835e-005	2.98833e-005	4.36014e-006	7.19774e-007	2.95426e-007	7.77739e-007	2.22732e-006	0.0408352	0.870507	0.700307	0.0183116	0.00101783	0.00055481	0.000364418	0.00101824	0.00219963	0.0147583	0.983972	0.999974	1	1	1	1	1	1	1	1	1	1	1	1	1	0.999996	


1	0.984875	0.9997	0.999875	0.996981	0.998458	0.935412	0.988313	0.997133	0.99978	0.999364	0.999433	0.999969	0.143588	0.36969	0.0156941	0.0181335	0.828926	0.995707	0.99627	0.899356	0.961429	0.772917	0.236383	0.0332068	0.000141764	5.02441e-006	5.79884e-007	1.27861e-007	1.0034e-008	1.4459e-010	3.05521e-011	4.20311e-011	4.57765e-010	2.01487e-008	7.5741e-007	3.53315e-007	2.40975e-007	1.15442e-007	4.23737e-006	
0	0.0151251	0.000279662	0.000124402	0.00301643	0.000510989	0.0105931	3.4599e-005	0.000111984	0.000153301	0.000630722	0.000564338	2.54374e-005	0.8564	0.191651	0.000888568	5.71314e-006	1.72915e-005	0.00130499	0.00218098	0.0969947	0.0371268	0.209331	0.745508	0.143478	0.000111865	1.16587e-008	8.02709e-010	3.20038e-009	5.95912e-011	8.68424e-014	4.43788e-015	8.90961e-014	6.22312e-014	2.83607e-012	8.78016e-011	5.24435e-009	2.63705e-011	9.34511e-011	6.20881e-010	
0	1.24698e-009	2.05083e-005	5.44707e-007	2.32093e-006	0.00103123	0.0110905	0.000364204	1.7565e-005	3.45595e-007	1.14988e-006	2.26473e-006	5.03091e-006	8.95758e-006	0.41029	0.0775942	0.105482	0.0552662	0.000175749	3.3463e-006	1.63263e-005	0.00028354	0.0175097	0.0176168	0.290092	0.00428048	7.74853e-005	7.22118e-006	4.86953e-007	7.23954e-009	8.60444e-010	1.10721e-011	9.58204e-014	4.00367e-013	1.41e-012	4.98141e-012	5.24641e-013	9.26085e-011	6.81928e-012	5.71762e-011	
0	0	8.07709e-009	5.10773e-008	2.4934e-008	2.36473e-007	0.0429039	0.0112885	0.00273786	6.6069e-005	4.06875e-006	3.38005e-007	6.92787e-008	2.98783e-006	0.0283684	0.905823	0.876378	0.115791	0.00281223	0.00154572	0.00363341	0.0011602	0.00024267	0.0004918	0.533223	0.995466	0.999917	0.999992	0.999999	1	1	1	1	1	1	0.999999	1	1	1	0.999996	


1	0.958023	0.997975	0.998475	0.983306	0.987436	0.844884	0.979304	0.996734	0.994603	0.99694	0.996762	0.999013	0.864878	0.493088	0.115989	0.121914	0.944994	0.998263	0.964302	0.8676	0.753705	0.685313	0.374526	0.0680161	0.00140383	5.68911e-005	1.12486e-005	8.93145e-006	1.25302e-006	9.24601e-009	1.2012e-009	4.31635e-009	2.23283e-008	9.72226e-007	3.07044e-005	5.95326e-005	4.6308e-005	6.02493e-005	0.00057174	
0	0.0416641	0.00184037	0.00146685	0.0161338	0.0114065	0.119035	0.00961078	0.001693	0.0051915	0.00268508	0.00298211	0.000818842	0.121122	0.460729	0.23755	0.0190375	0.00210564	0.00130372	0.035184	0.130531	0.244987	0.1665	0.302926	0.312482	0.0443784	0.0050435	0.00104871	0.000394241	7.80624e-005	1.0662e-006	6.10629e-008	7.33064e-008	4.59967e-009	2.51753e-009	4.32699e-008	3.47634e-007	3.55827e-007	1.94622e-006	1.75832e-006	
0	0.000312418	0.000184402	5.7446e-005	0.000559313	0.00107894	0.00946325	0.000428105	0.000302149	0.000162817	0.000373068	0.000255139	0.000165793	0.0139758	0.00578403	0.00300251	0.00371253	0.0004806	9.77687e-005	0.00040576	0.00182766	0.00126091	0.148128	0.320619	0.0311274	0.000474133	3.85874e-005	1.42717e-005	1.32395e-005	6.06041e-007	1.51065e-008	6.67725e-010	3.85879e-010	1.73739e-009	3.33563e-009	5.25696e-009	2.74959e-008	3.88925e-008	2.26318e-008	1.96289e-007	
0	0	3.9065e-007	6.82993e-007	1.05014e-006	7.86644e-005	0.0266179	0.010657	0.00127118	4.24109e-005	1.90955e-006	1.18289e-006	1.99305e-006	2.47062e-005	0.0403985	0.643458	0.855336	0.0524197	0.000335949	0.000107748	4.14648e-005	4.66528e-005	5.90143e-005	0.00192875	0.588375	0.953744	0.994861	0.998926	0.999584	0.99992	0.999999	1	1	1	0.999999	0.999969	0.99994	0.999953	0.999938	0.999426	


1	0.992302	0.998682	0.958615	0.997748	0.999801	0.999782	0.994367	0.957035	0.999692	0.999583	0.995092	0.845987	0.78244	0.958387	0.988448	0.996093	0.982258	0.177977	0.650766	0.274357	0.00100802	0.0287807	0.218317	0.304434	0.247123	0.0632641	0.0610328	0.077468	0.0206351	0.000897805	0.000221173	2.35572e-005	0.00145762	0.183116	0.898372	0.824572	0.720759	0.871195	0.969206	
0	0.00769778	0.00128557	0.0413823	5.89496e-005	8.10739e-005	5.29845e-005	0.00535852	0.0427429	0.00020967	0.00041678	0.00490765	0.154012	0.215702	0.0018616	0.000708601	0.00378053	0.0177142	0.82195	0.00193903	0.000320764	3.32131e-006	2.23785e-007	2.96711e-005	8.41052e-005	6.46758e-006	1.41296e-006	3.91033e-006	7.35683e-005	1.61683e-006	7.59908e-009	1.72996e-008	2.08617e-008	7.65556e-006	0.00042234	0.0172319	0.0439565	0.00131544	0.000276102	0.00223863	
0	8.70012e-028	3.28561e-005	1.09279e-007	0.0021908	4.68246e-006	8.63788e-007	2.95924e-007	3.82866e-006	4.87452e-005	5.31837e-008	3.96658e-008	1.52765e-007	0.00185803	0.0382863	0.00263955	9.49731e-005	2.72118e-005	7.34413e-005	0.347103	0.0930037	0.000141704	8.67882e-005	2.06429e-005	1.1102e-005	1.27812e-005	2.30714e-007	1.00138e-008	3.64789e-008	2.55968e-006	2.77797e-008	4.54618e-011	2.31005e-010	8.42514e-011	6.28844e-008	3.348e-006	5.44805e-005	0.000637883	4.78528e-005	4.34705e-007	
0	0	8.58947e-025	2.31453e-006	2.24338e-006	0.000113461	0.000163953	0.000274655	0.000218195	4.99574e-005	5.75546e-007	3.71502e-008	6.81094e-009	6.35993e-010	0.00146518	0.00820385	3.10198e-005	6.34154e-007	1.7295e-007	0.000191606	0.632319	0.998847	0.971132	0.781633	0.695471	0.752858	0.936734	0.938963	0.922458	0.979361	0.999102	0.999779	0.999976	0.998535	0.816462	0.0843923	0.131417	0.277287	0.128481	0.0285551	


1	0.993161	0.999474	0.993708	0.999821	0.999828	0.999479	0.999708	0.991944	0.999853	0.999944	0.999223	0.995802	0.776339	0.971307	0.993148	0.998984	0.995703	0.10701	0.789932	0.160666	0.000309526	0.00388954	0.0280113	0.0185827	0.00794447	0.00118152	0.000807434	0.000375197	3.12496e-005	2.13807e-006	1.6436e-006	2.00522e-007	1.18824e-005	0.00109057	0.0212044	0.00712033	0.00209089	0.00247445	0.0140601	
0	0.00683892	0.00052386	0.00629136	0.000142928	0.000171065	0.000518067	0.000288616	0.00805048	0.000145037	5.59359e-005	0.00077687	0.00419753	0.223641	0.0065288	0.000229335	0.0009848	0.00429599	0.892984	0.0110629	0.00141064	6.82381e-007	1.01161e-007	1.25154e-005	1.19651e-005	6.3402e-007	8.28073e-009	7.05108e-008	1.48543e-006	1.12477e-008	2.58425e-011	5.11871e-011	2.57949e-010	2.33696e-009	2.71624e-007	3.63428e-005	5.62163e-005	6.1203e-007	1.83647e-007	5.33653e-006	
0	1.70895e-010	1.57262e-006	3.78737e-009	3.5132e-005	1.27035e-008	3.6605e-007	4.7319e-007	1.98649e-008	9.34858e-007	2.72392e-009	1.05033e-009	3.05604e-009	1.9766e-005	0.0217861	0.000471244	1.43196e-006	5.84837e-007	6.89247e-006	0.197307	0.0123432	4.35125e-007	2.06057e-009	2.17068e-010	1.57797e-007	2.15038e-007	3.50956e-010	1.94895e-012	4.43902e-011	2.56506e-009	4.7752e-012	5.8986e-015	2.59128e-013	4.32518e-014	1.33637e-012	5.21821e-010	7.40414e-009	6.30127e-008	5.25667e-010	6.54818e-011	
0	0	1.21862e-007	1.5707e-007	6.3053e-007	1.07368e-006	2.60727e-006	3.14421e-006	5.70601e-006	1.31767e-006	8.09702e-009	8.66911e-010	8.32781e-009	1.99207e-008	0.000378132	0.00615188	2.95635e-005	2.51798e-007	2.52082e-008	0.00169761	0.82558	0.999689	0.99611	0.971976	0.981405	0.992055	0.998818	0.999192	0.999623	0.999969	0.999998	0.999998	1	0.999988	0.998909	0.978759	0.992823	0.997908	0.997525	0.985935	


1	0.9855	0.995429	0.937449	0.976948	0.994286	0.999073	0.993269	0.999176	0.99148	0.995657	0.994797	0.999406	0.994377	0.999399	0.999748	0.971524	0.48027	0.256568	0.0795525	0.00459554	0.00220087	0.0245716	0.0253498	0.0748979	0.0392936	0.0391493	0.135319	0.130318	0.0257047	0.134219	0.0753874	0.00135288	0.066753	0.793251	0.974004	0.97774	0.995674	0.993492	0.947917	
0	0.0133386	0.00444256	0.0624966	0.0169717	0.00566778	0.000836549	0.00636034	0.000800849	0.00843633	0.00418358	0.00518631	0.000591157	0.00534779	0.000253163	5.21028e-005	0.0284738	0.519567	0.716854	0.0131223	1.59456e-005	3.46821e-007	0.000218268	8.78459e-005	3.29895e-006	4.36316e-006	3.32411e-006	8.18589e-005	0.000421769	4.37189e-005	1.4064e-005	0.000359967	1.51771e-005	0.000767583	0.0106803	0.014532	0.00294407	0.000547935	0.00052605	0.0512395	
0	0.00116102	7.6243e-005	3.87875e-005	0.00604899	3.88331e-005	8.96829e-005	0.000357177	2.29246e-005	8.26168e-005	0.000158281	1.57967e-005	2.7104e-006	0.000275271	0.000311164	0.000176422	8.26031e-007	0.000162818	0.0265689	0.838602	0.715538	0.142443	0.00039231	5.55576e-007	2.37081e-005	1.33943e-005	5.68198e-007	3.41978e-006	6.12779e-006	7.16772e-005	6.55468e-005	2.2506e-005	0.000230669	2.71038e-006	9.37212e-006	7.39174e-005	0.0116421	0.00122535	0.000600364	9.23636e-006	
0	0	5.22524e-005	1.53158e-005	3.16834e-005	7.29107e-006	6.40204e-007	1.38672e-005	3.23837e-007	6.86611e-007	9.4871e-007	1.24384e-006	1.691e-008	4.44176e-008	3.6718e-005	2.3765e-005	1.62709e-006	5.02299e-007	9.53411e-006	0.0687231	0.279851	0.855356	0.974818	0.974562	0.925075	0.960689	0.960847	0.864595	0.869254	0.97418	0.865702	0.92423	0.998401	0.932477	0.19606	0.01139	0.00767368	0.00255305	0.00538182	0.000833772	


1	0.992673	0.998118	0.999124	0.997502	0.997933	0.994329	0.992328	0.997899	0.996161	0.975385	0.843441	0.672063	0.517321	0.80472	0.90199	0.664091	0.249447	0.0692748	0.24999	0.791853	0.909663	0.887587	0.652495	0.804709	0.929487	0.965798	0.98549	0.990358	0.965886	0.978227	0.99299	0.985244	0.997719	0.997089	0.997766	0.99134	0.976736	0.983888	0.997758	
0	0.00732749	0.00179085	0.000498925	0.00234377	0.000183055	0.0042229	0.00704812	0.000942531	0.000418132	0.000189608	0.000164017	0.000286341	0.000340567	0.0228106	0.0195479	0.000253621	4.3745e-005	3.0868e-005	0.00295375	0.0282713	0.0645381	0.00051366	0.000175567	0.00880706	0.0254048	0.0238738	0.00295713	0.00479611	0.0337635	0.0213552	0.00446548	0.0140899	0.000436331	0.000217585	0.000735494	0.00742539	0.0231536	0.0159057	0.000746957	
0	5.05692e-011	7.4574e-010	1.72862e-007	3.06663e-009	1.12006e-005	1.06432e-008	1.41948e-009	1.2525e-008	1.29375e-007	6.71107e-009	2.29282e-008	3.58122e-009	1.66942e-009	2.9006e-011	4.01711e-011	2.77821e-005	1.19271e-006	1.38003e-008	7.5951e-013	2.77155e-010	1.63277e-009	0.000740795	3.01008e-008	1.11073e-011	4.53945e-013	7.49496e-010	7.11769e-008	2.1645e-009	6.33126e-011	1.47135e-008	1.69396e-008	9.66442e-012	1.03318e-007	3.19324e-008	1.00341e-008	1.06769e-008	9.28394e-012	3.72695e-011	9.44033e-007	
0	0	9.09345e-005	0.000376548	0.000154303	0.00187267	0.00144778	0.000623547	0.00115865	0.00342027	0.0244256	0.156395	0.32765	0.482338	0.172469	0.0784624	0.335628	0.750508	0.930694	0.747057	0.179875	0.025799	0.111159	0.34733	0.186484	0.0451085	0.0103279	0.0115528	0.00484549	0.00035002	0.000417609	0.00254412	0.00066584	0.00184437	0.0026934	0.00149862	0.0012348	0.000110788	0.000205951	0.00149406	


1	0.391227	0.45398	0.438117	0.278894	0.0881401	0.0247808	0.00272482	0.000351111	0.000178059	5.14603e-005	2.94556e-005	1.35699e-005	3.25852e-005	2.94791e-005	0.000109374	1.86416e-005	4.17525e-006	1.37623e-006	2.28546e-006	3.80831e-006	1.15264e-005	4.35978e-006	1.47403e-005	2.43361e-005	6.95955e-005	0.000101833	0.00010358	0.000110516	0.000131087	5.08532e-005	6.66362e-006	6.44917e-006	1.10285e-006	3.86094e-007	2.36562e-007	5.62135e-008	7.94703e-009	5.11524e-008	5.0783e-009	
0	0.608773	0.369242	0.0652019	0.00616713	0.00194024	0.000118167	0.000107866	1.6342e-005	8.15494e-005	0.000367029	6.63096e-005	1.15101e-005	0.000217548	0.00012756	0.00105346	0.000146461	6.97712e-006	1.38357e-007	2.37035e-007	1.04071e-006	2.81158e-006	3.51461e-006	0.000144687	0.000545561	0.00349522	0.0140533	0.042046	0.0241195	0.0195209	0.000947238	7.39546e-005	1.63692e-005	4.73135e-007	2.51368e-008	2.12357e-008	3.50917e-009	2.24736e-010	3.10937e-008	5.92922e-010	
0	6.76132e-012	0.135215	0.0970727	0.0590416	0.0994397	0.00519548	0.000168131	2.58037e-005	9.60024e-006	1.61113e-006	2.47604e-006	5.03615e-007	6.10468e-008	1.62349e-008	5.20895e-008	6.89222e-006	5.84061e-005	6.36684e-005	1.58303e-005	4.94041e-006	1.72281e-006	7.85375e-006	8.40607e-006	4.75723e-008	3.87822e-008	2.89017e-006	7.80767e-005	0.00025584	8.21457e-005	0.000164693	6.81246e-006	9.81747e-007	7.37222e-007	1.06011e-006	1.02827e-007	2.07981e-008	4.63303e-010	1.95883e-011	7.57202e-010	
0	0	0.041563	0.399609	0.655897	0.81048	0.969906	0.996999	0.999607	0.999731	0.99958	0.999902	0.999974	0.99975	0.999843	0.998837	0.999828	0.99993	0.999935	0.999982	0.99999	0.999984	0.999984	0.999832	0.99943	0.996435	0.985842	0.957772	0.975514	0.980266	0.998837	0.999913	0.999976	0.999998	0.999999	1	1	1	1	1	


1	0.988942	0.933293	0.769568	0.0388168	0.0129665	0.000651744	3.72084e-006	1.95506e-006	2.55136e-006	1.83597e-006	1.54543e-006	7.85502e-007	4.99469e-006	1.77064e-005	2.94494e-005	5.35484e-005	5.15609e-006	5.88624e-007	3.67881e-008	1.25369e-008	2.7587e-009	2.01403e-009	9.24727e-009	2.1482e-008	6.02046e-008	2.96029e-007	2.22504e-006	6.4613e-006	3.16e-006	3.65858e-007	3.21885e-008	3.25498e-009	4.21518e-010	4.57984e-011	3.18598e-011	7.29804e-013	2.3013e-014	2.38413e-014	3.45712e-015	
0	0.00589476	0.0435552	0.028663	0.000557418	0.00345479	0.000540134	1.56206e-006	1.1272e-006	2.33589e-007	2.97204e-007	1.16796e-007	2.19573e-007	2.45221e-006	2.41901e-006	7.0751e-006	9.33896e-005	3.38694e-005	2.6701e-006	6.97355e-008	1.91203e-010	2.91252e-012	3.50091e-011	1.15533e-010	7.22028e-010	1.89712e-009	1.45869e-008	1.3933e-007	3.79944e-007	1.61237e-007	6.77939e-008	4.80801e-009	1.46087e-010	7.52178e-010	8.48106e-010	2.61668e-010	4.0124e-012	1.67496e-013	1.97818e-014	6.08798e-015	
0	0.00516314	0.0210458	0.17619	0.936327	0.33836	0.145333	0.816626	0.204702	0.0189138	0.000134008	2.53278e-006	1.11452e-008	2.7757e-011	4.17195e-007	2.1791e-008	1.08367e-008	7.46178e-006	2.06546e-005	0.000389021	0.00466067	0.0423884	0.000555422	7.59508e-007	1.02277e-008	2.98894e-010	4.86995e-010	4.45247e-010	4.22608e-008	7.30742e-007	7.35756e-007	1.12429e-006	3.5881e-005	2.31066e-006	1.36365e-007	4.0167e-009	5.4856e-008	5.6976e-007	1.03198e-008	5.44823e-008	
0	0	0.0021063	0.0255788	0.0242988	0.645219	0.853476	0.183369	0.795294	0.981083	0.999864	0.999996	0.999999	0.999993	0.999979	0.999963	0.999853	0.999954	0.999976	0.999611	0.995339	0.957612	0.999445	0.999999	1	1	1	0.999998	0.999993	0.999996	0.999999	0.999999	0.999964	0.999998	1	1	1	0.999999	1	1	


1	0.931525	0.989577	0.984101	0.975953	0.922259	0.729775	0.969161	0.987267	0.980827	0.968545	0.874468	0.858169	0.107752	0.0430538	0.00366017	0.00119485	0.00434565	0.0136503	0.116143	0.13401	0.0741243	0.213667	0.0146793	0.00094107	2.15023e-005	6.9019e-007	3.79524e-008	2.66439e-009	1.40373e-010	5.62921e-012	1.39772e-011	1.40738e-011	4.14365e-011	2.53877e-010	8.0924e-010	9.31433e-009	6.18265e-009	2.21263e-010	1.68092e-009	
0	0.0554698	0.00813331	0.0130396	0.0164042	0.0666712	0.199435	0.0157223	0.00998313	0.0163526	0.0277455	0.109257	0.128055	0.642905	0.537982	0.276525	0.663572	0.795173	0.848469	0.489846	0.116219	0.0120041	0.291983	0.894427	0.548024	0.0922252	0.00487333	0.000539841	0.000116784	1.21597e-006	1.45547e-008	5.81712e-009	2.31803e-010	3.36214e-010	4.17213e-010	4.44468e-010	4.43737e-010	4.86341e-011	3.24548e-011	4.66178e-011	
0	0.0130056	0.00184547	0.00283204	0.00658584	0.0103781	0.0574666	0.00456984	0.00215452	0.00277317	0.00369122	0.0162392	0.0136114	0.248936	0.145739	0.0522988	0.156285	0.117947	0.128541	0.0391596	0.0174451	0.0016924	0.0164766	0.0332067	0.0647427	0.0124976	0.00064954	4.72565e-005	1.05845e-005	9.94067e-008	2.29039e-009	7.16328e-010	2.04096e-011	2.41995e-011	1.81352e-011	3.07331e-011	4.66814e-011	1.6577e-011	7.53996e-012	9.04666e-012	
0	0	0.000444108	2.74485e-005	0.00105658	0.000691966	0.0133227	0.0105469	0.000595797	4.74063e-005	1.80365e-005	3.64772e-005	0.000164235	0.000406719	0.273225	0.667516	0.178948	0.0825349	0.00934033	0.354852	0.732326	0.912179	0.477873	0.0576867	0.386292	0.895256	0.994476	0.999413	0.999873	0.999999	1	1	1	1	1	1	1	1	1	1	


1	0.971162	0.998394	0.999305	0.994782	0.999397	0.999514	0.998501	0.999877	0.999703	0.999867	0.999891	0.99999	0.997592	0.979991	0.995704	0.999707	0.998862	0.988911	0.836268	0.0489014	0.00123258	0.00154148	0.000364748	0.000155614	1.60297e-005	2.14357e-006	5.02189e-007	1.27938e-007	4.57888e-009	1.36106e-009	2.88276e-010	1.59386e-012	3.77785e-011	3.54123e-010	1.17313e-009	6.24419e-010	4.09751e-010	3.98849e-011	1.41611e-010	
0	0.0288309	0.00027781	0.000155483	0.00082711	3.77961e-006	0.000172529	0.000513964	1.46647e-005	0.000141058	8.43059e-005	9.14924e-005	8.97317e-006	0.00240635	0.0191837	0.000773335	5.90122e-005	0.000939353	0.0106811	0.0816576	0.0149507	5.34647e-006	8.54502e-008	8.25343e-007	1.88105e-007	1.82923e-007	1.84853e-009	2.27994e-010	5.08498e-010	1.13056e-010	9.55303e-014	1.90548e-013	3.10336e-013	1.15159e-015	2.04858e-014	1.24504e-013	3.32932e-013	2.01118e-013	6.3635e-014	7.9367e-015	
0	7.15878e-006	0.000203759	8.73094e-007	1.89787e-005	1.73148e-007	2.74e-007	1.45195e-006	1.76927e-007	4.58368e-007	3.64961e-007	2.66388e-007	1.27973e-008	1.46796e-006	6.29406e-005	7.0116e-005	3.76523e-007	6.36807e-007	3.4675e-005	0.00666502	0.0990294	0.014659	0.0235567	0.0650571	0.00580933	0.000203171	1.59606e-006	1.11933e-008	6.56785e-010	1.41824e-011	1.79977e-013	1.18545e-015	7.84054e-016	4.81183e-016	4.66656e-017	1.47519e-016	2.89206e-015	1.93709e-015	3.55774e-016	1.20124e-016	
0	0	0.0011245	0.00053902	0.00437238	0.000598599	0.00031313	0.00098352	0.000107708	0.000155646	4.81897e-005	1.75904e-005	1.17828e-006	2.30913e-007	0.000762173	0.00345207	0.000233949	0.000198125	0.000373733	0.0754098	0.837118	0.984103	0.974902	0.934577	0.994035	0.999781	0.999996	0.999999	1	1	1	1	1	1	1	1	1	1	1	1	


1	0.999542	0.99993	0.999551	0.999943	0.999415	0.999853	0.999931	0.999666	0.998659	0.999563	0.999507	0.9996	0.998012	0.999906	0.999977	0.960857	0.953745	0.952068	0.998458	0.997861	0.99795	0.956385	0.361395	0.633287	0.807191	0.952502	0.985734	0.996521	0.999005	0.999923	0.999894	0.999964	0.999946	0.999925	0.997364	0.999989	0.999987	0.999764	0.99988	
0	0.000457737	6.37541e-005	0.000448947	5.54896e-005	0.000585353	0.000146624	6.86997e-005	0.00033392	0.00133532	0.000431336	0.000491127	0.000400001	0.00198049	9.36572e-005	2.31506e-005	0.0391426	0.044462	0.0435711	1.13897e-005	9.17779e-005	8.5521e-006	0.00333926	0.00158227	8.32949e-005	6.26566e-005	8.15648e-006	8.83672e-005	5.51189e-005	3.71769e-005	6.81273e-006	7.33946e-005	1.40059e-005	5.41636e-005	7.51868e-005	0.00263624	1.06994e-005	1.2921e-005	0.000235823	0.000119861	
0	1.92966e-009	6.66618e-006	8.82815e-008	1.33667e-006	9.00306e-010	4.22725e-010	2.28794e-008	5.51808e-009	5.20647e-006	5.7479e-006	1.88267e-006	5.71809e-008	7.01493e-006	1.72321e-007	1.23739e-009	1.58486e-008	0.00179254	0.00433543	0.00117174	6.33e-005	3.83479e-007	1.6384e-008	2.29922e-005	3.8602e-008	8.33079e-009	8.66047e-009	4.07293e-009	5.38679e-008	1.50971e-008	2.16328e-010	7.20998e-010	2.74042e-006	1.28425e-009	3.05946e-008	1.18453e-007	1.20017e-007	3.15434e-010	5.83616e-009	8.63559e-008	
0	0	9.71426e-012	3.91641e-008	5.04056e-009	4.86203e-009	5.66657e-010	7.08894e-011	2.77252e-011	1.43615e-010	1.20174e-007	6.65051e-008	7.43182e-009	3.57329e-009	1.79557e-007	2.6864e-008	3.96684e-009	1.53441e-009	2.56169e-005	0.000359218	0.00198358	0.0020412	0.040276	0.637	0.366629	0.192746	0.0474901	0.0141779	0.00342349	0.000957799	7.01182e-005	3.26108e-005	1.94635e-005	2.77508e-007	7.10414e-009	8.39924e-010	1.77384e-009	7.08588e-010	9.28522e-010	3.3023e-011	


1	0.982605	0.99753	0.999257	0.99052	0.999877	0.998277	0.99735	0.999799	0.999295	0.998715	0.99972	0.999849	0.986456	0.901953	0.979931	0.999031	0.994229	0.988237	0.898678	0.24527	0.025788	0.876715	0.830511	0.937896	0.917378	0.96008	0.99775	0.996522	0.809529	0.817066	0.996889	0.851862	0.999884	0.999884	0.997532	0.997869	0.964385	0.972154	0.999826	
0	0.00257406	0.00209648	1.34242e-005	0.00859592	6.51417e-006	0.00138434	0.00215376	0.00011852	9.36306e-005	3.83224e-006	6.58673e-006	4.24569e-006	3.3601e-005	0.0941461	0.0165845	3.65128e-006	3.54971e-006	6.55194e-005	0.0902346	0.742346	0.973979	0.039889	8.00391e-005	0.00727937	0.0397067	0.0368044	0.00147541	0.00259965	0.18259	0.182699	0.00223707	0.136243	2.49617e-005	1.04775e-005	0.000128021	0.00166099	0.0352224	0.0112155	5.4429e-005	
0	0.0148205	0.000331789	0.000728572	0.000871777	0.000113269	0.000336663	0.000494779	8.21837e-005	0.000611409	0.00128001	0.000270202	0.000146066	0.0135067	0.00354562	0.00338404	0.000909368	0.0057539	0.0116201	0.0108974	0.0118948	0.000119628	0.0659404	0.0193583	0.0041732	0.0213773	0.000184913	0.000354245	0.000804833	0.0078535	0.000141023	0.00086834	0.0118832	7.89457e-005	0.000105569	0.00234004	0.000463802	0.00039028	0.0166257	9.30502e-005	
0	0	4.16525e-005	8.38092e-007	1.19779e-005	3.27538e-006	1.688e-006	1.03844e-006	5.70681e-007	3.71006e-007	1.5787e-006	2.92996e-006	2.1017e-007	3.51084e-006	0.000355506	0.00010011	5.62857e-005	1.381e-005	7.78459e-005	0.000189893	0.000489382	0.000113377	0.0174552	0.150051	0.0506514	0.0215383	0.00293034	0.000420675	7.39167e-005	2.81555e-005	9.33543e-005	5.74753e-006	1.20146e-005	1.17641e-005	2.49469e-007	2.87884e-007	6.17714e-006	2.36647e-006	4.8781e-006	2.62071e-005	


1	0.998309	0.977395	0.871352	0.993711	0.641328	0.929006	0.990476	0.895056	0.725323	0.16189	0.019761	0.00218624	6.10426e-005	0.0111715	0.0107763	0.00169602	0.000586403	0.000370692	0.102975	0.676076	0.784821	0.0391	0.00317226	0.00418546	0.0135708	0.0112789	0.00517454	0.0219953	0.250616	0.0572852	0.0149889	0.501008	0.232121	0.339287	0.581093	0.917332	0.992526	0.986958	0.9427	
0	0.00162389	0.0199335	0.0844835	0.00385125	0.239594	0.0117034	0.00216354	0.0614975	0.0692917	0.067635	0.00586314	0.0012259	3.16926e-005	1.76031e-005	0.000186823	0.00134404	0.000306512	3.07304e-006	2.511e-005	0.000275907	0.0261562	0.397625	0.279663	0.0131046	0.000440286	0.000548351	0.000906004	0.00012314	0.000265914	0.00196396	0.00215249	0.000106828	0.0664541	0.0323887	0.00763262	0.00490767	0.000568467	0.0102417	0.0371394	
0	6.75895e-005	0.00267103	0.0440742	0.00167125	0.112267	0.00306151	7.64621e-005	0.0405509	0.203465	0.764201	0.969252	0.988564	0.981261	0.214683	0.00167109	0.0813748	0.836701	0.995157	0.0499774	6.2299e-005	1.84833e-006	0.0289755	0.0381967	0.00053006	6.06313e-006	1.66779e-006	6.03271e-005	2.24735e-005	1.47898e-006	3.15744e-006	2.35852e-005	2.35889e-006	0.0202124	0.149941	0.325474	0.00329082	9.76229e-006	2.59469e-005	0.0187451	
0	0	4.1821e-007	9.03924e-005	0.000766688	0.00681048	0.0562288	0.00728439	0.00289601	0.00192011	0.00627423	0.00512396	0.00802353	0.0186462	0.774128	0.987366	0.915585	0.162406	0.00446933	0.847023	0.323586	0.189021	0.534299	0.678968	0.98218	0.985983	0.988171	0.993859	0.977859	0.749116	0.940748	0.982835	0.498883	0.681213	0.478384	0.0857999	0.0744698	0.00689603	0.00277401	0.00141514	


