E:\Google Drive\Progetti\MSR Action3D\Real\a18_s03_e01_skeleton3D.txt
18
TRUE
-1314.78
-1321.58
-1209.76
-1334.46
-1277.36
-1264.62
-1313.02
-1355.02
-1325.02
-1302.91
-1294.37
-1249.12
-1278.63
-1283.1
-1335.05
-1261.13
-1210.26
-1121.56
-1189.86
-1235.82

43
20
1	0.991733	0.984754	0.970697	0.954078	0.88035	0.864119	0.766849	0.856007	0.791752	0.611556	0.329782	0.344082	0.600192	0.853362	0.270532	0.037581	0.00686574	0.00738483	0.00239649	0.00753162	0.0669665	0.0266562	0.00163285	0.000239983	1.03582e-005	3.99062e-007	5.74482e-008	2.87498e-009	1.60387e-010	2.48764e-011	1.77241e-011	4.36403e-011	2.45347e-010	3.30887e-011	2.16522e-011	2.17827e-011	4.4059e-010	5.16702e-010	1.72123e-009	4.16104e-010	2.52361e-010	1.83752e-011	5.12989e-011	
0	0.00642858	0.0151195	0.027614	0.0457117	0.119543	0.13376	0.232313	0.135422	0.206828	0.387966	0.669945	0.655749	0.366158	0.0634852	0.725313	0.959379	0.992699	0.989553	0.996688	0.988577	0.536289	0.0627047	0.00164245	0.000375746	8.89496e-005	8.35698e-006	3.50905e-007	3.27784e-008	3.43766e-009	1.78953e-010	1.50016e-011	2.50171e-011	2.78984e-010	4.0275e-012	6.44808e-013	2.44926e-012	4.07942e-012	1.44477e-011	5.73755e-012	1.86578e-011	1.45325e-012	2.79858e-013	1.17224e-012	
0	0.00183831	7.79739e-005	0.00155537	6.52645e-005	4.99232e-005	0.00211638	0.000388215	0.00855811	0.000875797	0.000218711	8.19453e-005	0.000120748	0.0336413	0.082136	0.00249533	0.00303558	0.000429252	0.00305877	0.000783686	0.00384394	0.393977	0.905712	0.992365	0.99513	0.997461	0.998016	0.538668	0.214368	0.000799778	8.53067e-007	2.48033e-008	3.30097e-008	2.88255e-007	7.38013e-010	1.55377e-011	6.66494e-013	4.70228e-012	1.84235e-012	1.46568e-011	2.39144e-012	5.33533e-013	3.53385e-014	5.58764e-013	
0	0	4.82707e-005	0.000133673	0.00014503	5.72917e-005	4.82507e-006	0.000449848	1.23321e-005	0.000544436	0.000258324	0.000191245	4.86022e-005	8.36619e-006	0.00101631	0.00165961	4.68079e-006	6.13988e-006	3.24152e-006	0.000131483	4.74456e-005	0.00276822	0.00492717	0.00435958	0.00425386	0.00244004	0.00197512	0.461332	0.785632	0.9992	0.999999	1	1	1	1	1	1	1	1	1	1	1	1	1	


1	0.956893	0.817465	0.886165	0.856276	0.867584	0.390075	0.0990023	0.0108247	0.00945872	0.00211968	0.000752561	0.000160835	0.00020691	5.59248e-005	2.67701e-005	0.000458487	0.000223302	0.00330428	0.000353468	0.000138816	6.47686e-005	3.91645e-005	2.718e-005	2.94006e-005	5.55173e-006	8.2617e-008	1.95431e-009	1.65126e-010	7.78453e-011	6.82937e-012	6.73244e-013	1.06052e-013	9.75605e-014	1.22648e-014	2.77169e-015	6.04349e-016	2.12753e-015	1.62768e-015	3.06202e-015	4.23426e-016	3.70705e-017	9.88534e-018	2.22031e-018	
0	0.0431067	0.181938	0.110498	0.113021	0.0405543	0.326147	0.00989018	0.176559	0.00623112	0.000446265	1.75166e-005	4.97266e-005	0.000300251	0.000201423	1.68389e-005	9.08382e-005	0.000118124	0.000345235	9.55649e-006	8.48147e-006	0.000132114	0.0022426	0.0316607	0.603143	0.978533	0.998248	0.871021	0.369709	0.0112967	0.000439058	0.000664474	0.00365008	0.112876	0.0106548	0.00243713	0.00155774	0.00802033	0.00318913	0.00967393	0.000465464	0.000134472	5.05176e-006	3.83397e-006	
0	5.55673e-007	0.000554352	0.00156598	0.00116046	0.000795881	0.000343239	0.000477153	3.31151e-005	0.0015424	5.47139e-005	3.74981e-006	1.43703e-007	8.89702e-008	1.99083e-007	6.58309e-008	7.09911e-008	1.03925e-007	1.7332e-006	4.23888e-008	2.65113e-009	9.5646e-007	5.03824e-006	0.000119072	0.00323	0.00526632	0.00141241	0.128846	0.627869	0.936394	0.855729	0.640633	0.87583	0.832483	0.928254	0.941386	0.73479	0.81785	0.850953	0.901405	0.958972	0.919341	0.816452	0.959427	
0	0	4.24197e-005	0.00177089	0.0295421	0.0910661	0.283435	0.89063	0.812583	0.982768	0.997379	0.999226	0.999789	0.999493	0.999742	0.999956	0.999451	0.999658	0.996349	0.999637	0.999853	0.999802	0.997713	0.968193	0.393597	0.0161949	0.00033919	0.000133294	0.00242225	0.0523095	0.143832	0.358703	0.12052	0.0546413	0.0610911	0.0561769	0.263652	0.17413	0.145858	0.0889215	0.0405626	0.0805244	0.183543	0.0405687	


1	0.998773	0.999576	0.999184	0.997915	0.990497	0.997102	0.949283	0.992535	0.992953	0.970058	0.913022	0.902967	0.969728	0.980991	0.860133	0.998642	0.99968	0.99664	0.986826	0.994721	0.999691	0.794043	0.0985089	0.0126074	0.0274437	0.00656163	0.000326276	3.35917e-007	3.75694e-010	1.21002e-013	9.49347e-016	4.5298e-017	3.4905e-018	2.53811e-021	9.16036e-024	2.6638e-024	6.97079e-025	1.82195e-025	3.61903e-026	6.51719e-029	2.30855e-031	1.01127e-033	3.02431e-036	
0	0.00122675	0.00039159	0.000646612	0.000452188	0.000100146	1.83669e-005	0.00174658	0.00251795	0.000264623	0.00412715	0.000165557	6.0844e-005	9.19871e-005	0.000304521	0.139425	0.00135669	0.000320357	0.00335987	0.0131726	0.00527769	0.000285203	0.205956	0.901384	0.987235	0.969549	0.992673	0.988592	0.995898	0.0422337	9.50396e-007	6.77319e-010	1.45438e-011	1.04766e-012	3.40869e-016	4.86285e-021	3.36121e-023	2.09084e-024	5.14678e-027	1.18154e-026	2.50308e-030	6.43999e-034	4.64537e-035	2.44635e-038	
0	3.21137e-012	9.06342e-006	1.4462e-006	4.41397e-006	3.62422e-006	1.76992e-007	3.79642e-008	6.95302e-007	4.0839e-005	1.22531e-006	4.17843e-005	1.83366e-006	1.30716e-008	3.83776e-008	4.16033e-010	6.98522e-007	1.00866e-009	2.67222e-009	1.90589e-008	8.04348e-008	1.87069e-005	2.33127e-007	1.01351e-005	8.88964e-005	0.00167106	0.000370409	0.0103537	0.00407967	0.957465	0.99964	0.996899	0.999328	0.998118	0.999665	0.999686	0.965771	0.966296	0.931821	0.910764	0.999629	0.998816	0.995319	0.999874	
0	0	2.3801e-005	0.000168297	0.00162875	0.00939905	0.00287948	0.0489708	0.00494601	0.00674168	0.0258138	0.0867709	0.0969706	0.0301798	0.0187044	0.000441454	7.87936e-007	1.66461e-008	1.54557e-009	1.24196e-006	8.21714e-007	4.90726e-006	1.28815e-006	9.67489e-005	6.86329e-005	0.00133634	0.000394822	0.000728446	2.24912e-005	0.000301515	0.000359216	0.00310129	0.000671995	0.00188233	0.000335427	0.000313606	0.0342286	0.0337039	0.068179	0.0892358	0.000371386	0.00118405	0.00468137	0.000126419	


1	0.983307	0.981154	0.990677	0.924301	0.902693	0.82394	0.93981	0.921305	0.941685	0.990714	0.944858	0.971514	0.882444	0.971767	0.995914	0.745654	0.964042	0.989342	0.999018	0.99865	0.361414	0.0893509	0.0220777	0.00203952	3.96255e-005	4.09365e-006	2.78925e-006	1.17873e-007	1.15275e-007	4.75713e-008	8.23021e-008	1.98688e-006	7.93702e-005	5.349e-005	9.06635e-005	0.000684608	0.00571018	0.008099	0.0335799	0.0342172	0.0416811	0.00892454	0.0461604	
0	0.016693	0.0187606	0.00904273	0.0755552	0.0957283	0.175873	0.0515783	0.078528	0.0571201	0.00692246	0.0540759	0.0280299	0.117533	0.0282107	0.00360742	0.254287	0.0346005	0.0105331	0.000792225	0.00118442	0.638441	0.900892	0.9006	0.959679	0.961417	0.830554	0.311438	0.00729509	0.000239693	2.20589e-005	1.03601e-005	0.000991123	0.204945	0.00572436	0.00793714	0.0274813	0.0388069	0.0134377	0.00132578	0.00806116	0.0111615	0.00150326	0.0822852	
0	3.33949e-009	8.53757e-005	0.000221098	6.71697e-005	0.00148842	0.000178744	0.00851035	0.000131332	0.00116381	0.00229215	0.000591753	0.000322948	1.83257e-005	1.92983e-005	0.000475079	5.53248e-005	0.0013567	0.000105066	8.67755e-006	3.98094e-008	8.03563e-006	0.00965693	0.0763732	0.037889	0.0385133	0.169344	0.642123	0.969814	0.317068	0.00667077	0.000151995	0.000856838	0.017758	0.00573296	0.00036134	0.000471197	0.000537527	0.000462935	0.000156765	7.09597e-005	2.01009e-005	0.000122241	0.000209942	
0	0	2.4742e-008	5.87225e-005	7.68344e-005	9.06385e-005	8.45552e-006	0.000101641	3.58024e-005	3.12008e-005	7.10987e-005	0.000474738	0.000133228	4.4045e-006	2.98858e-006	3.11667e-006	3.21246e-006	3.62019e-007	2.02942e-005	0.000180795	0.000165455	0.000136659	0.000100194	0.000949494	0.000392158	2.99542e-005	9.80478e-005	0.0464362	0.0228906	0.682692	0.993307	0.999838	0.99815	0.777218	0.988489	0.991611	0.971363	0.954945	0.978	0.964938	0.957651	0.947137	0.98945	0.871344	


1	0.999832	0.999655	0.99941	0.999404	0.999615	0.997143	0.999483	0.854729	0.999332	0.999045	0.999765	0.99933	0.919157	0.93328	0.892464	0.666931	0.973622	0.973612	0.997921	0.991823	0.957307	0.0194401	6.83446e-005	1.41032e-007	7.74429e-010	3.77839e-012	6.9026e-013	4.91844e-016	1.81535e-018	7.08897e-020	2.22609e-019	1.62471e-019	1.55075e-019	9.95507e-020	1.38872e-019	2.60147e-019	1.02622e-018	1.07454e-018	1.84045e-018	4.47205e-019	1.71254e-019	1.39858e-020	1.59626e-020	
0	0.000167884	0.000344981	0.000588931	0.000596009	0.000384479	0.00285732	0.000515613	0.145271	0.000373219	0.000920521	0.00017647	0.00064827	0.0808389	0.0667178	0.107527	0.333049	0.0263632	0.0263721	0.00207127	0.00817445	0.0426681	0.980558	0.999918	0.999993	0.99992	0.999939	0.346735	0.00176667	1.84236e-007	6.08271e-012	1.89728e-012	6.35884e-012	2.25783e-010	3.55532e-013	1.59781e-014	4.67906e-015	5.34018e-015	1.81015e-016	5.23279e-017	3.55615e-019	6.24978e-021	2.50106e-023	1.18935e-021	
0	9.12524e-021	2.15976e-008	5.70252e-007	7.53904e-008	8.22108e-008	5.01777e-009	1.36414e-006	9.83809e-009	0.000294562	3.81114e-007	1.81077e-006	2.18859e-008	2.29276e-009	9.26301e-007	8.37647e-006	1.85876e-005	1.38196e-005	1.53982e-005	1.85416e-006	1.89939e-008	2.32252e-005	1.17982e-006	1.40526e-005	6.42976e-006	8.01688e-005	6.12838e-005	0.653259	0.997116	0.995765	0.96719	0.154449	0.0172939	0.000750548	0.00694343	0.00534053	8.16382e-005	6.63675e-006	7.72444e-007	1.21371e-007	1.87124e-007	8.96695e-009	2.44079e-009	1.27877e-009	
0	0	1.4412e-019	2.3603e-009	1.6385e-007	1.91568e-007	2.99752e-008	1.08998e-007	5.42469e-008	5.6751e-008	3.39855e-005	5.63176e-005	2.20817e-005	3.87161e-006	9.87735e-007	1.10968e-006	1.04849e-006	7.12791e-007	9.44754e-007	5.54518e-006	2.70126e-006	1.87463e-006	3.18001e-007	6.84562e-009	6.12949e-009	4.43396e-009	4.87711e-008	6.74217e-006	0.00111698	0.00423462	0.0328101	0.845551	0.982706	0.999249	0.993057	0.994659	0.999918	0.999993	0.999999	1	1	1	1	1	


1	0.999165	0.999977	0.959885	0.998727	0.996091	0.992571	0.991761	0.984985	0.997496	0.999644	0.997736	0.999668	0.995695	0.823744	0.313256	0.035768	0.163856	0.135107	0.00480388	0.000263552	3.41658e-005	1.21788e-007	2.14803e-010	5.11055e-012	8.45653e-013	1.90825e-014	7.85002e-015	6.18206e-018	5.13965e-020	1.7707e-021	3.43129e-022	3.87361e-022	5.50188e-022	2.25129e-023	3.0126e-024	3.37415e-024	6.36389e-024	2.30144e-024	3.24103e-024	1.13493e-025	7.56294e-027	1.63607e-028	2.23579e-029	
0	0.000835008	2.31291e-005	0.0401148	0.00126218	0.00390825	0.00742844	0.00823546	0.0148952	0.00249049	0.000352154	0.00226097	0.000331487	0.00430456	0.176255	0.33419	0.629886	0.324848	0.263526	0.935003	0.993839	0.999402	0.987163	0.982016	0.453158	0.288747	0.00551863	0.00197925	1.94223e-007	6.98802e-012	1.41977e-016	1.52809e-018	2.93131e-019	2.21961e-020	2.19187e-024	2.76181e-025	3.1912e-025	6.84339e-027	1.47938e-026	3.99057e-028	3.07376e-028	9.63413e-029	5.86272e-031	3.43764e-031	
0	3.22968e-010	1.61651e-007	8.28291e-010	1.03512e-005	1.5442e-008	3.32536e-007	3.26205e-006	0.000119371	5.67143e-006	9.68471e-007	1.73762e-008	1.39504e-008	2.90527e-008	2.48244e-007	0.352554	0.334057	0.508588	0.598937	0.0569167	0.00585681	0.000522696	0.0128364	0.0179752	0.546815	0.708989	0.993782	0.480289	0.871665	0.0454456	2.92201e-005	7.93142e-008	4.5858e-007	3.52518e-006	1.58737e-008	1.85308e-012	3.7531e-014	1.15519e-014	9.79846e-018	5.35126e-019	2.84986e-021	6.47338e-025	1.61942e-027	5.59244e-029	
0	0	9.26303e-012	2.81959e-008	3.91843e-008	8.46741e-007	3.0833e-008	1.98106e-007	1.56403e-008	7.93459e-006	2.58127e-006	2.77048e-006	2.79633e-007	1.47501e-009	1.49026e-010	6.25274e-009	0.000289224	0.00270835	0.00243103	0.00327594	4.09961e-005	4.09143e-005	7.84269e-007	8.52776e-006	2.71088e-005	0.00226313	0.000699495	0.517732	0.128335	0.954554	0.999971	1	1	0.999996	1	1	1	1	1	1	1	1	1	1	


1	0.970924	0.999743	0.937642	0.807978	0.188389	0.122105	0.000806416	0.0503459	0.0027681	0.000106952	2.42973e-006	4.57046e-007	8.78509e-007	2.51025e-007	2.02795e-008	2.51173e-007	5.61564e-008	7.73451e-007	7.06397e-009	1.62274e-009	1.73059e-009	4.72916e-008	2.85353e-007	4.08921e-005	0.00103391	0.0141106	0.00130186	3.30065e-006	4.38653e-009	5.30799e-012	7.83141e-014	6.68345e-015	1.52288e-015	2.59028e-018	5.56077e-020	3.06316e-020	1.40727e-019	3.43828e-020	1.64072e-020	9.60425e-023	2.86182e-024	1.8404e-027	4.59539e-029	
0	0.0290761	9.7337e-005	0.0480491	6.64954e-005	1.85601e-005	1.03081e-005	3.61265e-006	4.21071e-006	3.51101e-006	3.95287e-007	1.50857e-009	4.47205e-011	5.18422e-010	4.31779e-009	1.52363e-008	2.6589e-009	3.20168e-010	1.3153e-009	1.64643e-009	1.88725e-011	1.3796e-012	1.47212e-009	4.00899e-007	1.64169e-005	0.000560288	0.0541342	0.583746	0.894426	0.0746603	6.19601e-006	9.95088e-009	7.87211e-011	7.24525e-012	1.96554e-014	7.1152e-018	1.54516e-019	8.55613e-021	7.16985e-022	3.15712e-021	6.49209e-024	7.20047e-027	3.5786e-028	3.88993e-031	
0	2.79217e-014	8.54381e-005	8.08982e-006	0.00015299	1.22306e-006	1.41994e-008	4.59995e-010	1.18464e-008	3.1393e-009	3.50144e-010	1.7057e-010	6.11302e-013	2.42283e-014	1.44951e-013	1.6803e-012	1.03512e-010	2.03183e-012	4.10854e-012	1.00229e-013	7.85381e-013	3.90785e-013	1.00663e-013	3.79074e-011	9.70367e-008	1.6248e-006	5.85149e-005	0.0929751	0.103077	0.923412	0.990458	0.985548	0.999379	0.998781	0.993628	0.987226	0.884715	0.839629	0.575711	0.70817	0.963007	0.978439	0.982196	0.997624	
0	0	7.46332e-005	0.0143006	0.191802	0.811591	0.877885	0.99919	0.94965	0.997228	0.999893	0.999998	1	0.999999	1	1	1	1	0.999999	1	1	1	1	0.999999	0.999943	0.998404	0.931697	0.321978	0.00249354	0.00192806	0.00953533	0.0144518	0.000621373	0.00121887	0.00637216	0.0127744	0.115285	0.160371	0.424289	0.29183	0.0369929	0.0215614	0.0178036	0.00237609	


1	0.7423	0.933353	0.219102	0.010633	0.000149272	0.000118535	2.56878e-007	3.58656e-005	2.4368e-007	2.93031e-009	8.60892e-012	7.64554e-013	2.12868e-012	1.44123e-012	2.01106e-013	7.95381e-012	2.00198e-012	4.66839e-012	4.01527e-014	1.4449e-014	3.29689e-015	3.65375e-013	3.74988e-012	3.36501e-010	1.12004e-008	7.23418e-007	6.80399e-008	1.29149e-008	9.08912e-011	5.18064e-013	2.22391e-013	5.67674e-012	1.11763e-009	9.23885e-012	1.10626e-012	1.15606e-012	8.96324e-012	1.14803e-012	4.28314e-013	1.22208e-014	8.13542e-016	3.47096e-018	3.01754e-019	
0	0.257698	0.00065019	0.00778563	1.62526e-006	6.77229e-008	2.1355e-008	1.28147e-009	7.27258e-010	1.13729e-008	8.4321e-012	7.27636e-014	7.44126e-017	2.16655e-016	4.56362e-015	1.97441e-015	8.12955e-015	2.11873e-015	2.4061e-014	1.47684e-015	3.1791e-017	7.39027e-017	8.51642e-016	3.78497e-013	7.8417e-012	2.88082e-010	6.73514e-009	1.4257e-006	0.000145174	0.000469513	1.13196e-005	5.58733e-007	2.34018e-006	2.10662e-005	3.14957e-006	1.45906e-007	8.80761e-009	9.01184e-009	9.97664e-010	3.50675e-009	1.59285e-009	7.88526e-012	7.25359e-013	5.50992e-014	
0	2.44807e-006	0.0658409	0.03712	0.00143823	5.30025e-005	4.21865e-005	4.26078e-007	1.24212e-007	1.59975e-008	6.02156e-010	1.54274e-011	2.29483e-012	7.82534e-013	4.11885e-014	8.06457e-017	4.93542e-016	1.93131e-016	8.14361e-017	7.43429e-018	4.50992e-018	1.03717e-016	3.80326e-016	5.21614e-016	1.67118e-013	5.74538e-012	7.55516e-011	9.64775e-011	2.66554e-008	2.0843e-006	6.72763e-005	0.000224611	0.00194473	0.0530445	0.0286041	0.323352	0.04879	0.241818	0.24651	0.0850241	0.352554	0.86421	0.3477	0.968602	
0	0	0.000156002	0.735992	0.987927	0.999798	0.999839	0.999999	0.999964	1	1	1	1	1	1	1	1	1	1	1	1	1	1	1	1	1	0.999999	0.999999	0.999855	0.999528	0.999921	0.999775	0.998053	0.946934	0.971393	0.676647	0.95121	0.758182	0.75349	0.914976	0.647446	0.13579	0.6523	0.0313976	


1	0.846773	0.931972	0.618286	0.0355646	0.000599159	0.000282441	1.33958e-006	0.000141653	2.90499e-006	1.37717e-007	7.53985e-010	8.40836e-011	5.08801e-010	1.26299e-009	7.78586e-010	1.00927e-008	7.6503e-009	3.47262e-008	9.76358e-010	5.97562e-010	1.31931e-010	3.79992e-009	5.9434e-008	6.04304e-006	0.000427071	0.0728995	0.104387	0.0431353	0.000884532	1.5899e-005	1.62281e-006	5.28339e-007	4.98215e-007	5.84619e-009	1.28208e-010	8.6771e-011	7.02523e-011	7.24334e-012	2.64929e-012	2.62522e-014	4.47557e-016	4.755e-018	1.98258e-019	
0	0.146904	0.0559391	0.0755055	0.00423313	4.98487e-005	3.29057e-006	2.85734e-007	3.94144e-007	2.24442e-007	1.10662e-008	1.40392e-010	2.47522e-012	1.50055e-012	1.61465e-011	9.35491e-011	3.33837e-010	2.06082e-010	1.17117e-009	6.26669e-010	2.68694e-010	9.01544e-011	1.74512e-009	4.7008e-008	8.92849e-007	5.94948e-006	0.00104795	0.0439655	0.516875	0.534179	0.13591	0.102822	0.00552739	0.000553388	8.42585e-005	3.17863e-006	3.25463e-007	2.53611e-007	1.07173e-007	1.65251e-007	1.11948e-008	7.93897e-010	1.5573e-010	7.19442e-012	
0	0.00632335	0.00410221	0.00301727	0.000170145	5.09864e-006	6.54257e-007	6.04638e-009	3.27229e-008	2.71358e-008	5.8167e-010	1.2929e-011	4.14421e-013	1.96188e-013	4.16773e-013	3.96182e-013	5.17893e-012	7.04961e-012	4.0603e-011	1.3412e-012	1.41137e-012	1.37823e-011	5.03472e-011	6.95532e-010	5.80331e-008	1.04779e-006	4.11096e-005	0.0195999	0.106611	0.229441	0.397981	0.704078	0.992344	0.998879	0.97456	0.965051	0.941347	0.982241	0.894816	0.964715	0.973051	0.983212	0.839929	0.991073	
0	0	0.00798651	0.303192	0.960032	0.999346	0.999714	0.999998	0.999858	0.999997	1	1	1	1	1	1	1	1	1	1	1	1	1	1	0.999993	0.999566	0.926011	0.832047	0.333379	0.235496	0.466093	0.193098	0.00212768	0.000567213	0.0253552	0.0349462	0.0586523	0.0177592	0.105184	0.0352846	0.0269488	0.0167879	0.160071	0.00892685	


1	0.996856	0.99982	0.997567	0.999895	0.999813	0.997305	0.999087	0.950795	0.996613	0.995701	0.987532	0.996879	0.384905	0.193435	0.000148376	9.5709e-007	1.13224e-010	8.23783e-014	9.02751e-018	1.96335e-020	8.29607e-022	2.43296e-022	5.51995e-022	2.56591e-021	1.48183e-020	4.31591e-021	5.98831e-021	2.86835e-022	6.56077e-024	1.10282e-024	1.86796e-024	1.80835e-024	5.46764e-024	3.03669e-024	2.17399e-022	9.35244e-023	5.20171e-021	3.86479e-021	1.0209e-019	1.97023e-020	7.73951e-020	3.17742e-021	6.82358e-020	
0	0.0031439	0.000150806	0.00242711	1.42405e-005	0.000172767	0.00269085	0.000180193	0.0491626	0.000647611	0.000876871	0.000716622	0.000329479	0.615031	0.803462	0.789946	0.700927	0.989434	0.687568	0.00883014	7.63132e-005	7.0848e-008	8.02294e-011	1.37591e-012	1.40624e-013	4.96215e-012	3.59857e-011	3.00247e-009	1.51998e-011	3.98743e-018	1.78203e-022	6.8456e-026	5.71471e-025	4.36003e-025	9.51573e-028	2.29578e-027	3.83063e-022	9.04756e-024	1.3242e-023	1.10655e-023	2.07938e-024	1.68888e-025	1.82972e-024	7.77841e-026	
0	3.37755e-027	2.87899e-005	2.82562e-006	8.43939e-005	5.62501e-007	1.29711e-007	0.00071209	5.62411e-006	0.00259783	0.00024865	4.67729e-005	8.88006e-007	4.91456e-007	0.00310052	0.20947	0.295147	0.00985821	0.312402	0.985131	0.98556	0.999869	0.993718	0.93721	0.755302	0.0878566	7.32023e-005	0.000188848	0.00181044	0.000186939	4.36056e-005	2.64029e-007	2.46229e-009	2.28681e-012	8.98503e-013	9.68595e-013	1.27434e-013	1.23324e-010	3.24809e-010	8.51548e-008	7.22628e-008	1.47811e-008	2.91472e-010	2.40715e-010	
0	0	4.92553e-024	3.06282e-006	6.72424e-006	1.37397e-005	4.29914e-006	2.07867e-005	3.68541e-005	0.000141566	0.00317306	0.0117044	0.00279063	6.36816e-005	2.86713e-006	0.000435592	0.00392482	0.000707808	2.93615e-005	0.00603878	0.0143641	0.00013054	0.00628153	0.0627899	0.244698	0.912143	0.999927	0.999811	0.99819	0.999813	0.999956	1	1	1	1	1	1	1	1	1	1	1	1	1	


1	0.993767	0.999889	0.99669	0.999913	0.999838	0.999015	0.99862	0.997923	0.997355	0.987795	0.920396	0.984682	0.89858	0.808502	0.024378	0.00386668	2.09878e-005	2.62642e-006	3.80797e-008	9.06703e-009	1.19747e-009	1.60713e-009	4.36332e-009	7.30975e-008	2.75185e-007	4.05515e-008	1.28954e-008	9.34796e-011	1.9927e-013	8.07678e-015	6.30743e-015	1.60435e-015	1.71329e-015	1.49848e-016	3.88532e-015	1.25542e-015	9.67823e-014	1.27215e-013	1.70287e-012	2.89657e-013	1.75602e-012	1.06076e-014	1.82566e-013	
0	0.00623288	0.000103168	0.00330489	5.87186e-005	0.000140983	0.000970882	0.00109163	0.00198013	0.00176265	0.000544392	0.000822285	1.63462e-005	0.09955	0.191008	0.956173	0.986326	0.996778	0.631138	0.071282	0.00222657	2.11631e-005	8.70014e-007	1.38568e-007	5.51929e-008	7.32908e-007	2.47625e-006	1.49707e-005	2.55715e-007	8.28096e-013	1.23403e-017	9.12863e-020	2.84026e-017	6.18466e-018	4.21519e-020	5.52939e-021	9.44103e-016	2.1709e-016	9.43211e-016	2.32231e-015	6.08121e-017	3.18206e-018	2.37629e-017	1.04264e-018	
0	6.94525e-010	6.16672e-006	3.40625e-007	1.10987e-005	3.25052e-008	1.62097e-008	9.3538e-005	2.23249e-007	2.53424e-005	1.41881e-005	4.0052e-006	4.20086e-008	4.04512e-009	4.62419e-005	0.0186784	0.00962816	0.00316498	0.368809	0.871382	0.941343	0.99964	0.990976	0.961946	0.529513	0.00850193	4.25106e-006	9.19606e-007	9.82695e-007	1.06988e-009	3.70916e-012	1.36881e-015	7.38186e-019	2.0009e-022	1.78783e-020	4.1397e-022	1.2455e-023	1.6341e-014	1.91838e-014	5.26466e-013	2.35566e-014	2.03748e-016	3.59485e-019	1.67651e-019	
0	0	1.75879e-006	4.89134e-006	1.6886e-005	2.06877e-005	1.45238e-005	0.000194841	9.62871e-005	0.000856645	0.0116465	0.0787781	0.0153018	0.00186989	0.000444242	0.000770392	0.000179037	3.58488e-005	5.06157e-005	0.0573359	0.0564307	0.000338666	0.00902348	0.0380537	0.470487	0.991497	0.999993	0.999984	0.999999	1	1	1	1	1	1	1	1	1	1	1	1	1	1	1	


1	0.999719	0.999802	0.999462	0.995888	0.998993	0.998664	0.995001	0.992187	0.999725	0.99418	0.999539	0.999684	0.9444	0.971985	0.752974	0.0136973	0.0108438	0.000915346	5.43965e-005	3.74847e-006	9.21309e-008	4.4697e-011	1.16608e-013	2.86349e-016	1.01492e-016	1.45312e-016	1.05413e-016	8.05031e-019	6.79539e-019	2.85108e-018	6.31586e-018	2.51278e-017	8.99821e-017	2.77993e-016	1.89021e-015	4.67954e-014	2.95513e-014	1.59164e-013	1.00019e-013	2.47204e-013	3.70715e-013	1.8612e-013	2.24285e-013	
0	0.000146449	0.000162149	0.000133658	0.00407664	0.000985938	0.00133076	0.00205035	0.00747905	0.000127936	0.000129887	0.000212211	0.00022164	0.0555973	0.028006	0.228425	0.985958	0.973019	0.99311	0.956123	0.855486	0.996025	0.9993	0.994423	0.99935	0.977906	0.739015	0.00831867	1.60382e-005	1.87337e-008	1.47741e-011	2.05755e-012	6.70961e-012	1.1719e-010	3.27377e-013	5.11066e-013	9.46255e-013	5.39742e-013	1.81194e-013	1.80983e-014	1.65922e-014	4.55439e-014	9.52795e-015	1.49356e-012	
0	0.000134962	3.5177e-005	0.000404087	2.06205e-005	2.10221e-005	5.14189e-006	0.00294861	0.000161428	0.000143038	0.00568881	0.000211794	9.3783e-005	2.57633e-006	8.69719e-006	0.0185774	6.18801e-006	0.0161114	0.00336649	0.00979538	0.000285208	0.000140617	7.72701e-005	0.00528118	0.00054493	0.0220707	0.258866	0.961644	0.910403	0.0553857	0.000668701	5.54357e-007	6.76297e-009	2.34832e-011	1.44237e-011	5.06951e-014	2.70728e-014	6.50223e-015	4.93093e-014	1.43096e-014	3.23909e-016	4.41566e-018	6.54981e-017	3.62827e-018	
0	0	4.26855e-007	5.4981e-007	1.44819e-005	4.34372e-007	8.70159e-009	3.46109e-007	0.000172194	3.55132e-006	8.65465e-007	3.73254e-005	1.05334e-006	2.93742e-007	1.71782e-007	2.3976e-005	0.000338196	2.58967e-005	0.00260829	0.0340277	0.144225	0.00383399	0.000622545	0.00029557	0.000104888	2.28155e-005	0.00211978	0.0300378	0.089581	0.944614	0.999331	0.999999	1	1	1	1	1	1	1	1	1	1	1	1	


1	0.993429	0.992561	0.988829	0.989535	0.993563	0.998321	0.979306	0.997461	0.994761	0.977759	0.984382	0.995229	0.9941	0.982274	0.619077	0.071015	0.00839147	0.00427622	0.00168975	0.000771927	0.00160158	0.00227315	0.00405143	0.00547248	0.00230533	0.00196691	0.00873532	0.053808	0.0751182	0.147327	0.555288	0.911239	0.0978444	0.721615	0.686539	0.782752	0.77455	0.55916	0.334481	0.400214	0.513765	0.504063	1.48999e-006	
0	0.00657123	0.00732765	0.0108712	0.0101486	0.00586724	0.000702565	0.0204897	0.00220645	0.00506001	0.0221619	0.0151198	0.00386389	0.000590355	0.0010421	0.0640366	0.000970316	0.000184607	0.00456527	0.222018	0.303005	0.0136852	0.000630144	3.26245e-005	7.17862e-006	7.11685e-007	1.3575e-006	0.000979482	0.0698513	0.626612	0.80897	0.282542	0.0576034	0.00012738	0.25565	0.0227794	0.1368	0.00133817	0.00078259	0.000530258	0.0269157	0.0289134	0.0410827	8.44029e-010	
0	4.68632e-010	7.26332e-008	6.20567e-011	2.90693e-008	4.26199e-008	1.11295e-007	3.95686e-011	3.27945e-011	6.27745e-009	1.23345e-010	2.80057e-009	4.15242e-010	2.38489e-005	2.18628e-005	8.38066e-005	0.017666	0.0110143	5.05819e-005	0.000879775	0.0202149	0.154671	0.109574	0.000102672	1.87482e-005	6.80355e-009	4.91808e-009	4.77779e-014	4.15332e-009	1.15828e-005	3.09528e-006	0.0880067	0.01404	0.899644	0.000100348	0.280342	0.00043781	4.0177e-006	1.3455e-005	5.14228e-007	0.00434911	0.00190733	0.437027	0.999998	
0	0	0.000111107	0.000299701	0.000316194	0.000570056	0.00097604	0.000204712	0.000332595	0.000179174	7.90851e-005	0.000498222	0.000906632	0.00528559	0.0166616	0.316803	0.910349	0.98041	0.991108	0.775412	0.676008	0.830042	0.887523	0.995813	0.994502	0.997694	0.998032	0.990285	0.876341	0.298258	0.0436995	0.0741632	0.0171174	0.00238386	0.0226343	0.0103395	0.0800104	0.224108	0.440044	0.664988	0.568521	0.455415	0.0178266	9.69732e-008	


1	0.925496	0.974045	0.897054	0.877108	0.252517	0.0518703	0.0153951	0.00557316	0.000850002	9.78672e-005	1.86733e-005	2.84029e-006	1.43195e-006	1.77346e-006	2.76506e-008	2.31258e-010	1.48172e-012	1.79653e-014	2.97092e-016	3.14331e-018	7.8201e-019	7.61048e-019	1.36978e-018	5.1656e-019	2.62532e-019	2.2672e-019	8.75902e-019	2.43225e-018	3.27394e-018	1.12596e-018	2.21219e-018	1.58664e-019	8.94722e-022	1.55913e-021	1.79568e-022	2.05011e-023	1.98663e-023	8.5816e-024	1.70262e-023	1.87844e-024	9.76551e-025	2.01581e-025	1.88459e-028	
0	0.0745044	0.0114281	0.090858	0.014004	0.00528395	0.000941029	0.000125575	0.000864565	1.81713e-005	2.27443e-006	1.71216e-007	2.08684e-007	2.80576e-007	6.86091e-006	5.02569e-009	6.70757e-012	2.20203e-014	3.27799e-015	1.02824e-016	1.77617e-017	1.07726e-017	3.96693e-017	1.18715e-016	2.23176e-017	5.16156e-019	2.07973e-019	1.7203e-018	3.76726e-018	7.09507e-018	7.14739e-018	4.99348e-017	2.8105e-018	5.06492e-021	3.10194e-020	1.20934e-020	1.67538e-022	2.17285e-022	2.18275e-023	2.49518e-022	5.94262e-024	3.60662e-024	2.55376e-025	3.14233e-028	
0	1.18369e-011	0.00563004	2.37309e-005	0.00157504	0.000124224	5.44467e-005	1.0456e-007	1.6886e-006	2.0658e-006	6.76072e-009	3.08583e-009	4.29245e-010	3.84784e-009	2.39896e-009	6.34041e-007	2.5499e-005	0.000245688	0.000285265	6.03145e-005	4.20707e-005	4.98339e-005	0.000258253	0.000208807	0.00352373	0.0189412	0.209861	0.00351197	0.00737508	0.0278945	0.0190475	0.0765621	0.414999	0.990866	0.576322	0.757729	0.241805	0.0752421	0.0179283	0.00270005	0.0143977	0.0448624	0.116254	0.987851	
0	0	0.0088971	0.0120641	0.107313	0.742075	0.947134	0.984479	0.993561	0.99913	0.9999	0.999981	0.999997	0.999998	0.999991	0.999999	0.999975	0.999754	0.999715	0.99994	0.999958	0.99995	0.999742	0.999791	0.996476	0.981059	0.790139	0.996488	0.992625	0.972105	0.980953	0.923438	0.585001	0.00913423	0.423678	0.242271	0.758195	0.924758	0.982072	0.9973	0.985602	0.955138	0.883746	0.0121492	


1	0.834728	0.338569	0.399378	0.0361035	0.0020481	0.000476894	4.62885e-005	1.56376e-005	2.77244e-006	2.15767e-007	1.13324e-008	4.37747e-010	4.56127e-010	5.8191e-009	9.66878e-010	3.12795e-010	4.63662e-011	6.78249e-011	2.29806e-010	1.20608e-009	2.04886e-009	4.64014e-009	1.40805e-008	6.43553e-009	5.45363e-010	2.4707e-010	1.9531e-010	6.49952e-011	4.27259e-011	1.88893e-011	9.90796e-011	1.13047e-010	5.30705e-011	5.50112e-011	3.91658e-011	6.63268e-012	8.68085e-012	3.13254e-012	7.42778e-012	1.36791e-012	1.80856e-012	9.87175e-013	2.36206e-013	
0	0.16252	0.11346	0.0857994	0.015728	0.00198367	0.00325429	0.000278737	0.000149597	6.26967e-005	1.81052e-006	4.84268e-007	6.48668e-008	3.00104e-007	1.42607e-006	8.04215e-008	2.36996e-008	1.199e-008	1.54483e-008	1.41352e-008	6.24045e-008	2.14849e-006	7.91904e-006	4.84857e-005	7.44101e-005	6.64748e-006	9.1879e-007	1.3629e-007	3.17107e-009	5.79122e-011	1.59617e-011	1.28652e-010	3.46724e-010	2.1066e-010	1.40403e-010	1.40621e-009	2.90156e-010	1.77121e-010	2.20033e-010	6.14879e-011	9.80528e-012	2.24105e-011	1.94468e-011	3.70558e-011	
0	0.00275225	0.544915	0.0569762	0.244139	0.212574	0.0298419	0.0504499	0.0318749	0.0547243	0.0745803	0.158244	0.00962176	0.000103307	1.48145e-007	9.39204e-007	2.78215e-007	9.08315e-009	2.00943e-009	1.45104e-009	5.21711e-011	9.8928e-011	1.77089e-007	9.44675e-007	7.26629e-005	4.05624e-005	1.53972e-005	9.78228e-007	3.63158e-005	0.000301198	9.74182e-005	5.84117e-007	1.58171e-006	1.27027e-006	1.10989e-007	1.3216e-009	2.30651e-009	5.1442e-011	2.55357e-011	4.45991e-013	1.26176e-010	4.38004e-012	3.57696e-011	8.21427e-012	
0	0	0.00305513	0.457846	0.70403	0.783394	0.966427	0.949225	0.96796	0.94521	0.925418	0.841756	0.990378	0.999896	0.999998	0.999999	1	1	1	1	1	0.999998	0.999992	0.999951	0.999853	0.999953	0.999984	0.999999	0.999964	0.999699	0.999903	0.999999	0.999998	0.999999	1	1	1	1	1	1	1	1	1	1	


1	0.693152	0.898927	0.560655	0.702932	0.737177	0.894006	0.648598	0.958562	0.771039	0.66214	0.368126	0.362194	0.416083	0.0416541	0.000314656	6.21899e-007	3.20196e-009	5.91907e-012	5.54206e-015	1.18636e-017	8.19506e-020	1.16538e-020	6.68214e-021	2.59218e-020	3.36025e-020	7.3026e-020	1.08874e-020	2.325e-020	8.75699e-021	2.85888e-022	2.55501e-023	5.59203e-023	3.13813e-022	1.93432e-023	9.5872e-024	5.73491e-023	1.88883e-023	2.67364e-024	2.17498e-025	3.44483e-026	1.6579e-027	1.80275e-028	7.33898e-029	
0	0.254345	0.0673995	0.341056	0.147693	0.0755482	0.0486042	0.0428356	0.00491047	0.045796	0.0100246	0.0256946	0.013531	0.258398	0.768849	0.836275	0.75661	0.608461	0.372948	0.264561	0.177602	0.0526358	0.0414593	0.0570189	0.0653716	0.053055	0.0430978	0.0342422	0.0344111	0.0274868	0.00240223	0.00470825	0.00775629	0.060646	0.022436	0.0810377	0.449289	0.599079	0.774193	0.833237	0.812282	0.856871	0.631965	0.766227	
0	0.0525032	0.0167411	0.0743354	0.0180373	0.0169382	0.00810569	0.0085741	0.000881294	0.0250257	0.00748108	0.0118245	0.00539456	0.0563535	0.169852	0.159542	0.242141	0.388886	0.622219	0.722935	0.81333	0.944278	0.95105	0.907558	0.882913	0.939908	0.948221	0.956913	0.721152	0.187577	0.0140498	0.0084331	0.00874638	0.0135844	0.00537095	0.00607028	0.0674877	0.0555086	0.0975143	0.0864985	0.086341	0.0328754	0.0453729	0.0213722	
0	0	0.0169322	0.0239542	0.131337	0.170336	0.0492838	0.299992	0.0356464	0.158139	0.320354	0.594354	0.61888	0.269165	0.0196455	0.00386867	0.00124757	0.00265296	0.00483221	0.012504	0.00906738	0.00308572	0.00749067	0.0354232	0.051715	0.00703683	0.00868153	0.0088444	0.244437	0.784937	0.983548	0.986859	0.983497	0.92577	0.972193	0.912892	0.483223	0.345412	0.128293	0.0802648	0.101377	0.110254	0.322662	0.212401	


1	0.999136	0.999963	0.99959	0.999349	0.999903	0.99999	0.989338	0.998834	0.999804	0.999376	0.999759	0.999968	0.99639	0.993274	0.000852318	4.82744e-006	4.59215e-008	1.07744e-011	1.46028e-017	1.71628e-022	2.47242e-023	2.20588e-026	5.66593e-030	3.25282e-032	8.3548e-031	1.19655e-030	5.88243e-032	1.39936e-035	7.90256e-039	2.35958e-040	1.41941e-040	2.92546e-041	1.88331e-041	1.12462e-043	2.24571e-043	6.28778e-043	1.14045e-043	7.61039e-044	2.52619e-045	5.10077e-046	7.88821e-046	8.80371e-047	4.39831e-047	
0	0.000863483	1.90479e-005	0.000394638	0.000586727	7.79275e-005	9.18919e-006	0.0106547	0.000798698	5.22759e-005	0.000430105	0.000149673	1.36795e-005	0.00360899	0.00671347	0.998689	0.989996	0.993983	0.994952	0.999971	0.999968	0.99943	0.999673	0.999858	0.999019	0.189533	0.011274	0.000257898	5.62057e-007	5.09384e-011	3.77998e-015	1.01311e-014	1.83349e-014	2.91713e-014	8.66923e-017	7.95143e-017	1.52887e-018	2.61525e-020	1.56678e-022	1.49384e-024	2.63804e-026	1.61242e-026	1.96026e-025	2.92579e-025	
0	5.55552e-007	1.4553e-006	5.31661e-007	8.19177e-007	2.27706e-007	1.13393e-008	6.59799e-007	2.30865e-005	3.02453e-006	7.27518e-007	1.05828e-006	7.03963e-008	7.22606e-009	9.94472e-007	0.000456606	0.00996679	0.00600601	0.00504603	2.89982e-005	3.13591e-005	0.000351192	7.08932e-005	3.73048e-005	0.00039903	0.454599	0.507367	0.959654	0.99835	0.997717	0.995195	0.9632	0.995528	0.98332	0.998448	0.984633	0.952016	0.937622	0.949591	0.979993	0.99352	0.922729	0.987427	0.990663	
0	0	1.61037e-005	1.46111e-005	6.30499e-005	1.92097e-005	1.16767e-006	7.0684e-006	0.000343869	0.000140887	0.000193282	9.05761e-005	1.84888e-005	6.07674e-007	1.12745e-005	1.7364e-006	3.20954e-005	1.10714e-005	1.98438e-006	2.76475e-007	4.0066e-007	0.000218588	0.000256489	0.000104371	0.000581848	0.355868	0.481359	0.0400876	0.00164966	0.00228325	0.00480544	0.0368	0.00447228	0.0166797	0.00155198	0.0153674	0.0479845	0.0623778	0.0504094	0.0200072	0.00648008	0.0772709	0.0125732	0.00933667	


1	0.999875	0.999956	0.999811	0.99959	0.999878	0.99983	0.999775	0.999953	0.999994	0.999983	0.999989	0.99987	0.357304	0.0221752	0.000297057	2.40355e-008	1.20205e-012	5.22067e-016	5.03615e-020	3.62294e-024	2.60478e-027	6.34181e-032	1.20735e-036	7.81566e-041	8.13947e-041	3.65395e-041	8.53343e-042	3.45586e-044	9.08704e-047	1.46546e-048	4.13961e-051	2.57404e-052	3.02924e-054	8.99363e-057	3.86382e-059	2.23819e-059	1.00703e-060	2.84273e-061	5.07167e-063	3.40592e-064	1.46278e-066	1.19392e-068	3.13479e-071	
0	0.000124767	4.42228e-005	0.000189374	0.000409881	0.000121683	0.00017012	0.000224805	4.4022e-005	6.35429e-006	1.66311e-005	1.1467e-005	0.000129793	0.642696	0.977249	0.998993	0.999971	1	0.999628	0.99972	0.996318	0.975585	0.000551595	3.57087e-009	1.59323e-014	7.78298e-017	2.31453e-019	3.79516e-022	3.86581e-027	2.56144e-033	1.45068e-038	1.3716e-041	9.12553e-044	6.73936e-046	1.19643e-050	1.52852e-053	5.77463e-055	9.95595e-056	2.86906e-057	1.49819e-058	4.28918e-060	3.22102e-062	3.11898e-064	3.58437e-065	
0	3.9225e-013	4.42243e-010	1.25261e-010	1.44292e-009	2.62335e-010	1.08644e-009	1.13346e-009	2.77312e-006	1.70912e-010	5.84644e-011	8.6808e-012	1.63881e-011	1.05221e-007	0.000575813	0.0007079	2.91877e-005	3.24922e-007	0.000372304	0.000279487	0.00368233	0.0244143	0.999448	0.999991	0.999993	0.980559	0.958219	0.014552	8.92576e-005	5.29351e-010	3.81471e-016	6.21808e-019	9.87723e-020	5.40774e-021	4.06002e-026	7.65708e-030	1.33372e-032	1.2693e-033	1.06501e-036	8.28267e-039	6.41551e-042	6.65105e-045	2.96142e-048	7.516e-050	
0	0	6.03905e-014	1.16442e-011	5.69337e-012	1.42924e-011	1.75287e-013	1.35248e-011	3.2585e-012	2.38347e-009	5.70282e-011	1.35192e-012	1.25418e-013	3.43502e-014	1.5565e-010	2.18671e-006	5.49293e-009	3.96952e-011	2.59636e-011	4.02719e-008	1.11778e-008	3.43293e-007	7.43787e-007	8.55558e-006	7.29946e-006	0.0194413	0.0417815	0.985448	0.999911	1	1	1	1	1	1	1	1	1	1	1	1	1	1	1	


1	0.996081	0.993639	0.988471	0.992639	0.999172	0.999848	0.906426	0.996928	0.990186	0.925107	0.976268	0.99947	0.997388	0.993345	0.280127	0.0135965	7.13435e-005	1.98334e-008	5.40875e-013	1.19657e-016	2.95603e-017	2.92984e-018	6.78767e-019	7.87376e-019	1.39142e-017	8.56264e-017	7.64115e-018	6.60449e-020	1.70246e-022	1.37212e-024	2.74647e-027	2.60626e-029	3.04805e-031	3.53615e-034	1.04068e-036	1.06367e-037	7.72265e-040	1.24505e-041	5.206e-044	3.44067e-046	2.18308e-048	1.6161e-051	1.78569e-054	
0	0.00171497	0.0063197	0.00220968	0.0062927	0.000652423	7.73659e-005	0.0641049	0.00239188	0.00974549	0.0736856	0.0236202	0.000264898	3.68902e-006	1.79136e-005	0.000209341	2.35233e-008	2.32298e-009	2.57016e-010	2.16398e-013	1.72444e-018	3.78443e-021	1.56793e-021	1.59475e-021	8.78528e-022	2.89825e-022	3.47237e-021	8.89863e-019	3.63027e-018	2.82386e-018	5.96045e-020	6.75512e-024	7.42323e-027	1.14185e-031	8.35856e-033	4.9502e-037	5.91777e-038	7.5267e-042	1.10588e-044	1.10796e-046	1.98041e-046	1.56775e-048	6.53947e-051	1.54481e-056	
0	0.00220443	3.09104e-005	0.00931715	0.00096565	0.000166276	7.3798e-005	0.0294679	0.000645392	5.73635e-005	0.00120638	0.00010348	0.000264476	0.00260635	0.00656178	0.693908	0.86013	0.951985	0.994619	0.994812	0.986733	0.776227	0.440587	0.235892	0.00844784	0.00133487	0.000150359	7.8295e-005	5.51027e-006	3.52571e-009	1.96129e-013	1.10499e-017	6.16564e-022	4.55191e-026	1.50837e-029	1.70724e-033	1.45839e-034	2.39177e-035	1.5023e-037	2.60715e-038	6.08013e-040	1.56032e-040	2.59336e-043	3.7746e-046	
0	0	1.01394e-005	1.76567e-006	0.000102609	9.30384e-006	4.93628e-007	1.60837e-006	3.4715e-005	1.10802e-005	1.52094e-006	8.6369e-006	4.54351e-007	2.40472e-006	7.55412e-005	0.0257564	0.126274	0.0479442	0.00538093	0.00518818	0.013267	0.223773	0.559413	0.764108	0.991552	0.998665	0.99985	0.999922	0.999994	1	1	1	1	1	1	1	1	1	1	1	1	1	1	1	


1	0.995811	0.987441	0.990654	0.994922	0.984496	0.854059	0.999175	0.988907	0.99465	0.99928	0.997961	0.908377	0.241874	0.00132577	0.00233609	2.16618e-006	1.89329e-008	1.29646e-008	3.7584e-009	1.65106e-011	1.81783e-015	3.55872e-018	2.43712e-019	5.23087e-021	3.39104e-022	2.88504e-023	1.18698e-022	5.86875e-023	3.12885e-024	2.25101e-026	5.75572e-028	5.57204e-028	8.42395e-029	1.96825e-029	1.62869e-031	2.38004e-031	1.81948e-031	1.07853e-032	5.88182e-033	1.61869e-033	2.1103e-034	5.26414e-035	6.65996e-037	
0	0.00409936	0.0123616	0.00915018	0.00485205	0.0147339	0.0665929	0.000214991	0.00869885	0.00467709	0.000653851	0.00194159	0.0901324	0.0473955	0.00261884	0.000319604	2.68654e-006	1.02223e-008	2.36412e-009	2.13414e-009	5.41602e-011	1.22223e-014	1.57666e-017	1.00906e-020	5.28012e-023	1.0546e-023	4.07689e-024	1.64129e-023	8.05894e-024	1.85719e-023	8.95962e-024	1.5304e-023	3.47155e-023	1.83882e-022	4.40682e-022	8.0771e-022	9.66214e-020	4.95518e-020	4.64894e-021	2.15756e-021	3.98476e-020	2.31046e-018	6.29331e-019	2.46839e-018	
0	8.99196e-005	0.000190703	0.000166718	0.000208056	0.000694594	0.0792466	9.31635e-005	0.00237212	0.000454082	1.3988e-005	4.03907e-005	0.00114759	0.710692	0.995813	0.966501	0.999835	0.999709	0.999127	0.999032	0.9999	0.999924	0.999794	0.999101	0.999383	0.981025	0.970554	0.0720086	4.55739e-005	2.75587e-009	4.45007e-013	1.09563e-013	9.20065e-013	1.76304e-011	2.28711e-014	1.03862e-014	2.56446e-014	6.22736e-014	3.94243e-015	1.09812e-015	3.20116e-016	3.68171e-016	2.03016e-017	1.37694e-015	
0	0	6.28378e-006	2.91271e-005	1.81815e-005	7.58759e-005	0.000101142	0.000516903	2.2188e-005	0.000218343	5.21645e-005	5.71807e-005	0.000342887	3.86092e-005	0.00024278	0.030843	0.000159856	0.000290857	0.000873246	0.000968093	9.982e-005	7.57565e-005	0.000205879	0.000898951	0.000617258	0.0189753	0.0294456	0.927991	0.999954	1	1	1	1	1	1	1	1	1	1	1	1	1	1	1	


