E:\Google Drive\Progetti\MSR Action3D\Real\a19_s09_e02_skeleton3D.txt
19
TRUE
-1064.67
-1049.41
-1027.66
-1059.39
-1062.65
-1056.68
-1027.47
-1046.32
-1028.44
-1039.6
-1066.17
-1033.67
-1036.29
-1048.48
-1089.26
-1038.8
-1026.18
-1011.87
-943.405
-1046.83

36
20
1	0.958866	0.878988	0.978714	0.977259	0.950797	0.80978	0.736052	0.70246	0.738706	0.476532	0.306716	0.0892899	0.0355194	0.0412372	0.101102	0.146131	0.184909	0.370418	0.770645	0.251552	0.00983536	0.00049437	0.000442778	3.54782e-005	1.43556e-005	1.91226e-006	4.28392e-007	3.41814e-007	1.09194e-007	3.02508e-008	4.49735e-009	1.68608e-010	1.18384e-011	9.29432e-013	1.07273e-010	1.82242e-010	
0	0.038821	0.120169	0.0193001	0.0192347	0.0459071	0.117041	0.168191	0.206	0.18446	0.111521	0.105566	0.00944885	0.000346577	0.000246592	0.000532313	0.000433195	0.000826505	0.00233601	0.00276594	0.000149363	2.76425e-005	1.05951e-005	1.29517e-006	4.42731e-007	3.44881e-007	2.52967e-007	3.55457e-008	5.67389e-009	9.98557e-010	1.77719e-009	2.77056e-010	5.46456e-011	1.56399e-012	2.63982e-014	2.2625e-013	8.34341e-013	
0	0.00231306	0.000816123	0.00198134	0.00349582	0.00328885	0.0731472	0.0952399	0.0909544	0.0759683	0.410425	0.563511	0.837372	0.0817717	0.0125292	0.00253636	0.00155956	0.0015221	0.011082	0.108218	0.729102	0.962146	0.983329	0.83245	0.88078	0.420213	0.0415475	0.00219043	0.00109937	0.00520714	0.0246201	0.0911485	0.00705971	0.000462358	4.7768e-006	9.44674e-006	1.4576e-006	
0	0	2.664e-005	4.47578e-006	1.02588e-005	6.81108e-006	3.19007e-005	0.000517043	0.000585258	0.000866271	0.00152122	0.0242068	0.0638893	0.882362	0.945987	0.89583	0.851876	0.812743	0.616164	0.118371	0.0191966	0.0279911	0.0161662	0.167106	0.119185	0.579773	0.95845	0.997809	0.9989	0.994793	0.97538	0.908852	0.99294	0.999538	0.999995	0.999991	0.999999	


1	0.623255	0.629184	0.459161	0.158395	0.047489	0.0480998	0.00199839	0.000201533	0.000281061	6.48349e-005	9.60152e-005	3.01546e-005	1.05303e-005	1.32059e-005	3.15751e-006	1.5382e-006	3.21315e-007	1.64944e-007	7.39399e-007	1.8e-007	2.51618e-008	1.21507e-009	4.82876e-011	5.73436e-013	5.77922e-014	9.76693e-015	5.55735e-016	2.27876e-018	3.04917e-020	2.82375e-022	3.6088e-024	4.61602e-026	7.69374e-028	1.35071e-028	5.01197e-028	2.68976e-028	
0	0.376744	0.370308	0.538551	0.839523	0.950876	0.949087	0.997542	0.999442	0.995056	0.984579	0.896413	0.835516	0.585555	0.240622	0.0391783	0.00509383	0.000777079	0.00248654	0.0369687	0.847996	0.704423	0.636713	0.320728	0.263608	0.0922507	0.00639142	0.000475577	0.000130268	8.24338e-005	4.13265e-005	9.2239e-006	8.56177e-007	6.71055e-008	2.10506e-008	4.3212e-007	5.61701e-007	
0	6.1365e-007	0.00046698	0.00221035	0.00190464	0.00159155	0.00277042	0.000388709	0.000308358	0.00460946	0.0153362	0.102981	0.155622	0.198881	0.00439404	5.54668e-005	1.42972e-005	1.98175e-006	1.10448e-005	9.8222e-005	0.0235317	0.282087	0.362761	0.678693	0.693241	0.900582	0.991106	0.996029	0.990317	0.997277	0.995572	0.999732	0.999351	0.998089	0.639213	0.267869	0.0155544	
0	0	4.07362e-005	7.82529e-005	0.000177493	4.33383e-005	4.24559e-005	7.09429e-005	4.84125e-005	5.37564e-005	2.00242e-005	0.000510387	0.00883217	0.215554	0.754971	0.960763	0.99489	0.999221	0.997502	0.962932	0.128472	0.0134904	0.000525833	0.000579187	0.0431516	0.00716781	0.00250308	0.00349582	0.00955313	0.00264044	0.00438704	0.000258336	0.000648048	0.00191106	0.360787	0.732131	0.984445	


1	0.956535	0.951869	0.999601	0.999969	0.999953	0.999587	0.9966	0.994329	0.998278	0.999421	0.998743	0.998682	0.711074	0.0554562	0.00785616	0.000284076	1.73605e-005	1.09212e-005	1.71836e-005	1.35679e-005	3.86044e-006	2.96211e-006	5.76653e-007	1.51217e-006	4.07391e-007	1.26224e-007	9.6353e-009	6.07171e-009	3.95315e-009	1.51994e-010	2.00834e-012	2.82634e-014	3.45144e-017	1.03612e-019	2.71843e-018	3.85764e-018	
0	0.0434652	0.0473255	3.2915e-005	1.40998e-005	4.63855e-005	0.000413327	0.00339918	0.00566417	0.00171802	0.000576879	0.00125407	0.00131418	0.288693	0.940677	0.961887	0.979298	0.978372	0.917811	0.227104	0.0752677	0.0527805	0.164927	0.035344	0.00488993	0.290391	0.168993	0.0446082	0.000354806	0.000162264	1.46416e-005	6.78386e-007	3.5565e-008	6.64655e-010	3.78281e-011	7.07039e-012	7.84081e-012	
0	3.70287e-013	0.000184719	0.000236656	2.54824e-006	3.31929e-008	8.93547e-009	3.26591e-008	1.88111e-007	2.84498e-006	1.3965e-006	1.57047e-006	1.34815e-006	2.38115e-006	3.79469e-005	0.000231272	0.000170562	0.000345053	0.050268	0.731051	0.920178	0.927512	0.807171	0.95875	0.867608	0.613961	0.77704	0.944908	0.980849	0.994358	0.999649	0.999851	0.999744	0.999861	0.996016	0.683784	0.00642525	
0	0	0.000620969	0.000129912	1.45924e-005	6.0597e-007	7.33824e-008	4.1855e-007	7.13457e-006	1.43149e-006	2.3649e-007	9.81398e-007	2.80358e-006	0.000230843	0.00382928	0.0300254	0.0202472	0.0212659	0.03191	0.041828	0.00454102	0.0197035	0.0278983	0.00590523	0.1275	0.0956471	0.0539664	0.0104834	0.0187958	0.00548017	0.000336522	0.00014803	0.000255699	0.000139325	0.00398408	0.316216	0.993575	


1	0.993846	0.960603	0.923623	0.830235	0.382745	0.208004	0.61387	0.817103	0.6438	0.0104498	0.000265013	2.37874e-005	2.36685e-005	5.19477e-006	5.04767e-007	9.26953e-008	1.62368e-008	3.9013e-008	8.25949e-008	3.23905e-007	1.17627e-007	2.70824e-007	2.8701e-007	1.8914e-007	2.57357e-008	2.44935e-009	1.20323e-010	1.29697e-010	4.09675e-010	1.01446e-011	3.02096e-013	2.22707e-016	7.97246e-018	1.19093e-018	2.64861e-017	6.14589e-017	
0	0.00615407	0.0393312	0.0763469	0.169672	0.616853	0.775468	0.375735	0.180651	0.348454	0.979826	0.953746	0.932927	0.429482	0.000936674	1.01002e-006	9.95e-010	1.29957e-011	1.96865e-010	4.8872e-009	2.96377e-007	6.61683e-007	0.000130387	0.00205223	0.00876209	0.00143969	0.00567888	0.000648249	0.00634587	0.0997349	0.418056	0.408081	0.0354025	0.015871	5.50958e-005	0.000572089	1.25862e-005	
0	3.85132e-008	6.53588e-005	3.01526e-005	9.27129e-005	0.00040181	0.016528	0.0103139	0.00221521	0.00773791	0.00972292	0.045973	0.0664425	0.240562	0.00407443	5.74962e-006	1.68179e-008	4.48939e-011	2.49277e-013	2.43938e-013	2.68378e-010	1.76638e-008	4.33896e-006	5.31329e-005	0.000108234	0.00408395	0.101471	0.0900912	0.047991	0.505543	0.538148	0.591224	0.964322	0.815341	0.00855458	0.000928166	4.22861e-005	
0	0	3.78242e-008	3.22051e-007	5.01312e-008	5.0461e-008	2.4768e-007	8.18489e-005	3.07546e-005	8.3714e-006	1.64464e-006	1.63461e-005	0.000607062	0.329932	0.994984	0.999993	1	1	1	1	0.999999	0.999999	0.999865	0.997894	0.991129	0.994476	0.89285	0.909261	0.945663	0.394722	0.0437963	0.00069524	0.000275358	0.168788	0.99139	0.9985	0.999945	


1	0.985203	0.848517	0.994578	0.990328	0.934415	0.890094	0.833513	0.485719	0.43932	0.0807022	0.0623471	0.119224	0.227512	0.0296429	0.00193343	0.000150156	1.42164e-005	5.64136e-006	6.05216e-006	1.60087e-005	1.26281e-005	2.45485e-006	7.78024e-007	5.09479e-007	3.63852e-008	1.89085e-009	9.37164e-011	1.35129e-010	1.86663e-010	1.9822e-011	2.45632e-012	7.07307e-016	3.22317e-019	2.05346e-020	4.95106e-019	5.13094e-019	
0	0.0147975	0.151471	0.00541418	0.00967157	0.0655849	0.109894	0.166484	0.514281	0.559894	0.917569	0.921244	0.830612	0.258943	0.0155514	0.000512216	1.88988e-005	5.89287e-007	1.30005e-006	7.24808e-006	0.000318023	0.00145912	0.012569	0.0131962	0.00594791	0.00704866	0.000669414	5.71674e-006	1.6303e-006	1.06352e-005	0.000192731	0.000514877	1.93173e-006	1.35637e-009	7.52881e-012	4.83664e-011	3.97126e-012	
0	2.08622e-021	1.15428e-005	7.39352e-006	8.14753e-008	1.31853e-007	1.11303e-005	2.9451e-006	7.54853e-007	0.000785351	0.00171913	0.0163179	0.0469501	0.0756285	0.00101767	1.72849e-006	1.75147e-007	1.10151e-008	8.95902e-010	7.60221e-009	2.00954e-006	0.000696396	0.00153895	0.00570798	0.000702268	0.00393697	0.026353	0.211341	0.0252155	0.0489231	0.210047	0.918961	0.999255	0.997245	0.910451	0.0054709	3.19501e-005	
0	0	5.12129e-017	6.97965e-008	5.4698e-008	7.67963e-009	3.3164e-009	1.42213e-007	5.38213e-008	1.53679e-008	9.28951e-006	9.08691e-005	0.00321482	0.437916	0.953788	0.997553	0.999831	0.999985	0.999993	0.999987	0.999664	0.997832	0.98589	0.981095	0.993349	0.989014	0.972978	0.788653	0.974783	0.951066	0.78976	0.0805246	0.000742914	0.00275525	0.0895491	0.994529	0.999968	


1	0.997289	0.998477	0.999092	0.998238	0.997131	0.982272	0.99342	0.978982	0.940259	0.816518	0.568171	0.133776	0.171872	0.272901	0.141257	0.0224244	0.00330827	0.00423498	0.0165239	0.0772961	0.00909288	0.00165976	0.000449226	0.000305268	5.99025e-006	8.35502e-008	6.60288e-010	3.04256e-010	2.96358e-010	3.44527e-012	6.07366e-013	1.96157e-015	2.91772e-018	9.26581e-021	5.80003e-019	4.55892e-018	
0	0.0027113	0.00150841	0.00090739	0.00176246	0.0028684	0.0177264	0.00646836	0.020963	0.0595689	0.181509	0.425335	0.864488	0.739384	0.145771	0.00439336	0.000131848	1.04286e-005	4.4878e-005	0.00113408	0.035775	0.0549334	0.0712383	0.0238734	0.216173	0.0011241	0.000185902	4.7632e-007	1.99414e-006	1.79101e-006	7.10767e-006	3.10608e-007	2.10239e-009	1.55218e-012	3.58848e-016	3.11885e-016	4.3275e-017	
0	6.72354e-008	1.41802e-005	1.04793e-007	1.83164e-008	3.19706e-007	1.86293e-006	0.000111602	5.47753e-005	0.000172081	0.00197079	0.00630154	0.00153884	0.0814838	0.299594	0.0621423	0.00465824	0.000267219	1.50919e-005	2.52643e-006	0.000458296	0.0111621	0.178097	0.0534096	0.134832	0.499195	0.0298877	0.00213071	0.000414296	0.00171678	0.0166606	0.0903204	0.0101392	0.000277219	2.1693e-006	4.51316e-007	8.60356e-009	
0	0	4.31855e-009	2.76877e-008	2.33554e-010	1.35878e-011	5.08773e-010	1.69434e-009	1.14473e-007	3.95134e-007	1.80265e-006	0.000193174	0.000197243	0.00726055	0.281735	0.792207	0.972785	0.996414	0.995705	0.982339	0.886471	0.924812	0.749005	0.922268	0.64869	0.499674	0.969926	0.997869	0.999584	0.998281	0.983332	0.909679	0.989861	0.999723	0.999998	1	1	


1	0.963686	0.998984	0.999975	0.999962	0.999992	0.995689	0.98677	0.992369	0.993739	0.998559	0.967038	0.858769	0.396244	0.0568356	0.0703514	0.0256237	0.00814653	0.0177594	0.103845	0.0851487	0.000413505	1.17411e-005	1.49345e-006	3.00649e-008	5.6648e-010	5.27081e-012	1.00444e-013	7.75417e-015	9.63838e-017	6.9828e-019	2.15581e-022	1.22177e-025	9.8495e-029	1.3123e-031	1.3892e-028	1.24893e-028	
0	0.0363139	0.00100109	2.33471e-005	3.78367e-005	7.88833e-006	0.00431128	0.0132283	0.00762812	0.00625452	0.0014244	0.0328981	0.139505	0.566999	0.909483	0.749656	0.56067	0.229207	0.304271	0.404215	0.185672	0.195294	0.0577884	0.000643187	9.07503e-005	0.000125166	6.48602e-006	1.55558e-007	5.16616e-010	5.82873e-011	1.29305e-012	3.17972e-014	3.25445e-016	9.91449e-019	1.42576e-019	5.7328e-021	6.78484e-021	
0	7.04994e-016	1.14417e-005	3.87852e-007	6.6844e-009	3.19643e-009	2.8555e-009	1.45841e-006	2.17811e-006	5.7918e-006	1.63483e-005	5.96341e-005	0.00148126	0.0123679	0.000257346	0.000633786	0.000467835	0.000295081	0.0128391	0.114302	0.725896	0.803259	0.941857	0.998838	0.968495	0.99843	0.996641	0.993316	0.984385	0.998274	0.999789	0.999969	0.999883	0.999537	0.971379	0.283847	0.00417976	
0	0	2.98008e-006	8.1987e-007	1.82938e-007	1.78952e-009	9.73868e-010	2.71222e-007	5.04168e-007	2.46753e-007	1.20531e-007	4.50767e-006	0.00024468	0.0243891	0.0334242	0.179359	0.413239	0.762351	0.665131	0.377639	0.00328389	0.00103411	0.000343207	0.000517235	0.0314138	0.00144527	0.00335283	0.00668361	0.0156148	0.00172598	0.000211289	3.12319e-005	0.000116505	0.000463226	0.0286208	0.716153	0.99582	


1	0.99434	0.999917	0.999761	0.999899	0.999982	0.994562	0.998313	0.999746	0.97564	0.983451	0.616405	0.0266263	0.00042063	0.000114715	0.000198502	0.000138434	9.36595e-005	0.00112995	0.0762471	0.36456	0.000176114	1.19779e-006	3.43435e-007	2.54431e-008	3.09581e-010	2.13797e-012	3.95212e-014	3.09371e-015	1.0593e-016	4.26387e-017	1.31863e-019	1.42734e-021	5.14476e-024	3.44456e-025	2.34412e-023	1.25788e-023	
0	0.00566032	7.88091e-005	0.000222485	5.54029e-005	1.51911e-005	0.00543527	0.00168225	0.000253714	0.024358	0.00656335	0.17481	0.024324	0.00043685	3.55048e-005	5.23335e-007	6.63171e-007	4.85917e-007	3.09803e-005	0.00437835	0.525565	0.999297	0.998231	0.812423	0.8727	0.999141	0.972351	0.867099	0.0672187	0.168853	0.220906	0.541404	0.314374	0.0475532	0.19332	0.00121963	9.10369e-005	
0	1.1281e-008	4.56483e-006	1.63605e-005	4.49917e-005	2.41665e-006	2.25238e-006	4.87652e-006	4.4199e-007	1.56227e-006	0.00998544	0.204735	0.920989	0.177621	0.000496497	3.19994e-006	1.52608e-008	9.75627e-010	1.4796e-008	5.05679e-006	0.000515359	0.00019819	0.00176705	0.187559	0.11678	0.000391885	0.0275845	0.132378	0.93028	0.817216	0.777093	0.457804	0.682942	0.95057	0.339653	0.727826	0.00910845	
0	0	1.51127e-008	2.19881e-007	5.83884e-007	8.18914e-008	1.69139e-007	4.55669e-008	1.89651e-008	1.45347e-008	9.4685e-008	0.00405077	0.0280611	0.821522	0.999353	0.999798	0.999861	0.999906	0.998839	0.91937	0.109359	0.000328707	9.11715e-007	1.74461e-005	0.0105199	0.000467423	6.46095e-005	0.00052357	0.00250137	0.0139312	0.00200158	0.000792021	0.00268371	0.00187704	0.467027	0.270954	0.990801	


1	0.985078	0.996507	0.995742	0.998116	0.999495	0.99888	0.998852	0.999259	0.998585	0.993904	0.866826	0.599292	0.0276612	0.00720719	0.0039017	0.00151118	0.000377909	0.000578171	0.00210252	0.00237617	7.95171e-005	5.45569e-006	2.94764e-007	4.54921e-008	6.98155e-009	1.45633e-010	3.61921e-012	1.26299e-013	5.18425e-015	2.44248e-016	1.17872e-018	5.21849e-021	2.90832e-023	1.28693e-024	7.57953e-023	8.68068e-022	
0	0.0145644	0.00332927	0.00325813	0.00106831	0.000262447	0.00066135	0.001066	0.000689136	0.00102874	0.00307865	0.110553	0.319529	0.858981	0.953462	0.98024	0.991997	0.997456	0.974058	0.898542	0.324848	0.200775	0.0655423	0.00699014	0.00484317	0.00890592	0.00288755	0.0032356	0.000682588	0.000152174	1.56402e-005	4.05413e-007	1.41219e-008	3.20778e-009	1.1369e-008	9.26344e-009	1.62462e-008	
0	0.00035755	0.000160293	0.000993034	0.000791451	0.000240299	0.000456305	8.19114e-005	5.15637e-005	0.000386576	0.00301427	0.0216508	0.062461	0.0104606	0.000692996	0.000447407	0.000682722	0.000560041	0.0251787	0.0992142	0.672685	0.797236	0.933582	0.991601	0.969676	0.984432	0.963809	0.955184	0.983434	0.996935	0.999398	0.999854	0.998753	0.994776	0.919409	0.845712	0.241531	
0	0	3.68045e-006	6.53841e-006	2.41375e-005	1.9159e-006	2.02996e-006	4.23651e-007	5.0556e-008	1.61805e-007	3.10549e-006	0.000970521	0.0187185	0.102897	0.0386376	0.0154106	0.00580936	0.00160635	0.000184658	0.000141176	9.06264e-005	0.00190939	0.000870143	0.00140879	0.0254812	0.00666212	0.0333037	0.04158	0.0158831	0.00291237	0.000586517	0.000145411	0.00124652	0.00522412	0.0805914	0.154288	0.758469	


1	0.991724	0.999924	0.99627	0.988072	0.818223	0.0726443	0.00025283	1.66051e-006	8.28333e-007	1.41915e-007	4.58355e-008	1.20326e-009	2.09557e-012	8.38668e-013	2.80242e-013	4.47477e-014	3.83749e-015	2.50476e-015	4.36692e-014	6.33499e-012	3.79117e-011	1.75143e-011	3.64044e-013	1.89316e-014	8.98513e-017	3.80388e-019	1.21168e-022	2.1096e-024	3.57454e-025	2.30449e-025	2.47393e-024	1.62383e-024	7.22336e-026	1.62426e-026	2.31664e-024	8.09863e-024	
0	0.00827632	7.03939e-005	0.00372958	0.0119279	0.181777	0.92735	0.999747	0.999998	0.963264	0.942269	0.019926	0.000383828	9.54866e-009	4.63622e-013	9.97044e-018	2.91448e-019	3.81349e-020	5.05271e-018	1.11998e-016	5.48503e-011	1.4531e-009	1.07278e-008	3.34418e-011	1.46695e-009	1.00505e-012	6.89241e-017	1.54948e-023	6.04839e-025	9.92145e-025	1.56532e-025	1.76432e-025	8.60124e-027	2.52016e-031	2.02356e-032	9.71639e-028	3.95193e-024	
0	5.57163e-028	5.51505e-006	1.27083e-007	1.61634e-007	1.65356e-007	6.05601e-006	4.60416e-007	2.62197e-007	0.0367352	0.0577245	0.979968	0.999368	0.999243	0.800256	0.121637	0.00771325	0.000345481	5.29257e-006	1.61751e-007	2.27343e-005	0.0396654	0.938171	0.999958	0.893047	0.994761	0.999925	0.999966	0.999032	0.997266	0.811062	0.70375	0.915639	0.996786	0.750257	0.447018	0.00759281	
0	0	2.93627e-024	1.40913e-008	8.57201e-010	9.44112e-010	3.35222e-011	1.34996e-009	2.00526e-010	1.45658e-010	6.81459e-006	0.000106211	0.000247987	0.000756776	0.199744	0.878363	0.992287	0.999655	0.999995	1	0.999977	0.960335	0.0618285	4.23965e-005	0.106953	0.00523931	7.49957e-005	3.41056e-005	0.000967669	0.00273392	0.188938	0.29625	0.0843614	0.00321389	0.249743	0.552982	0.992407	


1	0.993557	0.999984	0.999759	0.999749	0.997884	0.784885	0.13318	0.0235936	0.00202034	0.000293919	5.15817e-005	1.71697e-006	2.92837e-009	2.0918e-009	4.43652e-010	4.49649e-011	3.30916e-012	2.77246e-012	4.73246e-011	1.57944e-009	2.27083e-009	5.31919e-009	3.07493e-007	4.86542e-009	2.69124e-010	4.13615e-011	7.65721e-014	5.57273e-015	8.51229e-016	1.77247e-015	3.76806e-015	7.26993e-015	1.3439e-014	9.09642e-016	1.31712e-013	5.94427e-014	
0	0.00644252	1.57956e-005	0.000240941	0.000250841	0.00211636	0.215114	0.866811	0.976374	0.996716	0.995886	0.828229	0.556146	0.000872522	1.21759e-006	4.29421e-011	4.04538e-015	1.81361e-016	6.26926e-016	1.2815e-014	1.39201e-009	7.85703e-007	0.000687325	0.00514791	0.217095	0.0833055	0.0148672	1.30122e-006	2.31734e-007	1.14253e-006	6.55333e-007	8.56808e-007	1.16563e-007	2.482e-011	3.76464e-016	6.93387e-018	1.00535e-015	
0	8.53267e-011	2.48125e-007	1.63295e-009	1.07597e-009	3.71603e-010	1.78823e-007	1.48716e-006	1.89364e-006	0.00126285	0.00381999	0.171713	0.443774	0.998844	0.530941	0.0044279	4.91253e-005	3.56702e-007	3.24563e-010	3.15763e-013	5.26508e-013	1.59867e-008	4.7165e-006	0.0228988	0.00126794	0.0827321	0.941456	0.999804	0.997475	0.990186	0.383378	0.0495483	0.0841119	0.46113	0.0194078	0.00125631	1.05174e-006	
0	0	8.67994e-008	3.64912e-009	3.93393e-010	1.00745e-009	9.97345e-009	7.69423e-006	3.08012e-005	5.72123e-007	5.23614e-007	7.27737e-006	7.83892e-005	0.000283254	0.469058	0.995572	0.999951	1	1	1	1	0.999999	0.999308	0.971953	0.781637	0.833962	0.0436764	0.000194245	0.00252518	0.00981319	0.616621	0.950451	0.915888	0.53887	0.980592	0.998744	0.999999	


1	0.993454	0.976265	0.999474	0.999288	0.995713	0.991821	0.996956	0.982603	0.389729	0.0037981	3.28502e-005	4.6312e-006	1.89055e-007	3.9725e-010	1.89737e-013	2.16132e-016	3.86963e-019	1.03608e-019	6.89468e-020	1.81799e-019	1.67114e-019	1.09357e-019	2.95617e-020	2.24785e-019	1.57826e-021	3.13186e-023	3.21695e-025	2.17462e-024	6.34869e-024	1.34042e-025	8.56376e-025	3.70073e-026	9.56372e-029	2.11531e-031	1.04732e-030	1.39351e-030	
0	0.000536371	0.0168875	0.000504262	0.0007061	0.00428604	0.00796816	0.00294075	0.0173461	0.610076	0.99605	0.999063	0.927241	0.14155	0.000378392	2.13938e-007	2.91958e-011	2.29728e-015	5.42939e-018	2.14604e-019	3.86555e-019	8.05843e-019	2.54738e-017	2.71834e-017	1.58895e-016	1.60169e-017	1.71558e-016	1.81876e-017	3.581e-016	5.96267e-014	2.4265e-012	6.87667e-010	1.43503e-008	2.41269e-009	4.06961e-012	8.86349e-013	1.00742e-015	
0	0.00600949	0.000503897	4.03692e-006	6.27144e-006	1.14366e-006	0.000210818	0.000103035	4.95807e-005	0.000194394	0.000152288	0.000904371	0.0727516	0.823435	0.034127	2.43734e-005	4.80332e-008	1.35526e-010	5.34365e-013	1.74373e-016	6.1998e-018	1.48126e-018	4.85276e-019	5.31129e-019	3.15847e-018	6.09838e-018	1.38955e-018	3.45357e-018	5.95956e-018	1.9441e-016	9.0443e-017	2.76374e-013	6.87932e-011	1.06397e-011	3.2405e-013	1.46245e-014	7.40749e-014	
0	0	0.00634377	1.79973e-005	1.63655e-008	2.63442e-009	7.49693e-010	7.01833e-007	9.95526e-007	1.06029e-006	4.28674e-008	6.8775e-008	3.04877e-006	0.0350154	0.965495	0.999975	1	1	1	1	1	1	1	1	1	1	1	1	1	1	1	1	1	1	1	1	1	


1	0.980203	0.994083	0.998002	0.995311	0.994588	0.992009	0.995199	0.99667	0.997281	0.940988	0.0177102	0.345737	0.844516	0.964274	0.979291	0.860542	0.671055	0.721278	0.910123	0.919367	0.574445	0.268531	0.458911	0.54692	0.812629	0.824618	0.962409	0.987314	0.0149377	1.31484e-006	1.74094e-012	2.95312e-015	8.51021e-018	2.53656e-018	2.8672e-016	9.27845e-016	
0	0.0197972	0.00509058	0.00059571	0.00020636	0.000350182	0.000481197	0.000839305	0.000837973	0.000586943	0.000282509	1.81461e-006	0.000150467	0.0111574	0.0182904	0.0190597	0.139071	0.328015	0.258949	0.0041863	0.000880395	0.000354895	0.000129484	0.000780609	0.0013809	0.0130779	0.00472733	0.0158509	0.00170214	1.64749e-005	1.91094e-009	3.69853e-016	7.13825e-018	6.16955e-020	5.00428e-020	3.48231e-019	1.07422e-017	
0	1.10376e-010	1.26828e-008	1.19214e-008	4.34958e-008	1.14919e-007	3.70563e-008	2.66873e-008	8.33133e-008	0.00014805	0.0574902	0.982054	0.214519	5.84078e-006	4.03457e-010	1.12976e-008	6.85687e-011	2.66267e-011	5.73439e-009	1.65395e-008	2.81268e-006	0.000390568	7.1816e-005	9.56947e-008	0.00813887	3.99931e-005	0.0459281	0.00297822	0.00207196	0.984962	0.999998	1	0.999993	0.999997	0.999305	2.07208e-007	1.34589e-015	
0	0	0.000826452	0.00140198	0.00448255	0.0050615	0.00751007	0.00396214	0.00249152	0.00198365	0.00123887	0.000233728	0.439594	0.14432	0.0174352	0.00164936	0.000386678	0.000929466	0.0197728	0.0856907	0.0797496	0.424809	0.731268	0.540308	0.44356	0.174253	0.124727	0.0187624	0.00891223	8.36971e-005	2.07811e-007	4.55655e-008	6.71756e-006	2.53039e-006	0.000695134	1	1	


1	0.990616	0.802174	0.746623	0.595535	0.119421	0.0268347	0.0210983	0.0106462	0.00242204	0.000177396	1.62786e-005	1.53028e-005	3.60707e-005	0.000480642	0.0036144	0.00278267	0.000616054	1.5193e-005	1.64708e-006	1.92467e-007	9.3239e-008	9.59005e-008	1.62067e-007	5.26067e-008	4.59353e-008	7.02162e-009	3.55805e-009	8.30974e-010	3.0543e-011	1.0318e-014	4.79356e-018	2.8472e-021	2.01844e-023	7.04054e-024	1.02169e-023	5.97709e-023	
0	0.00938438	0.195353	0.218628	0.101565	0.00320446	0.00024633	0.00198347	0.0012322	7.47919e-005	5.65604e-006	3.53307e-007	9.00353e-007	4.65982e-005	0.00356402	0.186035	0.958609	0.998821	0.999329	0.998859	0.991796	0.930354	0.126209	0.0686719	0.00755928	0.00175744	4.91341e-006	1.03988e-006	1.27711e-007	1.83964e-009	4.40317e-013	4.91765e-017	1.50271e-021	6.45263e-023	2.52962e-022	7.66522e-022	1.08422e-020	
0	8.94215e-011	0.00173896	0.0046834	0.0355059	0.0527933	0.00672634	0.00246298	0.000528057	0.00307542	0.0367576	0.341317	0.197656	0.00665946	0.000458089	7.1315e-005	3.541e-005	4.32462e-005	0.00017709	0.000305914	0.00623166	0.0600984	0.779315	0.620967	0.625853	0.644482	0.816108	0.819463	0.451438	0.984666	0.999216	0.999892	0.999703	0.998763	0.992761	0.17892	0.00667888	
0	0	0.000734933	0.0300653	0.267394	0.824581	0.966193	0.974455	0.987594	0.994428	0.963059	0.658666	0.802328	0.993258	0.995497	0.810279	0.0385734	0.000519854	0.000479211	0.000833034	0.00197255	0.00954715	0.0944757	0.310361	0.366587	0.353761	0.183887	0.180536	0.548562	0.0153341	0.000784306	0.000108426	0.000297177	0.00123748	0.0072394	0.82108	0.993321	


1	0.643276	0.0143726	0.0579248	0.00742383	0.000648098	6.72862e-005	4.64949e-005	4.32525e-005	4.47689e-006	2.80043e-007	4.19541e-008	2.92938e-008	9.66129e-008	2.79704e-007	8.29824e-007	3.36086e-006	1.15932e-005	5.92225e-005	0.000234405	0.00103696	0.0052392	0.0036142	0.00192669	0.00304496	0.000682514	1.59577e-005	2.11157e-006	3.66152e-006	4.51635e-006	1.2919e-006	4.91064e-007	4.99046e-009	1.05828e-009	3.12306e-009	3.1753e-009	4.51309e-009	
0	0.0060643	0.000595013	0.0085319	0.0253806	0.0113582	0.00899237	0.00187129	0.000648782	4.64814e-005	6.97782e-006	3.69943e-006	8.50598e-006	1.14485e-005	8.02667e-007	2.72834e-008	6.60647e-009	1.24538e-008	4.89788e-007	2.42613e-006	5.48932e-005	0.000344473	0.000868426	0.00197548	0.00491256	6.24254e-005	2.17778e-005	3.47479e-006	4.27428e-005	0.00077427	0.000373257	0.000798366	0.000100331	3.41943e-005	1.02175e-005	1.35185e-005	7.23709e-006	
0	0.350659	0.951028	0.044955	0.000574663	0.00180671	0.00100693	0.00025568	0.000168777	2.3044e-005	1.45374e-006	4.70449e-007	3.33873e-009	8.36572e-008	1.91674e-006	1.31763e-006	1.78141e-006	1.17488e-006	7.3712e-007	1.44676e-008	1.37074e-008	1.19033e-006	0.000252517	3.49568e-005	2.875e-005	0.00802345	0.0575206	0.107542	0.00538651	6.36119e-005	0.00234094	9.47645e-005	0.000842087	0.000367043	3.59731e-005	1.19363e-006	2.64806e-007	
0	0	0.0340044	0.888588	0.966621	0.986187	0.989933	0.997827	0.999139	0.999926	0.999991	0.999996	0.999991	0.999988	0.999997	0.999998	0.999995	0.999987	0.99994	0.999763	0.998908	0.994415	0.995265	0.996063	0.992014	0.991232	0.942442	0.892452	0.994567	0.999158	0.997285	0.999106	0.999058	0.999599	0.999954	0.999985	0.999992	


1	0.986181	0.993366	0.909162	0.962238	0.983331	0.981553	0.979874	0.989319	0.892385	0.505072	0.0705767	0.000552233	5.0044e-006	1.83194e-006	1.44627e-007	1.19102e-008	5.77575e-010	9.08372e-010	2.11941e-009	1.42098e-008	2.19542e-008	6.0553e-009	2.57334e-010	8.58576e-012	1.52113e-012	1.05839e-013	2.31413e-015	4.40216e-017	1.02862e-018	6.56445e-019	4.09715e-020	6.16376e-021	1.70148e-022	8.50688e-024	1.58212e-023	1.7172e-023	
0	0.00989215	0.00558977	0.0628114	0.0297604	0.0124379	0.0150958	0.0162179	0.00910327	0.0746049	0.158067	0.158859	0.055715	0.0135349	0.00703971	0.000467052	2.87236e-005	1.97641e-006	1.3829e-006	1.63902e-005	0.00157752	0.16638	0.542512	0.405489	0.145042	0.0860801	0.0653191	0.0211961	0.00426573	0.00332511	0.00249076	0.00484666	0.005768	0.00394599	0.00751008	0.00369611	0.00375019	
0	0.00392685	0.0009456	0.0279504	0.00760536	0.0041499	0.00331425	0.00388691	0.00156464	0.0329947	0.33649	0.769019	0.942283	0.915635	0.127196	0.00232868	3.76054e-005	7.90405e-007	2.29014e-007	8.06807e-007	0.000388293	0.0621967	0.344618	0.573005	0.85322	0.899304	0.919005	0.930825	0.991312	0.993743	0.990267	0.992736	0.977561	0.848393	0.401865	0.144277	0.0712621	
0	0	9.8412e-005	7.66462e-005	0.000396334	8.12305e-005	3.7064e-005	2.06911e-005	1.26612e-005	1.58296e-005	0.000371172	0.00154527	0.00145013	0.0708253	0.865762	0.997204	0.999934	0.999997	0.999998	0.999983	0.998034	0.771423	0.11287	0.0215056	0.00173777	0.0146157	0.0156764	0.047979	0.00442239	0.00293149	0.00724245	0.00241699	0.0166715	0.147661	0.590625	0.852027	0.924988	


1	0.998062	0.998382	0.999982	0.999998	0.999997	0.999931	0.99971	0.998567	0.994661	0.998834	0.996351	0.982457	0.0570219	0.000491662	7.62612e-006	2.25238e-008	6.96949e-011	8.99924e-012	7.5205e-012	5.19928e-011	4.77624e-011	4.36416e-011	6.18197e-012	9.12554e-012	8.14976e-015	1.17776e-016	4.32978e-019	4.43063e-019	1.22327e-019	3.56135e-021	1.64139e-022	7.08217e-025	1.42429e-027	2.719e-030	5.67531e-029	2.3118e-029	
0	0.00193493	0.00101937	2.1905e-006	1.75125e-006	3.11235e-006	6.92625e-005	0.000290013	0.00143148	0.00531993	0.00114653	0.00363285	0.0174783	0.941406	0.87066	0.15153	0.00474522	6.975e-005	1.17603e-007	4.7255e-010	7.07563e-011	2.07689e-011	2.59297e-011	1.62967e-012	1.56808e-012	7.89825e-014	1.25573e-013	9.11914e-015	3.07459e-015	2.18013e-013	2.30715e-012	3.41683e-012	1.02506e-011	9.71376e-012	3.08913e-011	9.71094e-013	1.29991e-014	
0	2.65386e-006	3.14264e-005	2.94448e-007	4.36014e-009	6.77691e-009	3.80014e-008	1.15624e-007	1.50073e-007	1.49964e-005	1.59587e-005	1.31846e-005	5.27554e-005	0.000798233	0.00831224	0.00222669	0.000147547	6.41067e-006	2.04524e-006	7.09702e-007	2.56048e-005	0.00268396	0.124555	0.763349	0.932005	0.99567	0.994816	0.995975	0.989913	0.998757	0.998953	0.99982	0.999815	0.998998	0.992643	0.351387	0.0456573	
0	0	0.000567358	1.56346e-005	2.72525e-007	5.89536e-009	3.68028e-009	1.79407e-007	1.37536e-006	4.46208e-006	3.52876e-006	3.41004e-006	1.23139e-005	0.000774291	0.120536	0.846236	0.995107	0.999924	0.999998	0.999999	0.999974	0.997316	0.875445	0.236651	0.0679946	0.00432968	0.00518384	0.00402514	0.0100875	0.00124271	0.00104742	0.000180281	0.000185088	0.00100248	0.00735689	0.648613	0.954343	


1	0.999991	0.999973	0.99883	0.999893	0.999935	0.999826	0.996533	0.996993	0.177238	0.000650263	1.64671e-006	8.78783e-009	2.8627e-010	2.42388e-010	4.30038e-011	6.1799e-012	9.23303e-013	2.42769e-013	4.38103e-014	4.30568e-015	1.28597e-016	1.31677e-017	4.04047e-019	1.65163e-019	9.61943e-022	4.15788e-024	1.27817e-026	2.24627e-027	9.94389e-029	1.54538e-031	6.2677e-034	1.26926e-037	5.93201e-042	6.63062e-046	9.5584e-045	5.78647e-044	
0	9.19106e-006	2.70747e-005	0.00116963	0.000107237	6.54784e-005	0.000173547	0.00346711	0.00299311	0.822748	0.998782	0.99972	0.99906	0.909908	0.0519683	0.000862091	1.43356e-006	2.08554e-009	2.17563e-013	1.21039e-016	1.65222e-016	1.1929e-016	3.19608e-017	6.61204e-020	5.80019e-019	1.6501e-021	5.53353e-023	5.14415e-025	1.4301e-024	4.94271e-023	6.98471e-024	3.27733e-024	4.62958e-026	4.25117e-029	4.54623e-032	9.44565e-034	2.88972e-037	
0	5.97004e-011	2.32294e-008	8.85396e-010	2.03753e-008	5.49754e-009	2.72324e-009	1.46663e-007	1.34068e-005	1.37209e-005	0.000567367	0.000278405	0.000939805	0.0900336	0.820262	0.390823	0.0804027	0.00700211	0.000154297	2.83941e-006	3.99332e-006	4.31698e-007	2.08062e-007	1.20145e-007	6.60769e-008	9.24403e-009	1.61378e-010	7.93102e-012	1.01053e-011	3.96101e-010	2.48714e-009	1.16284e-009	6.98409e-012	3.48119e-013	1.8512e-015	1.68609e-015	2.47582e-017	
0	0	8.51051e-012	6.34947e-011	1.28177e-012	1.38747e-011	3.68222e-012	3.21599e-012	2.96254e-010	5.68926e-008	3.35132e-009	1.32819e-007	8.28253e-008	5.81015e-005	0.12777	0.608315	0.919596	0.992998	0.999846	0.999997	0.999996	1	1	1	1	1	1	1	1	1	1	1	1	1	1	1	1	


1	0.929407	0.997773	0.999902	0.999969	0.999989	0.999703	0.998565	0.998059	0.308433	0.0139158	0.000758405	1.4113e-006	1.59412e-010	1.05847e-013	2.56545e-016	2.85429e-018	4.19782e-020	7.37023e-019	8.62977e-019	4.9311e-020	2.77965e-022	3.20353e-024	2.30596e-026	1.23907e-028	2.185e-031	1.08938e-034	1.72558e-038	2.93946e-041	1.57796e-044	1.34593e-047	6.33276e-051	1.77397e-054	8.58261e-059	1.00658e-062	3.555e-061	9.66205e-060	
0	0.0685954	0.00147246	2.85001e-005	2.38561e-006	5.34405e-006	3.55877e-005	5.2903e-005	3.3839e-005	2.10959e-005	8.72908e-008	6.3921e-009	1.35972e-010	5.62317e-012	2.35037e-014	7.22272e-017	1.74039e-017	4.42424e-018	5.78548e-017	4.48175e-020	6.01706e-024	6.0414e-026	5.36899e-028	2.61108e-029	9.54631e-032	1.91516e-032	1.76095e-036	3.17451e-039	2.14701e-043	6.67207e-048	1.60899e-050	2.46605e-055	1.77607e-057	2.30773e-060	2.73744e-063	5.03745e-064	3.37295e-062	
0	0.00199738	0.000747215	6.83586e-005	2.90027e-005	6.12314e-006	0.000261805	0.0013818	0.00190713	0.691533	0.984541	0.987865	0.998951	0.999713	0.999933	0.99988	0.999791	0.999707	0.549554	0.0230143	0.000244075	7.66279e-007	4.01205e-009	3.45726e-011	1.65916e-013	2.94782e-014	1.45032e-015	2.13982e-017	7.36883e-020	3.401e-021	7.17268e-023	2.39626e-025	1.13104e-026	1.93096e-028	6.83715e-030	2.44711e-030	9.62761e-031	
0	0	7.23819e-006	1.53557e-006	5.58343e-008	1.04471e-008	5.31958e-009	9.50241e-008	3.75822e-007	1.31645e-005	0.00154299	0.011377	0.00104743	0.000286628	6.68745e-005	0.00011955	0.000208899	0.000293131	0.450446	0.976986	0.999756	0.999999	1	1	1	1	1	1	1	1	1	1	1	1	1	1	1	


1	0.999139	0.956894	0.811376	0.13262	0.0150326	0.0117706	0.00357512	0.00133096	5.549e-005	1.83691e-008	4.41508e-012	1.44991e-014	4.80169e-014	9.0859e-012	1.38895e-010	6.30498e-009	1.2908e-007	1.46519e-007	2.12214e-008	5.58713e-010	1.79292e-011	2.60016e-012	1.02283e-013	2.63369e-015	6.23343e-016	2.45359e-017	5.20586e-019	8.53633e-021	5.48914e-022	1.33851e-023	1.82369e-026	4.06365e-028	1.46597e-030	1.20201e-031	5.65384e-031	3.91604e-030	
0	0.000854965	0.0429486	0.0894017	0.105543	0.0111922	0.000185087	8.33442e-005	1.94231e-005	5.74589e-007	3.73894e-009	1.3411e-012	6.16302e-016	6.45833e-017	3.55695e-015	1.09915e-012	3.28181e-011	1.12036e-009	2.51157e-007	2.63942e-006	1.13713e-005	1.91059e-006	1.75143e-007	1.37723e-008	8.6728e-009	5.72084e-010	5.6069e-012	7.3086e-014	1.0081e-014	7.75122e-015	5.10192e-015	2.73095e-016	8.0884e-018	7.17061e-019	6.98615e-019	5.59078e-019	2.30068e-019	
0	5.82045e-006	0.000157515	0.099207	0.757177	0.968454	0.98367	0.99554	0.998198	0.999756	0.999843	0.999698	0.998879	0.794502	0.0954932	0.00540003	5.73145e-005	3.01299e-007	2.51864e-008	3.31626e-008	7.06192e-006	4.97359e-005	0.00047342	0.000128427	0.00352909	7.48516e-005	8.91684e-006	1.08625e-007	3.54737e-006	0.00123733	0.05402	0.795485	0.25736	0.0110502	0.000309348	0.00122643	4.1724e-005	
0	0	3.13939e-007	1.50217e-005	0.00466039	0.00532132	0.00437386	0.000801908	0.000451226	0.000188352	0.000156523	0.000301544	0.00112111	0.205498	0.904507	0.9946	0.999943	1	1	0.999997	0.999982	0.999948	0.999526	0.999872	0.996471	0.999925	0.999991	1	0.999996	0.998763	0.94598	0.204515	0.74264	0.98895	0.999691	0.998774	0.999958	


