E:\Google Drive\Progetti\MSR Action3D\Real\a19_s07_e01_skeleton3D.txt
19
TRUE
-1097.3
-1076.11
-1063.74
-1094.3
-1070.46
-1096.48
-1065.76
-1090.68
-1072.46
-1089.92
-1094.88
-1112.44
-1096.21
-1081.2
-1108.82
-1076.13
-1059.85
-1068.19
-1033.86
-1086.4

41
20
1	0.986645	0.989464	0.992078	0.943589	0.944247	0.926981	0.894068	0.883626	0.829753	0.693708	0.612	0.579757	0.610618	0.622581	0.590884	0.362694	0.103447	0.0437721	0.0223498	0.0742616	0.194517	0.46663	0.730496	0.37248	0.0211652	0.000251855	3.31226e-005	3.40753e-006	1.80165e-007	6.30367e-009	2.0828e-009	5.63478e-010	2.76258e-010	3.14092e-010	6.65172e-010	1.41332e-009	1.61465e-009	1.50506e-009	5.21794e-009	1.76104e-007	3.1201e-006	
0	0.00619578	0.00592451	0.00127604	0.0111428	0.043114	0.066511	0.0764288	0.106628	0.168075	0.30361	0.385142	0.419092	0.387214	0.37566	0.399617	0.39073	0.0472515	0.00143663	0.000361951	0.000472813	0.00101334	0.00117142	0.000876432	0.0023368	3.56516e-005	9.7906e-007	2.30605e-007	2.75346e-008	1.73981e-008	7.65251e-010	2.76752e-010	1.01974e-010	8.2144e-011	2.49447e-010	3.80001e-010	8.61933e-010	4.17651e-009	4.22408e-009	3.72157e-009	1.5607e-007	9.253e-006	
0	0.00715906	0.00460013	0.00660235	0.0452334	0.0118597	0.00361384	0.0293919	0.0072642	0.000146797	0.000138324	0.000150226	0.000535753	0.00208599	0.0017279	0.00946243	0.245601	0.822527	0.879719	0.560346	0.116046	0.0385617	0.0850501	0.246412	0.618232	0.976443	0.99366	0.723206	0.00522078	0.000450803	1.2167e-006	1.09486e-009	2.38319e-012	1.80882e-013	1.31622e-013	1.54965e-013	2.18697e-013	7.43469e-013	3.37848e-012	3.30766e-012	1.67722e-010	4.76471e-007	
0	0	1.12847e-005	4.35022e-005	3.46923e-005	0.000779719	0.00289445	0.000111045	0.00248195	0.00202541	0.00254405	0.0027079	0.000614497	8.18184e-005	3.14161e-005	3.69747e-005	0.000974104	0.0267744	0.0750727	0.416943	0.80922	0.765907	0.447149	0.0222162	0.00695096	0.00235613	0.00608719	0.276761	0.994776	0.999549	0.999999	1	1	1	1	1	1	1	1	1	1	0.999987	


1	0.83901	0.297962	0.0261701	0.00102233	5.89206e-005	0.00092132	6.98443e-005	0.000304448	0.000805969	0.00040328	5.39294e-005	1.21053e-005	1.31617e-005	7.76052e-006	6.57847e-006	1.56297e-006	4.54181e-008	5.00002e-009	3.29419e-009	1.45792e-009	1.51562e-009	2.57332e-009	1.60282e-008	1.38804e-008	1.59119e-010	2.20005e-012	3.87873e-014	4.30849e-017	3.34521e-019	5.71493e-022	3.43505e-023	1.1397e-023	4.38604e-024	4.87773e-025	6.25821e-026	2.83812e-027	2.63028e-029	2.50555e-031	5.36308e-033	2.29736e-033	7.42905e-033	
0	0.16099	0.70182	0.973393	0.998723	0.999314	0.952218	0.996047	0.97588	0.160287	0.00219193	2.55597e-005	2.67283e-006	1.51477e-006	4.45101e-006	1.53316e-005	3.38119e-005	3.3634e-005	0.000335102	0.00201134	0.00124469	0.000716482	0.00769481	0.3783	0.913974	0.979649	0.925883	0.0777904	0.00072288	0.000106696	4.89201e-007	2.48811e-008	1.18004e-009	6.71599e-011	5.43872e-013	3.96496e-015	2.84674e-017	9.02934e-020	1.78664e-021	3.36693e-023	2.49127e-023	8.1768e-023	
0	1.80914e-007	0.000216554	0.000334152	0.000198149	0.000479177	0.0399159	0.00104006	0.00715739	0.0181535	0.00302915	0.000126183	3.0776e-006	1.8945e-007	4.05909e-008	3.20634e-008	2.85108e-007	2.14347e-007	1.56455e-006	4.0076e-005	2.45879e-006	1.21222e-006	1.31394e-005	0.000197104	0.00618435	0.0201606	0.0741067	0.922071	0.998327	0.997759	0.999196	0.970751	0.95097	0.0934419	0.000821928	7.44491e-006	2.39316e-008	3.09453e-011	9.1043e-014	1.70558e-016	6.87424e-018	3.77489e-019	
0	0	1.92535e-006	0.000103011	5.61587e-005	0.000147636	0.0069449	0.00284347	0.0166584	0.820754	0.994376	0.999794	0.999982	0.999985	0.999988	0.999978	0.999964	0.999966	0.999663	0.997949	0.998753	0.999282	0.992292	0.621503	0.0798417	0.00019056	9.92296e-006	0.000138358	0.00094987	0.0021343	0.000803465	0.0292492	0.0490303	0.906558	0.999178	0.999993	1	1	1	1	1	1	


1	0.989665	0.999773	0.888043	0.9957	0.995028	0.962476	0.996862	0.820269	0.985031	0.940004	0.751251	0.626395	0.866811	0.975658	0.992657	0.998728	0.972026	0.651462	0.00354866	3.90624e-005	3.47581e-006	2.02377e-006	1.05747e-006	1.21046e-006	1.83226e-007	1.85312e-008	2.76458e-010	2.23148e-012	1.87153e-013	1.07324e-015	1.04965e-017	3.98104e-019	1.99919e-019	4.3057e-020	6.06451e-021	3.38831e-022	3.10705e-023	3.46422e-024	2.50453e-025	1.25466e-024	9.0725e-024	
0	0.0103355	0.000200438	0.111946	0.00400671	0.00485889	0.0365423	0.00303402	0.179491	0.00180992	0.00285943	0.00303463	0.000290938	2.06269e-005	2.55473e-005	0.000696837	0.000102076	0.0276725	0.348481	0.996406	0.999247	0.995314	0.946	0.95935	0.408479	0.812913	0.471483	0.000218613	3.48621e-006	7.27119e-005	3.31261e-007	1.88952e-009	1.25337e-011	6.29101e-014	7.45743e-017	4.75034e-020	6.24693e-023	5.62592e-026	1.88235e-025	1.1355e-026	5.5574e-027	2.03441e-026	
0	1.00999e-012	1.93888e-005	1.15592e-007	1.23703e-005	5.11845e-007	1.52248e-005	1.09863e-005	2.67413e-006	0.00187244	0.000355314	0.000209488	0.000102775	1.44035e-005	1.06588e-006	1.79056e-008	8.47344e-008	9.00585e-009	5.29864e-006	6.61172e-006	2.26685e-005	0.000540051	0.0475186	0.0371075	0.583452	0.186303	0.528251	0.99958	0.997618	0.970814	0.99902	0.991973	0.984964	0.354915	0.00330423	4.81391e-005	6.26247e-008	9.14153e-011	6.35577e-014	6.29392e-017	3.10773e-018	2.01881e-019	
0	0	7.14464e-006	1.09252e-005	0.000280912	0.000112492	0.000966131	9.27293e-005	0.00023662	0.0112862	0.056781	0.245505	0.373211	0.133154	0.0243156	0.00664651	0.00116936	0.00030101	5.1929e-005	3.84277e-005	0.000691211	0.00414233	0.0064791	0.00354141	0.00806766	0.000784272	0.000265921	0.000201558	0.00237847	0.0291133	0.000979307	0.00802678	0.0150357	0.645085	0.996696	0.999952	1	1	1	1	1	1	


1	0.972903	0.634766	0.989325	0.935413	0.969107	0.984439	0.979576	0.989685	0.989049	0.990745	0.983057	0.9629	0.688635	0.590792	0.531742	0.00749323	0.00131547	0.00176711	0.000918387	0.000685173	0.00081481	0.00479763	0.0754713	0.212946	0.419079	0.0281526	0.000210166	2.2006e-005	2.09178e-007	5.02364e-009	6.85699e-009	4.94601e-009	7.62851e-009	8.35824e-009	5.6202e-009	3.09268e-009	8.52714e-010	6.99836e-010	4.92716e-010	3.9374e-009	3.83405e-008	
0	0.0270967	0.365148	0.0103744	0.0645686	0.0305608	0.0147974	0.0204022	0.00990689	0.0106146	0.00898197	0.0167625	0.0370123	0.311331	0.40855	0.461151	0.984229	0.931283	0.61699	0.0432736	0.000124748	7.2297e-007	1.05918e-005	0.00129394	0.00995493	0.21684	0.943078	0.990656	0.771875	0.0999242	0.0120678	0.0068183	0.0011004	0.000291398	1.52861e-005	8.62812e-007	4.12399e-008	6.18531e-010	5.89893e-012	1.32554e-012	1.29929e-010	8.76909e-009	
0	4.08891e-009	8.58373e-005	0.000294514	1.76422e-005	0.000332332	0.000709838	2.02059e-005	0.000405538	5.87214e-005	7.94809e-005	5.14342e-005	6.47302e-005	3.23445e-005	0.000658348	0.00710602	0.00826639	0.0664391	0.327396	0.301008	0.00461834	1.70486e-005	3.49415e-007	1.49553e-007	3.10409e-006	0.00109555	0.0048825	0.00890768	0.227438	0.899345	0.976209	0.899695	0.893427	0.394731	0.0740753	0.00393353	0.000478384	3.81331e-006	1.2922e-007	9.16258e-010	2.1908e-010	1.54689e-010	
0	0	2.12895e-009	6.3248e-006	6.61404e-007	2.34815e-007	5.3737e-005	1.90981e-006	2.63102e-006	0.000277263	0.000193069	0.000128665	2.28281e-005	1.34299e-006	1.83183e-007	1.02516e-006	1.11036e-005	0.000962009	0.0538463	0.6548	0.994572	0.999167	0.995191	0.923235	0.777096	0.362985	0.0238866	0.000226575	0.000665184	0.000730639	0.0117228	0.0934865	0.105473	0.604978	0.925909	0.996066	0.999522	0.999996	1	1	1	1	


1	0.986233	0.887643	0.829019	0.540831	0.659961	0.991627	0.884963	0.952518	0.999119	0.999017	0.996874	0.997181	0.993464	0.996427	0.937795	0.472824	0.0467019	0.00521277	0.000684219	0.000661249	0.0017633	0.00153656	0.000140958	6.89091e-005	1.43249e-006	8.34288e-009	1.40028e-010	1.48158e-012	7.9686e-015	3.65654e-017	2.22852e-017	9.5968e-018	8.82817e-018	3.23112e-018	1.42844e-018	3.42101e-019	1.14214e-019	7.03917e-020	5.48216e-020	1.13771e-019	1.86509e-019	
0	0.0137675	0.112356	0.170975	0.459169	0.340016	0.00479244	0.11498	0.0470594	0.000442709	0.000197124	0.000383445	0.000783543	0.00589938	0.00348407	0.0621942	0.527157	0.953189	0.991808	0.972135	0.97874	0.828682	0.901894	0.997435	0.983786	0.978953	0.923479	0.00392677	3.20025e-006	1.80508e-007	3.61718e-011	2.05391e-013	3.22515e-016	5.28022e-019	5.78596e-022	1.82031e-022	2.6724e-022	7.62454e-023	1.74137e-022	1.73802e-022	9.26158e-021	1.54971e-019	
0	3.15497e-022	4.62642e-007	5.65268e-006	3.75097e-007	2.31922e-005	0.00354731	5.2641e-007	0.000248327	3.59474e-005	9.39645e-007	1.50004e-007	2.69474e-008	3.82061e-008	1.85786e-007	7.37866e-008	1.18567e-005	0.000106676	0.00297554	0.0267038	0.00236882	0.00316986	0.00215613	4.82911e-005	0.0149919	0.021011	0.0764961	0.995822	0.993982	0.978067	0.997596	0.814614	0.818873	0.017975	4.23155e-005	4.89338e-008	8.15651e-012	1.23415e-015	6.51493e-019	6.19037e-023	3.79109e-026	1.07399e-023	
0	0	3.51338e-018	4.08963e-008	8.78891e-008	6.54307e-008	3.36768e-005	5.69596e-005	0.000174075	0.00040237	0.000784608	0.00274224	0.00203497	0.000636708	8.82588e-005	1.07358e-005	7.70021e-006	1.95069e-006	3.53008e-006	0.000476591	0.0182301	0.166385	0.0944132	0.002376	0.00115275	3.503e-005	2.46778e-005	0.000250758	0.00601486	0.0219331	0.00240366	0.185386	0.181127	0.982025	0.999958	1	1	1	1	1	1	1	


1	0.999278	0.996536	0.996596	0.989093	0.997451	0.999152	0.995993	0.998741	0.996307	0.998938	0.999215	0.998617	0.986449	0.994354	0.98448	0.337783	0.00282057	0.0012203	9.95846e-005	0.000116942	0.0003247	0.00181173	0.029849	0.122176	0.0857504	0.0026262	0.00171942	3.98192e-005	2.86442e-007	8.12482e-009	5.16994e-010	6.20771e-011	1.48514e-011	1.3832e-011	1.19514e-011	7.01055e-012	7.57251e-012	2.07458e-011	7.14939e-011	1.45147e-009	9.5903e-009	
0	0.000721664	0.00346369	0.00336902	0.0108911	0.0025254	0.000835414	0.00399844	0.00110947	0.0036572	0.000994617	0.000594026	0.00131686	0.0135461	0.00564418	0.0155142	0.662198	0.996573	0.823497	0.0281712	0.000674642	4.29873e-006	1.60814e-006	0.000116411	0.00804128	0.00744988	0.00291968	0.00711089	1.53394e-005	2.01008e-008	5.46736e-011	7.94795e-014	8.73594e-015	4.72717e-015	2.27859e-015	1.50582e-015	6.84788e-015	2.85492e-014	8.99996e-015	1.54713e-014	4.26862e-012	1.5848e-009	
0	9.74199e-008	2.23549e-007	3.53522e-005	1.58803e-005	2.36826e-005	9.05496e-006	8.60098e-006	0.000149197	6.60335e-007	6.65914e-007	8.72599e-007	1.59445e-007	1.64287e-007	1.01462e-006	5.30012e-006	1.92611e-005	0.000606756	0.175259	0.951776	0.689445	0.279039	0.0689139	0.172079	0.0279171	0.459725	0.94646	0.156597	0.00483199	0.0201657	0.000429437	5.2391e-006	2.88002e-008	2.30439e-011	2.36672e-014	1.92429e-017	6.55224e-019	3.67262e-018	9.05267e-016	2.79176e-016	1.20067e-015	2.09214e-013	
0	0	1.45201e-010	1.71161e-009	2.54968e-008	3.95253e-008	3.12434e-006	3.41528e-008	5.07478e-007	3.47662e-005	6.69473e-005	0.000190601	6.61451e-005	4.79214e-006	3.17905e-007	2.15343e-008	8.2935e-008	1.23423e-008	2.31254e-005	0.0199536	0.309763	0.720632	0.929273	0.797955	0.841866	0.447075	0.0479946	0.834573	0.995113	0.979834	0.999571	0.999995	1	1	1	1	1	1	1	1	1	1	


1	0.997633	0.999986	0.994806	0.997605	0.994632	0.960249	0.997279	0.913401	0.995689	0.911062	0.221721	0.0270068	0.02884	0.031375	0.0482465	0.0132029	0.00219283	0.0163096	0.0448231	0.0339626	0.0469488	0.0722493	0.163325	0.0505914	0.00420039	4.28648e-005	1.51036e-008	5.8544e-012	1.57754e-014	4.5324e-018	3.15851e-020	7.2175e-022	2.42122e-023	1.15308e-025	1.22457e-027	1.19314e-029	1.07269e-031	2.77325e-033	2.95271e-034	7.52606e-033	6.00498e-032	
0	0.00236688	1.35994e-005	0.00519437	0.0023937	0.00536625	0.0396246	0.0027107	0.0865784	0.000994925	0.00111272	0.000232861	6.52914e-006	6.05537e-007	2.16515e-006	5.94562e-005	8.05806e-005	0.00175024	0.0230479	0.441058	0.582969	0.470068	0.774455	0.822681	0.894083	0.820455	0.247627	0.000116135	1.92842e-008	1.60806e-009	4.45627e-013	1.51792e-016	5.78141e-019	6.3176e-022	5.37759e-026	2.76547e-030	1.0469e-032	1.34427e-034	1.28795e-034	7.12748e-037	4.01775e-037	4.37451e-034	
0	2.99931e-016	1.81234e-007	2.66228e-009	6.38754e-007	1.03742e-006	5.86547e-005	7.31486e-006	1.00721e-005	0.000425857	5.74363e-005	5.6609e-006	9.76872e-008	7.07674e-009	1.23569e-009	2.08909e-009	4.61216e-008	2.13166e-007	4.49042e-005	0.000536925	0.000322108	0.0003284	0.00771861	0.00923322	0.0549277	0.175337	0.752324	0.999755	0.999744	0.999349	0.99962	0.994193	0.960919	0.0168825	3.16507e-006	1.37569e-009	2.58058e-013	3.46114e-017	4.1312e-020	5.52056e-023	8.85335e-025	9.00608e-027	
0	0	8.53562e-009	6.18511e-009	1.59584e-007	5.44437e-007	6.77225e-005	3.36491e-006	1.06187e-005	0.0028902	0.0877674	0.77804	0.972987	0.971159	0.968623	0.951694	0.986716	0.996057	0.960598	0.513582	0.382746	0.482655	0.145577	0.00476042	0.000397565	7.51401e-006	5.8402e-006	0.000129252	0.000255735	0.000651452	0.000379806	0.00580684	0.0390806	0.983117	0.999997	1	1	1	1	1	1	1	


1	0.998005	0.999953	0.999819	0.999945	0.999817	0.863181	0.999443	0.983038	0.994434	0.489222	0.00515119	0.000495279	0.000496941	0.000341426	0.00036674	0.000131197	1.80089e-005	3.98499e-005	2.47103e-005	4.0621e-005	0.00012098	0.00280019	0.4744	0.243922	0.00556451	7.23986e-005	2.83682e-008	6.8665e-011	2.7711e-012	1.8013e-015	5.81336e-017	4.05364e-019	4.38135e-021	3.51772e-023	2.60049e-025	4.69269e-027	1.38855e-028	3.11381e-030	3.8789e-031	1.21839e-029	4.61068e-028	
0	0.001995	3.07401e-005	0.000180973	5.46011e-005	0.000183148	0.13679	0.000504686	0.0169288	0.00174919	0.0112264	3.45164e-005	3.48686e-007	5.44373e-008	1.91441e-007	2.02248e-007	1.39535e-007	1.75118e-006	1.36266e-006	5.23602e-006	3.54507e-007	1.75598e-007	7.86643e-005	0.0162995	0.730865	0.994093	0.998151	0.45854	0.071843	0.0723545	0.00715392	0.000384211	2.924e-005	3.73488e-009	3.20484e-013	1.99037e-017	3.25671e-022	6.76277e-027	2.48198e-030	4.33888e-034	2.28127e-034	6.07426e-031	
0	1.75358e-008	1.59315e-005	2.82929e-008	3.51021e-008	2.77786e-008	2.67442e-005	5.181e-005	1.26943e-006	0.001764	0.00961713	0.000531569	0.000139252	0.000115016	0.000139307	6.26086e-005	0.000289737	1.72618e-005	1.39379e-006	3.64757e-008	3.80615e-009	9.70405e-010	8.56631e-009	7.66688e-006	0.000103938	0.000331119	0.00177641	0.541454	0.90437	0.909233	0.974	0.791182	0.713804	0.4796	0.0525336	0.00258963	6.89633e-005	5.48239e-007	4.27059e-010	4.30081e-013	3.44862e-014	2.37909e-014	
0	0	6.96357e-010	1.7673e-007	2.2789e-009	1.39575e-009	1.34231e-006	1.62908e-007	3.21562e-005	0.0020528	0.489935	0.994283	0.999365	0.999388	0.999519	0.99957	0.999579	0.999963	0.999957	0.99997	0.999959	0.999879	0.997121	0.509293	0.0251093	1.12521e-005	3.85394e-008	6.38601e-006	0.0237873	0.0184129	0.0188461	0.208434	0.286166	0.5204	0.947466	0.99741	0.999931	0.999999	1	1	1	1	


1	0.987118	0.998954	0.992423	0.999352	0.997991	0.913718	0.997633	0.980509	0.932407	0.648175	0.0266448	0.00214344	0.000984691	0.000548207	0.00162057	0.000406957	0.000352047	0.00416293	0.0169162	0.123337	0.494982	0.904788	0.985814	0.955229	0.786736	0.170996	0.000116481	9.19315e-008	8.63606e-010	6.94479e-013	7.90263e-015	1.83515e-016	4.66892e-018	2.57836e-020	1.79312e-022	2.29686e-024	5.72041e-026	1.31803e-026	6.27491e-027	1.33344e-025	2.92558e-024	
0	0.0125741	0.000753991	0.0074934	0.000612451	0.00192896	0.0845815	0.00225238	0.0192075	0.0644711	0.138258	0.0129235	0.000462203	1.32447e-005	5.61957e-006	7.13656e-006	1.14289e-005	6.64191e-005	0.00100135	0.0199276	0.0838458	0.0898629	0.0786613	0.0132823	0.0353391	0.118623	0.0332175	0.000250649	8.02959e-006	1.11536e-006	2.17394e-008	1.19241e-009	1.82968e-010	1.12693e-011	1.11679e-013	1.22077e-015	2.23536e-017	3.53227e-019	7.25523e-020	1.2e-020	3.73847e-021	2.24056e-021	
0	0.000307608	0.000290971	8.31337e-005	3.53319e-005	8.02189e-005	0.00157142	0.000111816	0.000275296	0.00135095	0.0119227	0.000634559	2.1631e-005	4.1309e-006	1.4851e-006	2.11106e-006	2.10219e-006	2.22539e-006	2.55236e-005	0.000219621	0.000259021	0.00028887	0.00185172	0.000879375	0.0094286	0.0946372	0.795769	0.99888	0.996523	0.998093	0.995274	0.975418	0.86499	0.020639	1.89448e-005	1.55044e-008	1.78456e-011	1.41747e-014	1.13219e-016	5.92456e-019	6.73527e-020	1.29412e-020	
0	0	5.62812e-007	7.70356e-007	4.37649e-008	1.27091e-007	0.000128553	2.38475e-006	7.86502e-006	0.00177086	0.201644	0.959797	0.997373	0.998998	0.999445	0.99837	0.99958	0.999579	0.99481	0.962937	0.792559	0.414866	0.014699	2.42167e-005	2.87317e-006	3.83327e-006	1.69e-005	0.000752884	0.00346938	0.00190629	0.00472579	0.024582	0.13501	0.979361	0.999981	1	1	1	1	1	1	1	


1	0.981617	0.999469	0.951179	0.0342869	0.000352812	0.00121684	0.00103884	0.00072356	7.88024e-005	3.43277e-005	3.8993e-006	4.20458e-006	2.63785e-005	0.000252096	0.00679381	0.0321158	0.023355	0.000932946	1.56583e-005	3.39342e-005	1.61007e-005	5.48435e-005	0.00462501	0.0502133	0.203966	0.000239473	6.32726e-006	3.16333e-009	1.14435e-012	9.78817e-016	1.73297e-016	1.91025e-017	6.33409e-018	1.46723e-019	1.8047e-020	7.33115e-022	1.8875e-024	6.77037e-027	3.00811e-028	1.3457e-028	1.79564e-027	
0	0.0183826	0.000530362	0.0488202	0.965713	0.999646	0.0698954	0.847551	0.202632	3.54849e-006	7.80111e-010	3.26229e-011	5.38462e-011	2.73614e-008	3.80552e-008	4.49902e-005	0.00329463	0.605848	0.920454	0.0521406	0.000579985	1.40798e-006	2.43262e-007	3.45095e-006	0.00252868	0.65677	0.99851	0.0593614	8.92536e-006	5.86928e-009	6.46448e-013	9.96929e-017	2.31249e-021	1.93381e-023	2.8067e-024	2.7821e-026	3.72556e-027	4.66676e-027	9.10931e-028	6.68661e-031	4.36881e-031	9.34649e-031	
0	3.87569e-028	7.12647e-007	1.1278e-006	2.88696e-008	1.00063e-006	0.928887	0.00054683	0.00839482	0.0030172	0.000766187	8.82611e-005	1.77318e-006	6.04204e-008	9.34888e-010	6.40991e-010	1.21676e-006	0.00247973	0.0717322	0.947486	0.426795	0.0226589	0.00168836	0.000388508	2.72203e-005	0.0134491	0.00123219	0.940632	0.999953	0.999627	0.999836	0.926017	0.97165	0.0609577	0.000339598	1.87237e-005	9.9553e-008	1.70996e-011	1.11704e-014	7.12377e-017	1.10642e-019	4.10831e-021	
0	0	6.44618e-026	7.46409e-008	1.00632e-008	5.56159e-010	1.21555e-006	0.150864	0.78825	0.9969	0.999199	0.999908	0.999994	0.999974	0.999748	0.993161	0.964588	0.368318	0.00688086	0.000358032	0.572591	0.977324	0.998257	0.994983	0.947231	0.125815	1.85189e-005	1.58948e-007	3.81074e-005	0.00037275	0.000164084	0.0739829	0.0283504	0.939042	0.99966	0.999981	1	1	1	1	1	1	


1	0.996528	0.999957	0.996953	0.741859	0.372962	0.778706	0.750154	0.0601304	0.00265567	0.000275304	1.16459e-005	5.10143e-006	2.07503e-005	8.82505e-005	0.00104324	0.00369929	0.00323614	0.00123968	3.44085e-005	8.55895e-005	2.13887e-005	3.90349e-005	0.00158825	0.0103947	0.0892954	0.00106179	5.76708e-005	2.92028e-007	2.6761e-010	1.0367e-012	6.25628e-013	1.06434e-013	1.76294e-015	2.69575e-017	1.20583e-018	5.26223e-020	1.32794e-022	1.92104e-025	1.97852e-027	5.71945e-028	6.49926e-027	
0	0.00347247	4.2508e-005	0.00304743	0.25814	0.626953	0.120327	0.0923267	0.00751932	4.02065e-007	2.60243e-008	1.25269e-009	2.89434e-010	7.88906e-009	2.58746e-008	8.36057e-006	0.0001751	0.140504	0.584198	0.0271601	0.00018388	2.50649e-008	6.94924e-009	2.53782e-007	4.90322e-005	0.29233	0.9961	0.725674	0.00250304	2.65107e-005	6.9039e-008	1.16238e-010	1.65474e-014	6.7761e-020	4.06811e-021	2.99892e-023	3.94071e-024	1.66646e-025	2.23808e-026	5.49088e-030	1.39661e-031	2.32134e-030	
0	2.50575e-011	6.14109e-009	2.99355e-008	5.40771e-009	4.63606e-006	0.0921571	8.08721e-006	2.42199e-005	2.19823e-006	5.20825e-008	6.02473e-010	8.75893e-013	1.36019e-013	8.02553e-013	6.47856e-011	2.18088e-008	0.000220517	0.157778	0.953989	0.39654	0.00117797	1.69607e-006	5.26284e-009	7.82516e-011	6.23228e-005	0.000440435	0.274255	0.997282	0.998686	0.998074	0.335822	0.0206921	5.85562e-006	5.60648e-009	1.45953e-011	4.7197e-014	1.31658e-018	4.14922e-022	1.42658e-025	1.46874e-029	2.11574e-032	
0	0	1.27021e-009	5.73613e-009	6.93128e-007	7.98087e-005	0.00881033	0.157511	0.932326	0.997342	0.999725	0.999988	0.999995	0.999979	0.999912	0.998948	0.996126	0.85604	0.256785	0.0188164	0.603191	0.998801	0.999959	0.998411	0.989556	0.618312	0.00239734	1.37737e-005	0.000214366	0.00128719	0.00192635	0.664178	0.979308	0.999994	1	1	1	1	1	1	1	1	


1	0.998795	0.968645	0.996806	0.997981	0.999473	0.998084	0.999205	0.998019	0.998031	0.998501	0.996903	0.997296	0.943856	0.970305	0.829988	0.0080383	3.56862e-005	1.63748e-007	6.46542e-011	5.10888e-013	7.56818e-015	3.3032e-015	2.77256e-015	5.336e-015	2.26657e-015	1.48483e-015	8.0337e-014	9.55431e-014	5.69515e-015	5.57379e-014	3.6679e-013	4.21818e-012	4.20414e-011	8.25524e-010	5.83993e-009	1.96671e-008	8.60635e-008	2.20218e-007	1.63809e-007	5.75413e-007	7.15844e-007	
0	0.00112354	0.0313513	0.00115564	0.0020013	0.000439064	0.000849545	0.000770057	0.00127978	0.00172575	0.00106767	0.00285065	0.0026937	0.0561427	0.0296907	0.169711	0.991804	0.970717	0.0408154	0.000231283	3.22602e-007	1.07592e-010	3.2567e-013	4.73921e-014	1.33999e-015	8.87732e-016	1.16284e-015	1.3329e-014	2.28142e-015	2.19195e-015	5.80464e-016	2.10665e-016	1.12838e-015	6.13454e-015	4.76232e-014	1.56971e-012	1.77433e-011	6.64523e-012	7.41013e-012	7.06016e-011	2.05271e-009	7.63008e-008	
0	8.17166e-005	3.24133e-006	0.00203427	9.90714e-006	8.76375e-005	0.0010481	1.92464e-005	0.000677963	0.000137782	0.000411977	0.000221114	8.20153e-006	1.05531e-006	4.33964e-006	0.000300598	0.000158027	0.0292469	0.957963	0.907444	0.110918	0.00119399	1.54611e-005	3.28887e-008	1.49135e-010	1.75564e-011	6.54206e-013	4.26148e-012	2.70359e-011	3.82995e-010	1.26064e-008	6.49008e-009	9.26775e-009	3.37559e-009	1.0156e-008	1.24194e-009	8.58431e-010	1.36509e-010	9.35095e-010	3.27085e-011	2.28159e-011	5.6967e-011	
0	0	3.77084e-007	4.19091e-006	7.66323e-006	4.17423e-007	1.82272e-005	5.41124e-006	2.27738e-005	0.000105561	1.89305e-005	2.50058e-005	1.70404e-006	4.78113e-008	3.37399e-009	1.05581e-008	2.82816e-008	6.27493e-007	0.00122145	0.0923243	0.889081	0.998806	0.999985	1	1	1	1	1	1	1	1	1	1	1	1	1	1	1	1	1	0.999999	0.999999	


1	0.99123	0.9992	0.987173	0.998184	0.994666	0.93688	0.992959	0.959841	0.946621	0.810583	0.208801	0.13557	0.210109	0.354442	0.175799	0.122009	0.202031	0.765729	0.845401	0.740352	0.10984	0.0296566	0.0779036	0.0367584	0.0129354	0.00700657	0.00555146	0.0349736	0.183711	0.664233	0.920386	0.970767	0.981089	0.973204	0.975151	0.973883	0.953828	0.912045	0.878572	0.954586	0.990264	
0	0.00876984	0.00025065	0.0127653	0.00127373	0.00511719	0.0630869	0.00592288	0.039984	0.0531823	0.188837	0.790229	0.841247	0.612154	0.0218711	0.000422196	2.05673e-005	0.000263007	0.00623847	0.0963835	0.251667	0.889174	0.95164	0.184326	0.00119751	8.41596e-006	3.74497e-006	2.63381e-006	0.000303036	0.00214493	0.0144657	0.0148906	0.0194065	0.0180367	0.0265199	0.0246249	0.0259007	0.0459707	0.0876142	0.120898	0.0447075	0.000641741	
0	3.33421e-010	4.24664e-008	1.47625e-013	5.30998e-009	5.70352e-011	8.79632e-011	1.22663e-008	2.76891e-010	5.17472e-008	5.37218e-008	1.21018e-007	1.3641e-006	0.000159736	0.00602913	5.91155e-007	0.0997177	0.0016141	4.32055e-009	5.58064e-007	2.97592e-012	1.31334e-010	1.05431e-010	3.21795e-007	1.89671e-008	3.00376e-007	5.12275e-007	7.74203e-007	1.623e-008	8.02572e-007	1.20741e-006	5.8826e-008	3.37154e-007	2.05395e-007	2.20331e-009	8.95056e-009	1.24162e-010	7.84734e-010	4.8482e-013	2.12607e-011	1.42514e-009	3.24736e-006	
0	0	0.000548847	6.12031e-005	0.000542308	0.000216318	3.2808e-005	0.00111823	0.00017505	0.000196301	0.00057965	0.000970244	0.0231813	0.177577	0.617658	0.823778	0.778252	0.796091	0.228032	0.0582145	0.00798116	0.0009867	0.0187034	0.73777	0.962044	0.987056	0.992989	0.994445	0.964723	0.814143	0.3213	0.0647231	0.009826	0.000874313	0.00027641	0.000224161	0.000215797	0.000200822	0.00034116	0.000529352	0.000706307	0.00909089	


1	0.97817	0.959514	0.122772	0.414361	0.543434	0.621018	0.545352	0.73224	0.221326	0.0448123	0.00632596	0.00201585	0.000119441	2.01883e-005	5.02522e-006	1.02158e-006	5.35256e-007	1.36649e-006	3.89763e-006	1.72649e-005	1.20135e-005	9.62476e-007	5.77857e-008	6.74162e-009	7.84601e-010	1.16398e-010	7.16492e-012	2.34002e-012	4.63508e-013	6.54485e-014	8.72251e-015	1.45131e-015	7.68613e-016	3.81779e-016	1.9958e-016	3.87419e-017	1.15151e-017	9.76834e-018	4.45788e-018	3.20593e-019	1.78369e-019	
0	0.0218302	0.0341688	0.876909	0.438085	0.199073	0.0605444	0.100815	0.0408698	0.0244919	0.00143733	0.000153632	2.99097e-005	6.81781e-006	2.85455e-007	4.22019e-008	6.98659e-009	3.77675e-007	1.50187e-005	0.00070443	0.0558154	0.882295	0.99828	0.998409	0.998102	0.944653	0.533606	0.00995408	0.00047337	3.97878e-006	5.6171e-008	3.04899e-010	2.42984e-012	3.13757e-014	3.81764e-016	4.77869e-018	5.96121e-019	2.57833e-019	8.80336e-019	8.38891e-019	4.75373e-020	4.15551e-020	
0	2.36493e-011	0.00458073	3.12387e-006	0.0547508	0.01004	0.000152415	0.00216405	0.000447524	0.00016775	3.83927e-005	9.4928e-006	1.36854e-006	6.75265e-007	2.19528e-006	3.56323e-007	1.18174e-006	2.34823e-007	7.81876e-008	1.03212e-006	1.01203e-006	3.58484e-005	6.13551e-005	0.00083633	0.000952662	0.0544312	0.461215	0.926392	0.560003	0.678945	0.272299	0.0742291	0.0170752	0.0024276	5.34502e-005	9.97529e-007	2.99283e-009	2.67955e-011	1.0725e-013	2.24738e-016	7.98746e-018	2.45533e-017	
0	0	0.00173622	0.000315017	0.0928039	0.247453	0.318285	0.351668	0.226443	0.754015	0.953712	0.993511	0.997953	0.999873	0.999977	0.999995	0.999998	0.999999	0.999984	0.999291	0.944166	0.117658	0.00165785	0.000754354	0.000944881	0.000916292	0.0051791	0.0636539	0.439524	0.321051	0.727701	0.925771	0.982925	0.997572	0.999947	0.999999	1	1	1	1	1	1	


1	0.965059	0.770431	0.970687	0.957337	0.915194	0.55932	0.701714	0.207289	0.0198656	0.000544414	1.08971e-005	7.23875e-006	2.76744e-006	9.41196e-007	1.73699e-007	2.78461e-008	7.4902e-008	2.62814e-007	1.15506e-006	3.0713e-006	8.39156e-006	2.42601e-005	9.03063e-005	0.000429262	0.00152306	0.00304268	0.000633655	7.84676e-005	3.21693e-006	1.46472e-007	8.78287e-009	5.88322e-010	5.07628e-011	2.77057e-012	2.17523e-013	1.65972e-014	1.77219e-015	7.17215e-016	4.12784e-016	3.94779e-017	9.20155e-018	
0	0.00578855	0.198041	0.0221887	0.030918	0.0308015	0.0138655	0.0144164	0.00174428	0.000177169	5.33497e-005	1.12676e-006	3.82382e-007	1.59909e-006	7.72253e-007	2.53501e-007	1.69224e-006	1.46354e-005	5.52787e-005	7.02877e-005	4.34173e-006	3.56075e-007	1.27875e-007	3.04245e-007	8.23805e-006	9.9086e-005	0.000257161	0.0037627	0.00192256	6.2769e-005	3.63016e-006	2.09588e-007	3.82657e-009	8.50918e-011	3.58258e-012	7.94122e-014	2.89285e-015	1.39528e-016	1.1957e-017	8.94903e-019	4.12362e-019	1.01803e-018	
0	0.0291521	0.00841133	0.00128423	0.00459471	0.0258948	0.371446	0.168517	0.666727	0.783728	0.94116	0.980144	0.488397	0.20691	0.00967468	0.000278988	1.33455e-005	2.91769e-007	1.72275e-007	0.00011473	0.000176878	0.000272296	9.64169e-006	6.27807e-008	3.42278e-008	3.6479e-007	5.86976e-006	3.31366e-006	0.00089524	0.0807388	0.0532038	0.284409	0.353028	0.15414	0.110362	0.0457294	0.0573395	0.165707	0.287753	0.251868	0.490996	0.198407	
0	0	0.0231161	0.0058404	0.00714987	0.0281095	0.0553691	0.115352	0.124239	0.196229	0.0582426	0.0198438	0.511595	0.793085	0.990324	0.999721	0.999985	0.999985	0.999944	0.999814	0.999816	0.999719	0.999966	0.999909	0.999562	0.998377	0.996694	0.9956	0.997104	0.919195	0.946792	0.715591	0.646972	0.84586	0.889638	0.954271	0.94266	0.834293	0.712247	0.748132	0.509004	0.801593	


1	0.936063	0.963664	0.981023	0.982249	0.985603	0.926094	0.985261	0.973411	0.96943	0.945305	0.800907	0.516342	0.794412	0.805321	0.896335	0.541147	0.0414935	0.00451089	0.000674243	0.00182815	0.00151601	0.00243015	0.0135894	0.0110437	0.00147654	2.68378e-005	3.0664e-007	8.30608e-009	1.43374e-009	2.27161e-011	4.18888e-011	1.0973e-011	5.33304e-013	3.03152e-014	1.27187e-015	1.31065e-016	5.56226e-017	3.19547e-017	2.56545e-017	3.2906e-016	3.75496e-015	
0	0.0437835	0.0301359	0.0133712	0.0145138	0.0109174	0.0522906	0.0112341	0.0209107	0.0192111	0.028263	0.0251113	0.0588725	0.0481594	0.0938656	0.0802826	0.395014	0.586854	0.218196	0.0777164	0.0659629	0.0120569	0.0180912	0.12719	0.619073	0.837393	0.579195	0.239949	0.0463473	0.0144887	0.00190029	0.00155102	0.000343178	1.87757e-005	4.57218e-007	1.37239e-008	2.90655e-010	2.18847e-011	2.61386e-012	3.21125e-013	7.3018e-014	1.47713e-013	
0	0.0201533	0.00570433	0.00477302	0.00319054	0.00344304	0.0153414	0.00316984	0.00502884	0.00844199	0.00830322	0.00957038	0.0156888	0.00887482	0.0224594	0.00882224	0.0596021	0.371033	0.77278	0.900922	0.373282	0.0221569	0.00780333	0.0100249	0.0290782	0.152704	0.420711	0.75892	0.942523	0.947255	0.990031	0.473977	0.0805259	0.00373268	6.28695e-005	1.3576e-006	1.94795e-008	1.36993e-009	1.70446e-010	1.35085e-011	3.74994e-012	1.42886e-012	
0	0	0.000495518	0.000832382	4.67145e-005	3.60714e-005	0.00627445	0.000334572	0.000649535	0.00291734	0.0181293	0.164411	0.409097	0.148554	0.0783542	0.0145598	0.00423726	0.00061954	0.00451365	0.0206875	0.558927	0.96427	0.971675	0.849195	0.340805	0.0084263	6.67495e-005	0.00113046	0.0111301	0.0382563	0.00806897	0.524472	0.919131	0.996249	0.999937	0.999999	1	1	1	1	1	1	


1	0.998935	0.999955	0.980756	0.999741	0.999599	0.987333	0.999778	0.97825	0.995397	0.993258	0.981835	0.992139	0.999678	0.999978	0.997625	0.946887	0.0147715	0.000260589	7.76151e-007	2.41827e-008	2.35287e-009	3.42175e-010	1.02693e-010	1.25177e-010	9.82835e-011	2.17495e-012	5.21862e-014	5.4716e-017	8.16255e-021	2.03069e-023	3.09949e-025	1.21393e-026	2.13743e-026	1.06156e-026	3.14477e-027	4.25669e-028	1.18121e-028	1.50582e-029	1.44423e-030	1.81967e-030	1.28649e-030	
0	0.0010648	4.06024e-005	0.0192066	0.000142115	0.000366557	0.0123383	6.51287e-005	0.0201004	0.00058366	0.00167222	0.0013663	8.72864e-005	7.96696e-005	1.56993e-005	0.00237442	0.0531116	0.985218	0.986793	0.955413	0.851946	0.0224974	3.73501e-005	1.04957e-007	2.98244e-010	2.56275e-011	7.64955e-014	7.2472e-017	3.22554e-018	1.38755e-020	1.71514e-024	1.9914e-027	9.37472e-030	3.52056e-030	1.22754e-030	4.07388e-031	1.12714e-030	2.30081e-032	1.1827e-031	1.03344e-032	4.15807e-034	3.03697e-034	
0	5.58285e-007	2.86729e-007	3.34956e-006	4.54203e-006	3.58739e-007	1.55718e-005	9.1481e-006	1.74047e-005	5.45469e-005	5.66611e-006	1.36865e-005	4.84235e-007	7.84666e-009	9.27742e-009	3.14024e-008	7.65102e-008	6.48751e-006	0.0112757	0.0384578	0.0218026	0.00828642	0.00205199	0.000553268	0.000909786	0.0828556	0.989752	0.999885	0.999834	0.999554	0.999879	0.994709	0.990385	0.281766	0.00295885	2.0486e-005	7.90458e-008	2.81373e-010	1.3241e-011	1.41761e-013	3.67388e-015	5.66446e-017	
0	0	3.91925e-006	3.41427e-005	0.000112408	3.4441e-005	0.000313442	0.000147931	0.00163191	0.00396512	0.00506422	0.0167848	0.00777308	0.000241938	5.88849e-006	4.98574e-007	1.39491e-006	4.41329e-006	0.00167061	0.006128	0.126252	0.969216	0.997911	0.999447	0.99909	0.917144	0.0102482	0.000114741	0.000165657	0.000446079	0.000121385	0.00529118	0.00961504	0.718234	0.997041	0.99998	1	1	1	1	1	1	


1	0.999985	0.999732	0.999814	0.99988	0.999843	0.999962	0.999971	0.999972	0.998158	0.999848	0.999435	0.997404	0.973181	0.940857	0.688417	0.0158759	1.01326e-005	1.22788e-007	1.1867e-010	2.08894e-011	2.08837e-011	4.47862e-012	6.61028e-013	3.73305e-013	1.40061e-014	1.37578e-016	1.41574e-017	1.97359e-019	9.82856e-022	3.42774e-023	2.03338e-024	3.10598e-025	5.04075e-025	1.39836e-023	1.43156e-022	1.09035e-021	3.79778e-020	1.09376e-018	5.60522e-018	1.50494e-016	1.07631e-015	
0	1.49619e-005	0.000268338	0.000176902	0.000120072	0.000157268	3.83054e-005	2.93318e-005	2.82158e-005	0.00184179	0.000151886	0.000565201	0.0025959	0.026819	0.0591404	0.311538	0.983681	0.983168	0.0856352	6.87722e-005	2.77488e-007	5.99118e-010	2.41282e-013	1.11715e-015	1.49677e-017	3.90505e-016	1.59859e-017	9.49768e-019	1.72143e-021	9.40032e-024	2.11071e-025	1.57202e-028	3.61037e-029	4.08791e-029	2.41899e-028	1.89675e-026	1.52844e-025	3.12483e-025	2.31242e-023	2.50934e-021	6.12282e-021	2.07337e-019	
0	1.26785e-010	1.61491e-008	9.29379e-006	1.38241e-007	8.83018e-009	3.09345e-009	2.25342e-008	1.07155e-008	8.16214e-010	3.47776e-008	1.24149e-008	2.87633e-008	2.66034e-007	2.23347e-006	4.43623e-005	0.000443602	0.016822	0.914301	0.997794	0.877889	0.37023	0.00671976	0.00127225	3.66595e-005	0.000186786	4.24513e-005	1.73115e-007	3.4361e-010	9.65297e-012	3.49609e-015	8.52904e-020	9.39479e-025	3.11393e-029	7.06647e-033	9.80466e-033	3.04391e-030	3.53825e-029	5.96117e-028	2.45145e-026	7.59473e-023	1.85782e-022	
0	0	8.74247e-013	6.05705e-010	1.00104e-008	5.82422e-010	1.1529e-010	2.50101e-012	4.66565e-010	3.29852e-010	2.65811e-011	9.84827e-010	1.97298e-010	1.31663e-010	1.34056e-009	1.81486e-008	2.2715e-008	1.3707e-008	6.34021e-005	0.00213745	0.12211	0.62977	0.99328	0.998728	0.999963	0.999813	0.999958	1	1	1	1	1	1	1	1	1	1	1	1	1	1	1	


1	0.990901	0.999772	0.979068	0.999874	0.999351	0.744246	0.995091	0.905412	0.854836	0.255339	0.00123257	0.000536345	0.0016977	0.00906487	0.0002491	2.39828e-005	1.30535e-008	9.5966e-012	5.68871e-015	3.85989e-018	3.22334e-019	3.34332e-019	1.40901e-018	2.30429e-018	5.23151e-020	4.50845e-022	9.60221e-025	1.01445e-027	7.0441e-031	5.81271e-034	1.12043e-035	9.34351e-037	7.81793e-037	3.88482e-036	1.52041e-035	6.00081e-035	1.29749e-033	1.95055e-032	2.69083e-031	2.12415e-029	8.33046e-028	
0	0.00852968	8.18231e-006	0.0119543	5.01677e-005	0.000411929	0.248071	0.00484873	0.0928815	0.132015	0.736192	0.99862	0.966	0.242892	0.00398762	4.30201e-007	1.15421e-010	2.20708e-012	5.78492e-014	2.1095e-015	1.6284e-017	9.73839e-017	6.40457e-016	6.18306e-017	1.93741e-019	1.85305e-023	1.67988e-026	2.26512e-028	8.41268e-029	7.0593e-031	2.53804e-033	4.51082e-034	4.18447e-034	6.64547e-034	8.03538e-033	7.04697e-032	6.19978e-031	2.19047e-029	2.21185e-027	9.32219e-026	2.06197e-024	5.40035e-026	
0	0.000569517	0.000219301	0.00897671	7.23076e-005	0.000236981	0.00768025	5.50167e-005	0.00170596	0.0131386	0.00843589	0.000147036	0.0334634	0.755187	0.975815	0.999652	0.997576	0.999804	0.999872	0.999801	0.999986	0.999602	0.967819	0.730572	0.00579466	1.21486e-005	1.09884e-008	2.90864e-012	1.25594e-015	3.77413e-018	1.60189e-021	2.81908e-025	5.05625e-028	1.54277e-029	1.0231e-030	8.86421e-032	4.50188e-032	5.60434e-033	5.01966e-031	2.53039e-028	1.71993e-027	1.15456e-025	
0	0	7.00197e-007	7.30177e-007	3.04921e-006	6.10823e-008	3.42791e-006	5.4073e-006	5.5189e-007	1.0832e-005	3.30374e-005	5.45763e-007	4.58595e-007	0.000224056	0.0111323	9.89054e-005	0.0024	0.000195576	0.000128098	0.000198558	1.39166e-005	0.000397842	0.0321809	0.269428	0.994205	0.999988	1	1	1	1	1	1	1	1	1	1	1	1	1	1	1	1	


1	0.99725	0.86737	0.99771	0.944226	0.992606	0.999729	0.917539	0.99949	0.965203	0.990749	0.955619	0.389579	0.0535096	0.00146415	0.000254536	6.14859e-008	1.08627e-010	9.99198e-011	9.73455e-010	6.0932e-007	8.46662e-005	0.000905739	0.00123567	3.32006e-005	8.59582e-007	6.24395e-009	1.83314e-011	1.02677e-012	1.46708e-013	7.04829e-016	3.16148e-016	7.63068e-017	1.02529e-017	8.44578e-018	8.61419e-018	4.22728e-017	6.09526e-017	2.10483e-015	7.31662e-014	8.90875e-013	7.12793e-013	
0	0.00269091	0.0795371	0.00194124	0.0413353	0.00628452	0.000264303	0.0752693	0.000495905	0.0346216	0.00917039	0.0443518	0.608882	0.843872	0.215637	0.00191983	2.10972e-007	2.81019e-011	8.166e-013	7.5051e-012	6.8893e-010	2.5148e-005	0.0121709	0.784143	0.94654	0.48054	0.0897759	0.00322808	6.29038e-005	2.63858e-007	1.55255e-009	3.58702e-011	5.98173e-013	2.22868e-014	6.13104e-016	3.85381e-017	1.04393e-018	8.21962e-019	5.10465e-019	1.32284e-016	9.44032e-015	2.24611e-013	
0	5.95247e-005	0.0530901	0.000301848	0.0144339	0.00105446	2.58196e-006	0.0071913	6.17168e-006	0.000170816	7.77481e-005	2.85772e-005	0.00153913	0.102617	0.782496	0.997316	0.999937	0.999966	0.989281	0.87207	0.236303	0.0189685	0.00173997	0.0084263	0.0114362	0.494752	0.873566	0.82403	0.0127408	5.1726e-005	8.78911e-008	1.0173e-010	8.78849e-014	1.91088e-016	4.17221e-018	3.65941e-019	3.69395e-020	2.00738e-021	4.62751e-021	7.8885e-019	1.81066e-016	4.21338e-014	
0	0	3.0662e-006	4.67275e-005	5.08815e-006	5.45988e-005	3.61677e-006	3.82339e-007	7.91164e-006	5.04748e-006	2.69267e-006	3.01624e-007	1.71504e-007	1.12157e-006	0.000402761	0.000509844	6.26145e-005	3.37188e-005	0.0107189	0.12793	0.763696	0.980922	0.985183	0.206195	0.0419906	0.0247073	0.0366584	0.172742	0.987196	0.999948	1	1	1	1	1	1	1	1	1	1	1	1	


