E:\Google Drive\Progetti\MSR Action3D\Real\a01_s07_e01_skeleton3D.txt
1
TRUE
-1078.28
-1146.19
-1134.41
-1107.36
-1172.05
-1136.92
-1124.65
-1122.22
-1130.95
-1209.79
-1171.22
-1190.33
-1252.78
-1302.95
-1235.37
-1179.36
-1186.4
-1205.85
-1233.28
-1193.01

47
20
1	0.658313	0.707706	0.3198	0.0816952	0.0348183	0.0123415	0.00206231	7.49649e-005	1.10535e-005	1.92922e-008	1.18813e-010	1.8024e-016	3.10501e-022	2.68485e-028	7.88825e-034	8.78248e-040	3.68896e-045	5.08656e-050	2.29686e-054	4.11642e-058	5.1246e-062	6.56083e-067	1.14213e-071	2.06622e-076	7.76802e-081	4.85688e-085	1.18955e-089	8.0563e-094	5.08157e-098	4.60906e-102	3.33917e-106	6.09131e-111	5.92467e-115	2.28244e-119	4.18342e-124	7.36208e-129	1.31044e-129	1.57549e-130	1.53507e-131	8.79386e-133	8.14825e-133	1.12221e-132	8.30519e-133	6.64515e-133	3.20633e-132	8.71538e-131	3.24769e-130	
0	0.276086	0.0998376	0.219422	0.294595	0.0659257	0.293535	0.0282096	0.00131131	7.61946e-005	9.34563e-008	7.00235e-010	5.90136e-015	3.03397e-020	2.03149e-025	1.83934e-030	1.25103e-035	6.43649e-041	1.3968e-045	4.18086e-050	1.37934e-053	3.08224e-057	5.40098e-062	4.85842e-067	1.33529e-070	3.77055e-074	4.37845e-078	6.37493e-083	2.481e-087	4.46446e-092	1.1415e-095	1.02203e-099	5.47401e-104	4.33957e-108	1.67082e-112	4.51649e-117	2.05288e-121	2.18024e-122	1.83104e-123	6.01152e-124	6.34528e-125	5.26179e-125	4.24942e-125	1.06873e-124	1.13887e-124	2.02139e-123	2.10108e-122	2.82554e-121	
0	0.0656004	0.191982	0.10576	0.0818554	0.120296	0.026995	0.0236975	0.00270798	6.15845e-005	2.26353e-007	3.85621e-010	4.05157e-015	9.50445e-021	2.13922e-026	3.62127e-031	2.05513e-036	1.2376e-041	2.39808e-045	2.58792e-049	1.00511e-052	2.09902e-056	5.31192e-061	2.15157e-066	2.05021e-070	2.77769e-074	5.7757e-079	2.04589e-083	3.83767e-087	6.13097e-091	7.29032e-095	1.5039e-099	3.39536e-104	4.65799e-108	6.7271e-112	1.48734e-116	7.94044e-121	6.30089e-121	1.36043e-122	7.30212e-123	3.07397e-125	8.18215e-126	9.68302e-126	4.63805e-125	3.56956e-126	3.23664e-124	1.38661e-122	3.26548e-122	
0	0	0.0004554	0.341419	0.538219	0.0102362	0.647465	0.0445184	0.000833679	0.000273546	1.34434e-007	7.79796e-009	1.41009e-013	1.06462e-018	5.25622e-023	4.29135e-028	1.77673e-032	2.20602e-037	5.75219e-041	5.80646e-045	7.53644e-047	2.40497e-049	2.66609e-054	6.77159e-058	4.64821e-060	9.29234e-063	2.21491e-065	6.77118e-070	2.75473e-074	3.38697e-077	1.89966e-079	3.76361e-082	1.04026e-085	2.65324e-089	9.02038e-093	8.31803e-096	2.27899e-099	2.11603e-101	2.23054e-103	5.48046e-105	1.58779e-106	9.4751e-108	7.49111e-108	1.309e-108	3.05598e-108	8.43306e-108	3.69572e-107	2.35771e-106	
0	0	1.9947e-005	0.0135947	0.00218759	0.767724	0.0111689	0.901424	0.994918	0.840288	0.998568	0.975085	0.000230598	2.8634e-009	2.02426e-014	1.6583e-018	7.3036e-023	1.75964e-029	5.44247e-033	1.95794e-035	5.86144e-034	1.26998e-033	5.91924e-038	6.67405e-042	1.05507e-042	4.19712e-043	5.52185e-046	9.4999e-052	1.86328e-054	5.47598e-056	2.1379e-055	4.83998e-057	1.83626e-059	2.72132e-061	6.31559e-064	2.39683e-067	1.63691e-070	6.24791e-073	9.6973e-077	2.72045e-078	2.51885e-081	9.21748e-086	6.91325e-088	1.85394e-090	4.24477e-094	6.87719e-094	2.72446e-091	3.19292e-091	
0	0	0	3.87242e-006	0.00144807	0.0009979	0.00848481	8.42e-005	0.000154094	0.159289	0.00142097	0.0249148	0.99969	0.995452	0.94875	0.171341	0.000999111	3.8945e-006	1.87685e-008	4.61532e-010	3.61089e-009	1.79297e-008	9.95668e-011	3.07869e-013	6.96733e-013	2.1155e-011	1.1516e-009	5.19108e-012	1.38113e-012	1.28719e-014	1.45664e-014	1.48967e-014	1.15116e-015	6.14483e-017	3.45558e-018	1.49257e-019	2.23658e-020	7.16044e-022	1.21475e-023	4.50759e-025	1.1471e-026	3.49843e-029	2.20705e-032	5.30641e-035	3.04243e-037	1.4687e-037	2.80861e-038	1.65661e-038	
0	0	0	7.23623e-016	8.51426e-010	7.55356e-008	4.91267e-007	4.16608e-007	5.89223e-010	4.9446e-007	3.10292e-006	4.4052e-008	5.99077e-005	0.00387628	0.0489101	0.823735	0.981369	0.877286	0.582771	0.270527	0.0281972	0.00210006	3.60045e-005	8.69416e-008	1.99254e-009	3.72403e-009	3.58953e-008	1.5906e-008	1.70834e-008	8.84308e-009	3.94685e-010	4.94209e-011	4.19087e-013	2.31606e-014	3.4179e-016	6.17314e-018	1.87951e-019	1.14958e-020	4.24341e-022	6.92769e-024	8.79854e-026	3.84085e-028	1.13749e-030	4.33098e-033	3.38771e-036	2.40734e-037	4.88491e-039	4.12079e-040	
0	0	0	0	2.52407e-008	1.3689e-006	1.01445e-005	3.30261e-006	3.1969e-008	4.2686e-007	7.66106e-006	3.15143e-007	1.93577e-005	0.000671655	0.00234017	0.00492344	0.0176316	0.12271	0.417229	0.729473	0.971803	0.9979	0.999964	1	1	1	1	1	1	1	1	1	1	1	1	1	1	1	1	1	1	1	1	1	1	1	1	1	


1	0.0679155	0.427859	0.324381	0.227078	0.0769455	0.00757612	0.000565112	1.55108e-005	3.08099e-006	2.10039e-008	1.55446e-009	8.96851e-011	3.22129e-012	2.05571e-013	1.00549e-014	1.27897e-015	2.19197e-017	8.09783e-019	5.89271e-020	4.52588e-020	2.74149e-020	5.25659e-022	1.02311e-023	2.25608e-023	1.92468e-023	6.82331e-024	2.78675e-024	8.09285e-025	3.10111e-026	2.25666e-026	6.25762e-027	1.27061e-027	2.92475e-029	2.73199e-030	2.47601e-031	3.77526e-032	3.19334e-033	1.92427e-034	9.16734e-036	2.65329e-036	1.29981e-037	1.3389e-039	1.10123e-041	1.44515e-043	8.15944e-045	5.65223e-045	7.35814e-046	
0	4.94822e-006	1.66806e-005	0.00015985	0.00216286	3.79912e-006	1.28912e-005	3.81284e-008	6.27648e-010	1.3977e-007	5.40226e-010	5.09622e-011	1.68452e-012	1.11238e-015	1.67745e-014	1.31053e-017	6.55393e-017	6.35279e-021	7.58785e-019	1.02398e-021	3.71676e-020	3.61495e-019	5.04648e-022	3.22081e-024	2.76281e-023	2.44453e-024	2.8706e-026	3.43231e-027	4.40528e-028	9.56936e-027	5.78571e-026	5.07837e-026	1.73817e-026	6.9649e-030	2.45294e-031	8.69603e-032	5.21412e-032	5.60544e-034	1.5891e-036	5.52534e-039	5.71466e-037	1.49048e-042	7.20279e-044	2.31178e-045	4.70724e-048	6.85087e-049	1.45392e-049	5.38115e-049	
0	0.93208	0.570803	0.67336	0.762688	0.922951	0.962428	0.999259	0.999847	0.989957	0.999064	0.983034	0.352573	0.0218964	0.00153818	0.000320401	0.00014798	4.10147e-006	4.1143e-007	4.28109e-007	3.86518e-006	1.66812e-005	3.0709e-007	1.53661e-008	1.27513e-006	0.000116885	0.000126221	1.07218e-005	4.3081e-006	1.39916e-006	1.85529e-005	1.71435e-005	3.40239e-005	4.67963e-005	1.37234e-005	1.24466e-005	5.18548e-006	2.76478e-007	1.82018e-009	9.35489e-010	1.36618e-010	9.67951e-013	2.7011e-015	2.40545e-017	6.17674e-020	1.18042e-020	7.26625e-020	7.63718e-020	
0	0	0.00131668	0.0020941	0.00806101	8.17241e-005	0.0299815	0.000121976	0.000136485	0.00997496	0.00072585	0.0169481	0.647397	0.977686	0.991145	0.975816	0.467377	0.275702	0.00969419	0.0430877	0.0167271	0.00161557	3.86497e-006	3.64249e-008	1.02438e-005	0.0058615	0.914521	0.328722	0.617762	0.0115593	0.0027929	0.000155027	1.35949e-005	1.68409e-006	5.67907e-007	2.56597e-006	2.97852e-006	3.83339e-008	2.03752e-010	1.78868e-010	7.21869e-012	1.39892e-013	3.95426e-017	1.56227e-019	9.02145e-021	8.47657e-023	7.9894e-024	1.74303e-022	
0	0	5.24309e-006	4.12125e-006	1.01738e-005	1.77969e-005	7.95275e-007	5.43444e-005	4.6898e-007	6.48946e-005	0.00020973	1.70088e-005	2.94266e-005	0.000417488	0.00730677	0.0233451	0.530197	0.0113388	0.229217	0.558505	0.956998	0.974136	0.000705521	2.9112e-006	4.85018e-006	3.44067e-005	0.000524764	0.0318951	0.0962512	0.91865	0.926185	0.8302	0.0876907	0.00204797	2.19509e-005	8.21864e-006	3.51555e-007	3.09943e-008	1.55429e-010	1.63954e-012	8.28127e-012	6.07703e-016	9.01063e-018	1.39724e-021	1.65131e-024	8.14378e-024	1.97235e-024	2.02291e-025	
0	0	0	7.24236e-008	2.52199e-008	1.04876e-008	3.01351e-007	5.19049e-009	6.98472e-008	1.18361e-008	4.804e-008	4.69915e-007	1.05196e-007	2.08636e-007	9.78602e-006	0.000518649	0.00225313	0.712582	0.755874	0.215301	0.0241475	0.0241375	0.999247	0.986994	0.561992	0.10537	0.0417214	0.573981	0.109643	0.0656345	0.0698267	0.169174	0.903477	0.976734	0.999332	0.97307	0.997448	0.991148	0.993647	0.329874	0.750209	0.158128	0.000327923	1.67048e-006	3.16423e-008	6.78333e-011	1.33321e-012	5.12864e-014	
0	0	0	4.27438e-010	5.92074e-009	1.20691e-009	5.95527e-009	2.70314e-009	9.8495e-010	1.73406e-011	1.62522e-011	6.61051e-011	1.38221e-010	1.39411e-010	8.07543e-010	1.87672e-007	2.54018e-005	0.000373458	0.00521196	0.183032	0.000938985	6.52744e-005	4.31111e-005	0.0130018	0.436953	0.857525	0.0180824	0.0585077	0.175265	0.00390582	0.00113402	0.000450316	0.00878052	0.0210996	0.00056198	0.0268692	0.0021902	0.00876536	0.00633366	0.669926	0.244031	0.826247	0.995959	0.994848	0.996121	0.972894	0.260191	0.0117422	
0	0	0	0	1.03984e-010	3.60716e-010	6.07693e-010	1.64527e-009	6.95519e-010	5.0211e-010	2.54825e-011	3.30395e-012	1.52955e-012	2.60176e-013	1.76409e-013	4.93306e-011	4.89608e-009	1.15562e-007	3.38958e-006	7.32124e-005	0.00118475	2.87893e-005	1.59885e-007	1.38934e-006	0.00103886	0.0310919	0.0250246	0.00688419	0.00107385	0.000249422	4.29718e-005	3.31594e-006	3.73535e-006	7.01263e-005	6.96596e-005	3.71756e-005	0.000353459	8.62126e-005	1.91867e-005	0.00020014	0.00575944	0.0156251	0.00371334	0.00515032	0.00387913	0.0271056	0.739809	0.988258	


1	0.999276	0.999822	0.858237	0.994645	0.986975	0.999503	0.999631	0.996725	0.570593	0.558387	0.031839	1.53582e-005	1.00711e-008	9.05102e-012	1.85906e-014	7.52007e-017	2.53931e-019	9.79536e-021	3.85077e-023	1.23228e-022	2.52919e-024	5.47838e-026	8.90316e-028	2.51613e-030	9.01819e-034	5.13736e-036	4.84909e-037	3.40005e-039	8.63068e-039	4.38465e-040	3.45619e-041	5.89238e-044	1.52868e-045	2.68244e-047	3.22652e-049	1.14003e-051	1.07828e-052	3.05132e-052	4.759e-054	9.52167e-054	1.34578e-054	3.12433e-055	5.48e-056	9.01309e-057	1.44549e-056	3.96474e-056	1.57098e-055	
0	0.000723116	0.000171564	0.141721	0.000388501	0.0128311	0.000462939	0.000364774	0.00326041	0.428369	0.261395	0.958767	0.00365002	0.000111694	4.7562e-006	8.83542e-008	9.44138e-011	1.4598e-013	3.0004e-016	1.3153e-019	1.28869e-017	1.59253e-017	3.74163e-019	6.08613e-020	1.23186e-021	8.84431e-024	4.27487e-024	1.09866e-025	4.5617e-027	6.00002e-027	5.77413e-027	2.16261e-026	5.09451e-028	6.94436e-029	5.13882e-031	1.99103e-032	1.36217e-034	5.29718e-038	9.6015e-039	1.12917e-042	6.9125e-043	8.39994e-046	6.61526e-049	6.95768e-053	6.40039e-055	2.71054e-057	2.14562e-058	5.09858e-059	
0	1.31157e-006	5.88352e-006	4.22482e-005	0.00495624	0.000188996	3.27965e-005	4.00893e-006	1.45922e-005	0.0010383	0.180212	0.0093645	0.995258	0.948513	0.957307	0.61744	0.719108	0.0436491	0.0534933	0.00378385	0.491042	0.960408	0.615196	0.148928	0.723508	0.942166	0.940976	0.27606	0.67825	0.33528	0.603561	0.250288	0.232965	0.191841	0.397451	0.536592	0.838588	0.0143286	0.000641831	9.69877e-006	1.6986e-007	8.48136e-011	2.05376e-014	7.37333e-017	2.55697e-021	1.10271e-022	3.48635e-024	5.10036e-026	
0	0	1.05956e-007	6.22647e-010	1.06819e-005	4.59958e-006	1.48776e-006	7.76124e-009	5.88133e-009	5.48236e-009	6.29075e-006	2.95163e-005	0.0010769	0.0513753	0.0425986	0.382543	0.279833	0.956196	0.920502	0.995503	0.26118	0.00102261	0.261647	0.00907111	0.00663627	0.0382147	0.057827	0.719648	0.315807	0.443287	0.00194037	0.000755993	0.0001977	0.00313569	0.100366	0.0372971	0.0926799	0.973117	0.575843	0.957603	0.0505773	0.000875109	1.53428e-006	4.62061e-007	3.87939e-010	2.45233e-011	2.38925e-014	7.99466e-017	
0	0	6.81371e-016	8.28776e-011	9.56987e-014	2.54904e-008	8.24046e-010	1.45559e-009	9.51172e-012	5.27573e-013	1.36299e-011	1.48533e-010	1.68028e-012	3.36959e-010	3.8616e-007	5.81884e-006	0.000833768	5.02816e-006	0.00248974	0.00045037	0.0152325	6.88366e-005	3.58296e-009	9.4158e-007	7.56912e-008	1.71299e-007	3.33997e-007	5.49399e-006	0.000657741	0.0207681	9.28973e-005	3.57255e-007	1.81069e-009	4.11559e-009	1.0959e-008	9.7341e-007	4.8714e-008	1.94394e-006	0.000364429	9.30564e-006	0.00150756	2.20929e-007	5.57295e-007	8.40528e-010	8.64668e-012	3.11525e-012	5.18327e-013	4.29778e-016	
0	0	0	2.85692e-010	7.67144e-013	2.00291e-009	2.672e-010	2.24049e-010	4.12339e-013	7.45756e-011	1.65194e-012	6.34964e-010	5.15475e-011	4.35775e-009	8.92301e-005	1.05804e-005	0.000223632	9.40931e-005	0.0234672	1.50577e-006	0.221692	0.0229775	0.00947317	0.00100774	1.55873e-008	1.14253e-009	1.71892e-005	0.000443753	6.96658e-005	0.10915	0.00828406	0.0221483	0.000212118	2.08979e-007	1.19185e-006	5.33217e-006	6.43011e-006	4.14964e-005	0.328322	1.04937e-006	0.60704	0.000610728	2.0642e-007	2.87409e-011	5.59939e-011	9.33895e-014	1.15135e-014	1.22706e-014	
0	0	0	1.64449e-022	7.70172e-012	2.4561e-013	1.26505e-011	1.68249e-012	1.83928e-012	8.50982e-015	1.41876e-013	5.72999e-016	7.18892e-015	4.25155e-015	5.85035e-012	1.46076e-007	2.46625e-008	5.33419e-005	8.37019e-006	4.57527e-005	3.11557e-006	0.000231739	0.0751533	0.672628	0.0001915	3.25751e-009	2.02434e-012	2.48726e-005	1.29821e-005	6.35255e-005	0.00043095	0.000242764	0.00072387	3.49845e-005	2.08051e-006	1.57426e-008	9.01695e-009	2.33932e-007	0.00107758	0.00370741	0.0314411	0.906864	0.76065	0.392612	0.812228	0.0390444	0.00207239	0.000137868	
0	0	0	0	1.53499e-011	1.15133e-011	6.2639e-011	1.03606e-011	1.11324e-011	1.59013e-012	4.63351e-012	2.93874e-013	4.05771e-013	6.66558e-014	2.19743e-011	7.95395e-007	1.06797e-006	2.23105e-006	3.9145e-005	0.000215581	0.0108505	0.0152912	0.0385305	0.168364	0.269664	0.0196189	0.00117963	0.00381745	0.00520309	0.0914515	0.385691	0.726565	0.765901	0.804988	0.50218	0.426105	0.0687252	0.0125106	0.0937505	0.0386694	0.309434	0.0916498	0.239347	0.607387	0.187772	0.960956	0.997928	0.999862	


1	0.156629	0.887527	0.199136	0.108879	0.0818548	0.0714962	0.00813247	0.000384306	1.14847e-006	1.05391e-008	5.13053e-012	7.04674e-016	2.48161e-020	5.05773e-024	2.00167e-028	3.20894e-032	3.28788e-036	8.99885e-040	4.59279e-043	1.4611e-046	2.1078e-050	7.56452e-054	8.32229e-059	3.79889e-062	1.12639e-065	4.49522e-070	1.17617e-073	3.86194e-077	9.3138e-081	3.02196e-084	3.43309e-088	5.48813e-092	1.73746e-095	1.49226e-100	7.50022e-106	1.27842e-111	1.68398e-112	2.70942e-113	9.60996e-115	5.91999e-116	2.06562e-116	2.2807e-117	2.42768e-118	7.9473e-119	6.11796e-119	1.04475e-118	1.54251e-117	
0	0.0166132	0.0813341	0.659921	0.844052	0.328245	0.374838	0.250641	0.0170537	0.000113074	9.03855e-007	2.28086e-009	3.88174e-013	1.84937e-017	2.87398e-021	2.99093e-025	1.09943e-028	1.67986e-032	9.22604e-036	4.82996e-039	3.17477e-042	3.63213e-046	9.36296e-050	1.84123e-054	1.51185e-057	7.27455e-061	8.9499e-065	4.09107e-068	4.55097e-072	2.50185e-075	3.26889e-079	2.85492e-083	1.30015e-087	1.4846e-091	2.7591e-096	3.36844e-101	5.58858e-106	2.52634e-106	1.28807e-107	4.79702e-109	1.87459e-110	5.44803e-111	2.04747e-111	2.87018e-112	1.31838e-112	1.2923e-112	5.71137e-112	1.93018e-111	
0	0.826758	0.0182785	0.135545	0.0465333	0.547738	0.552786	0.736303	0.977613	0.0207721	0.020041	0.000562867	1.13565e-006	1.7663e-010	3.04022e-013	8.47494e-017	9.75218e-020	2.51267e-024	7.87514e-027	4.07507e-029	4.32766e-029	4.83081e-030	2.51457e-034	1.73104e-038	1.46517e-039	6.45674e-040	1.98007e-042	1.47404e-046	1.18814e-049	9.83653e-051	7.81889e-051	4.03196e-052	2.30982e-054	1.51377e-056	3.51336e-061	1.68145e-064	1.54505e-069	3.86315e-072	2.13132e-075	3.91545e-078	5.48646e-080	1.90538e-083	3.60566e-085	7.12879e-088	6.33484e-090	5.97438e-090	2.19365e-089	3.29367e-088	
0	0	0.0128561	0.00537678	0.000532692	0.0419234	0.000874956	0.00490528	0.00486891	0.978886	0.755096	0.960828	0.324025	0.0278314	0.0123441	0.000536926	7.25281e-006	7.48319e-009	3.43414e-011	4.84708e-013	1.98385e-011	3.82022e-010	5.11196e-012	1.48255e-013	8.20212e-014	4.48351e-013	5.27947e-013	3.19168e-015	3.35167e-016	4.56415e-017	4.61378e-016	3.5587e-015	1.3738e-015	6.41458e-016	1.08292e-018	1.49186e-020	5.61937e-023	4.7809e-025	1.63174e-027	5.45562e-031	4.79532e-032	1.97738e-035	9.38771e-039	6.18703e-043	1.22055e-045	1.38351e-047	2.167e-047	2.42792e-048	
0	0	4.74484e-006	1.93847e-005	2.4764e-006	0.000238342	2.38786e-006	1.80551e-005	8.02523e-005	0.000225766	0.224721	0.0372939	0.665416	0.919842	0.227876	0.0268891	0.000266661	1.28586e-005	6.65337e-008	3.51042e-008	2.28456e-007	4.1484e-007	2.96795e-008	2.22268e-009	3.26776e-010	1.35885e-008	4.5607e-008	1.61849e-009	2.82127e-009	2.80806e-009	4.47397e-009	1.322e-008	4.53102e-009	2.12528e-008	2.56735e-010	1.22818e-012	1.29731e-015	1.10738e-017	2.75125e-020	2.75828e-023	3.84045e-026	2.02247e-029	2.52831e-033	1.68369e-037	2.51691e-041	6.46861e-043	5.26087e-043	1.72217e-043	
0	0	0	1.53898e-006	2.86303e-007	3.14672e-007	2.07469e-006	8.72132e-008	1.44296e-007	1.50251e-006	0.0001415	0.00119303	0.00805109	0.0482978	0.704787	0.958929	0.825673	0.781407	0.400721	0.447368	0.816055	0.862406	0.522998	0.0697768	0.0411014	0.534265	0.849323	0.621408	0.719519	0.922593	0.896783	0.905167	0.552666	0.750048	0.0325312	0.00210048	6.5569e-005	7.25382e-005	6.55336e-006	5.08501e-007	7.31958e-008	1.24211e-009	8.81225e-012	9.15731e-014	1.32614e-015	8.02949e-017	2.77354e-017	3.72644e-018	
0	0	0	2.12447e-009	3.0773e-008	3.01267e-010	1.56039e-007	5.21257e-010	3.82276e-010	2.01919e-007	4.49572e-008	0.000121859	0.00250167	0.00400336	0.0536486	0.000262207	0.00176743	0.0123016	0.0876254	0.0121686	0.114028	0.123608	0.310677	0.918624	0.789621	0.395185	0.148476	0.0992556	0.00324889	0.049883	0.0925961	0.0911771	0.421659	0.230715	0.966198	0.995753	0.995573	0.310095	0.00794751	5.63344e-005	4.96387e-006	5.88453e-009	1.84263e-012	2.51428e-015	3.30855e-017	3.94819e-020	2.51909e-020	2.84048e-020	
0	0	0	0	2.63302e-008	6.59794e-009	1.21728e-008	7.35152e-009	9.09845e-011	1.16842e-011	7.42037e-010	2.29279e-009	4.94147e-006	2.53117e-005	0.0013445	0.0133826	0.172285	0.206279	0.511654	0.540464	0.0699168	0.0139851	0.166324	0.0115993	0.169278	0.0705502	0.00220135	0.279336	0.277232	0.0275239	0.0106208	0.00365596	0.0256751	0.0192367	0.00127039	0.00214628	0.00436163	0.689832	0.992046	0.999943	0.999995	1	1	1	1	1	1	1	


1	0.788394	0.0536841	0.209781	0.364806	0.308288	0.77016	0.581276	0.335011	0.0458232	0.00782131	9.62166e-005	1.12672e-009	2.98638e-014	6.83776e-018	1.9755e-021	2.03091e-024	2.32592e-027	4.46262e-031	1.40182e-033	1.49147e-035	1.69254e-038	1.37628e-041	1.98389e-045	2.95664e-048	6.94011e-054	7.84203e-058	2.63694e-060	3.23665e-063	7.59722e-066	7.4384e-068	1.42273e-070	4.43274e-074	1.90371e-077	9.18522e-081	5.36195e-084	1.76084e-087	6.59239e-088	1.20383e-088	2.82544e-089	1.57208e-089	1.97396e-090	2.33148e-091	4.7276e-092	9.68495e-093	2.65902e-092	1.68815e-092	2.33838e-091	
0	0.00380312	0.945494	0.129675	0.0498449	0.191563	0.00328175	0.0138114	0.0159714	0.00821827	0.000123381	1.08609e-005	2.74744e-011	3.74418e-015	1.97618e-019	1.062e-022	1.52088e-025	7.13736e-027	1.8505e-030	2.20634e-032	1.50661e-035	2.41799e-039	2.12198e-040	3.86031e-042	1.66318e-046	1.24239e-053	3.35048e-058	4.03264e-059	6.16428e-061	1.81241e-063	2.76353e-066	3.82044e-069	2.89836e-072	6.26338e-075	3.05877e-077	4.28845e-080	3.75271e-083	4.19334e-083	3.61595e-083	3.02936e-084	1.00612e-084	3.71479e-084	1.14333e-084	3.67498e-085	1.00485e-085	8.8442e-087	1.87778e-087	5.18353e-088	
0	0.207803	0.000776904	0.660519	0.526394	0.252547	0.225375	0.403028	0.626246	0.844601	0.384998	0.147728	0.00018208	5.60912e-007	6.86396e-009	4.89702e-011	1.60645e-012	3.62267e-014	3.16647e-016	1.98961e-016	3.36886e-015	9.33892e-016	6.05392e-018	1.93414e-019	1.47278e-019	3.79373e-022	7.56924e-023	4.99962e-024	7.5232e-025	4.11489e-024	7.6303e-023	5.18694e-023	8.23335e-025	1.12073e-025	6.61792e-027	7.44914e-028	9.41245e-030	1.2969e-031	1.23195e-033	2.81944e-035	8.72081e-037	4.59366e-039	1.04686e-040	3.78793e-043	8.68316e-045	3.33093e-045	1.38644e-045	5.38669e-045	
0	0	4.46578e-005	2.47039e-005	0.0589548	0.247558	0.00117926	0.00188462	0.0227717	0.101318	0.607037	0.852023	0.99942	0.995236	0.982464	0.962702	0.936077	0.0499278	0.000339885	0.00140805	0.111393	0.674541	0.0513167	0.00852771	0.635918	0.998246	0.963397	0.032327	0.111912	0.011567	0.388583	0.588869	0.379495	0.190016	0.435165	0.435149	0.586373	0.166437	0.000164021	0.000142966	6.09232e-007	1.52288e-010	2.77069e-014	1.04579e-016	6.10879e-021	1.62722e-021	3.10807e-022	1.20315e-023	
0	0	8.11347e-021	2.23205e-009	1.31824e-009	4.40033e-005	3.93307e-006	6.72199e-009	2.66654e-008	3.87597e-005	2.04823e-005	0.000141847	0.000397822	0.00476198	0.0175108	0.0370208	0.0553425	0.0371526	0.000762598	0.000404593	0.000261048	0.00166355	0.0012782	4.96154e-006	1.07976e-005	0.000214172	0.0364758	0.101499	0.0302395	0.00385016	0.000160655	0.010738	6.26712e-005	0.000211401	0.000848941	0.0128474	0.0289474	0.0272044	0.000168119	2.33922e-007	1.22921e-006	6.78969e-011	1.04815e-015	2.59994e-018	5.00787e-022	2.56486e-024	2.24437e-026	2.32055e-026	
0	0	0	3.80989e-011	4.01539e-012	1.35903e-007	4.99725e-008	5.08529e-010	7.21472e-011	5.0422e-007	8.67473e-008	7.25715e-008	1.34122e-008	1.57669e-006	2.4753e-005	0.000277424	0.00856862	0.904015	0.993203	0.297953	0.0223559	0.00078399	0.147328	0.0443426	1.07077e-005	4.75242e-010	1.16952e-005	0.865043	0.202341	0.54237	0.0102789	0.00696503	0.000194869	0.000198771	0.000306793	0.000136087	0.00261265	0.0254839	0.444161	0.00044041	0.00414055	0.000116528	8.97291e-008	5.7541e-011	1.65473e-013	4.18765e-017	1.89295e-020	1.12752e-022	
0	0	0	3.06972e-027	7.42265e-013	5.17623e-013	2.49943e-009	1.86083e-010	1.85621e-011	4.84915e-013	2.02344e-009	1.11475e-010	3.51336e-013	2.60082e-012	5.03223e-009	6.63073e-008	1.01924e-005	0.00870366	0.00497831	0.42053	0.0497748	0.00517391	0.0110003	0.728392	0.0428916	2.95317e-006	5.63636e-009	1.46283e-005	0.542551	0.262356	0.366467	0.285997	0.600757	0.551926	0.0740243	0.0217268	0.000265892	4.69784e-005	0.0121525	0.0285398	0.26127	0.301579	0.670964	0.310933	0.837529	0.158484	0.0171922	0.00350086	
0	0	0	0	8.4844e-014	1.87907e-012	1.7655e-010	1.87815e-010	1.4552e-010	1.55187e-011	7.64538e-010	7.03382e-011	2.97033e-012	6.89764e-012	2.9855e-010	4.2184e-008	1.60874e-006	0.000200494	0.000715778	0.279704	0.816216	0.317838	0.789077	0.218733	0.321169	0.00153733	0.000115764	0.00111636	0.112957	0.179857	0.234511	0.107431	0.0194903	0.257648	0.489655	0.53014	0.381801	0.780827	0.543355	0.970877	0.734587	0.698305	0.329036	0.689067	0.162471	0.841516	0.982808	0.996499	


1	0.425007	0.646311	0.669504	0.704312	0.89141	0.322812	0.378247	0.566036	0.0544306	0.0096585	0.000237963	1.04292e-007	2.34425e-012	2.07804e-016	4.95111e-021	9.09415e-025	2.8043e-029	1.34166e-033	1.59935e-037	3.96826e-040	3.09771e-043	3.96254e-048	1.28444e-052	2.14356e-055	3.12495e-058	2.18073e-061	6.45783e-066	9.44949e-070	2.11528e-073	3.80594e-076	1.21221e-079	8.2209e-084	9.95086e-088	1.48051e-091	1.6966e-095	1.3059e-099	8.91744e-101	6.9734e-102	9.26322e-103	8.27325e-104	2.23278e-104	1.5388e-104	3.27836e-105	1.90529e-105	7.62074e-105	3.39478e-104	3.89667e-103	
0	0.55947	0.350565	0.143975	0.29443	0.0224328	0.675881	0.544421	0.14246	0.121109	0.0341844	0.000276842	4.10863e-006	1.25941e-009	4.6522e-012	4.19761e-015	1.91495e-016	2.03219e-018	4.09101e-020	7.35304e-022	2.83603e-022	1.41597e-023	1.76082e-026	5.86972e-029	1.08786e-029	3.73948e-031	6.40154e-032	6.29479e-034	1.6224e-036	2.67023e-037	4.95048e-038	2.37232e-039	1.04275e-041	2.72901e-043	3.21031e-045	9.6318e-047	7.88211e-049	9.89193e-051	2.84043e-051	6.44627e-053	4.25276e-053	5.48828e-054	1.69496e-054	4.32698e-056	3.45636e-056	1.33649e-056	1.94503e-056	2.10225e-054	
0	0.0155227	0.00279832	0.171621	0.000804186	0.0854885	0.00128624	0.0770507	0.291004	0.779345	0.908692	0.992954	0.038121	0.000199154	4.40043e-006	1.45786e-008	2.00202e-011	1.57146e-014	1.69723e-017	6.25984e-020	8.56347e-019	2.45204e-018	8.71992e-022	6.06213e-024	4.14202e-025	1.31006e-025	1.87525e-025	1.61379e-028	5.35584e-030	8.4647e-030	3.87203e-029	7.79628e-029	1.00871e-030	1.58422e-031	8.69634e-034	1.27214e-035	1.24049e-038	1.40541e-041	1.28423e-043	1.31504e-046	1.40661e-048	3.70439e-051	4.37046e-053	1.43336e-056	1.1964e-057	9.20405e-058	7.79607e-057	1.65897e-056	
0	0	0.000325625	0.0148982	0.000287564	0.000642497	2.03175e-005	0.000280871	0.000468972	0.0445413	0.0375431	0.00615691	0.903355	0.528324	0.754904	0.381461	0.166342	0.0614001	0.00365094	7.73634e-005	0.00010291	0.000160142	3.68114e-006	2.60101e-007	1.80406e-007	4.06141e-007	6.80313e-006	1.79226e-006	3.13302e-006	7.45748e-008	1.7363e-008	2.56555e-008	9.16843e-009	2.83372e-009	6.17457e-011	2.48807e-011	1.27558e-011	7.45636e-014	6.68126e-016	1.82758e-018	3.23904e-020	8.15607e-022	3.62488e-024	4.10609e-027	3.23395e-029	2.56262e-030	2.39209e-031	1.82907e-032	
0	0	6.50211e-008	1.29222e-006	0.000159886	1.74037e-007	1.27186e-007	1.32227e-008	1.79697e-007	0.000573279	0.00200458	7.32475e-005	0.00294522	0.00037286	0.012471	0.000582815	0.0354538	6.80739e-005	0.000713964	2.868e-006	1.89765e-005	3.03395e-005	1.07437e-008	1.26663e-008	3.47273e-007	2.11503e-007	2.0744e-008	1.29973e-009	3.54394e-008	3.10182e-010	2.32357e-009	1.06349e-010	5.03072e-009	1.6095e-011	3.11843e-011	6.42544e-012	1.71708e-012	2.58861e-015	4.15279e-018	5.22626e-019	2.00508e-021	7.28768e-025	2.76728e-025	3.82023e-028	4.31504e-032	1.11036e-031	7.80439e-032	2.73377e-033	
0	0	0	9.32871e-008	6.03643e-006	2.56877e-005	1.80726e-007	2.76688e-007	3.05577e-005	4.46095e-007	0.00791744	0.000300444	0.0555666	0.470914	0.200019	0.534879	0.160809	0.0342969	0.000444747	0.0129562	0.054213	0.0430906	0.000155814	5.99849e-007	9.47121e-006	0.0282699	0.49973	0.00448494	0.0282293	0.00677759	0.0201598	0.00332589	0.000135438	0.000176204	2.48368e-005	2.03819e-006	6.6038e-008	2.72814e-009	1.5795e-012	2.66242e-012	3.23876e-016	2.05616e-019	2.15778e-022	1.14337e-024	2.94694e-028	5.14172e-028	9.79273e-029	1.12248e-029	
0	0	0	3.91264e-024	7.93198e-012	2.27154e-009	1.31496e-009	1.33466e-011	3.85878e-011	4.29867e-008	2.44007e-010	5.84118e-007	7.56821e-006	0.000187748	0.032437	0.0801505	0.570438	0.0876933	0.0275893	0.00596686	0.000815599	0.000931543	1.25393e-005	2.71817e-008	3.3432e-009	1.54137e-006	0.00841375	0.0215307	0.00534513	0.00434499	0.000150275	0.000234016	1.07042e-006	2.16643e-007	7.4012e-007	1.00383e-006	9.85522e-008	1.87621e-008	1.39613e-010	1.69721e-012	2.06023e-014	1.414e-017	1.73396e-020	5.9775e-023	2.37067e-026	1.39335e-028	5.53989e-031	2.4179e-032	
0	0	0	0	8.0385e-012	9.42164e-010	1.34312e-009	3.45174e-010	1.34364e-010	5.98216e-010	7.97752e-010	2.09059e-008	1.06688e-007	1.76759e-006	0.000164262	0.00292654	0.0669576	0.816542	0.967601	0.980997	0.944849	0.955787	0.999828	0.999999	0.99999	0.971728	0.491849	0.973983	0.966422	0.988877	0.97969	0.99644	0.999863	0.999824	0.999974	0.999997	1	1	1	1	1	1	1	1	1	1	1	1	


1	0.817914	0.980697	0.866357	0.990558	0.246772	0.921115	0.0794955	0.00997344	0.000672741	6.82389e-006	1.71817e-007	2.94683e-013	1.40493e-018	3.71097e-024	4.69649e-029	2.8499e-033	1.17345e-038	9.70007e-043	1.36222e-046	1.18792e-048	1.78983e-051	3.79392e-055	3.55088e-059	2.08932e-060	1.70702e-062	2.57886e-067	3.04708e-071	2.35174e-075	1.58811e-079	1.27401e-081	2.34804e-084	1.03403e-087	8.16129e-091	9.32649e-094	8.9751e-097	1.5747e-100	2.59231e-101	2.77389e-102	5.53068e-103	5.14014e-104	3.29746e-105	7.84882e-106	2.30884e-106	1.25609e-107	6.2054e-108	1.01993e-107	1.47161e-107	
0	0.18208	0.0191435	0.132448	0.00878728	0.753118	0.073762	0.920432	0.989162	0.888188	0.990913	0.865977	7.49714e-005	3.24248e-009	2.39802e-014	1.07261e-017	9.67441e-021	2.7334e-026	4.71801e-029	1.27768e-030	1.13e-028	4.08792e-028	4.67523e-031	7.29015e-034	9.2954e-033	3.57091e-032	2.11949e-035	4.24207e-039	6.2561e-041	2.95273e-042	5.2198e-041	1.15726e-041	2.57277e-043	8.986e-044	8.73859e-045	1.65525e-046	6.60077e-049	5.24288e-051	3.12969e-054	9.23553e-056	8.88782e-059	6.01212e-063	4.42127e-065	7.62314e-068	1.07947e-071	1.07436e-072	8.33391e-071	1.58167e-071	
0	5.56343e-006	0.000159425	0.00119536	0.000637505	0.00011006	0.00511784	7.26697e-005	0.000864415	0.111139	0.00907968	0.134023	0.999354	0.986917	0.87068	0.6819	0.0215805	2.80714e-005	1.14085e-007	1.89155e-009	6.2641e-007	4.48356e-005	2.21452e-005	7.92692e-007	0.000457788	0.351551	0.946092	0.0146101	0.00833963	2.8445e-005	0.00303199	0.0490096	0.139091	0.0705263	0.16078	0.0176407	0.0183283	0.0007407	6.72136e-006	4.01422e-007	2.92116e-009	4.99722e-013	1.18604e-017	2.95832e-021	3.51818e-025	6.42687e-027	4.46744e-028	2.48844e-029	
0	0	9.92544e-008	3.52558e-007	1.71297e-005	8.32443e-009	5.50297e-006	4.28331e-008	5.44397e-010	1.77705e-007	3.15779e-007	5.01118e-007	0.000571228	0.0130834	0.12925	0.314004	0.959925	0.999451	0.989371	0.887124	0.0966379	0.0039465	0.00217605	0.000110647	0.00423405	0.0783726	0.0446254	0.984394	0.4562	0.00603195	0.000613589	0.000174191	0.00177296	0.00101726	0.0601408	0.112624	0.16688	0.261215	0.0717767	0.134232	0.0116671	0.000203888	9.69227e-007	7.19541e-008	6.75174e-010	3.41987e-012	1.08656e-015	1.57182e-018	
0	0	6.10113e-018	1.08456e-010	6.3975e-011	5.23625e-009	2.881e-011	2.88667e-010	1.74003e-012	9.93265e-013	1.07776e-010	2.73441e-010	2.66781e-011	1.01039e-007	7.00378e-005	0.00409632	0.0184367	0.000420606	0.0067437	0.112332	0.86283	0.970867	0.000541116	1.029e-006	0.000196548	0.119668	0.00856875	9.09305e-005	0.535424	0.0440595	0.101616	0.0801464	0.00192965	4.79359e-005	4.78736e-007	8.24232e-005	2.01602e-005	2.36068e-005	9.90522e-005	7.4165e-005	0.000331636	4.3646e-008	1.82424e-008	3.03863e-011	1.17823e-012	1.65294e-012	3.29175e-014	9.56815e-017	
0	0	0	3.95891e-018	1.77266e-014	2.81709e-015	9.21379e-013	7.3992e-015	1.06448e-014	1.09836e-013	7.65889e-016	2.06889e-014	3.42569e-015	1.3048e-014	7.86528e-012	1.00985e-007	5.74535e-005	9.80558e-005	0.00388496	0.00050442	0.0405168	0.0242799	0.961981	0.142913	0.0104562	0.000416485	0.000215636	0.000782458	8.57788e-006	0.949879	0.601431	0.472498	0.0916983	0.0386177	0.548659	0.853466	0.812257	0.700749	0.136349	0.00027819	2.19019e-005	1.86673e-008	1.61501e-012	4.98769e-013	3.99946e-017	3.1727e-018	8.78784e-016	7.53769e-017	
0	0	0	7.02133e-025	3.95037e-019	7.94029e-017	1.1173e-015	4.3985e-015	1.33551e-016	1.11387e-017	1.36859e-017	5.79344e-019	6.53858e-020	2.36972e-019	2.4719e-017	1.51475e-013	3.06853e-010	1.87494e-006	5.75617e-007	3.95793e-005	1.39552e-005	0.000861499	0.0352687	0.856806	0.465939	0.040521	2.68675e-005	8.36555e-005	2.60069e-005	1.14301e-006	0.293305	0.392202	0.757926	0.882181	0.221687	0.0148173	0.00246445	0.0371324	0.79025	0.669711	0.936577	0.909955	0.806431	0.309039	0.495752	0.0251516	0.00427275	0.00026557	
0	0	0	0	1.69e-023	1.07073e-020	1.07539e-016	2.30966e-017	6.86025e-017	9.92324e-019	5.34001e-021	1.26021e-020	2.35973e-023	1.15856e-023	8.38087e-023	1.42112e-019	4.38175e-015	7.33424e-013	2.402e-009	1.44971e-009	8.4582e-007	1.75258e-007	1.0934e-005	0.000168703	0.518717	0.409471	0.000471111	3.87499e-005	1.25308e-006	2.00726e-008	2.60293e-006	0.00596949	0.00758206	0.00760933	0.00873326	0.00136937	5.03351e-005	0.000139422	0.00151854	0.195704	0.0514027	0.0898411	0.193568	0.690961	0.504248	0.974848	0.995727	0.999734	


1	0.845432	0.999196	0.824649	0.976198	0.615275	0.85601	0.487022	0.0583348	0.042188	0.00505486	0.00027253	1.63786e-008	1.49381e-013	8.33441e-019	4.96699e-024	3.92e-028	4.19968e-032	5.49483e-038	4.65287e-041	4.84572e-045	3.45534e-049	1.59118e-053	7.80761e-058	3.59752e-060	7.89553e-063	1.64911e-066	1.45873e-071	2.3716e-075	2.49699e-079	3.9658e-082	1.71079e-085	3.73454e-089	6.65542e-093	5.50497e-096	9.85894e-100	2.6029e-103	1.56268e-104	2.60793e-106	3.0205e-107	8.31659e-109	4.25464e-110	6.54829e-111	2.03745e-111	1.0623e-112	3.9169e-112	1.29968e-110	2.62134e-110	
0	0.154568	0.000792614	0.175341	0.0231448	0.384691	0.142739	0.512963	0.941659	0.243709	0.988588	0.781248	0.00403184	5.74531e-007	1.83352e-011	7.88218e-015	9.93303e-018	4.81428e-022	1.9897e-027	4.32147e-028	3.42892e-029	3.88195e-031	1.59008e-036	9.58588e-041	1.30956e-039	6.08461e-038	1.02187e-039	1.07623e-045	1.42726e-047	4.36086e-050	3.06362e-050	7.58719e-053	1.79583e-055	2.78894e-057	7.60411e-060	6.45952e-062	1.17681e-064	4.3916e-068	6.25741e-074	6.55192e-075	8.78438e-080	3.29683e-084	1.99265e-086	2.49953e-088	4.27752e-092	9.70301e-092	1.46844e-089	4.3019e-091	
0	2.05246e-007	1.18103e-005	1.03767e-005	0.000656643	3.42702e-005	0.00125079	1.47251e-005	6.59434e-006	0.714097	0.00586078	0.218396	0.574701	0.0600942	0.00372205	5.60503e-006	7.13123e-009	9.29496e-012	3.14292e-016	1.92796e-016	6.3964e-017	5.10759e-018	5.36269e-022	1.01667e-025	4.84475e-025	1.06053e-023	6.63688e-022	6.03929e-026	2.15128e-025	1.6912e-027	2.87055e-027	7.89943e-028	1.51411e-030	1.60428e-033	8.37285e-036	2.369e-038	3.5851e-040	1.08869e-043	4.14589e-047	1.51024e-050	9.65021e-054	4.39051e-058	1.0453e-062	4.80068e-068	3.40003e-071	3.83859e-073	1.21114e-074	1.40203e-076	
0	0	5.48062e-008	6.94185e-009	3.03695e-008	2.33423e-007	6.14204e-008	1.33034e-007	3.5079e-010	6.40636e-006	0.000408308	9.83618e-007	0.421233	0.939847	0.994465	0.994135	0.769829	0.58956	0.00277168	0.00160738	1.89982e-005	6.9676e-007	5.61656e-009	8.13118e-013	6.17156e-014	1.72621e-013	3.65001e-012	2.58724e-013	9.71052e-013	6.00752e-014	1.44919e-015	1.95298e-015	1.23687e-017	5.84097e-020	7.24633e-022	3.39053e-024	2.95364e-025	2.13295e-027	4.6987e-030	1.03776e-033	2.96023e-036	3.32933e-040	2.50564e-045	3.98436e-049	4.92773e-054	5.89523e-055	6.02323e-057	2.10541e-058	
0	0	3.02796e-010	1.92529e-010	9.89934e-010	8.7373e-009	2.23257e-009	6.48921e-008	7.75504e-011	1.27543e-008	8.81124e-005	1.19792e-007	3.32165e-005	5.77873e-005	0.00181227	0.00585723	0.230146	0.407646	0.997155	0.917945	0.00404042	1.07754e-005	2.11254e-006	5.74645e-009	6.13006e-011	1.43849e-012	2.89776e-014	6.71994e-014	8.58169e-015	1.36757e-012	1.97691e-014	1.71321e-015	6.25143e-017	1.56629e-019	1.7891e-019	3.92951e-020	4.86946e-020	1.94317e-019	4.19817e-021	4.7978e-023	1.25719e-024	2.14479e-028	3.81028e-032	2.18475e-034	4.78895e-039	1.8833e-041	1.50754e-043	9.1017e-046	
0	0	0	9.24438e-012	1.05055e-013	9.51562e-011	1.25484e-010	2.87414e-010	2.41485e-009	3.7802e-009	5.44339e-008	8.18508e-005	2.31379e-008	3.36579e-009	2.60715e-007	5.12124e-007	2.25005e-005	0.00025196	3.77934e-005	0.0801673	0.994174	0.954083	0.00314487	6.87899e-005	4.54995e-005	0.000208384	5.85522e-006	8.89064e-011	2.02904e-012	2.0922e-012	1.6476e-010	2.84349e-010	1.02721e-010	1.62217e-011	9.66344e-013	8.94862e-015	2.12383e-017	2.73765e-020	2.73603e-022	2.00592e-023	1.83794e-024	1.89589e-029	1.597e-031	4.94209e-035	1.10255e-037	3.60666e-039	3.25989e-038	2.31665e-039	
0	0	0	2.66304e-014	2.63661e-015	3.44681e-015	4.46347e-013	8.06259e-013	4.06625e-013	3.26559e-009	7.92401e-011	3.34248e-009	8.03424e-007	5.31913e-008	6.44009e-008	1.29943e-006	2.7111e-006	0.00251041	1.72374e-006	6.9295e-006	0.00176129	0.0458862	0.973419	0.722832	0.0249263	0.0118699	0.231627	0.0173322	0.000699161	0.000734506	0.00234166	0.102175	0.229693	0.591618	0.234796	0.00526483	0.000175179	7.10121e-007	1.25512e-007	7.61186e-011	4.61128e-012	2.03699e-014	4.34132e-018	8.41495e-022	1.8007e-024	2.28093e-026	1.22462e-026	2.71621e-027	
0	0	0	0	6.64277e-015	1.89725e-016	1.43507e-013	2.33299e-014	6.51801e-015	5.53508e-013	3.43347e-011	9.14396e-013	1.35049e-009	1.31023e-009	4.94931e-010	6.74921e-010	2.54812e-007	3.24721e-005	3.42558e-005	0.000273675	5.72539e-006	1.96746e-005	0.023434	0.2771	0.975028	0.987922	0.768367	0.982668	0.999301	0.999265	0.997658	0.897825	0.770307	0.408382	0.765204	0.994735	0.999825	0.999999	1	1	1	1	1	1	1	1	1	1	


1	0.98855	0.999695	0.91785	0.985591	0.973991	0.983286	0.975689	0.984261	0.386716	0.164743	0.00816144	3.63678e-006	9.29823e-010	2.77664e-014	3.00739e-018	3.33034e-022	7.71191e-027	1.93849e-030	1.44691e-033	6.91749e-036	1.37992e-038	1.05072e-042	3.83971e-046	2.72691e-048	5.23855e-051	1.12839e-053	1.50744e-056	1.18431e-059	1.93247e-063	3.38834e-066	5.12481e-070	1.80971e-073	3.83849e-076	1.39411e-079	1.19344e-082	6.55702e-086	1.90602e-086	7.36195e-088	1.14007e-087	1.2389e-089	9.26497e-091	1.331e-091	6.36877e-092	3.44429e-093	1.4549e-092	2.09511e-091	1.42184e-090	
0	0.0114442	0.000233854	0.0821489	0.0138408	0.0259634	0.016643	0.0242734	0.0157274	0.595239	0.792468	0.988386	0.177296	0.00518475	2.76823e-005	3.09335e-007	1.82535e-009	4.91051e-014	1.29537e-016	2.17316e-017	2.97841e-016	3.5385e-016	8.30928e-021	6.441e-024	1.26139e-022	1.43452e-021	5.93863e-021	5.19424e-024	3.07861e-024	1.10632e-026	2.22714e-026	9.91339e-029	6.39095e-031	2.11201e-032	8.71813e-035	1.38576e-036	1.52404e-038	1.81991e-041	3.06689e-045	4.81209e-046	5.50822e-050	4.39453e-054	4.01869e-057	1.96396e-060	1.00394e-063	1.67984e-064	1.44903e-063	3.46004e-064	
0	5.94769e-006	6.99882e-005	1.07925e-006	0.00056854	4.46507e-005	6.79176e-005	3.75351e-005	1.13386e-005	0.0180454	0.0427272	0.00341165	0.822652	0.980026	0.9407	0.766766	0.288429	0.00706573	0.00616474	0.00100945	0.00769008	0.0294066	0.000638179	3.53872e-006	8.85334e-007	1.06905e-006	6.48165e-005	0.000176108	0.00041853	0.000120441	0.000144264	0.000186451	1.2878e-005	1.33726e-006	2.31215e-008	1.45004e-009	2.25496e-010	3.07222e-011	3.51387e-012	4.86281e-014	1.89459e-015	8.38582e-019	6.49678e-023	3.42414e-026	3.10805e-030	4.41849e-031	2.09479e-032	1.24072e-031	
0	0	1.137e-006	4.49376e-007	9.92174e-008	9.38351e-007	2.94476e-006	7.8129e-008	1.45519e-007	2.71516e-008	2.05975e-005	1.84708e-005	4.75694e-005	0.0146402	0.0590941	0.232112	0.70626	0.992825	0.987448	0.349923	0.0171511	0.00230948	0.0698192	0.437074	0.73819	0.117823	0.0143518	0.12362	0.0309114	0.0007882	0.00023359	1.3165e-005	0.000299818	0.000424188	0.000522821	0.000424566	0.000316003	0.00113317	0.00214975	0.10089	0.0291306	0.00698156	0.000254469	0.000541578	3.67384e-005	3.32946e-006	2.04252e-007	2.27596e-008	
0	0	2.06733e-010	8.71946e-008	1.66644e-009	1.46852e-007	1.10255e-008	1.08915e-008	1.51802e-009	2.70096e-008	4.14457e-005	2.18427e-005	8.04111e-007	0.000149342	0.000176528	0.00111371	0.00522774	6.96729e-005	0.00542757	0.648875	0.326218	0.0707033	5.34875e-007	9.34915e-006	0.225194	0.879861	0.690685	0.00727355	0.650577	0.0186163	0.00116676	2.79748e-006	1.36336e-008	6.54283e-007	1.63833e-008	3.2389e-007	5.03971e-008	3.93664e-008	1.99038e-007	4.55718e-005	1.21463e-005	6.11037e-007	1.26579e-005	6.70229e-008	1.10298e-007	2.3704e-006	3.29021e-006	8.5885e-008	
0	0	0	4.70711e-014	9.50987e-011	1.91442e-012	4.49026e-011	2.99204e-011	1.73328e-011	2.84727e-009	2.60375e-009	1.04752e-007	4.12123e-007	8.91252e-009	1.82759e-006	8.7075e-006	8.29784e-005	3.60609e-005	0.000955604	8.46496e-005	0.648931	0.878739	0.871584	0.233901	0.00530127	0.00176219	0.294552	0.350552	0.0107698	0.950642	0.971786	0.968473	0.936171	0.871044	0.988434	0.978978	0.986473	0.912566	0.115223	0.000968935	2.95867e-005	5.52708e-009	2.43154e-012	1.19014e-009	1.26113e-013	2.84305e-011	3.11694e-008	9.11724e-007	
0	0	0	5.70559e-017	8.05163e-015	3.35499e-015	8.74241e-014	6.79894e-015	1.27862e-015	1.15377e-013	3.44366e-012	3.97202e-012	3.23996e-011	1.47169e-010	4.41432e-011	3.49568e-009	5.60009e-008	2.17922e-006	2.93087e-006	9.93812e-005	7.14592e-006	0.00208751	0.00771868	0.0242555	0.014001	0.000405002	0.000316781	0.0563253	0.0592673	0.00366733	0.00419578	0.000522731	0.00421262	0.016625	0.00512726	0.00810366	0.009202	0.0141668	0.0740626	0.0829835	0.00720995	7.54962e-005	4.90869e-007	1.3104e-009	4.37085e-011	1.02296e-013	1.06016e-012	1.19948e-010	
0	0	0	0	5.04697e-016	1.70042e-012	3.01972e-013	2.40631e-013	1.96203e-013	2.1734e-013	6.88914e-012	1.91643e-012	2.18927e-011	7.33617e-010	2.34285e-011	5.42737e-009	6.37075e-008	1.27303e-006	1.09463e-006	8.18492e-006	3.14266e-006	0.0167537	0.0502392	0.304757	0.0173124	0.00014797	2.9476e-005	0.462053	0.248056	0.0261657	0.0224737	0.0308017	0.0593035	0.111905	0.0059163	0.0124931	0.00400851	0.0721343	0.808565	0.815112	0.963618	0.992942	0.999732	0.999458	0.999963	0.999994	0.999996	0.999999	


1	0.995889	0.999993	0.774154	0.996154	0.775042	0.998137	0.98918	0.899455	0.29232	0.205734	0.0112787	1.38613e-006	4.74727e-010	3.88027e-012	2.19622e-014	1.13935e-016	8.34002e-019	3.4545e-022	1.72759e-025	5.4244e-028	8.96434e-031	5.58718e-036	3.90111e-038	4.49983e-038	1.82223e-038	5.61021e-039	2.22058e-041	2.44715e-045	6.53704e-049	3.30617e-051	5.00812e-054	1.09858e-057	1.27812e-060	2.47649e-062	2.70134e-063	2.38451e-065	6.91098e-067	8.53991e-067	1.56445e-067	3.90518e-067	7.70082e-068	2.5354e-069	1.99488e-070	3.16685e-072	1.10277e-071	1.45157e-071	1.20118e-071	
0	0.0039653	7.32096e-006	0.225827	0.00379993	0.224953	0.00117221	0.0107884	0.100513	0.015234	0.100679	0.0343967	1.00695e-008	3.49549e-014	3.96662e-013	1.44434e-017	1.61884e-018	3.24355e-026	1.80436e-025	2.48984e-032	2.702e-026	1.257e-025	8.66592e-034	2.16e-037	1.18582e-037	7.88498e-039	1.92258e-043	4.52797e-048	1.57439e-050	4.16678e-052	8.66261e-049	2.34325e-049	8.89761e-051	2.31613e-056	8.02173e-061	7.64088e-064	2.85853e-068	6.1911e-072	1.12414e-071	2.10254e-072	2.71071e-068	2.18032e-075	6.34646e-074	2.45388e-074	1.23402e-077	1.46299e-073	1.47152e-072	5.75488e-074	
0	0.000146125	2.52872e-008	1.91713e-005	4.58402e-005	4.68138e-006	0.000690448	3.17567e-005	3.1635e-005	0.692444	0.692944	0.933372	0.000220546	1.18976e-008	9.50934e-012	2.36518e-015	4.22099e-018	7.1115e-022	2.13114e-024	7.54492e-027	8.01541e-026	6.45394e-027	2.39898e-032	9.5225e-034	9.62769e-031	5.52588e-029	4.7909e-027	4.46942e-033	2.71466e-038	8.54355e-043	1.25881e-042	5.66989e-045	5.42113e-047	2.49812e-048	4.95703e-049	3.38166e-048	2.4573e-049	9.95736e-058	3.71528e-062	5.35135e-068	2.58882e-070	1.51868e-074	3.72356e-076	6.35283e-079	6.47574e-078	2.78916e-079	1.89281e-074	1.86975e-074	
0	0	3.49947e-009	1.00459e-012	3.02053e-008	1.49553e-010	1.74611e-009	4.02197e-009	1.52213e-010	1.74851e-006	0.000642895	0.020952	0.99974	0.987703	0.66728	0.109779	1.13889e-005	3.79372e-005	9.47637e-010	1.81909e-009	2.05346e-011	4.96909e-015	5.75787e-021	1.28098e-021	2.47325e-019	6.06614e-016	8.5598e-010	8.20927e-011	2.56945e-011	2.43896e-014	2.93634e-017	3.64099e-020	3.3125e-025	1.38586e-027	1.038e-028	6.30274e-028	3.21461e-028	5.94649e-033	4.78697e-036	2.15519e-039	1.32338e-042	7.38518e-045	3.53897e-050	4.6973e-057	2.96911e-060	8.4646e-065	6.86661e-070	1.18266e-073	
0	0	5.7072e-020	4.99602e-012	1.30815e-014	7.96418e-011	3.88627e-014	1.80717e-012	2.59538e-012	1.40151e-012	6.04541e-008	4.41986e-007	3.80215e-005	0.0122965	0.331986	0.296849	0.599713	0.230564	0.901037	0.99903	0.990665	0.870676	0.000260479	6.99259e-005	0.00441741	0.0851458	0.360053	0.950639	0.999231	0.99823	0.673659	0.39417	0.0102126	0.000233492	0.000143705	0.00147149	0.00136481	1.38614e-005	2.8431e-006	5.04359e-008	3.75014e-008	8.59373e-012	3.10548e-015	2.25371e-018	3.56603e-023	2.48434e-024	1.0495e-026	1.19783e-029	
0	0	0	2.21379e-019	7.82152e-017	2.64639e-015	3.26156e-014	7.92759e-016	2.36078e-013	7.1712e-017	3.19707e-014	4.08836e-012	6.40777e-011	4.45147e-008	0.000734189	0.593279	0.393984	0.367681	0.098906	0.000704413	0.00933379	0.129324	0.999739	0.863075	0.555617	0.476623	0.00244798	0.0468302	0.000756779	0.00176988	0.326341	0.605813	0.989763	0.997786	0.999182	0.987494	0.998601	0.999588	0.942636	0.361887	0.822561	0.00340527	1.74901e-007	1.91259e-008	5.37049e-013	1.59124e-013	1.23891e-015	1.49752e-018	
0	0	0	1.43887e-037	2.24094e-022	8.86232e-020	1.54583e-016	1.46466e-017	5.29824e-018	2.28774e-019	3.19003e-022	3.80695e-019	1.9535e-018	3.595e-014	1.02937e-010	9.31022e-005	0.00629043	0.401715	1.02221e-005	0.000265024	1.4239e-010	1.25138e-008	3.36423e-007	0.136855	0.039442	0.0259781	0.00372346	0.000691311	1.16362e-005	8.32111e-009	2.52238e-008	1.66954e-005	2.39085e-005	0.00198072	0.000668035	0.0108717	1.55412e-005	0.000398381	0.0573376	0.637926	0.04935	0.99449	0.986174	0.998781	0.998836	0.865008	0.0195025	4.09618e-007	
0	0	0	0	5.25435e-023	6.45942e-022	1.05072e-019	1.60483e-017	1.88606e-018	1.15932e-016	1.2353e-016	1.13055e-017	2.6319e-020	5.98365e-019	1.61231e-014	8.79136e-011	1.3294e-006	2.42197e-006	4.70975e-005	9.65894e-008	1.50127e-006	6.32364e-009	4.89348e-013	3.84511e-007	0.400523	0.412253	0.633776	0.00183903	4.67625e-007	1.05129e-009	9.65614e-010	2.7534e-008	6.94779e-009	1.71308e-008	6.06522e-006	0.000163113	1.90362e-005	3.79219e-008	2.40183e-005	0.000186793	0.128089	0.00210445	0.0138255	0.00121881	0.00116423	0.134992	0.980498	1	


1	0.998875	0.999983	0.828574	0.996565	0.989343	0.997569	0.993257	0.996763	0.110716	0.0317586	0.000607726	2.03372e-007	1.07072e-011	7.86784e-015	9.06965e-018	1.41671e-020	2.34942e-023	1.58182e-026	2.39323e-029	3.95935e-032	1.49633e-035	1.24492e-040	1.4731e-042	1.45029e-043	1.53646e-045	1.03184e-047	9.44914e-051	1.23298e-053	6.53286e-057	5.32585e-060	2.17679e-063	1.24959e-066	3.04012e-069	7.0529e-072	1.83882e-074	3.81324e-077	2.60768e-078	2.79627e-078	9.06317e-079	2.95329e-078	6.67588e-079	9.11457e-081	7.40351e-081	1.54688e-083	1.02344e-082	9.99167e-083	6.73146e-083	
0	0.00105564	1.22053e-005	0.171376	0.00316648	0.0106535	0.00216451	0.00673802	0.0032317	0.869577	0.953206	0.886721	0.000136897	1.69113e-010	2.27823e-012	1.8761e-016	3.19784e-018	6.93961e-025	5.92664e-027	6.16718e-032	1.51845e-027	9.75562e-026	1.53117e-032	1.42454e-033	9.2468e-032	1.65371e-032	8.72011e-035	4.71211e-041	3.08181e-045	3.35261e-048	1.27414e-046	1.03915e-046	1.68054e-046	3.54017e-049	3.32001e-051	1.34624e-052	4.97492e-055	1.60399e-061	3.49232e-065	2.90317e-070	2.63735e-070	9.72968e-078	3.53027e-083	2.03143e-086	4.86954e-088	2.17039e-086	2.98085e-083	1.12584e-084	
0	6.98531e-005	4.6966e-006	5.00048e-005	0.000268414	3.45284e-006	0.000266217	4.50076e-006	5.07418e-006	0.0197068	0.0150286	0.112671	0.740057	0.0567448	0.0238043	0.00382505	1.07794e-005	3.55232e-006	2.64258e-009	1.51385e-009	4.3375e-010	1.09368e-011	7.03386e-016	9.68069e-015	1.13783e-012	4.92547e-011	9.65614e-008	9.63673e-010	5.74505e-010	3.52584e-012	2.90766e-013	1.1067e-014	5.70799e-016	5.32249e-016	1.89188e-016	4.06758e-016	1.4623e-016	1.49638e-020	2.34527e-022	1.02806e-024	1.13928e-025	2.06938e-028	1.02505e-033	1.16267e-038	1.49543e-042	4.12124e-046	7.46275e-049	1.38946e-051	
0	0	1.43972e-008	9.82919e-012	5.01686e-009	4.75146e-010	4.40523e-012	1.5256e-010	1.71087e-012	2.58702e-009	7.96569e-007	1.17526e-008	0.259702	0.941685	0.821997	0.829377	0.00165352	0.00782988	9.07143e-006	2.03992e-005	1.16495e-008	1.20763e-012	5.41228e-018	2.73215e-018	4.14584e-016	1.60163e-012	1.26025e-008	2.18544e-007	7.06407e-006	3.85718e-008	2.27138e-012	3.29925e-015	3.98092e-019	8.33733e-019	1.16289e-019	3.93775e-018	3.51481e-018	6.86461e-021	1.30617e-023	1.72438e-026	8.31982e-029	5.58412e-029	6.68493e-035	1.06034e-038	5.10958e-045	4.76808e-046	6.52625e-052	3.85067e-053	
0	0	1.61759e-009	3.66286e-010	1.00915e-009	5.36114e-009	5.15739e-011	5.85478e-009	5.71471e-011	1.92604e-009	5.76081e-006	3.47618e-007	0.000103861	0.00156709	0.154156	0.138275	0.986856	0.351149	0.716306	0.336948	0.999833	0.999933	0.00334172	0.0232507	0.932255	0.998746	0.99988	0.847619	0.947347	0.998064	0.999845	0.99964	0.990176	0.6846	0.704828	0.989847	0.833869	0.00163047	0.000308033	1.99756e-006	1.7407e-006	1.7612e-010	3.56496e-015	3.11016e-018	6.47027e-024	6.01254e-026	1.5732e-028	1.87738e-031	
0	0	0	5.0653e-015	1.38705e-015	6.18705e-013	3.66767e-014	4.84588e-015	2.14918e-012	2.52099e-016	5.15383e-013	2.24936e-012	9.94383e-011	2.90213e-006	4.23304e-005	0.0285209	0.0106649	0.496455	0.283546	0.00889646	2.24548e-005	6.66482e-005	0.996658	0.615459	0.00539273	0.000320511	6.72658e-005	0.152315	0.00389822	0.00179198	0.00015468	0.000359801	0.00982434	0.315308	0.295061	0.0087138	0.166131	0.998348	0.760715	0.147936	0.0111295	6.01984e-005	5.16617e-011	2.15411e-012	1.63191e-019	2.57428e-022	1.95948e-026	1.74842e-030	
0	0	0	1.00307e-021	1.25013e-018	9.94965e-020	1.51097e-014	1.76468e-018	5.44297e-019	1.43709e-018	1.14205e-022	6.79123e-019	3.75881e-018	1.10904e-014	2.33148e-009	2.07838e-006	0.000815012	0.144563	0.000126164	0.654135	4.32137e-007	1.0019e-011	4.40663e-011	0.361289	0.0544086	0.000795686	4.19925e-005	6.6236e-005	0.0487477	0.000140503	2.69795e-009	1.38145e-009	9.38455e-009	9.24296e-005	0.000110712	0.0014388	3.56824e-008	2.13784e-005	0.238704	0.843605	0.0720653	0.365888	0.963233	0.900295	0.996087	0.0937797	0.000386415	2.30346e-009	
0	0	0	0	1.41246e-018	6.9908e-019	1.21204e-016	1.09202e-015	2.48873e-016	2.58176e-016	4.75426e-017	2.91441e-018	1.43598e-019	1.03596e-018	4.66607e-013	5.13046e-012	3.78475e-009	3.9295e-007	1.20728e-005	2.47211e-007	0.000143728	3.4642e-008	4.7538e-014	1.59272e-006	0.00794355	0.000137902	1.09426e-005	4.36285e-008	1.96304e-007	3.45271e-006	8.42655e-009	8.83578e-012	1.54007e-011	1.20392e-009	7.05954e-008	3.00616e-007	2.89714e-007	4.61059e-007	0.000273424	0.00845697	0.916803	0.634052	0.0367666	0.099705	0.00391334	0.90622	0.999614	1	


1	0.962263	0.972547	0.984046	0.904284	0.976173	0.981355	0.997792	0.997241	0.568859	0.489461	0.0216476	0.00843059	0.00395686	0.0406447	0.248677	0.393808	0.298343	0.120158	0.332983	0.833379	0.906203	0.751404	0.669609	0.588132	0.541927	0.69261	0.968902	0.971545	0.986158	0.932342	0.962817	0.955286	0.908548	0.554183	0.237998	0.00961931	0.000441935	0.000218593	1.23025e-005	2.80193e-005	2.96456e-005	3.27427e-005	7.10001e-007	2.38972e-006	1.33465e-006	2.80155e-006	0.000133455	
0	0.00455064	0.0256889	0.00387426	0.045261	0.000993181	0.00810152	9.56318e-005	0.00103961	0.00106723	0.000152279	4.82446e-005	1.6575e-006	2.10298e-006	3.63693e-005	1.49873e-005	1.94259e-005	0.000461626	8.11175e-006	0.000123684	1.20757e-005	2.5031e-005	0.000117571	0.00367771	0.000349238	0.000119763	0.000438911	0.0013346	0.00073114	0.000105362	0.000114749	0.000183815	0.000758169	0.000182708	4.37371e-005	0.000431824	1.14317e-006	4.43957e-007	4.9231e-006	1.28374e-007	1.01441e-006	1.40824e-005	1.65799e-005	2.0037e-007	2.60787e-006	3.19597e-008	5.30264e-010	3.44449e-007	
0	0.0331869	0.00172165	0.0120138	0.0504263	0.00266886	0.0096172	0.00207903	0.00147137	0.4299	0.0764366	0.0420286	0.0019649	9.19682e-005	0.000517384	0.000150999	0.000306443	0.000316609	2.94512e-005	0.0031463	0.0534274	0.0161417	0.000210714	0.0156407	0.0683946	0.0259813	0.29353	0.00758209	0.0198899	0.0136488	0.065131	0.0273343	0.00325145	0.00423965	0.000857053	0.00111848	1.09145e-005	8.36835e-008	3.12436e-006	2.33811e-008	4.23091e-007	1.82808e-007	3.45588e-007	2.27659e-010	1.6645e-007	4.14454e-009	1.41194e-008	3.63005e-006	
0	0	1.82105e-005	6.52831e-005	2.51369e-005	0.00203474	7.19175e-008	6.48469e-006	1.16912e-005	2.14136e-005	0.0280691	0.00111191	0.000814012	3.02132e-005	3.92565e-005	5.14894e-006	9.7838e-008	1.69103e-008	6.01909e-008	3.8757e-008	0.000290911	0.00744161	9.31537e-006	4.51064e-006	0.000385442	0.004514	5.47154e-005	0.000151989	0.000175792	1.71404e-005	0.000297195	0.00198682	0.00221503	1.55309e-005	2.8056e-006	2.8077e-006	3.11201e-007	1.45246e-009	9.0385e-012	1.84811e-009	1.15593e-010	5.78626e-011	2.04519e-009	4.75565e-010	9.52966e-012	5.53661e-009	1.4444e-010	4.08827e-011	
0	0	2.45365e-005	8.39836e-007	3.56184e-006	0.0181303	4.80771e-006	2.05131e-005	0.000235053	0.000150887	0.40588	0.934632	0.936588	0.953922	0.627382	0.380599	0.00968873	1.25796e-005	8.996e-008	1.9211e-007	0.00226848	0.0360798	0.0191856	0.00792988	0.00820563	0.0888949	0.00363553	4.08644e-005	5.30204e-005	3.69805e-005	0.00211268	0.00766783	0.0378845	0.0835798	0.0875515	0.0162909	0.000512255	9.53745e-006	3.81498e-008	6.69525e-009	2.25109e-010	1.6263e-011	2.6188e-012	1.35642e-011	4.1911e-014	1.7267e-010	9.03547e-010	3.41665e-010	
0	0	0	2.76074e-008	1.44052e-008	3.91173e-010	0.000921324	1.8107e-006	4.75569e-008	1.80033e-006	2.13376e-007	0.000531992	0.0521814	0.0401283	0.318803	0.222307	0.188741	0.654022	0.868672	0.275521	0.00622393	2.09326e-005	0.201788	0.29432	0.0977575	0.00172086	0.00387939	0.0201646	0.000184687	1.28222e-005	2.67235e-007	1.02767e-005	0.000604008	0.00341389	0.357214	0.727134	0.976287	0.969129	0.968833	0.64581	0.450788	0.244251	0.00172227	1.84309e-005	3.9918e-006	4.35814e-009	2.54902e-012	9.41081e-011	
0	0	0	6.21451e-012	4.11494e-011	2.47007e-012	2.03338e-009	7.05771e-009	9.93755e-011	1.80476e-011	3.78692e-010	6.50285e-009	2.21909e-006	4.9926e-005	0.000756175	0.00283252	0.00143201	0.000287846	0.000478853	0.0208461	9.58492e-005	8.37159e-007	4.06861e-008	0.00010788	0.00306163	0.000227468	6.69255e-007	6.9759e-005	0.00058112	1.70812e-007	2.44765e-009	3.21406e-010	2.24345e-008	3.87229e-008	4.12436e-007	0.000281676	8.19543e-005	0.000541477	0.00111716	0.0101976	0.00295727	0.00179412	0.000901606	4.19054e-006	1.2367e-007	3.91235e-009	1.14961e-012	1.16556e-014	
0	0	0	0	2.5094e-009	1.15032e-008	2.51515e-009	4.12474e-006	1.22581e-006	2.39099e-008	9.07916e-008	2.66797e-009	1.69296e-005	0.00181824	0.0118209	0.145413	0.406005	0.0465557	0.0106541	0.36738	0.104302	0.0340874	0.0272845	0.00871078	0.233714	0.336615	0.00585066	0.00175431	0.00683927	2.05836e-005	1.9254e-006	4.89846e-008	1.05267e-006	2.0633e-005	0.000148047	0.0167425	0.0134869	0.0298778	0.0298232	0.34398	0.546225	0.753911	0.997326	0.999976	0.999991	0.999999	0.999997	0.999863	


1	0.994626	0.573549	0.939361	0.98882	0.858247	0.904397	0.82004	0.623301	0.881828	0.688555	0.343984	0.579562	0.886266	0.994505	0.992392	0.992592	0.907612	0.707293	0.446607	0.953916	0.92185	0.86066	0.98734	0.970325	0.976799	0.997567	0.882627	0.768888	0.916377	0.987062	0.998031	0.990087	0.933875	0.84378	0.92311	0.927263	0.743771	0.487881	0.368441	0.775506	0.302203	0.341671	0.350937	0.626297	0.940842	0.885988	0.985339	
0	0.00458913	0.00308251	0.0449156	0.00735605	0.136656	0.0796733	0.177214	0.374109	0.111859	0.307685	0.655643	0.386393	0.0596155	0.00345363	0.00225071	0.00128223	0.00022713	0.00556724	0.00233775	0.0415376	0.0775432	0.0274212	0.0036067	0.0282066	0.0228891	0.00120813	0.000248722	0.00544237	0.00419913	0.0126433	0.00183142	0.00840884	0.0116688	0.0376094	0.00742049	0.0306401	0.032113	0.00167649	0.0183873	0.00522221	0.000412464	0.00213949	0.00889501	0.00271616	0.0273667	0.106452	0.0104096	
0	0.000784944	0.420899	0.0101749	0.00321251	0.00501678	0.0157386	0.00264878	0.00239371	0.00605631	0.00360576	0.000197662	0.0338993	0.0540393	0.00200978	0.00534976	0.00612427	0.0920363	0.287043	0.534333	0.0043368	0.000559132	0.111902	0.00902964	0.00146463	0.000311266	0.00122382	0.117089	0.224936	0.0793501	0.000289026	0.000135319	0.00150091	0.054452	0.118597	0.0694233	0.0420848	0.220473	0.484534	0.585967	0.168763	0.326768	0.262373	0.542327	0.248858	0.0261158	0.00725062	0.00395808	
0	0	0.00246479	1.23889e-005	5.24138e-006	3.97106e-006	8.60976e-005	7.03117e-006	8.67253e-006	2.67836e-005	1.09481e-005	5.5521e-007	2.98331e-006	2.90531e-005	7.97212e-009	8.56704e-008	8.43666e-008	0.00012454	3.86142e-005	0.0166972	4.60742e-008	2.45585e-010	6.2465e-006	3.69432e-007	2.39137e-008	1.40548e-008	5.00307e-007	3.53018e-005	0.000721869	2.3038e-005	4.45008e-010	4.8236e-011	2.68847e-011	3.70133e-006	7.39362e-006	3.23194e-005	7.8995e-006	0.00345871	0.0214753	0.0239661	0.000526184	0.368978	0.310257	0.077089	0.0652889	0.000299384	1.53166e-005	1.42719e-005	
0	0	4.56504e-006	0.00553069	0.000446408	7.44233e-006	6.29499e-005	1.8161e-005	1.63207e-006	2.94729e-006	3.26217e-006	2.00945e-006	2.90571e-009	7.07133e-007	2.26365e-006	1.73715e-008	7.98883e-007	3.96258e-007	5.82991e-005	2.44209e-005	3.94859e-005	2.55478e-007	4.28686e-008	1.86236e-005	1.13511e-006	9.19523e-009	1.87405e-009	1.86558e-007	1.15516e-005	4.93527e-005	2.35301e-006	9.79676e-009	1.01554e-008	3.04654e-008	6.1744e-006	1.34845e-005	3.96083e-006	0.000185124	0.00443292	0.00319326	0.0499455	0.00162751	0.083504	0.0206516	0.0566765	0.00507968	9.10806e-005	1.49032e-005	
0	0	0	5.07349e-006	0.000154869	1.1962e-006	8.87147e-008	2.97443e-006	1.22531e-007	7.7227e-008	1.32391e-008	2.08331e-007	8.58122e-008	8.28284e-010	5.67312e-008	5.93731e-009	3.84688e-010	1.87106e-009	8.06401e-008	3.58016e-007	0.000170161	1.76634e-005	2.54773e-007	7.83406e-008	2.14697e-006	4.63927e-007	6.21488e-008	1.73532e-010	1.50061e-008	1.35319e-006	2.82541e-006	4.52806e-008	4.30026e-009	2.71448e-011	2.20727e-008	1.9062e-008	4.39466e-007	8.87405e-009	1.50531e-007	4.48616e-005	8.85876e-006	7.29926e-006	5.506e-005	8.608e-005	0.000146722	0.000156539	9.00141e-005	1.51611e-006	
0	0	0	1.85955e-012	7.3657e-012	1.78521e-010	7.97525e-016	1.40265e-012	4.45408e-013	3.37252e-013	2.48043e-013	1.61871e-011	1.12574e-012	3.27927e-014	1.34286e-010	1.89658e-012	1.639e-015	4.90456e-015	2.63953e-015	8.3185e-014	3.75974e-009	5.31537e-007	1.02336e-012	7.61347e-012	4.41163e-013	5.19657e-011	2.14208e-012	8.39184e-016	1.37909e-014	1.14547e-010	4.23371e-009	2.63419e-008	2.38222e-012	7.90013e-017	4.84419e-016	6.99754e-014	6.3018e-014	3.58891e-013	3.03095e-013	3.503e-012	1.91223e-009	7.08242e-014	2.72024e-012	4.79222e-012	1.57805e-010	2.097e-009	3.54495e-011	5.36155e-014	
0	0	0	0	4.71519e-006	6.75819e-005	4.20502e-005	6.88666e-005	0.000185376	0.000227066	0.000140383	0.000172195	0.000142695	4.93879e-005	2.96146e-005	7.78593e-006	7.01753e-007	1.08624e-008	5.47006e-010	1.94015e-010	1.15685e-007	2.87314e-005	9.63898e-006	4.26805e-006	6.6196e-007	2.89654e-007	2.63102e-008	1.17392e-009	2.04566e-011	4.44736e-010	7.1955e-007	2.67161e-006	3.0445e-006	1.21662e-007	1.03698e-008	1.44889e-009	1.78183e-009	1.27147e-007	1.92334e-008	2.48729e-008	2.81848e-005	2.87265e-006	7.16849e-007	1.37051e-005	1.65609e-005	0.000140075	0.000113146	0.000262378	


1	0.455112	0.495806	0.138233	0.101195	0.0829404	0.0259717	0.0122353	0.00761964	0.00421929	0.000168122	1.13771e-005	1.84338e-005	5.67959e-006	4.21937e-007	6.79028e-008	4.07437e-008	4.45368e-010	8.89373e-011	6.5814e-011	5.91859e-013	5.48693e-015	7.61496e-016	2.69575e-018	3.74509e-017	9.90441e-018	9.38925e-021	1.81403e-022	9.99645e-023	1.01601e-025	1.01457e-026	3.866e-030	2.07585e-030	1.7117e-031	1.93557e-032	1.06615e-033	8.7933e-035	2.48109e-034	2.16056e-034	4.85255e-034	4.60886e-034	4.0896e-034	5.47177e-035	6.04921e-035	3.02302e-035	1.12272e-035	1.60327e-036	7.48001e-037	
0	0.233331	0.490651	0.32132	0.139133	0.657211	0.0186268	0.0678508	0.0501208	0.132821	0.0275022	0.00374308	0.0151036	0.0345699	0.00201194	0.0010999	0.00106786	1.68441e-005	2.8543e-006	4.77041e-006	2.43493e-007	1.16231e-008	1.64351e-009	1.06055e-011	8.94754e-011	6.01221e-011	1.71315e-013	1.30365e-014	1.72708e-014	5.27062e-017	3.82252e-018	5.87155e-021	1.91078e-021	2.36599e-022	5.04828e-023	4.36625e-024	1.54956e-024	5.13243e-024	3.57683e-024	1.29919e-024	1.68451e-024	6.43423e-025	1.28432e-025	4.46242e-026	6.2168e-027	3.00301e-027	1.78858e-027	7.47665e-028	
0	0.311556	0.0117559	0.521029	0.584828	0.0549733	0.722887	0.149031	0.0070377	0.00311953	0.00195874	6.54639e-005	0.000783353	0.000113587	0.00232504	7.46583e-005	0.00125682	7.30315e-007	9.96885e-007	2.88592e-008	3.06194e-008	3.01264e-009	1.17751e-010	2.21025e-014	3.36674e-010	4.68738e-011	3.45086e-015	1.24198e-016	1.17867e-015	4.53796e-020	4.11875e-018	2.04098e-022	2.92988e-021	5.36567e-024	2.68475e-025	1.20882e-026	3.08537e-026	1.38023e-026	9.79781e-025	2.00097e-024	1.29297e-023	6.10944e-025	4.27497e-026	5.23428e-026	9.45052e-027	2.17207e-026	9.52272e-028	1.44013e-026	
0	0	0.00163863	0.0186694	0.169033	0.158916	0.207677	0.691079	0.220103	0.00283502	0.00219611	7.82263e-005	0.00264005	0.000704646	0.000263415	0.0008609	0.0115039	5.26775e-006	7.85099e-007	7.63093e-008	7.49721e-009	2.00551e-010	1.36038e-010	9.64189e-016	1.40144e-010	1.94469e-010	9.08568e-015	2.97025e-017	6.31599e-017	4.86527e-020	1.15477e-019	4.70793e-024	1.37129e-023	2.56145e-024	1.12341e-024	5.57841e-027	1.59661e-025	2.24067e-024	1.85167e-025	1.02521e-023	7.30064e-025	6.99317e-026	5.07729e-027	1.06918e-025	2.79133e-028	1.93474e-026	2.68504e-027	1.24526e-027	
0	0	0.000148881	0.000742487	0.00580082	0.00428985	0.0234602	0.0579082	0.00842792	0.0949551	0.00168556	0.000137046	6.00089e-006	5.82203e-006	3.62978e-006	4.99045e-006	0.000662726	5.31896e-005	2.23392e-005	1.03701e-006	5.775e-009	2.73003e-011	3.59096e-011	1.95768e-013	5.18042e-013	2.04933e-013	1.51591e-014	8.40953e-016	4.55604e-017	1.93907e-020	3.72772e-022	5.47664e-024	8.86979e-025	4.03573e-026	1.7293e-026	1.5614e-027	4.70904e-028	7.57378e-026	1.15797e-023	2.42151e-024	3.81226e-022	6.65242e-022	7.87553e-022	2.76075e-022	8.70665e-022	1.03009e-022	1.17368e-023	1.39571e-023	
0	0	0	5.75912e-006	1.02586e-005	0.0416611	0.000957423	0.0169958	0.690476	0.439508	0.904159	0.910769	0.719238	0.0897685	0.000575414	7.45884e-005	6.5761e-006	3.14248e-008	9.88072e-008	9.20422e-007	2.80974e-008	5.9261e-010	5.14189e-013	9.28554e-016	1.24896e-013	2.51952e-012	1.23151e-015	7.6917e-019	9.44759e-018	9.51136e-021	9.15357e-022	3.62488e-025	5.58745e-026	1.23824e-026	1.37489e-028	2.33609e-028	1.18728e-029	2.86302e-028	2.38456e-029	1.10133e-024	2.2073e-026	4.50763e-025	1.91503e-024	7.13445e-023	5.08872e-025	3.26253e-022	2.38507e-022	1.20311e-023	
0	0	0	1.73169e-007	7.56356e-009	5.07675e-006	4.91269e-006	7.10544e-005	5.40913e-005	0.137366	0.000694672	0.0349573	0.249139	0.871344	0.992783	0.994605	0.96068	0.998692	0.962475	0.960816	0.997915	0.998496	0.982683	0.997746	0.682763	0.980735	0.999939	0.997112	0.917137	0.999095	0.989404	0.999944	0.926854	0.986047	0.98098	0.997138	0.991113	0.16426	0.00836058	1.4799e-006	7.48697e-007	2.79555e-009	1.28122e-011	1.76917e-015	1.6888e-016	2.95746e-019	1.15606e-021	2.13853e-024	
0	0	0	0	2.68796e-007	2.70521e-006	0.000414902	0.00482881	0.0161606	0.185176	0.0616351	0.0502383	0.0130719	0.00348789	0.00203744	0.00327957	0.0248217	0.00123164	0.037498	0.039177	0.00208443	0.00150388	0.017317	0.00225399	0.317237	0.0192653	6.05064e-005	0.00288791	0.082863	0.000905356	0.0105956	5.55516e-005	0.0731461	0.0139526	0.0190195	0.00286168	0.00888667	0.83574	0.991639	0.999999	0.999999	1	1	1	1	1	1	1	


1	0.286055	0.932421	0.425986	0.472709	0.346814	0.115876	0.0139351	0.00413481	0.000233271	1.70786e-005	7.63684e-007	9.77364e-009	3.09349e-011	1.23806e-012	8.10998e-015	2.3306e-016	1.38938e-020	4.94298e-023	3.66925e-026	3.01972e-026	4.44446e-026	6.70583e-029	1.71381e-031	1.25597e-032	1.6991e-034	1.0773e-037	4.36444e-041	2.11012e-043	7.96779e-046	6.87143e-046	6.06276e-047	9.5348e-048	2.13287e-050	2.19752e-052	3.72026e-055	1.18685e-057	2.36588e-058	3.36349e-058	4.91787e-058	2.13881e-057	1.25045e-058	2.92387e-059	1.21331e-059	4.57645e-059	4.81043e-059	1.5286e-059	3.65321e-059	
0	0.553998	0.032398	0.487433	0.511079	0.490835	0.784816	0.265791	0.225543	0.00383587	0.0012932	4.39971e-005	1.61134e-006	6.09069e-009	5.78017e-010	1.19237e-011	2.36109e-013	9.76873e-019	2.80036e-022	4.83851e-026	5.03354e-026	8.4295e-026	2.41387e-030	5.45368e-034	1.13703e-032	1.80574e-033	1.22e-036	2.36634e-041	1.10333e-043	1.13836e-046	5.33655e-046	1.84061e-047	7.06381e-049	1.30859e-051	9.97363e-055	2.67396e-057	1.04464e-059	4.14881e-060	4.90824e-060	1.46952e-058	1.64288e-058	3.25166e-060	3.19991e-060	8.63219e-061	3.09341e-060	2.06048e-058	5.15651e-059	3.81014e-058	
0	0.159947	0.0295096	0.0838368	0.0102762	0.121918	0.0976349	0.718576	0.745954	0.0469713	0.0217509	0.000323378	9.83415e-006	8.96035e-008	1.05539e-007	5.77479e-008	1.61846e-007	4.14079e-011	9.83136e-012	1.41765e-014	2.86706e-012	1.32194e-009	2.76295e-011	1.19042e-013	2.3888e-014	9.42161e-016	2.34898e-018	1.08595e-020	4.24898e-022	7.16192e-022	2.6462e-019	1.24347e-017	6.66571e-017	2.58112e-018	3.20441e-020	1.74659e-023	1.16037e-026	1.62e-028	3.46539e-028	2.20886e-029	2.6311e-028	2.54056e-031	2.1968e-032	1.5524e-034	6.19043e-035	3.0676e-034	2.51639e-034	1.20137e-032	
0	0	0.000350868	0.00252969	0.00541532	0.00513625	0.000930202	0.0014191	0.0223825	0.948703	0.973501	0.994447	0.643464	0.0290356	0.172601	0.033286	0.0102081	1.39426e-007	1.37727e-009	1.09836e-013	3.81576e-010	2.23513e-006	2.28716e-008	3.448e-009	1.24448e-008	1.38413e-008	1.77475e-009	1.91939e-013	2.92618e-016	7.73173e-017	2.71125e-013	1.32959e-010	7.40304e-009	1.02951e-009	5.22214e-011	4.048e-012	2.51952e-013	1.53974e-016	3.72636e-018	1.45533e-021	6.96221e-021	3.6372e-025	1.18981e-028	1.37068e-032	1.37726e-034	1.3173e-036	1.00155e-035	2.05826e-034	
0	0	0.00532034	7.36203e-005	0.000516921	6.38692e-005	0.000448046	2.06171e-005	0.000752786	0.000161703	0.00252827	0.00162557	0.35652	0.970688	0.827391	0.965866	0.98942	0.999986	0.99988	0.996808	0.982513	0.96468	0.999398	0.998669	0.999726	0.998747	0.999996	0.999914	0.985681	0.995284	0.997956	0.997836	0.999511	0.997792	0.997532	0.99979	0.999754	0.467056	0.971262	0.670599	0.906052	0.979645	0.320732	0.0401251	0.317992	0.0155948	3.48093e-005	2.98066e-006	
0	0	0	0.000137189	3.96792e-007	0.0351959	7.9414e-007	5.77519e-005	0.00056755	5.94823e-007	0.00087702	0.00333327	3.50278e-006	0.00027278	6.57615e-006	0.000847225	0.000371011	1.35906e-005	0.000118888	0.00317417	0.0101088	0.0134971	0.000594862	0.00100971	0.000185493	0.00114932	2.8185e-006	8.5628e-005	0.0143045	0.00458635	0.000524943	0.000988811	0.000274695	0.00217068	0.00190021	9.84398e-005	0.00023114	0.532298	0.0119824	0.318904	0.000810314	0.0172748	0.67689	0.94499	0.145525	0.24373	0.405564	7.10497e-005	
0	0	0	3.05904e-006	6.87021e-007	1.74185e-005	1.39388e-005	7.77093e-007	9.56487e-006	2.32742e-006	5.92332e-008	0.000198454	6.13767e-007	3.63646e-006	1.69242e-006	1.95792e-007	7.38599e-007	3.26357e-008	1.05923e-006	1.76274e-005	0.00718046	0.016882	1.79418e-006	0.000321118	8.65881e-005	0.000102778	1.10865e-006	1.77008e-007	1.46819e-005	0.000119872	0.00125507	0.0009551	0.00018598	3.67293e-005	0.00056734	0.000111231	1.4802e-005	0.000642678	0.00134489	0.00232224	0.00358798	2.4898e-005	0.00108967	0.00832042	0.30463	0.0198483	0.0349171	0.000245695	
0	0	0	0	2.83428e-006	1.92848e-005	0.000280095	0.000200194	0.000656159	9.16299e-005	3.25131e-005	2.74817e-005	5.49516e-007	2.49276e-009	8.83177e-008	1.07087e-009	1.51093e-007	3.29841e-010	7.79308e-010	1.93992e-009	0.000197908	0.00493846	5.4257e-006	1.04637e-007	1.77897e-006	4.19165e-007	3.38478e-008	5.99087e-011	4.74756e-009	9.84813e-006	0.000264053	0.000220161	2.81012e-005	3.76111e-007	5.02315e-007	4.03692e-007	4.42688e-008	3.87678e-006	0.0154106	0.00817516	0.08955	0.00305523	0.00128858	0.00656478	0.231852	0.720827	0.559484	0.99968	


1	0.959913	0.761626	0.772612	0.824865	0.113249	0.589695	0.655683	0.0781155	0.00936393	0.0255426	0.0281355	0.000642853	1.01075e-005	1.2409e-009	1.78517e-011	2.39663e-014	4.66838e-017	1.04978e-018	6.37286e-020	2.32335e-021	2.43517e-023	4.95583e-026	5.59299e-028	5.33355e-029	8.46961e-032	2.05534e-033	4.51993e-036	5.58593e-038	3.60554e-039	3.34245e-041	1.12571e-043	8.44448e-046	2.74303e-047	5.35981e-049	1.1636e-049	7.08329e-051	5.18381e-051	1.05365e-052	9.85039e-053	3.26961e-054	4.63382e-054	4.60139e-054	3.54556e-055	3.29667e-055	2.0341e-055	1.0828e-055	3.10761e-055	
0	0.0398896	0.238179	0.136976	0.0788938	0.880514	0.136438	0.320243	0.917905	0.0273733	0.0832209	0.649434	0.0537828	0.0169144	5.61622e-006	2.22815e-007	1.35172e-009	6.67901e-012	7.46639e-013	3.31045e-013	2.20945e-013	5.40943e-014	1.28463e-015	6.91502e-016	4.33524e-016	3.24043e-017	1.91474e-018	7.20925e-021	4.38669e-022	2.97844e-021	6.3358e-022	5.58509e-023	4.21813e-024	1.59437e-023	1.51799e-023	1.10885e-022	6.68398e-023	9.10991e-023	7.98726e-026	4.79909e-026	2.5639e-029	3.66544e-030	9.44317e-031	1.90134e-031	6.39034e-033	3.90089e-033	3.03684e-033	1.20133e-034	
0	0.000197857	8.24867e-005	0.090396	0.080225	1.81902e-005	0.271592	0.0107659	3.0493e-006	0.962416	0.0373146	0.0691413	0.849784	0.604729	0.976802	0.363026	0.159874	0.000803447	5.86466e-005	3.65191e-007	1.43602e-005	0.000180761	4.41132e-007	6.33259e-008	4.29009e-007	1.47585e-008	4.31752e-007	3.55231e-009	5.0119e-011	1.43944e-012	1.22511e-011	2.48647e-011	2.86839e-011	8.71002e-014	7.61464e-014	2.3369e-014	4.68189e-014	3.8431e-016	7.63492e-018	7.11386e-020	3.16367e-020	3.84158e-023	3.35444e-026	4.78312e-031	2.56847e-032	1.36798e-034	6.89883e-035	8.01051e-034	
0	0	8.31148e-005	1.02193e-005	0.014995	0.0054704	0.000366015	0.011157	0.00115742	5.00498e-005	0.839248	0.14794	0.0179966	0.0447822	0.00107135	0.187138	0.0103774	0.00185078	0.000373365	0.000197093	3.4726e-005	7.29755e-006	3.48781e-006	3.23616e-006	1.57742e-006	2.39486e-008	6.96013e-010	3.93501e-009	1.01759e-009	2.56976e-009	5.83603e-010	5.81587e-011	5.55081e-011	5.29363e-011	9.31273e-012	2.84329e-011	3.37678e-012	2.34954e-012	6.89535e-014	7.44363e-014	1.75656e-015	8.42554e-016	3.44822e-016	3.75989e-017	1.66155e-018	1.82267e-019	2.5649e-020	8.69734e-021	
0	0	3.02933e-005	5.25691e-006	0.00102131	6.20696e-005	0.0015636	0.00203242	2.92053e-006	0.000146918	0.0133637	0.0374077	0.0437635	0.311042	0.0198274	0.438251	0.81503	0.986847	0.969174	0.869859	0.846383	0.697949	0.880264	0.862685	0.547362	0.00281255	0.0119396	0.0237611	0.0131403	0.00809066	0.0036555	0.00256746	0.00192346	0.00256441	0.0079144	0.0098099	0.0253136	0.0228164	0.0947283	0.0362706	0.118246	0.163545	0.01657	5.95622e-005	3.80073e-005	1.31208e-006	2.61918e-007	4.14813e-007	
0	0	0	1.3261e-007	1.35949e-007	0.000686326	6.61271e-005	2.48457e-005	0.00279871	9.91779e-006	0.000843509	0.0677	0.0219	0.00636819	5.31694e-005	0.00111416	0.000929443	0.000581113	0.0146285	0.110362	0.0412171	0.0235938	0.000701819	0.0354591	0.389203	0.995943	0.0218524	5.35823e-006	8.6354e-005	0.00309799	0.000769954	5.63145e-005	0.000230703	0.00286151	0.000613847	0.145265	0.0371544	0.0279915	9.69887e-007	0.0400691	5.16415e-006	0.00026722	0.000663193	0.000971642	6.54267e-007	2.22927e-006	1.0125e-007	3.43044e-009	
0	0	0	3.48356e-008	1.18588e-008	2.57706e-008	0.000250523	5.62977e-005	3.87319e-008	0.000639272	0.000195078	0.000126707	0.0121149	0.016035	0.0022398	0.0104456	0.0137635	0.00987203	0.0155441	0.0186587	0.111977	0.275873	0.111992	0.096764	0.0616186	0.00120346	0.96613	0.972632	0.973486	0.909716	0.982305	0.990306	0.955159	0.488881	0.834336	0.488996	0.889544	0.603671	0.830489	0.298068	0.767145	0.284639	0.0207954	3.41294e-005	0.000187816	8.52191e-006	2.3248e-006	4.15725e-006	
0	0	0	0	7.47867e-010	7.09578e-009	2.89252e-005	3.81795e-005	1.76406e-005	9.6963e-007	0.000271582	0.000114297	1.49003e-005	0.000118305	7.03018e-007	2.56729e-005	2.54922e-005	4.6033e-005	0.000221146	0.000923247	0.000373962	0.00239634	0.00703836	0.00508825	0.00181487	4.05173e-005	7.7393e-005	0.00360122	0.0132876	0.0790949	0.0132692	0.00706984	0.0426873	0.505693	0.157136	0.355929	0.0479877	0.345521	0.0747817	0.625593	0.114604	0.551549	0.961971	0.998935	0.999774	0.999988	0.999997	0.999995	


1	0.648093	0.981944	0.766574	0.970078	0.944657	0.989551	0.444622	0.572858	0.0229978	0.0116844	0.000471292	0.00069674	4.0144e-005	2.68006e-006	2.20339e-009	5.93161e-013	1.75824e-016	5.68218e-020	3.29303e-022	3.92681e-023	4.49867e-024	3.82475e-028	3.06497e-031	8.94049e-031	4.63807e-031	2.83625e-032	3.35875e-035	2.75174e-037	6.49143e-040	1.12992e-040	5.02917e-043	2.98114e-045	6.12708e-047	5.64928e-049	4.58071e-050	1.05588e-051	3.31182e-053	6.70071e-055	5.04515e-055	1.73291e-055	8.27203e-056	1.68551e-056	1.93102e-057	6.71563e-058	2.7501e-058	1.08331e-058	2.56771e-058	
0	0.351825	0.0180207	0.233342	0.0299045	0.0553198	0.0104482	0.555375	0.42697	0.975188	0.987572	0.990029	0.541107	0.0272419	0.000920695	1.54899e-007	1.18849e-011	5.6554e-015	7.11038e-018	8.80229e-020	2.20406e-018	7.35681e-018	1.13464e-021	1.03333e-022	2.18514e-022	1.25076e-022	4.14434e-022	2.06701e-024	3.01291e-026	1.90776e-026	1.71731e-025	2.05398e-025	9.36072e-027	9.73722e-028	6.70217e-029	4.5235e-029	2.70963e-030	1.88227e-033	1.24037e-035	1.78161e-038	5.51409e-039	8.85128e-041	4.79123e-042	5.4375e-046	8.12473e-047	7.41296e-049	3.81452e-049	7.06575e-049	
0	8.13358e-005	2.98088e-005	8.42306e-005	1.6996e-005	2.33397e-005	6.56783e-007	3.12219e-006	0.000171087	0.00181382	0.000718256	0.00949722	0.442425	0.888346	0.444945	0.000699441	2.99361e-009	1.07818e-011	1.75566e-017	2.15012e-020	4.40708e-021	5.17672e-020	4.46405e-022	1.22704e-022	1.84075e-023	4.63966e-023	1.50545e-021	9.3721e-024	5.58308e-025	2.26867e-027	2.46576e-027	3.54564e-026	1.85972e-027	2.48866e-028	2.80772e-031	2.54595e-031	2.20827e-032	7.26469e-036	6.45555e-037	3.4013e-040	6.25118e-041	2.23014e-041	4.85825e-045	1.69949e-048	2.10693e-048	1.67803e-051	3.5612e-053	4.77789e-052	
0	0	5.89484e-006	3.72432e-009	5.49293e-007	8.01871e-008	7.60456e-009	5.06703e-010	1.20389e-006	1.25618e-007	2.54255e-005	3.55961e-007	0.0137923	0.0436252	0.0361674	0.000624903	1.82031e-006	6.5522e-009	1.85126e-011	6.44153e-013	1.58665e-014	5.1738e-016	3.15265e-019	8.09829e-022	7.28231e-021	2.03499e-020	1.06636e-021	1.65582e-023	2.98513e-024	4.79115e-027	2.15865e-028	1.52519e-030	5.34992e-028	1.02468e-028	4.28376e-030	4.99136e-030	7.33747e-031	1.3242e-033	1.04006e-036	1.30069e-037	6.1265e-040	4.61737e-042	1.18004e-044	1.27348e-046	1.19136e-050	9.52555e-052	3.37153e-055	6.37424e-055	
0	0	9.14431e-014	1.88843e-008	1.45527e-009	1.32971e-007	2.15094e-009	1.31953e-010	1.7534e-010	1.32068e-009	5.5933e-008	2.1142e-006	0.00195412	0.0390086	0.0279687	0.000605063	1.04855e-006	4.90894e-010	2.27468e-012	3.17264e-012	9.48447e-011	1.20936e-009	1.43656e-012	8.80732e-015	1.6467e-011	3.19079e-008	4.79491e-008	3.09615e-011	6.52398e-012	1.07648e-014	1.15504e-013	5.80118e-015	1.1227e-015	2.73918e-016	2.79653e-016	2.22127e-015	2.54219e-014	1.98022e-015	3.27506e-019	1.19454e-018	1.69417e-020	3.73868e-023	5.51748e-026	9.05767e-028	1.19345e-030	8.29345e-032	4.58294e-033	6.72666e-035	
0	0	0	2.03399e-012	1.2872e-011	2.22995e-013	1.03557e-011	1.84877e-013	7.51904e-015	1.27909e-011	2.21194e-012	2.02336e-011	2.51113e-005	0.00172434	0.488932	0.994508	0.997654	0.903888	0.899044	0.948922	0.900336	0.633345	0.00286768	5.40286e-005	0.000284883	0.0104064	0.986201	0.574427	0.712188	0.512704	0.206838	0.0494248	0.00375917	0.000332623	0.000200052	0.00148986	0.00753157	0.000222589	1.10829e-006	1.3581e-008	6.94563e-010	1.41223e-012	2.40946e-016	4.35924e-020	6.59976e-024	2.70305e-027	8.28739e-031	6.30131e-033	
0	0	0	1.38653e-016	1.10026e-012	1.10364e-011	9.4992e-012	5.26317e-012	8.46404e-013	1.25562e-014	1.41495e-012	2.84742e-012	2.81309e-008	1.41806e-005	0.00106304	0.00356235	0.00234291	0.0961111	0.100953	0.0508711	0.0990047	0.365204	0.99712	0.998743	0.121774	0.00799346	0.000540359	0.425562	0.286456	0.48725	0.773699	0.949836	0.987871	0.993175	0.99826	0.968569	0.989122	0.994736	0.996559	0.191476	0.694402	0.299916	0.0190383	0.000358598	5.02394e-005	3.21608e-007	3.44782e-009	6.7605e-011	
0	0	0	0	3.01507e-015	7.39372e-013	1.55514e-012	1.77805e-012	2.25075e-011	2.78529e-013	2.2081e-013	5.5883e-014	2.06549e-013	1.25674e-009	1.2324e-007	5.28994e-007	4.30634e-007	7.64547e-007	3.52186e-006	0.000207185	0.000659285	0.00145161	1.18795e-005	0.00120324	0.877941	0.9816	0.0132588	1.03862e-005	0.00135557	4.63484e-005	0.0194628	0.000739218	0.00836954	0.00649251	0.0015401	0.0299414	0.00334684	0.005041	0.00343986	0.808524	0.305598	0.700084	0.980962	0.999641	0.99995	1	1	1	


1	0.213188	0.222916	0.256946	0.692379	0.714691	0.732665	0.282029	0.152305	0.186394	0.277045	0.658852	0.593696	0.0307994	0.00178611	4.13933e-005	1.60101e-006	5.93561e-007	9.58584e-009	3.16254e-009	2.191e-010	1.74289e-011	7.32109e-012	8.28828e-013	1.88822e-013	1.71533e-016	1.69735e-018	4.38662e-018	2.60983e-018	1.38902e-019	1.13034e-020	1.02303e-021	2.04587e-023	1.06029e-023	2.73532e-024	5.05272e-025	2.45648e-025	3.13813e-025	1.50734e-025	8.69086e-026	4.70534e-027	2.73496e-026	2.73665e-026	2.34671e-026	5.61787e-026	9.38169e-026	5.37012e-025	5.87066e-025	
0	0.782744	0.776914	0.736743	0.152595	0.285199	0.262543	0.717436	0.847162	0.700608	0.715165	0.285635	3.33302e-005	9.109e-006	4.37659e-007	2.86304e-008	1.47019e-009	4.08454e-009	7.72598e-011	1.46323e-012	1.06797e-013	8.49379e-015	1.91934e-014	8.5629e-016	1.58784e-018	5.1703e-021	1.05161e-021	5.26398e-020	1.00908e-021	7.4049e-021	6.30196e-024	1.60625e-023	9.87732e-027	1.51702e-026	5.28529e-028	2.30011e-028	1.62237e-029	9.71392e-026	9.27004e-025	1.81981e-026	1.30601e-026	1.18187e-025	4.07666e-025	7.48385e-026	4.00643e-025	1.11521e-024	3.07667e-024	2.23658e-023	
0	0.00406842	0.000170191	0.00631073	0.155026	8.46914e-005	0.00479175	0.000531926	0.00053251	0.112998	0.00548186	0.0526324	0.000459883	6.26365e-007	9.78724e-006	5.48226e-010	1.00929e-010	8.42613e-011	3.89928e-012	1.92232e-013	1.38477e-012	5.13653e-014	8.69525e-017	2.54842e-014	2.18214e-016	4.83729e-020	8.07045e-021	5.98682e-022	9.24795e-023	9.05167e-021	1.40333e-021	3.82903e-022	1.36953e-024	1.26158e-027	5.03973e-028	4.85868e-028	2.46501e-030	2.81239e-030	4.27522e-028	3.10912e-029	1.20654e-028	1.94643e-029	8.74442e-028	9.10872e-030	5.3718e-027	3.09016e-028	1.61237e-027	4.21411e-025	
0	0	1.44874e-008	3.96373e-008	1.82034e-007	1.51325e-005	1.78863e-009	3.22149e-006	6.8437e-008	7.06892e-008	0.000154621	3.86146e-007	0.000335921	2.46888e-007	4.34305e-010	2.47395e-009	6.80929e-014	3.35134e-014	7.22011e-017	7.4074e-017	8.858e-018	2.16137e-016	3.54236e-017	5.12013e-021	2.63684e-019	2.23048e-022	1.54609e-025	1.14009e-022	5.88981e-025	4.77287e-027	3.39991e-024	3.32056e-025	4.30275e-027	8.85105e-028	2.82776e-032	3.74761e-034	1.01025e-031	8.94756e-034	4.77537e-035	7.65119e-032	1.53409e-034	1.19782e-032	4.78347e-035	2.66655e-032	8.81322e-035	6.21755e-030	4.39002e-032	2.60278e-031	
0	0	1.65233e-009	9.2766e-009	9.23344e-008	1.06295e-005	9.08025e-009	7.34833e-008	4.09931e-008	5.85804e-008	0.00215278	1.97113e-005	8.13515e-005	2.48845e-007	5.12415e-009	3.93932e-009	1.21781e-009	1.77233e-012	1.66206e-013	5.24269e-016	1.26889e-016	1.52426e-015	4.10893e-017	4.32365e-021	3.4983e-017	1.03089e-020	2.73599e-025	2.8452e-024	2.12701e-024	4.63331e-027	7.99015e-024	2.91752e-025	1.22461e-025	2.1179e-027	3.74544e-030	7.32123e-032	1.80759e-031	6.8374e-033	2.1814e-035	1.29121e-031	7.95784e-035	9.80156e-035	3.62009e-035	2.22342e-032	6.11739e-037	4.45851e-030	1.93784e-031	7.8487e-032	
0	0	0	1.8118e-013	6.762e-011	3.25761e-010	3.45876e-008	2.2977e-010	4.415e-010	2.41633e-009	5.30512e-008	0.00286043	0.405315	0.96897	0.92487	0.98298	0.877519	0.610776	0.0298009	0.38878	0.894512	0.901036	0.265453	0.0391361	0.578971	0.998651	0.998876	0.164846	0.23001	0.0928216	0.208409	0.218528	0.018762	0.0747082	0.546832	0.772063	0.610894	0.179011	0.000617075	0.000135974	3.97441e-008	1.11356e-011	2.32102e-015	6.61217e-019	1.25409e-022	2.8477e-024	2.15084e-025	2.47439e-027	
0	0	0	1.25604e-019	2.50668e-016	1.66269e-014	1.64423e-013	4.89553e-012	2.15479e-014	1.23025e-012	9.26758e-012	1.0929e-010	6.62263e-005	0.000181492	0.0587779	0.00995323	0.0860872	0.125162	0.635538	0.323766	0.0161948	0.0158301	0.0215295	0.000551546	0.000117903	5.42183e-005	0.00106458	0.725173	0.46203	0.609141	0.0109045	0.00764291	0.00016938	2.62716e-005	0.000539518	0.0119731	0.0980883	0.0679155	0.00169993	5.17413e-006	8.54644e-007	1.26428e-009	2.29169e-012	5.08841e-015	1.06221e-017	4.98157e-020	3.86405e-023	8.73816e-026	
0	0	0	0	3.10679e-015	2.10055e-013	3.6777e-012	1.0831e-010	3.18449e-011	1.05322e-011	1.08486e-010	2.75944e-010	1.24474e-005	3.83621e-005	0.0145554	0.00702519	0.0363921	0.264061	0.334661	0.287454	0.0892931	0.0831338	0.713018	0.960312	0.420911	0.00129433	5.95805e-005	0.109981	0.30796	0.298038	0.780686	0.773829	0.981069	0.925266	0.452629	0.215964	0.291018	0.753073	0.997683	0.999859	0.999999	1	1	1	1	1	1	1	


1	0.813676	0.413646	0.799527	0.241393	0.740708	0.166449	0.574676	0.92963	0.767319	0.949812	0.94113	0.160864	0.00417778	1.22112e-005	4.71167e-009	3.44603e-012	3.26677e-016	9.73529e-020	1.18657e-023	1.16934e-025	1.01288e-027	1.31292e-030	1.77172e-033	2.58631e-035	7.51215e-038	2.11235e-041	9.03024e-045	1.73883e-048	2.24621e-052	1.39091e-054	3.18339e-057	1.38505e-059	2.7894e-062	5.64625e-065	2.33725e-067	1.35837e-069	8.00024e-070	1.25331e-070	1.56887e-070	9.58195e-071	7.45056e-071	2.09778e-070	1.52674e-069	1.68922e-069	1.44386e-068	6.08806e-068	1.03612e-067	
0	0.116898	0.0482069	0.194132	0.75133	0.251558	0.821446	0.387928	0.0643211	0.100568	0.0362464	0.0427465	0.600027	0.29413	0.0203674	0.000251182	4.19455e-006	1.34845e-009	2.37604e-013	5.76428e-017	3.80176e-019	2.13975e-021	1.86538e-024	4.75909e-028	8.54739e-029	1.67504e-030	8.92262e-033	1.5742e-035	4.60446e-039	1.14661e-043	5.28172e-046	1.05176e-048	1.36758e-051	1.08073e-054	4.41462e-058	1.11434e-060	1.93749e-062	3.54888e-063	8.40564e-064	1.0668e-063	2.00866e-063	4.70661e-063	4.95918e-063	4.63784e-062	1.11099e-061	1.30821e-060	1.13341e-060	7.35319e-060	
0	0.0694262	0.53609	0.00381022	0.00724266	0.00771093	0.0121019	0.0373035	0.00592683	0.124472	0.0101325	0.0106773	0.013721	0.0135414	2.48531e-006	1.1055e-006	1.36198e-009	1.54556e-008	4.64612e-013	2.01144e-014	3.43917e-019	9.24168e-025	1.00607e-025	2.29907e-028	1.3606e-031	9.5541e-033	1.46075e-032	1.66575e-034	2.86671e-037	7.64779e-041	2.04529e-046	3.18716e-051	4.31127e-055	3.00077e-054	2.06173e-057	1.02231e-059	9.99364e-063	2.72854e-063	8.17374e-064	2.37439e-064	6.14677e-066	4.47963e-062	1.41067e-061	3.50429e-062	4.57673e-061	2.51866e-062	1.04562e-061	9.01935e-062	
0	0	0.0020344	4.1713e-005	6.89608e-008	1.90192e-006	2.21284e-006	3.3747e-006	2.18018e-006	4.47186e-008	2.13904e-006	1.65266e-008	7.4504e-008	2.16797e-007	5.21734e-009	9.59034e-013	2.04615e-012	1.67825e-014	4.26945e-013	9.80477e-017	1.19053e-021	8.59206e-026	6.09376e-030	6.70613e-032	8.54076e-035	4.11247e-039	4.10757e-040	8.32223e-037	9.89046e-040	3.61402e-042	2.6903e-048	4.31808e-053	4.24826e-058	3.76288e-060	9.65379e-060	1.16254e-062	5.7558e-066	6.15435e-065	1.47026e-065	3.39722e-066	2.11411e-067	8.93982e-068	3.87059e-063	7.33916e-063	1.58528e-063	2.981e-063	2.79184e-065	8.28196e-066	
0	0	2.31715e-005	0.00248869	2.31999e-005	2.09539e-005	5.1326e-007	8.88975e-005	0.000119503	0.00764019	0.00380456	0.00544629	0.175095	0.354717	0.123019	7.66369e-005	4.31721e-009	1.30166e-012	5.21416e-013	4.06915e-016	8.38022e-015	5.37127e-015	1.28564e-018	3.17034e-019	3.0408e-020	6.4571e-021	3.87809e-021	3.42056e-024	5.69952e-027	2.07951e-028	2.47298e-028	2.21777e-028	1.97632e-029	5.65337e-031	1.84183e-032	4.1858e-033	4.67994e-035	2.83691e-038	1.65991e-041	9.29635e-045	4.86133e-047	4.42101e-050	9.61479e-053	2.80583e-056	1.53438e-058	5.52731e-061	9.92234e-063	8.52263e-064	
0	0	0	9.44049e-009	1.09361e-005	3.4102e-008	1.90125e-008	6.78079e-011	8.66172e-009	4.00963e-009	2.76587e-006	8.47664e-008	0.0502892	0.238495	0.153283	0.00477033	0.00368092	3.65656e-005	2.55299e-006	2.89041e-008	3.93517e-010	5.89509e-012	1.79834e-012	1.73322e-015	3.6861e-014	6.92936e-015	4.48513e-018	9.42067e-020	3.33938e-021	1.27767e-025	1.21499e-027	1.29861e-031	3.92406e-030	8.72005e-032	2.59451e-032	8.23835e-034	3.3475e-033	1.0245e-034	1.87021e-036	7.31632e-036	4.65958e-038	1.87479e-039	1.55903e-041	1.19503e-040	1.99665e-043	2.60498e-044	3.91551e-047	8.08115e-049	
0	0	0	1.08425e-040	1.11324e-014	1.93661e-011	1.28518e-014	2.62787e-014	5.60979e-017	1.34701e-013	3.0129e-014	5.37263e-012	8.89017e-010	0.000105969	0.000997657	7.94854e-005	1.39483e-006	1.60094e-007	1.14182e-009	3.91758e-011	6.14035e-013	2.46744e-014	3.61281e-017	1.52828e-017	1.04771e-019	2.82827e-017	9.64719e-019	1.93691e-022	1.90949e-024	3.7499e-026	1.73149e-029	5.78568e-032	5.89184e-035	6.28685e-035	1.22602e-036	2.21747e-036	5.08274e-038	4.29661e-038	2.71862e-040	2.76903e-041	1.59346e-040	9.04516e-044	2.2548e-045	3.71803e-046	7.65418e-047	2.79256e-048	7.43577e-050	1.57609e-052	
0	0	0	0	8.53605e-011	2.75926e-007	1.9916e-008	2.15362e-008	2.92674e-009	4.20642e-009	1.66387e-009	5.79237e-008	4.33576e-006	0.0948321	0.702318	0.994821	0.996313	0.999963	0.999997	1	1	1	1	1	1	1	1	1	1	1	1	1	1	1	1	1	1	1	1	1	1	1	1	1	1	1	1	1	


1	0.995611	0.402426	0.987446	0.964126	0.983519	0.994018	0.998533	0.990073	0.991073	0.998014	0.997863	0.254386	1.10084e-005	7.9171e-010	1.86777e-014	1.88816e-018	1.98538e-022	6.87108e-026	1.518e-028	6.93552e-032	1.28471e-035	1.67433e-039	9.01814e-044	6.11385e-046	3.23274e-050	5.83399e-054	3.75532e-057	5.2912e-060	5.2655e-063	3.92979e-066	4.84637e-070	4.26349e-074	6.74478e-077	4.95659e-080	7.23411e-083	2.7222e-086	1.00199e-086	1.79136e-087	2.84108e-087	8.42801e-089	1.80665e-088	5.65492e-088	1.51119e-087	1.44836e-087	2.06422e-086	3.55355e-085	6.61928e-084	
0	0.0040854	0.588714	0.00967861	0.0352615	0.0143538	0.00540393	0.00128308	0.00863446	0.008779	0.00176035	0.0018053	0.0193473	2.43284e-006	1.36211e-010	1.01363e-014	4.10669e-019	6.40556e-022	8.17233e-026	4.37153e-029	1.68913e-034	3.13011e-038	4.76011e-039	4.12681e-043	4.12705e-047	2.42351e-052	2.43225e-055	6.04892e-057	2.14134e-060	3.75795e-064	1.67051e-068	1.47931e-071	4.10378e-075	1.37055e-077	1.28027e-080	3.67025e-083	1.92881e-086	2.0934e-086	7.95526e-087	2.73839e-087	2.61778e-089	1.09649e-087	3.15058e-088	2.33595e-087	4.54429e-088	2.11909e-088	5.8699e-088	1.27365e-085	
0	0.000303747	0.00885962	0.000266256	0.000571927	0.00212304	0.000551146	0.000175036	0.00129174	3.1686e-006	0.000135806	2.73384e-005	0.000913273	1.79275e-007	4.36144e-013	1.09679e-016	8.46383e-021	1.13095e-023	2.46491e-027	6.123e-029	8.56255e-036	2.63804e-040	1.93313e-041	2.62105e-046	1.48455e-047	1.81037e-052	1.2494e-057	5.54655e-059	5.1528e-061	3.48477e-066	6.91797e-071	5.04325e-075	4.88614e-078	1.23141e-079	4.52252e-082	2.57853e-085	4.71842e-088	3.78611e-087	1.08799e-088	1.55026e-086	1.69736e-090	1.53142e-089	1.12878e-088	2.08783e-087	6.03345e-089	3.43199e-088	3.20461e-089	5.96843e-088	
0	0	9.8338e-008	0.00180936	1.35186e-005	2.58214e-006	2.62495e-005	1.07618e-006	1.55092e-007	9.89546e-007	2.99068e-007	6.63462e-007	2.74043e-007	1.83403e-009	1.01301e-011	2.08652e-016	1.64111e-019	1.2398e-023	1.28021e-026	1.50642e-029	7.14186e-033	1.44084e-036	2.70464e-041	5.65453e-046	2.17283e-047	1.00874e-051	6.927e-056	1.0214e-059	1.16097e-061	5.6571e-065	1.16532e-068	1.11497e-072	5.83615e-077	4.1083e-081	5.30953e-084	2.84776e-086	2.89502e-089	2.53866e-091	4.76228e-090	1.27695e-090	3.02174e-089	4.15325e-091	2.29092e-090	1.55106e-090	5.25838e-089	5.7761e-089	2.19359e-089	8.78966e-090	
0	0	1.13754e-009	0.000800218	2.64554e-005	1.93799e-006	4.34077e-007	7.95941e-006	8.00261e-007	0.000143418	3.46787e-005	0.000271978	0.00665944	9.38475e-006	2.4373e-006	4.92975e-009	4.48209e-012	1.48318e-015	8.05375e-019	5.78889e-022	1.52025e-021	1.62676e-021	1.11654e-024	1.92777e-026	1.56873e-027	2.28332e-029	3.51724e-030	6.52337e-033	4.33782e-035	7.14236e-036	4.02815e-035	2.04029e-034	7.7702e-036	2.33119e-038	5.64246e-041	2.33215e-043	4.80395e-046	8.57205e-049	1.86425e-051	1.68481e-054	1.9942e-056	9.91948e-060	4.78525e-062	1.50566e-065	2.25511e-067	9.33022e-068	4.81202e-068	1.00725e-067	
0	0	0	1.23074e-011	2.77883e-007	5.37713e-008	5.12253e-011	5.56586e-010	4.46215e-008	1.66346e-008	5.47239e-005	1.98564e-005	0.0382292	0.000650875	8.37603e-005	1.71107e-006	6.55784e-009	5.16775e-012	2.07706e-014	7.65801e-017	1.94419e-017	2.87363e-018	9.08264e-021	1.19788e-023	2.07864e-023	6.01505e-024	1.04412e-025	2.51962e-028	2.30398e-029	5.31779e-032	2.05583e-032	1.31286e-033	2.81749e-034	5.27947e-036	1.16345e-038	3.76042e-040	2.30218e-041	1.22695e-043	9.3655e-048	4.98667e-049	9.93998e-053	2.78481e-056	6.10659e-060	2.63906e-062	6.3118e-067	4.31941e-067	1.85155e-068	5.25782e-069	
0	0	0	6.92125e-020	8.86484e-014	4.12855e-009	1.95509e-010	2.47029e-012	1.17223e-011	4.60406e-010	6.94812e-009	1.21173e-005	0.680415	0.997041	0.901313	0.951834	0.715437	0.0535091	0.0311886	0.23663	0.834619	0.914602	0.231818	0.000606601	0.0460346	0.982533	0.981617	0.0946447	0.165431	0.0398208	0.109383	0.0202039	0.00258868	0.00393216	0.0156589	0.0529875	0.249994	0.539787	0.00213335	0.0191939	2.22022e-005	1.68056e-008	9.2225e-012	9.44903e-013	1.25734e-016	1.8753e-016	1.39898e-017	2.03956e-018	
0	0	0	0	4.70501e-022	7.63758e-016	4.73484e-011	5.9645e-012	2.92954e-013	5.42636e-013	5.74887e-012	4.04684e-010	4.98395e-005	0.00228525	0.0986005	0.0481648	0.284563	0.946491	0.968811	0.76337	0.165381	0.0853982	0.768182	0.999393	0.953965	0.0174673	0.018383	0.905355	0.834569	0.960179	0.890617	0.979796	0.997411	0.996068	0.984341	0.947012	0.750006	0.460213	0.997867	0.980806	0.999978	1	1	1	1	1	1	1	


