E:\Google Drive\Progetti\MSR Action3D\Real\a01_s01_e01_skeleton3D.txt
1
TRUE
-1156.97
-1196.26
-1204.19
-1176.72
-1205.53
-1203.06
-1163.33
-1172.53
-1166.33
-1226.15
-1237.09
-1258.16
-1252.53
-1249.17
-1249.13
-1196.87
-1238.45
-1231.04
-1239.03
-1225.2

51
20
1	0.658585	0.498693	0.174696	0.527683	0.245798	0.0171638	0.0909958	0.0215931	0.00989257	0.0260983	0.0473441	0.0364672	0.0677388	0.0308277	0.079528	0.0293975	0.0419229	0.00916518	0.00125884	0.00338046	0.0870477	0.0262849	0.0113516	0.0350415	0.0750918	0.0238185	0.00431306	0.000127376	7.76455e-007	9.84489e-009	3.30147e-010	1.8787e-012	9.99174e-016	8.67123e-018	2.76542e-019	1.68623e-020	6.84742e-020	9.9483e-021	2.00299e-021	9.57722e-023	3.79038e-028	2.30427e-029	5.12503e-033	8.17259e-037	7.25583e-041	1.04639e-041	1.07244e-042	1.19644e-043	9.6529e-045	1.24979e-044	2.09862e-044	
0	0.264443	0.0943428	0.14773	0.148706	0.104849	0.0313877	0.511126	0.737593	0.370808	0.269954	0.681921	0.523079	0.513334	0.136254	0.23557	0.115958	0.100674	0.0171777	0.00359187	0.00703708	0.106912	0.0175213	0.0175962	0.0242489	0.105836	0.0460724	0.00923084	0.000125367	1.37742e-006	5.70265e-008	2.40198e-009	1.04623e-010	5.2856e-013	7.16395e-015	1.22362e-015	1.36007e-016	1.13669e-016	1.22201e-017	1.11814e-017	6.5929e-018	2.91466e-023	2.36574e-024	4.28484e-028	1.38325e-031	1.77502e-036	1.12359e-037	7.51607e-039	9.16009e-040	6.22891e-041	4.01821e-041	2.6938e-041	
0	0.0769726	0.20824	0.033497	0.31463	0.0467339	0.00844142	0.117072	0.0177628	0.20689	0.147762	0.0802585	0.354773	0.307126	0.466286	0.482316	0.179194	0.835659	0.0243907	0.00262291	0.00189338	0.219004	0.00250058	0.0109928	0.00840323	0.0211541	0.0114976	0.0105647	0.000141858	7.58679e-006	5.60837e-008	5.14203e-010	5.21955e-012	6.63109e-014	2.43046e-016	3.83299e-017	1.75385e-018	2.60032e-017	6.05411e-018	1.96952e-018	9.58156e-019	1.33717e-024	7.82809e-025	6.97054e-028	1.34266e-031	7.10688e-036	1.91503e-037	1.6688e-038	9.53698e-039	1.3702e-040	7.39888e-041	1.01689e-041	
0	0	0.0184746	0.594905	0.00670148	0.602321	0.230822	0.188223	0.217749	0.23146	0.147345	0.15387	0.0614553	0.111457	0.127594	0.0941193	0.328352	0.0162154	0.425085	0.970563	0.985729	0.53471	0.939606	0.953639	0.543105	0.787554	0.517997	0.0168556	0.00118593	9.99025e-007	2.85852e-007	1.87457e-008	3.18982e-010	1.19571e-013	7.61277e-016	7.30417e-017	6.10492e-017	7.94295e-017	3.67165e-018	4.02436e-019	2.76819e-019	1.8931e-022	1.26969e-024	6.99922e-027	1.16053e-028	7.035e-033	2.24683e-033	6.32255e-035	6.86962e-037	1.39855e-038	3.36787e-039	1.39925e-038	
0	0	0.180249	0.0425994	0.000195235	0.00024507	0.711879	0.0153475	0.000171811	0.1755	0.407798	0.0113192	0.0235904	1.60123e-005	0.238967	0.0993049	0.346654	0.00020903	0.524165	0.0203697	0.00053315	0.0400226	0.0138358	0.00422111	0.385677	0.000382869	0.37719	0.955917	0.998307	0.999889	0.870912	0.234672	0.0553243	2.62413e-005	1.99048e-009	8.64227e-013	1.52161e-012	1.05603e-011	4.8617e-014	6.51451e-016	1.5833e-017	6.12115e-023	5.57207e-026	4.67029e-025	1.64823e-023	1.81408e-026	3.57078e-029	4.73561e-032	6.21272e-033	4.74477e-037	7.13657e-040	1.15834e-041	
0	0	0	0.00657279	0.00184195	3.50637e-006	0.000305273	0.0771938	0.00412963	0.00540878	0.00100171	0.0252266	0.000497905	7.14369e-005	5.99695e-005	0.00915477	0.000419818	0.00528971	1.11347e-005	0.00159322	0.00128033	0.01066	0.00020212	0.00217911	0.00350311	0.00977045	0.0234129	0.00310749	0.000112609	0.000100219	0.129088	0.765176	0.9442	0.999646	0.998268	0.908835	0.985106	0.746142	0.948242	0.836234	0.465132	0.0107495	0.000157619	4.02068e-005	0.000177836	2.21472e-006	2.03402e-008	7.58276e-010	5.76766e-011	9.03599e-013	1.07954e-015	7.84978e-019	
0	0	0	8.52606e-012	5.07208e-006	3.01696e-007	2.6302e-011	1.33877e-006	8.13737e-006	3.06817e-007	3.39968e-006	3.61435e-007	6.4597e-006	2.62534e-007	2.84442e-009	2.04777e-008	9.83553e-008	8.07122e-008	2.69691e-007	8.87335e-011	8.45903e-007	2.6784e-006	2.11873e-007	1.05622e-008	1.23948e-006	2.92973e-006	3.35251e-007	8.91491e-007	7.451e-009	7.26338e-011	8.36721e-009	5.49723e-005	0.00013278	0.000248929	0.00128761	0.0748544	0.0108155	0.185455	0.0157306	0.0266937	0.444369	0.943608	0.757195	0.23698	0.0279175	0.00183625	1.11118e-005	6.14559e-008	7.45052e-010	3.20807e-012	8.54639e-016	2.93098e-019	
0	0	0	0	0.000237398	4.99797e-005	5.60845e-007	4.0314e-005	0.000991871	3.98077e-005	3.74106e-005	5.97537e-005	0.00013108	0.000256092	1.24417e-005	7.20776e-006	2.35614e-005	2.97669e-005	4.91994e-006	1.21094e-007	0.000146075	0.00164136	4.87255e-005	1.99256e-005	2.0499e-005	0.000207365	1.18612e-005	1.01314e-005	9.9829e-008	1.54341e-009	5.07934e-008	9.67137e-005	0.000342478	7.92531e-005	0.000444536	0.0163107	0.00407838	0.0684036	0.0360277	0.137072	0.0904986	0.0456427	0.242648	0.762979	0.971905	0.998162	0.999989	1	1	1	1	1	


1	0.814834	0.119678	0.012853	0.139212	0.026642	0.00119153	0.00212958	0.00387612	0.000507782	0.000322709	0.000285298	2.43297e-005	0.000235133	4.8694e-005	0.000176169	8.24909e-006	4.99381e-005	1.90503e-006	2.7573e-007	1.9845e-007	3.28912e-007	2.68652e-008	7.53356e-009	2.10269e-009	2.06035e-010	2.50082e-010	5.1749e-011	5.74588e-012	8.82306e-013	8.50558e-013	6.67732e-013	2.63491e-014	5.94984e-016	2.23446e-017	1.09158e-017	1.70039e-019	7.29078e-020	6.9058e-021	9.43128e-022	1.1057e-022	2.44979e-023	1.98255e-024	1.32146e-024	4.22307e-024	3.08431e-025	4.54829e-027	3.70763e-029	2.10519e-030	8.87174e-033	1.86861e-034	2.60627e-036	
0	0.00212147	2.33269e-006	1.12536e-005	1.86291e-006	1.49465e-005	1.09674e-005	1.05888e-008	4.60147e-006	2.43295e-008	3.34366e-009	7.45397e-008	3.08279e-010	3.22031e-009	1.58264e-008	3.53468e-008	2.22027e-008	5.31537e-010	6.40715e-010	3.36248e-010	8.75242e-012	5.65036e-011	1.00314e-011	4.82732e-011	1.42692e-013	6.53376e-015	1.00362e-013	1.61616e-015	5.42266e-016	4.66462e-017	6.85522e-014	9.50006e-015	6.421e-016	1.01158e-016	1.10587e-020	5.08413e-017	9.20144e-019	3.96339e-021	3.68211e-022	2.55961e-023	8.57312e-025	3.10214e-024	1.10128e-025	3.75456e-027	1.21478e-023	6.35779e-026	2.217e-027	2.93305e-028	4.44818e-028	3.72271e-031	7.23255e-036	2.90864e-039	
0	0.183045	0.880273	0.972273	0.855947	0.966885	0.998706	0.874889	0.757746	0.97127	0.999124	0.990383	0.995806	0.961867	0.973397	0.966894	0.977383	0.799554	0.785307	0.626943	0.0610413	0.0209542	0.00845764	0.00391957	0.00236601	0.000181261	0.00118857	0.00248458	0.00315402	0.0202482	0.206673	0.788222	0.909046	0.0943851	0.00222529	0.00029375	0.000293266	0.000679007	4.2931e-005	2.635e-005	7.32919e-005	1.46697e-005	3.80853e-007	4.64084e-006	0.000968726	8.42078e-005	3.31994e-006	9.63179e-008	7.48306e-008	3.59866e-010	6.99065e-012	7.72665e-014	
0	0	4.68495e-005	0.0148607	0.00478961	0.00641264	8.22493e-005	0.122979	0.238172	0.0279382	0.000386291	0.00927265	0.00395594	0.0246292	0.00189129	0.000578301	0.000715497	0.0121128	0.000236799	0.00935801	0.00113023	7.4047e-006	5.25348e-006	3.00285e-005	6.06372e-007	1.93237e-005	9.89812e-006	1.4657e-006	1.08477e-006	1.18743e-006	0.00285617	0.0830846	0.0859932	0.905424	0.997438	0.316417	0.1803	0.0270728	0.00246618	0.000293299	0.00199193	0.00238818	1.45478e-005	3.72181e-005	0.00183358	3.58793e-005	4.01182e-007	1.82519e-008	4.03875e-009	1.1047e-011	3.73666e-014	2.26705e-016	
0	0	3.58099e-007	2.22902e-006	4.73109e-005	2.63508e-005	8.7566e-006	4.66121e-007	0.00019574	0.000278258	0.000141744	2.19719e-006	1.75725e-005	1.33385e-005	9.36553e-005	4.32905e-005	2.2694e-007	1.5472e-006	8.54591e-005	4.85349e-007	7.0961e-006	1.30376e-006	4.54854e-008	2.09891e-008	7.82355e-008	2.78062e-010	1.52183e-007	1.33402e-008	1.18434e-008	7.18507e-009	4.20669e-007	0.000229672	0.000276033	0.00014455	0.000332115	0.683269	0.819066	0.507675	0.00602594	0.000276109	0.000111639	0.00219974	0.000239612	0.00213675	0.0612492	0.00291921	5.0898e-005	2.27196e-007	2.97993e-008	2.13006e-011	2.2239e-015	4.83078e-018	
0	0	0	4.51593e-010	2.24926e-006	1.41636e-005	2.56905e-008	5.62139e-007	1.16052e-007	1.5345e-007	1.00288e-005	7.08597e-006	2.01575e-007	0.00042339	1.24995e-006	3.48209e-006	9.57995e-008	5.56031e-007	1.12747e-008	1.21297e-007	3.71195e-007	4.48425e-007	2.50196e-008	1.08302e-009	3.26383e-010	5.69113e-010	3.16084e-012	3.13149e-010	3.07255e-012	6.12917e-012	2.16321e-010	3.55162e-009	1.79463e-007	8.65184e-007	1.45465e-006	1.97705e-005	0.000340554	0.464558	0.990936	0.949235	0.810512	0.843229	0.97244	0.519409	0.867609	0.994174	0.996482	0.999249	0.998751	0.996548	0.0673927	0.000806835	
0	0	0	8.25664e-013	7.85902e-010	5.36215e-006	1.84853e-007	3.78853e-007	4.28159e-007	4.44985e-008	6.98098e-008	7.20487e-007	1.74494e-006	0.00020203	6.36009e-005	1.53113e-005	1.67494e-007	1.35199e-006	1.59105e-007	1.84561e-008	2.25357e-007	1.02331e-007	4.89729e-008	1.02626e-008	3.40843e-009	2.63787e-009	2.70392e-010	9.00317e-012	1.0622e-012	9.93892e-014	1.74799e-014	1.58816e-012	2.98906e-011	2.57494e-011	1.41245e-009	2.69069e-008	2.59916e-007	1.42302e-005	0.000527659	0.0501305	0.183882	0.150999	0.0253048	0.475434	0.0308921	0.00065235	0.00325299	0.000740554	0.00121884	0.00344935	0.932456	0.985126	
0	0	0	0	1.43302e-012	7.84955e-009	7.74229e-008	8.46309e-007	5.17525e-006	5.05946e-006	1.54164e-005	4.86452e-005	0.000194303	0.01263	0.0245043	0.0322897	0.0218923	0.18828	0.214368	0.363698	0.937821	0.979036	0.991537	0.99605	0.997633	0.999799	0.998801	0.997514	0.996845	0.979751	0.79047	0.128464	0.00468455	4.52246e-005	2.87484e-006	1.54178e-007	4.84191e-009	3.33538e-007	1.64127e-006	3.91688e-005	0.0034291	0.00116964	0.00200016	0.00297814	0.0374474	0.00213454	0.000210106	9.95823e-006	2.96421e-005	2.29803e-006	0.000151526	0.0140675	


1	0.999583	0.999301	0.946933	0.999536	0.993527	0.997137	0.99869	0.994921	0.99058	0.991102	0.988204	0.998031	0.995521	0.999169	0.993814	0.996672	0.997837	0.994955	0.992733	0.992899	0.999199	0.972216	0.996045	0.987444	0.997589	0.998176	0.991046	0.995378	0.998541	0.212824	0.176791	0.00845943	4.74213e-005	1.40126e-005	2.00368e-006	1.04324e-005	0.00171929	0.000179957	2.3627e-005	1.18156e-006	6.29741e-008	6.79854e-009	3.46714e-010	3.39044e-012	1.10549e-012	2.71778e-012	8.55788e-013	8.73812e-014	3.45105e-014	1.20076e-014	5.12353e-015	
0	0.000390752	0.000697292	0.0523769	0.000182395	0.0064712	0.00277235	0.000314532	0.00463822	0.00917472	0.00889683	0.0112535	0.00161924	0.004455	0.000726062	0.00615453	0.00320859	0.0013022	0.0050439	0.00679261	0.00709181	0.000295978	0.0277832	0.00109661	0.0125551	0.000556582	0.0017752	0.00891856	0.0045986	0.000496627	0.779835	0.797849	0.0627128	0.000162339	0.000828358	2.26145e-005	0.000116053	0.0102344	0.00209437	3.0667e-005	1.98579e-008	1.50558e-007	5.14771e-010	1.76695e-010	2.34128e-011	5.73869e-012	2.6052e-012	2.88344e-014	3.45919e-016	4.49715e-015	1.55776e-016	2.59484e-017	
0	2.61026e-005	1.41223e-006	0.000689781	0.000104557	1.73473e-006	9.02435e-005	0.0005239	0.000395749	0.000238406	1.05858e-006	0.000542796	0.000341165	2.07701e-005	0.000104333	3.14599e-005	0.00011896	0.000670488	4.98063e-007	0.000474454	6.8512e-006	0.000501678	1.0581e-006	0.00284024	9.05933e-007	0.00182852	3.87593e-005	3.4803e-005	2.29443e-005	0.00096199	0.00734012	0.0248902	0.928366	0.69725	0.931251	0.56677	0.78658	0.24556	0.0162222	0.0245277	0.00253254	0.000897811	0.000136476	0.000591692	0.00253285	0.000670513	5.84061e-006	1.62192e-007	5.65531e-008	4.97448e-010	3.8277e-013	2.61444e-016	
0	0	6.25879e-009	4.77115e-010	0.000176556	3.89506e-008	1.59475e-009	0.000471253	4.46908e-005	6.74337e-006	1.20111e-008	4.33855e-008	8.88652e-006	3.41463e-006	1.642e-007	2.49229e-007	7.14682e-008	0.000189879	3.07282e-009	8.058e-008	2.53014e-006	3.07407e-006	2.82556e-010	1.7727e-005	1.41898e-007	2.54511e-005	1.03605e-005	2.976e-007	5.43052e-009	1.42976e-007	1.26448e-006	0.000470114	0.00046198	0.30254	0.0675398	0.420248	0.128672	0.092966	0.0126131	0.0263604	0.868111	0.472561	0.497413	0.0786338	0.000319646	0.000719562	2.12828e-005	2.91223e-005	8.07298e-005	2.23395e-006	3.10397e-009	2.93429e-013	
0	0	2.409e-014	9.33936e-013	4.7265e-014	2.17004e-008	9.65691e-011	1.95721e-013	3.87713e-008	1.55309e-008	4.51746e-009	1.41019e-012	3.69142e-011	1.03405e-010	3.23372e-009	1.88689e-010	1.4182e-011	3.35971e-012	1.26927e-007	3.53533e-011	1.04462e-011	7.48372e-010	4.46932e-010	3.28689e-013	1.20678e-008	2.8501e-011	5.06873e-009	4.81001e-009	7.27605e-010	1.74864e-011	6.23288e-012	3.68111e-010	1.25964e-008	1.16431e-009	2.15333e-006	0.000325098	0.0777062	0.0104012	1.84482e-006	6.54151e-006	0.00026346	0.0172666	0.00173954	0.00120385	1.38839e-005	2.60856e-008	5.48747e-008	4.92208e-010	4.31633e-009	8.32336e-010	7.84569e-011	2.98021e-013	
0	0	0	9.07348e-013	4.34331e-013	7.65516e-008	5.03436e-010	1.48099e-013	1.47731e-007	3.32795e-010	1.26929e-008	2.595e-010	2.67835e-013	5.74644e-008	1.85168e-011	1.53511e-009	1.09778e-011	2.20382e-011	9.53529e-008	2.55144e-011	3.56855e-010	3.30456e-009	1.4222e-008	1.73099e-011	4.07225e-008	2.36077e-011	5.15343e-010	2.85196e-010	7.8696e-012	9.36229e-014	1.24575e-010	4.47444e-010	7.73656e-009	1.62242e-008	0.000364224	0.0125911	0.00376347	0.582279	0.876641	0.0453175	6.82785e-005	0.142689	0.225628	0.000105197	7.76777e-005	3.64411e-005	6.46819e-005	1.75968e-005	2.69805e-007	5.57848e-006	1.04287e-008	6.3533e-011	
0	0	0	4.63976e-023	1.35932e-012	6.36125e-013	3.7408e-010	1.16907e-010	1.42816e-011	8.84568e-011	4.09498e-011	5.36129e-009	7.95259e-011	2.69815e-009	1.29643e-010	1.76707e-011	2.30836e-011	1.06849e-010	9.73541e-013	6.8309e-010	4.66677e-009	1.2027e-008	2.53653e-009	5.79116e-010	5.13766e-011	3.71369e-008	1.09806e-010	9.34589e-013	1.51297e-013	9.32548e-015	1.77679e-016	2.16044e-013	6.71092e-014	2.53009e-013	2.11044e-010	1.95984e-005	7.35168e-005	0.0100636	0.0700393	0.587242	0.00247226	0.000458427	0.0649725	0.000472736	3.11745e-007	1.43989e-005	0.000142753	0.000462732	3.17978e-005	0.000551278	0.00586066	0.0260361	
0	0	0	0	1.29627e-014	7.58235e-014	2.52765e-009	4.32991e-009	8.83562e-009	3.31653e-009	3.93574e-010	1.30174e-009	1.86552e-009	1.82025e-009	1.19252e-009	6.02925e-010	2.87029e-010	4.38202e-010	4.16851e-011	1.61285e-009	1.12288e-009	4.23161e-009	9.54064e-010	3.88815e-009	5.30269e-010	6.17871e-009	4.1961e-009	9.29043e-010	1.12419e-010	9.38206e-011	4.30837e-011	2.24057e-011	1.25903e-011	1.12207e-011	1.32293e-010	2.16376e-005	0.00307798	0.0467762	0.0222087	0.316492	0.126551	0.366127	0.210111	0.918993	0.997056	0.998559	0.999765	0.99949	0.999887	0.999441	0.994139	0.973964	


1	0.961234	0.119366	0.00740047	0.287027	0.0566912	0.00298742	0.0616753	0.0657871	0.00408079	0.00148669	0.00612584	0.00230663	0.00281825	0.000278889	0.000431862	0.00014799	0.000276245	4.72628e-006	2.57661e-006	1.3175e-006	1.68426e-005	3.87275e-006	2.49758e-006	5.76604e-007	8.64367e-007	1.64567e-007	4.30598e-008	1.18347e-009	2.4288e-010	1.78725e-012	3.6851e-014	1.42995e-015	5.25363e-016	4.24415e-017	1.46729e-017	6.74884e-019	2.3381e-020	2.04099e-021	6.04684e-022	1.84976e-023	1.47e-028	3.50078e-030	7.67876e-034	8.1434e-038	2.34449e-042	6.42811e-045	3.98566e-048	6.03239e-050	7.57057e-051	8.83248e-051	2.47103e-051	
0	0.0372163	0.378059	0.142622	0.630432	0.91128	0.0295936	0.850055	0.914123	0.626411	0.690686	0.841655	0.645849	0.995151	0.893811	0.777125	0.813578	0.997862	0.0457363	0.192493	0.975425	0.985328	0.266802	0.755874	0.51386	0.99619	0.189561	0.0466544	0.0067036	0.000406793	4.29661e-006	5.6802e-008	1.18567e-009	2.12762e-010	2.8237e-011	1.27138e-011	3.39882e-013	3.85059e-014	7.2314e-016	3.00799e-017	1.80479e-018	3.33372e-023	2.38918e-024	7.30008e-028	1.34728e-031	1.18732e-035	7.32887e-038	4.17335e-041	5.48986e-043	8.18381e-045	4.06304e-045	4.07271e-045	
0	0.00154967	0.502519	0.722721	0.0256169	0.0302956	0.965989	0.0736764	0.0186951	0.366764	0.259586	0.103104	0.349095	0.00121589	0.104877	0.180852	0.156201	0.000745108	0.953922	0.594126	0.00649946	0.0107756	0.716283	0.214146	0.38423	0.00175047	0.808339	0.880566	0.908282	0.985265	0.0516551	0.0079093	0.00228104	0.000137927	6.0023e-007	1.67916e-008	5.81707e-008	1.27343e-008	4.26557e-011	3.69793e-013	2.35465e-015	5.0063e-019	7.63697e-023	2.19906e-023	7.41672e-024	1.98931e-027	3.24333e-030	1.8129e-034	4.08554e-037	6.92679e-040	2.19228e-041	2.09513e-042	
0	0	5.57242e-005	0.127254	0.022295	0.00101598	0.00142505	0.0145214	0.00136858	0.00271109	0.0479282	0.0469021	0.0022021	0.000777776	0.00102688	0.0415283	0.0291574	0.000696012	0.000329935	0.21336	0.0178095	0.00239633	0.0165938	0.029794	0.0995065	0.00128047	0.00183017	0.072534	0.0827795	0.0114228	0.947579	0.752361	0.676559	0.381837	0.379214	0.131605	0.49351	0.340144	0.108482	0.00316473	4.57329e-006	3.78327e-007	1.81332e-009	6.08017e-010	8.97076e-009	6.30071e-010	4.0314e-012	2.26325e-015	3.97874e-017	1.44685e-018	4.73087e-020	2.29497e-021	
0	0	7.54948e-008	2.95181e-006	0.0343461	0.000133569	2.02439e-006	5.04585e-005	1.82108e-006	3.31541e-005	0.000311204	0.00218391	0.000489505	4.67621e-006	4.41201e-006	6.08276e-005	0.000904651	0.000308112	6.4283e-006	1.67312e-005	0.000183115	0.00129014	0.00029778	6.07027e-005	0.0023855	0.000565786	0.000261955	0.000239892	0.0022316	0.00289856	0.000677337	0.239456	0.307854	0.460714	0.488144	0.00788585	0.102136	0.43893	0.54833	0.0730417	0.000187925	1.8179e-006	2.5521e-009	2.16757e-009	1.60104e-008	8.77701e-009	2.71302e-011	1.01986e-013	2.54799e-015	7.43143e-017	4.47354e-019	9.71891e-022	
0	0	0	4.28258e-009	0.000282877	0.000464984	2.1386e-006	6.78988e-006	1.64124e-006	2.24717e-007	1.23303e-006	2.51644e-005	5.58621e-005	1.95014e-005	8.40946e-007	1.11456e-006	8.92044e-006	8.66871e-005	4.31255e-007	7.89766e-007	7.98697e-005	0.000144457	1.5654e-005	4.11647e-005	1.58223e-005	0.00015433	6.97001e-006	5.23277e-006	2.98437e-006	7.14259e-006	5.78467e-005	0.000272405	0.0116061	0.151225	0.130449	0.764805	0.40163	0.219711	0.33219	0.875711	0.966761	0.995064	0.815913	0.911908	0.893454	0.347731	0.013796	0.000325682	0.000116052	5.05697e-005	1.02074e-005	5.7618e-007	
0	0	0	2.05639e-010	8.61428e-008	0.000114479	1.97886e-007	1.20169e-007	6.06518e-007	3.61883e-009	4.26551e-009	3.86413e-006	1.38993e-006	4.56771e-006	6.15717e-008	4.37396e-008	2.0224e-006	2.36394e-005	1.60094e-008	9.8388e-007	4.58029e-007	1.97689e-005	3.36702e-006	7.89372e-005	3.56431e-007	4.65214e-005	5.17966e-007	4.96865e-008	5.54317e-008	8.00751e-008	2.65063e-005	1.64629e-006	0.00169964	0.00545005	0.00155746	0.032613	0.00149748	0.000762744	0.0103192	0.0118309	0.000845611	0.00224497	0.00672718	0.0100079	0.0991972	0.65064	0.985131	0.999159	0.967065	0.920396	0.0700218	0.00499244	
0	0	0	0	1.96526e-009	3.74751e-006	3.91648e-007	1.40479e-005	2.23437e-005	2.62885e-007	4.27303e-008	1.02451e-007	4.18761e-007	7.92941e-006	5.41708e-007	2.90397e-007	2.91309e-008	2.05203e-006	2.74384e-008	1.16417e-008	8.30949e-007	2.90735e-005	1.22391e-006	2.14778e-006	1.70981e-006	1.1661e-005	1.7184e-007	1.05861e-008	8.18751e-010	2.98152e-009	2.00478e-009	3.07728e-008	3.85946e-007	0.00063623	0.000635441	0.0630909	0.00122611	0.000452107	0.00067854	0.0362516	0.0322008	0.00268931	0.177359	0.0780843	0.00734852	0.00162895	0.00107281	0.000514896	0.0328187	0.079553	0.929968	0.995007	


1	0.599108	0.309563	0.0628077	0.0444376	0.0735431	0.0434902	0.10065	0.236744	0.138998	0.152173	0.447977	0.605225	0.0322756	0.0101652	0.00500824	0.00379395	0.000279806	0.000120422	1.86329e-005	0.000132434	2.15444e-006	6.6875e-007	7.8089e-007	1.0357e-006	2.46429e-007	2.28779e-007	1.63245e-007	1.12068e-008	5.89084e-009	1.53938e-010	5.95936e-012	1.28801e-014	3.24168e-017	5.43668e-018	2.63108e-018	7.67722e-019	9.71446e-018	6.26493e-019	3.23394e-019	6.59793e-020	2.24745e-023	9.41984e-026	1.43905e-027	1.94327e-030	7.93319e-034	4.4827e-034	1.74463e-035	1.10981e-036	9.54736e-039	8.15208e-040	1.17205e-041	
0	0.399836	0.100117	0.00457631	0.942731	0.574039	0.0153601	0.454142	0.642385	0.0221239	0.0774534	0.332951	0.189615	0.966312	0.404205	0.950008	0.430573	0.993141	0.0183612	0.00262286	0.306873	0.998088	0.155854	0.438371	0.462571	0.98431	0.050411	0.0105453	0.000361119	1.97338e-005	7.03746e-008	1.92728e-010	1.18436e-014	5.93468e-019	8.33672e-019	1.79346e-019	1.36222e-020	1.67915e-018	1.31518e-018	4.81673e-019	2.03711e-021	1.48362e-023	5.33534e-025	3.45024e-027	9.1094e-031	4.22616e-032	1.10131e-031	4.92749e-032	7.4969e-033	9.78782e-034	1.87296e-033	3.66742e-034	
0	0.00105632	0.59031	0.916539	0.00985751	0.352406	0.929996	0.128534	0.101102	0.706701	0.766827	0.20679	0.19834	0.00130798	0.585074	0.0337008	0.555246	0.000711296	0.981478	0.88134	0.669346	0.000329249	0.844128	0.172193	0.527849	0.00407708	0.929928	0.826662	0.965227	0.369849	0.100552	0.0222319	9.43965e-005	3.57626e-008	9.62407e-009	1.26764e-010	6.39083e-010	9.8398e-008	4.55481e-009	5.18713e-011	2.4879e-012	1.98053e-013	1.85756e-017	1.42865e-016	7.06734e-016	9.83425e-017	9.74501e-017	1.81546e-018	7.54876e-021	4.43921e-024	4.37112e-026	5.14482e-028	
0	0	1.06505e-005	0.0160773	0.00292764	7.99416e-006	0.0111538	0.316508	0.0193294	0.132145	0.00350632	0.0122	0.00632004	6.05063e-006	0.000445915	0.0109043	0.0101179	0.00518788	4.79325e-006	0.11601	0.022638	0.00137789	1.03247e-006	0.389387	0.00939569	0.0114609	0.0195431	0.162402	0.0343706	0.630078	0.899344	0.975388	0.999892	0.993063	0.996603	0.274329	0.95127	0.812426	0.826709	0.873636	0.925383	0.072691	0.000131586	0.00411589	0.639553	0.0442151	0.000836178	0.000170324	0.000575446	1.08188e-007	4.98092e-011	2.11913e-015	
0	0	1.45479e-024	4.67156e-010	3.21815e-005	6.18304e-008	2.47337e-011	0.000157979	0.000396811	4.22898e-006	1.02463e-005	2.6678e-007	7.13111e-006	2.75873e-008	5.65527e-010	2.52235e-006	2.9803e-007	6.30192e-006	1.87931e-008	1.19918e-010	0.000509939	3.62403e-006	7.67365e-010	8.06507e-009	0.000138385	2.31962e-006	2.49096e-006	2.88423e-005	2.13632e-006	7.19789e-007	0.000102026	0.00237991	1.37482e-005	0.00693706	0.00323001	0.724696	0.04828	0.0526665	0.0156457	0.0061996	0.0627211	0.875	0.0210046	0.0110564	0.000987226	0.0523475	0.000978937	0.000198191	0.000172978	1.4068e-007	1.40409e-012	3.92305e-018	
0	0	0	5.33994e-013	1.42701e-005	3.50203e-007	4.86019e-012	4.51632e-007	4.54629e-006	2.34798e-009	1.809e-006	5.38994e-008	9.98064e-009	7.03531e-007	5.77178e-011	2.86967e-008	3.65846e-009	2.99396e-007	2.01194e-009	3.21937e-013	0.000317654	1.0352e-005	8.30259e-009	5.39954e-011	4.45169e-006	1.13866e-007	1.40245e-010	8.44642e-009	1.30339e-009	9.32718e-010	1.56315e-007	8.59517e-008	2.70921e-009	1.57184e-007	0.000167152	0.000967314	0.000403119	0.134561	0.15368	0.0140985	0.000509417	0.0496543	0.97866	0.133315	0.00418284	0.192347	0.55462	0.883476	0.824505	0.92217	0.00138796	3.44872e-007	
0	0	0	9.2128e-033	4.28875e-013	3.57469e-006	2.36211e-007	1.13005e-007	1.36158e-007	7.1129e-009	2.65777e-009	2.24666e-006	2.17765e-007	1.0304e-007	7.27461e-009	3.83404e-009	9.18819e-010	1.52494e-010	2.76784e-009	8.18637e-011	2.28331e-009	1.10102e-005	1.05824e-005	4.92085e-006	2.18863e-006	2.53858e-006	1.2044e-007	1.39078e-009	1.86106e-011	4.01797e-012	5.71443e-013	1.35255e-010	7.55532e-012	7.11235e-015	1.95916e-009	7.90688e-006	4.0971e-005	0.000180673	0.00368656	0.103281	0.000917845	0.000625011	8.39252e-005	0.614407	0.0550822	0.00898985	0.141978	0.0394845	0.010797	0.0722089	0.993589	0.997761	
0	0	0	0	6.3188e-014	2.72228e-008	3.84643e-008	7.93466e-006	3.81558e-005	2.77311e-005	2.82652e-005	7.89871e-005	0.000491851	9.72039e-005	0.000109732	0.000376018	0.000269749	0.000672952	3.56459e-005	8.75436e-006	0.000182939	0.000177502	4.75856e-006	4.33208e-005	3.85989e-005	0.000146914	0.000114548	0.000360824	3.96208e-005	5.25647e-005	2.03391e-006	1.66567e-007	9.64537e-010	1.31565e-011	6.93079e-010	5.95145e-007	5.74987e-006	0.000165891	0.000278974	0.00278496	0.0104684	0.00203001	0.000119588	0.237105	0.300195	0.7021	0.301587	0.0766712	0.16395	0.00562057	0.00502336	0.00223891	


1	0.547305	0.596275	0.397793	0.846976	0.279013	0.374653	0.851539	0.556815	0.832596	0.495287	0.48177	0.708841	0.854438	0.939646	0.958655	0.76611	0.988203	0.234735	0.565629	0.798627	0.983187	0.271135	0.82216	0.66037	0.901886	0.906628	0.817273	0.599571	0.920137	0.425461	0.104263	0.243383	0.0856446	0.00619569	0.0024645	0.00192028	0.00147481	0.000605812	0.000679166	4.47209e-005	4.13535e-010	1.43778e-011	7.35219e-015	1.25073e-017	1.04571e-021	9.5549e-023	3.0895e-024	1.15671e-025	3.68032e-027	8.28926e-028	6.54536e-028	
0	0.452569	0.246217	0.362162	0.148466	0.680691	0.549415	0.147484	0.442776	0.0396405	0.0840491	0.446208	0.241958	0.124749	0.0529981	0.0292344	0.223585	0.00973182	0.642137	0.358646	0.178483	0.0162034	0.461093	0.168937	0.110913	0.0925206	0.0704391	0.0444367	0.0752267	0.0375072	0.0912333	0.0240503	0.0372747	0.00536155	0.00112251	0.000449746	0.00215393	0.00856155	0.000264234	0.000212611	1.59945e-005	1.19426e-007	1.52871e-009	4.60679e-011	1.06729e-011	3.85807e-013	4.94271e-013	1.23104e-014	2.21805e-016	1.71555e-017	7.99618e-019	5.48185e-019	
0	0.000126437	0.157371	0.175438	0.00361767	0.0375747	0.0757973	0.000347729	0.000213986	0.126409	0.419861	0.0509843	0.0427545	0.00866923	0.00703147	0.0120161	0.0102877	0.000669999	0.123121	0.0730504	0.00959084	0.000505624	0.267724	0.00562914	0.228415	0.000590057	0.0226769	0.138141	0.325086	0.0420801	0.478163	0.869593	0.484925	0.0124712	0.00531139	7.75821e-005	0.00129852	0.139345	0.56316	0.0283989	3.01206e-005	1.03055e-007	4.75227e-011	1.15732e-010	2.499e-010	9.50755e-012	3.58152e-012	1.79099e-014	1.79985e-017	2.22576e-018	1.20981e-019	1.79535e-020	
0	0	0.000137702	0.0638883	0.000781687	0.00272168	0.000118314	0.000624461	0.000192414	0.00130358	0.000800193	0.0201051	0.00466421	0.0121344	0.000177307	9.33668e-005	1.56702e-005	0.00139536	6.70101e-006	0.00262566	0.0132979	9.30549e-005	4.81867e-005	0.00299965	0.000294591	0.00492509	2.53745e-006	5.25123e-005	0.000108741	0.000231227	0.00502337	0.000541941	0.155704	0.172622	0.877163	0.568423	0.0221836	0.0094149	0.0418399	0.186225	0.000523301	3.38746e-005	4.44599e-006	1.55155e-006	9.50634e-007	6.03359e-008	3.38803e-009	1.05629e-011	4.85148e-014	1.88699e-015	3.45586e-017	9.97081e-019	
0	0	9.76492e-011	0.000718355	2.27561e-006	2.77456e-007	1.0106e-005	3.01535e-007	2.04278e-006	3.03755e-007	2.85227e-008	0.000932398	2.80528e-005	1.22118e-006	5.64593e-005	2.33623e-007	7.52222e-007	5.60817e-008	1.9711e-008	4.85566e-005	1.44631e-006	4.69802e-006	4.05507e-008	0.000274266	3.667e-008	7.76102e-005	4.38096e-007	6.64463e-009	3.55964e-006	1.54874e-005	0.000109645	1.77255e-006	0.0624422	0.00745128	0.00147973	0.330335	0.0228433	8.04388e-006	1.91191e-005	0.0253603	5.64629e-005	1.99897e-007	1.4617e-007	1.68182e-007	2.91613e-006	9.72198e-010	7.52202e-011	3.16615e-013	5.17342e-014	4.44888e-018	1.08202e-019	1.60809e-019	
0	0	0	7.84952e-008	0.000156013	7.26379e-008	5.45651e-006	4.0912e-006	1.53909e-008	5.06524e-005	2.71306e-006	1.64527e-007	0.00175451	1.73058e-006	8.98767e-005	6.75213e-007	6.08399e-008	8.72405e-008	3.66419e-007	3.4215e-008	2.61135e-007	6.58621e-006	5.41158e-009	1.07235e-007	7.00198e-006	7.34207e-007	0.000252658	9.70905e-005	4.39114e-006	2.9501e-005	1.00653e-005	0.00154992	0.0162658	0.716009	0.108328	0.00521048	0.944396	0.821297	0.361598	0.441533	0.770253	0.00156443	2.69357e-006	8.82784e-005	0.00108773	3.44383e-005	1.97779e-008	1.48426e-010	3.24498e-012	1.31779e-015	5.20085e-019	8.16609e-022	
0	0	0	4.04884e-027	1.79233e-010	1.67701e-008	1.53013e-012	2.39396e-008	8.8506e-010	6.50991e-012	6.16384e-009	1.34153e-010	4.92576e-010	6.82088e-007	1.0322e-009	1.1218e-007	1.94535e-011	2.41706e-010	6.06736e-013	8.08672e-011	5.09075e-011	5.63803e-010	8.69472e-012	3.71326e-011	2.45833e-011	1.26498e-008	2.80428e-011	3.4523e-007	1.08747e-008	2.04987e-010	2.19172e-008	2.30324e-008	4.87947e-006	0.000436671	0.000376661	0.0925935	0.00362847	0.0175222	0.0201015	0.0616537	0.149652	0.98072	0.418803	0.17426	0.00241153	0.000245757	2.66216e-006	1.79507e-008	7.15486e-010	1.9333e-012	3.61037e-016	2.09581e-020	
0	0	0	0	1.83298e-010	6.59719e-008	4.15428e-009	9.12389e-009	2.83624e-009	2.13727e-010	1.15858e-008	7.60053e-009	5.50269e-009	5.74948e-006	5.82356e-007	3.12235e-007	3.17047e-008	1.0978e-007	2.73165e-009	4.56443e-010	3.21229e-009	5.55284e-009	4.8428e-010	6.9542e-010	2.358e-010	1.35026e-008	2.21544e-010	1.78856e-008	3.95538e-009	7.48723e-010	1.55074e-009	3.21499e-010	2.89446e-007	3.80961e-006	2.31453e-005	0.000445908	0.00157581	0.00237731	0.0124121	0.255937	0.0794245	0.017681	0.581189	0.82565	0.996497	0.99972	0.999997	1	1	1	1	1	


1	0.998813	0.153262	0.204213	0.956316	0.976582	0.371796	0.973235	0.99756	0.337118	0.137773	0.740809	0.675857	0.998076	0.311059	0.688406	0.376622	0.975215	0.33975	0.515532	0.989568	0.99088	0.707986	0.982092	0.619139	0.994801	0.555776	0.121947	0.00190575	5.96588e-005	3.34766e-006	1.85113e-007	2.83287e-009	4.68418e-012	8.91795e-014	2.06496e-015	1.57045e-016	2.04913e-016	2.60038e-017	6.97751e-018	2.55998e-018	2.53896e-022	5.77074e-024	6.3265e-026	3.48507e-028	6.86319e-033	1.92044e-034	4.31228e-036	1.33943e-037	5.54587e-039	1.19256e-040	1.08526e-041	
0	0.0011815	0.846736	0.783107	0.0269079	0.023345	0.628104	0.0165613	0.00185818	0.662795	0.859833	0.186033	0.323703	0.0013541	0.688939	0.296892	0.621674	0.0054634	0.660231	0.478762	0.00853732	0.00907903	0.291992	0.0174762	0.380745	0.0033936	0.443786	0.875023	0.998027	0.998645	0.398878	0.0678628	0.00218751	4.41297e-007	4.47455e-010	5.47951e-014	3.89118e-014	4.53638e-013	1.10493e-014	6.96129e-017	2.56277e-018	1.4444e-021	4.57857e-025	6.24686e-023	8.31181e-021	2.07969e-023	3.1784e-026	1.67092e-029	2.84372e-031	4.08598e-035	1.67566e-038	5.09724e-041	
0	5.62755e-006	1.91847e-006	0.0126799	0.0156442	2.81408e-005	0.000100542	0.0101739	0.000179235	8.61933e-005	0.00239443	0.0731198	0.000375323	0.000537319	2.57746e-006	0.0147027	0.00170141	0.0187177	1.84854e-005	0.00570636	0.00111565	2.71138e-005	2.17573e-005	0.000431746	0.000115548	0.00177561	0.0004367	0.00302999	6.77231e-005	0.00129497	0.601118	0.930939	0.997378	0.991049	0.989524	0.0833239	0.0118849	0.00732882	0.0386743	0.0397926	0.0329932	0.00199527	1.16097e-005	2.1914e-005	0.00313929	1.13081e-005	5.96886e-009	4.02371e-011	8.044e-013	4.23913e-015	2.60579e-019	4.99026e-024	
0	0	6.14599e-011	1.2302e-009	0.00113177	4.46994e-005	2.49676e-009	2.9454e-005	0.000402213	5.91281e-007	6.01481e-009	3.74862e-005	6.48841e-005	3.23026e-005	1.19665e-007	1.30806e-008	2.24546e-006	0.000603617	8.27303e-008	6.4778e-008	0.00077863	1.40803e-005	2.17286e-009	4.74164e-007	6.19927e-008	2.98064e-005	4.81273e-007	1.44178e-008	1.86107e-009	7.42682e-011	3.87569e-007	0.00119765	0.000433812	0.00895065	0.0104675	0.915957	0.00340144	9.2872e-005	0.000769808	0.00515849	0.325837	0.760442	0.961854	0.693869	0.0812717	0.000475018	5.4247e-006	9.57834e-007	5.88521e-008	1.70456e-009	8.56148e-013	2.89696e-016	
0	0	2.5659e-018	1.91596e-014	3.23442e-013	2.2247e-007	1.66086e-008	2.8241e-012	1.27246e-009	7.3034e-008	5.19739e-010	1.25768e-011	2.6998e-009	1.06854e-009	2.60351e-009	8.5338e-011	2.95141e-013	4.46705e-011	1.81115e-007	5.7123e-011	7.47552e-012	1.09654e-008	2.64083e-008	1.52379e-012	6.41272e-010	5.06438e-012	3.25068e-008	2.14598e-011	2.10552e-013	2.5584e-014	4.72577e-014	3.266e-009	7.0463e-007	1.36717e-008	8.13629e-006	0.000719341	0.984712	0.0945478	0.000432965	1.69186e-005	0.00102801	0.197047	0.0015662	0.28265	0.792024	6.64585e-005	1.42417e-008	4.63298e-011	1.69436e-011	2.24687e-012	4.14122e-015	1.5841e-017	
0	0	0	8.01108e-020	5.18877e-016	1.26797e-012	1.07155e-011	1.20765e-011	3.84423e-014	1.74754e-014	1.88205e-011	2.05853e-012	3.86783e-014	1.31134e-011	4.59377e-014	7.15178e-012	6.01684e-014	1.09598e-014	4.46017e-013	1.88274e-011	4.16422e-013	8.44286e-012	2.36941e-012	4.34874e-011	5.5474e-014	1.09036e-013	4.54718e-016	3.97546e-012	1.66325e-016	9.80286e-019	2.04167e-017	3.88297e-017	2.04904e-013	9.02846e-012	1.65272e-012	4.55187e-008	1.31613e-006	0.898029	0.123844	0.00521928	0.000292115	0.0001126	0.0305452	0.0183074	0.120245	0.99912	0.944901	0.833982	0.991645	0.163865	2.99793e-006	1.92302e-010	
0	0	0	2.25042e-027	1.55979e-019	4.59583e-016	7.7973e-015	3.90419e-013	1.51874e-013	4.81205e-016	2.0819e-014	8.29682e-012	2.5384e-013	7.35112e-012	3.65643e-014	1.24779e-014	5.45713e-014	8.66537e-014	6.23971e-015	4.77437e-015	8.86367e-011	2.74397e-011	8.13439e-011	1.06286e-012	1.68151e-011	7.63079e-012	3.62007e-014	1.32274e-016	2.48962e-016	7.71519e-020	9.82097e-022	1.78534e-020	1.75105e-019	9.99478e-018	1.87763e-014	2.06298e-014	6.2388e-011	1.65736e-006	0.836278	0.833598	0.20089	0.0289396	0.0043884	0.00405716	0.00303369	0.000326842	0.0550918	0.165609	0.00799731	0.835928	0.96859	0.945449	
0	0	0	0	1.23485e-024	7.49525e-020	1.71897e-017	3.37994e-015	4.08387e-014	1.01711e-014	8.82051e-015	4.67568e-014	4.74223e-013	5.12393e-012	9.24403e-013	8.09873e-013	2.22777e-013	1.55274e-012	2.94053e-013	3.91071e-013	4.31274e-012	1.41901e-011	2.30875e-011	1.97301e-011	2.19753e-011	1.20807e-010	2.41092e-011	1.70102e-012	6.22811e-015	7.60921e-017	1.9269e-018	5.28597e-020	4.08658e-022	1.00676e-021	6.08365e-019	1.49435e-016	2.85863e-015	1.26601e-011	1.40307e-006	0.116214	0.438959	0.0114635	0.00163488	0.00109438	0.000286015	3.95265e-007	1.41184e-006	0.000408941	0.000357574	0.000206933	0.031407	0.0545514	


1	0.999934	0.621199	0.288438	0.998696	0.981656	0.467395	0.966986	0.993322	0.0591472	0.40616	0.978346	0.28246	0.998246	0.181834	0.950795	0.775573	0.998875	0.752547	0.445246	0.994979	0.999695	0.971594	0.95077	0.953558	0.997256	0.638768	0.182271	0.015702	0.00136561	0.000205788	3.49136e-006	2.51453e-006	8.81551e-008	9.87426e-010	2.80035e-012	3.10617e-013	1.83224e-014	5.25443e-017	1.30778e-017	3.45202e-018	6.41469e-023	1.68719e-024	1.00638e-027	4.95627e-030	5.26097e-034	1.55007e-035	7.26183e-037	2.79351e-037	3.30632e-039	2.69049e-040	3.40929e-041	
0	6.60353e-005	0.378801	0.70729	0.000377986	0.0183434	0.532581	0.0296121	0.00620867	0.940844	0.580278	0.0192466	0.717537	0.000604294	0.818165	0.0355562	0.224401	0.000992147	0.247451	0.553221	0.00439873	0.000303865	0.028402	0.0492233	0.0463048	0.00272546	0.361041	0.817506	0.983995	0.998569	0.416565	0.006344	0.0137918	0.000179118	1.01315e-007	8.72895e-013	1.88868e-012	2.89146e-014	8.09397e-019	5.60516e-020	1.18862e-018	1.40455e-022	6.16438e-027	2.14758e-024	3.90929e-023	3.71785e-027	3.96895e-031	4.71932e-035	1.8703e-036	3.31834e-042	2.41646e-042	3.29907e-043	
0	3.03886e-008	3.35589e-008	0.00427202	0.000811605	3.78771e-007	2.41897e-005	0.00340217	0.000467639	8.46745e-006	0.0135604	0.00236498	2.12998e-006	0.00114954	8.78487e-007	0.0136471	2.53873e-005	0.000132238	1.31576e-006	0.00153339	0.000617422	3.85873e-007	3.74303e-006	7.06653e-006	0.000137079	1.86105e-005	0.000190835	0.000223526	0.000302878	6.51209e-005	0.583229	0.992196	0.960509	0.71243	0.812485	0.0275553	0.428633	0.00705079	1.35902e-005	2.03174e-008	3.87958e-010	5.20801e-012	1.01013e-015	4.87244e-017	5.98641e-016	9.24571e-019	5.75251e-023	7.26654e-027	1.20945e-030	1.13551e-034	3.55389e-039	6.712e-043	
0	0	4.7174e-012	2.28377e-008	9.9991e-005	3.47981e-007	3.21569e-011	1.83376e-007	9.1514e-007	1.73089e-008	1.33904e-006	4.09418e-005	9.50826e-008	1.58745e-007	6.20411e-009	1.37567e-006	7.1326e-008	1.10989e-007	1.12954e-008	3.29733e-010	1.81955e-006	1.06524e-007	1.35412e-010	4.46285e-010	2.6331e-008	1.50675e-007	1.17327e-008	2.45155e-008	1.11596e-009	2.06263e-009	1.1693e-007	0.0014546	0.0255989	0.286916	0.187495	0.896928	0.0948314	0.00260931	1.81777e-005	1.28663e-006	1.60047e-007	5.53409e-008	1.59496e-009	1.44734e-011	9.00124e-013	1.41774e-014	1.68496e-018	6.16749e-022	1.03989e-024	3.8642e-028	6.48928e-034	5.86834e-040	
0	0	1.21875e-012	3.40822e-013	1.40547e-005	1.86954e-007	3.56403e-011	1.66958e-008	3.08846e-007	6.8997e-010	2.85209e-009	1.1785e-006	3.17627e-007	2.46426e-008	4.43958e-009	5.7319e-009	1.06771e-007	6.52172e-008	3.15954e-009	4.67006e-012	3.31738e-006	8.23197e-007	3.71902e-011	7.17956e-009	2.82632e-010	1.37844e-008	5.13382e-011	5.1769e-009	1.12261e-010	2.9637e-010	2.46952e-009	2.17081e-006	9.66684e-005	0.000474067	1.98143e-005	0.0755167	0.00176019	0.000864672	2.60656e-006	1.42381e-006	7.26823e-007	1.15534e-008	2.60592e-007	2.05659e-008	4.42238e-010	1.73829e-010	1.89661e-011	4.35752e-012	2.083e-011	4.97783e-013	2.18354e-017	7.05609e-022	
0	0	0	2.26649e-015	2.99512e-014	9.26888e-008	2.87819e-007	8.56655e-011	7.7102e-012	3.03312e-010	1.55888e-009	6.35582e-011	3.21752e-009	3.98643e-010	2.87722e-011	1.04124e-009	3.19735e-010	1.18739e-011	9.04482e-008	4.90138e-010	1.72178e-012	8.62722e-009	6.96363e-007	1.51874e-009	2.48864e-009	3.25435e-013	1.52959e-009	6.93818e-011	1.46491e-010	6.91978e-012	2.33345e-010	2.5964e-010	1.23203e-006	1.88492e-007	3.34421e-008	3.50618e-008	0.474774	0.19223	0.00149304	0.000103701	2.3286e-005	1.29199e-007	5.0468e-010	1.456e-007	0.000106335	1.03866e-006	1.90338e-008	9.9246e-010	5.25628e-010	4.23942e-012	5.30516e-015	4.04127e-017	
0	0	0	9.13507e-018	2.91707e-017	3.1707e-009	9.2632e-011	6.81568e-011	7.16921e-014	1.69483e-014	6.47839e-010	1.18818e-010	3.33363e-013	1.22375e-009	2.05163e-014	7.74192e-013	6.40274e-013	7.85619e-013	7.05905e-012	1.35254e-011	3.25338e-011	3.55192e-012	7.51626e-009	2.34159e-011	2.68498e-010	1.08137e-012	5.01782e-015	1.96222e-012	8.65717e-015	2.53834e-015	3.86114e-013	2.30404e-013	1.23013e-010	4.4075e-009	1.07757e-007	1.07953e-010	1.12366e-006	0.797141	0.995704	0.644552	0.1465	0.3186	0.0319405	0.000717975	0.00244836	0.000782488	0.00021438	2.77106e-005	6.1409e-007	3.46883e-007	5.27857e-010	4.7955e-013	
0	0	0	0	3.66902e-017	2.24218e-016	3.08114e-011	3.93902e-010	4.1405e-010	8.00227e-013	2.85747e-012	2.11338e-010	2.80346e-011	1.77748e-009	2.62951e-011	2.13918e-011	9.05304e-013	1.71936e-012	6.20394e-013	3.40111e-012	9.29416e-011	3.97043e-011	3.08928e-011	7.90524e-010	2.13525e-010	2.36642e-010	3.82712e-012	5.00611e-014	8.4487e-016	1.24677e-016	1.23612e-016	1.05647e-015	1.29198e-014	1.94205e-011	3.55094e-011	6.85319e-010	2.67174e-011	0.00010461	0.00276909	0.355341	0.853476	0.6814	0.968059	0.999282	0.997445	0.999216	0.999786	0.999972	0.999999	1	1	1	


1	0.999696	0.98947	0.741801	0.996215	0.998003	0.88529	0.993833	0.969899	0.840061	0.985654	0.989622	0.981828	0.999843	0.915185	0.993253	0.958994	0.999777	0.973727	0.884669	0.999111	0.999709	0.970387	0.997374	0.992771	0.998413	0.900547	0.931833	0.539514	0.58715	0.038237	0.00447168	0.000467042	3.23528e-005	2.89376e-006	8.87063e-009	5.88506e-010	1.38339e-010	1.2137e-011	3.91801e-013	2.34522e-014	6.03831e-018	7.70765e-020	8.03764e-022	2.73189e-024	6.15213e-028	2.06769e-029	1.24475e-030	8.5546e-032	1.93547e-033	2.97172e-034	2.72262e-035	
0	0.000285888	0.0105293	0.258134	0.000123958	0.00192257	0.114704	0.00603435	0.030065	0.159925	0.0129401	0.0100604	0.0181621	0.000127544	0.0848147	0.00544141	0.0409959	0.000187321	0.0262693	0.115327	0.000807961	0.000246626	0.029607	0.00261717	0.00719847	0.00157193	0.099443	0.0678826	0.460448	0.412332	0.954937	0.873239	0.970075	0.330851	0.0429773	3.0967e-005	0.000127121	8.51817e-006	1.06034e-007	6.57659e-011	1.61757e-012	1.21596e-014	1.8419e-018	1.04783e-017	6.81952e-016	4.57356e-019	1.17553e-022	4.017e-026	1.24402e-028	3.11556e-033	1.93018e-036	7.3137e-038	
0	1.83893e-005	1.05022e-006	6.53854e-005	0.00364532	1.26348e-005	5.52797e-006	0.000131018	2.18771e-005	1.3991e-005	0.00140578	0.000246326	7.34646e-006	2.15625e-005	6.36607e-008	0.00130576	2.12504e-006	2.55573e-005	3.83639e-006	3.19989e-006	7.88982e-005	2.03708e-006	5.0771e-006	8.91725e-006	3.00492e-005	4.02112e-006	9.86795e-006	0.000284509	3.71896e-005	0.000517605	0.00682441	0.12226	0.0285666	0.668658	0.953472	0.981397	0.804561	0.946069	0.68818	0.0405304	0.00207727	0.00542851	0.000303601	0.000171342	0.000403754	6.67007e-005	9.64167e-007	3.53373e-008	5.33804e-010	1.27431e-011	5.94598e-016	2.70819e-020	
0	0	1.06311e-008	2.95446e-010	1.55738e-005	6.12664e-005	8.25728e-007	2.12822e-006	1.37467e-005	2.35122e-008	6.25039e-008	7.14028e-005	2.10908e-006	7.85481e-006	3.37982e-008	2.95001e-008	8.18192e-006	1.01314e-005	2.04092e-008	1.27756e-008	1.95415e-006	4.18927e-005	2.37264e-007	3.89526e-007	4.73192e-008	1.08413e-005	2.269e-008	2.37826e-008	4.03722e-008	4.72306e-008	1.04112e-006	1.30537e-005	0.000796495	0.000443466	0.00281414	0.0180987	0.000816937	0.00191805	0.268634	0.954234	0.99472	0.96618	0.996924	0.571957	0.0742564	0.00412529	0.000561402	0.00115466	0.00120559	0.00221496	0.000357785	6.14977e-006	
0	0	1.41368e-009	3.75435e-010	4.56757e-010	4.43936e-007	1.25972e-007	4.5812e-010	1.49037e-008	4.64707e-008	3.5037e-009	2.57928e-007	6.84924e-008	1.48439e-010	4.988e-008	1.36491e-010	3.68992e-008	2.1114e-010	3.06455e-008	7.50796e-010	5.67526e-011	3.48614e-010	2.80651e-007	1.74449e-010	1.53043e-009	2.95506e-009	8.39463e-008	5.5403e-010	2.16019e-007	7.25197e-009	1.13793e-007	1.67175e-005	9.4856e-005	1.43608e-005	0.000733788	0.00046126	0.19449	0.002369	6.22864e-005	5.22096e-005	0.00309848	0.0278191	0.000124175	0.426695	0.810902	8.78144e-005	7.63704e-008	4.50775e-009	6.36083e-008	5.32101e-009	1.10205e-007	8.1281e-008	
0	0	0	4.41713e-012	2.42699e-012	6.24494e-013	9.85818e-010	5.17215e-011	6.3335e-013	8.32509e-013	1.26489e-010	2.72517e-011	2.10524e-010	2.51401e-010	5.85965e-014	7.68899e-010	5.46701e-012	5.46766e-011	1.88094e-012	3.38661e-012	1.23483e-012	1.25183e-012	6.48075e-013	9.07458e-010	7.74222e-012	3.78467e-013	2.61326e-013	4.57066e-010	7.37201e-013	2.04085e-010	1.22166e-010	1.47215e-010	8.09544e-008	5.61626e-007	3.25617e-008	1.18687e-005	4.78021e-006	0.0496348	0.032307	0.00316356	3.84492e-005	0.000508997	0.00259414	0.000965488	0.114185	0.993436	0.931401	0.784428	0.939737	0.498446	3.79174e-005	1.28522e-009	
0	0	0	3.34644e-017	8.52305e-015	1.49289e-014	9.69222e-015	1.09833e-012	4.3166e-013	1.39257e-016	8.26237e-015	2.70138e-013	1.50685e-014	5.32732e-012	2.31295e-014	4.00365e-015	2.70911e-013	1.39563e-014	3.10351e-014	1.97267e-015	4.39161e-014	7.84732e-016	3.3134e-015	1.03724e-014	2.95656e-013	1.83664e-014	2.97089e-017	5.72399e-016	1.43166e-014	1.20287e-015	1.4347e-013	9.3245e-014	1.04022e-012	7.76198e-010	2.31027e-009	1.60574e-010	3.23619e-008	4.09143e-007	0.00255877	5.30226e-005	2.9857e-005	8.55719e-006	1.16341e-005	6.83959e-005	0.000238141	0.000710621	0.0142103	0.129534	0.05124	0.0310449	0.0015393	1.59687e-005	
0	0	0	0	2.42502e-012	6.56787e-012	4.02957e-013	1.37636e-011	4.92976e-012	2.67343e-014	2.17418e-013	9.78891e-012	5.71974e-013	4.47683e-010	8.95278e-012	1.3475e-011	2.14721e-012	2.87843e-012	2.03537e-012	4.64176e-014	4.77332e-012	1.22646e-011	3.3817e-011	2.64211e-012	1.58511e-010	7.82061e-011	9.44326e-013	2.3461e-014	5.53881e-013	4.3766e-015	1.41589e-013	2.29122e-013	4.76373e-014	3.56551e-011	6.76582e-009	3.89555e-010	1.43637e-008	2.51365e-007	0.00825764	0.00196706	3.60277e-005	5.4456e-005	4.20704e-005	0.000142828	1.49849e-005	0.00157373	0.0538258	0.0848828	0.00781753	0.468294	0.998065	0.999978	


1	0.999076	0.998917	0.695979	0.999674	0.999925	0.00847857	0.996591	0.991061	0.996917	0.996916	0.990807	0.999797	0.999999	0.998979	0.739508	0.916525	0.99999	0.945495	0.995762	0.999949	0.998177	0.907781	0.994306	0.951169	0.999995	0.980214	0.987338	0.910344	0.669189	0.0371454	0.0287396	0.0624941	0.623858	0.00764146	0.00133615	0.0033522	0.0251038	0.00944325	0.000454026	0.000436279	1.45762e-005	9.12564e-006	1.47444e-007	6.12814e-008	2.40041e-009	6.39829e-008	1.06986e-007	1.47957e-008	3.77574e-010	1.83151e-010	7.44609e-011	
0	0.000914908	0.00107398	0.00914182	2.73221e-007	6.29186e-005	0.991435	6.68722e-005	0.000113376	0.00287842	0.00308154	0.00204751	7.1746e-005	2.32437e-007	0.000991716	0.260487	0.0151329	1.95128e-006	0.0471584	0.00070553	4.83261e-005	0.00182285	0.0864282	0.00563167	0.0488273	1.27206e-006	0.0195656	0.0125201	0.077321	0.330183	0.298725	0.0208945	0.48301	0.0208139	2.34975e-008	0.000243094	0.00035822	2.09766e-006	4.94164e-005	7.3538e-005	3.59597e-007	6.0146e-008	4.68605e-009	1.34949e-009	7.92591e-007	5.30243e-013	2.44072e-011	2.94267e-011	8.45816e-011	1.67173e-013	9.93874e-015	3.6342e-014	
0	9.22235e-006	9.36768e-006	0.294879	2.08897e-008	1.13273e-005	8.60928e-005	0.00324588	0.00881181	4.97009e-005	2.49635e-006	0.00714548	0.000130327	5.83912e-008	2.88101e-005	5.45599e-006	0.0683417	3.59512e-009	0.00734626	0.00332747	3.03086e-007	5.39997e-008	0.00579092	6.16572e-005	3.35799e-006	3.54918e-006	0.000219879	0.000141939	0.0123348	0.000628074	0.664129	0.0160867	0.409172	0.00781315	1.15881e-005	2.23901e-009	0.0192586	0.000416113	7.80472e-009	3.92708e-008	1.30493e-008	5.49799e-007	1.61766e-012	2.26282e-007	0.0138348	0.000686252	6.85023e-005	3.28811e-009	3.20482e-012	3.00377e-015	2.8759e-017	6.78403e-015	
0	0	1.51018e-009	7.25075e-008	0.000325328	5.27566e-007	1.54055e-013	9.58753e-005	1.39128e-005	0.000155224	2.59657e-008	6.85721e-009	1.25809e-006	2.94845e-007	1.03053e-009	5.82996e-011	2.12451e-008	8.35344e-006	1.44666e-009	0.000205176	2.33138e-006	5.23689e-013	1.18191e-010	1.12141e-006	4.17969e-009	1.64835e-008	1.12004e-007	7.57556e-009	3.57415e-008	4.96082e-009	3.3331e-007	0.934279	0.0243317	0.233034	0.992265	0.000137249	0.000655617	0.0082839	4.84358e-006	1.6466e-011	2.0935e-011	1.67492e-007	1.72177e-012	6.17635e-014	5.16906e-007	0.0752967	0.0259038	0.000108113	3.72092e-010	6.245e-015	3.38009e-018	5.35741e-020	
0	0	1.36269e-021	4.44259e-013	8.89941e-011	2.09282e-007	5.21971e-012	3.88493e-013	2.60897e-008	6.21306e-009	2.49133e-007	3.11264e-010	7.08042e-012	6.63044e-010	4.29312e-010	7.15234e-012	9.72894e-015	3.16522e-011	6.64051e-009	2.9871e-012	2.25059e-007	9.07925e-009	1.07908e-011	1.03999e-013	1.64412e-009	4.07095e-012	3.662e-012	6.91202e-011	5.88453e-012	2.27379e-011	3.04165e-012	4.54593e-009	0.0209921	0.105768	8.02517e-005	0.998279	0.976158	0.885814	0.132941	0.000757939	2.02857e-005	8.23559e-005	5.8561e-005	0.00039831	0.0266013	0.165019	0.765728	0.580994	0.0517098	0.000137205	1.87925e-007	1.32422e-010	
0	0	0	6.64054e-023	3.75844e-014	1.3011e-014	4.41016e-012	1.649e-011	1.90459e-015	3.79496e-012	1.42533e-010	1.1256e-011	2.41807e-012	3.41291e-013	1.18132e-014	3.60844e-011	9.4448e-015	1.49854e-014	8.22958e-015	1.47151e-014	1.68825e-013	3.83835e-007	2.13831e-011	1.55354e-013	1.43431e-014	4.04741e-013	1.05565e-016	2.14042e-013	7.22142e-016	1.5266e-013	2.46601e-015	1.02717e-015	1.90612e-010	0.0087124	1.5711e-007	4.24972e-006	0.000217671	0.080379	0.855671	0.997561	0.8573	0.040976	0.983127	0.986451	0.94467	0.758157	0.14609	0.412408	0.948064	0.999366	0.0692354	7.36065e-006	
0	0	0	8.42417e-042	2.00341e-024	4.33035e-015	2.90482e-020	5.97179e-011	1.37769e-013	5.40429e-015	1.23297e-013	6.78323e-014	8.54192e-014	1.64021e-012	1.95781e-014	1.5624e-016	7.04904e-015	7.93321e-015	7.06749e-018	7.78433e-017	2.70354e-014	2.04232e-015	1.39494e-009	2.76802e-011	4.0027e-012	2.60142e-011	1.74793e-013	4.43103e-016	3.01671e-016	9.37961e-020	7.40655e-020	4.64477e-018	4.45082e-019	1.10445e-013	1.14065e-006	1.57118e-009	1.59435e-008	1.02193e-006	0.00189013	0.00114934	0.142228	0.952217	0.00912199	0.0119828	0.000298678	0.000221948	0.0149959	0.000969871	7.33368e-006	0.000496878	0.930755	0.920179	
0	0	0	0	1.42818e-028	4.03228e-018	6.0736e-018	4.68487e-015	5.95742e-011	1.61854e-011	1.78126e-012	9.52305e-012	5.01744e-012	1.1984e-013	1.33982e-012	1.54932e-013	2.16849e-013	2.43346e-015	1.23817e-014	2.97939e-014	2.41056e-015	3.64859e-016	7.21114e-011	2.55975e-010	1.58331e-011	2.2501e-011	1.7224e-011	2.42895e-012	2.38022e-011	4.80761e-012	3.38678e-013	1.53907e-013	7.99826e-013	1.15239e-012	3.11432e-009	8.96888e-009	8.52009e-008	2.01664e-007	4.05873e-008	4.36958e-006	1.55976e-005	0.00670962	0.00768317	0.00116741	0.0145937	0.000619566	0.0472142	0.00552023	0.000219232	1.6288e-007	9.87575e-006	0.0798135	


1	0.999469	0.99955	0.574387	0.99982	0.999095	0.0539437	0.975155	0.992763	0.996701	0.999253	0.956872	0.999763	0.999932	0.995281	0.952562	0.912223	0.999987	0.845232	0.964581	0.999863	0.999868	0.504087	0.987761	0.996076	0.999714	0.972621	0.997621	0.387127	0.711519	0.0159208	0.00428172	0.00133866	0.00720241	0.000113681	0.00257301	0.000199781	0.000801996	0.00870416	0.133353	0.384687	0.00057165	0.00544745	0.000144885	3.53184e-007	1.94164e-009	8.31734e-009	4.16029e-008	6.42307e-009	9.2853e-010	1.08587e-009	3.31487e-010	
0	0.000518201	0.00043517	0.423136	4.19694e-007	0.000685962	0.946054	1.52567e-005	0.00529558	0.0024614	0.000727663	0.0410458	0.000152802	4.32247e-007	0.00466844	0.0474309	0.0861159	1.60315e-007	0.154705	0.0201843	2.5628e-005	0.000131677	0.49464	0.0111067	0.00387962	7.4278e-006	0.0253619	0.00235069	0.612757	0.288412	0.976699	0.0855822	0.471892	0.00369961	2.74123e-008	4.77891e-005	0.000380085	3.01124e-006	7.6372e-006	0.00039201	1.46852e-005	0.000448826	2.10496e-006	0.00200008	0.69303	0.000272797	4.09688e-005	4.27679e-008	9.4773e-011	1.62426e-013	2.75891e-014	1.07819e-012	
0	1.25622e-005	1.48369e-005	0.00247697	0.000174392	0.000219099	1.85043e-006	0.0248294	0.00194002	0.000837507	1.94024e-005	0.00208182	8.39281e-005	6.77431e-005	5.05761e-005	7.42232e-006	0.00166095	1.24073e-005	6.33218e-005	0.0152348	0.000110478	2.57524e-007	0.00127256	0.00113246	4.46565e-005	0.00027812	0.00201685	2.8463e-005	0.000116162	6.83858e-005	0.00738009	0.910125	0.52639	0.8259	0.941372	0.343721	0.994983	0.959157	0.926787	0.251194	0.00831642	0.0302277	4.69097e-005	0.000248961	0.00661707	0.225822	0.169871	0.0186244	1.0345e-005	6.61673e-008	3.41228e-010	6.13218e-012	
0	0	5.75706e-011	1.94992e-009	4.69126e-006	2.87993e-008	2.73508e-013	3.9181e-009	5.51001e-007	6.38492e-008	6.0472e-009	6.74967e-009	1.06833e-007	1.07281e-008	5.42743e-010	2.39822e-011	9.27066e-012	3.42905e-007	2.63251e-011	1.39744e-009	9.05504e-008	8.94977e-011	1.53055e-012	9.90304e-009	8.46639e-009	4.712e-008	1.38817e-008	8.64695e-009	1.34653e-011	2.3342e-011	2.95293e-011	9.63697e-006	2.42898e-005	0.161418	0.0584761	0.145106	0.000105547	0.032543	0.0125014	0.00554977	4.48498e-005	0.00751658	3.18419e-005	2.83443e-006	1.39836e-008	0.00221235	0.00166046	0.00235392	1.5096e-007	5.82099e-010	5.65781e-012	6.59576e-016	
0	0	1.44155e-010	3.46077e-010	2.19523e-008	1.11127e-008	4.03084e-010	1.20861e-010	5.63882e-007	1.05623e-008	2.81624e-008	9.9275e-010	2.44478e-008	9.45361e-010	7.13488e-010	2.63796e-009	8.36075e-011	1.42315e-008	6.90621e-010	7.21834e-010	3.78169e-007	3.51128e-009	1.55476e-011	2.74266e-008	3.29953e-008	7.06019e-010	1.59423e-009	2.96838e-008	4.13222e-010	2.80147e-009	3.94333e-009	1.53496e-006	0.000355099	0.00176718	3.86009e-005	0.507711	0.00433159	0.00742313	0.039383	0.104113	0.00482665	0.00351886	0.010019	0.186258	0.300099	0.67378	0.816839	0.264883	0.00293277	5.76035e-005	4.725e-008	1.37483e-011	
0	0	0	7.90555e-018	2.69682e-011	8.71351e-012	1.45152e-015	3.97936e-011	4.97948e-015	8.33622e-013	2.91422e-012	1.40138e-013	5.04268e-013	3.90321e-010	7.40587e-015	1.61961e-013	3.18634e-014	5.20879e-012	6.96816e-014	3.24427e-016	5.46517e-013	3.73955e-008	8.75677e-015	3.03323e-015	1.36969e-012	6.66257e-012	6.29698e-016	1.74904e-012	2.07587e-015	1.43203e-013	5.24776e-015	6.37798e-015	3.47788e-011	1.26823e-005	4.27579e-008	0.00084195	6.45304e-008	7.12177e-005	0.012607	0.505111	0.572447	0.000647764	0.543719	0.0303286	1.82928e-005	0.0979115	0.0103156	0.713266	0.997014	0.998788	0.00324578	1.11354e-008	
0	0	0	6.99149e-025	4.71645e-019	2.27513e-012	2.52087e-018	1.1388e-015	5.22882e-014	4.74457e-016	2.33051e-015	4.04918e-015	6.69899e-016	1.73669e-013	9.37927e-013	2.17609e-015	2.54102e-018	8.6817e-016	1.87188e-016	2.58406e-016	5.12648e-016	4.53159e-016	4.42098e-011	2.33147e-013	1.07398e-015	2.02446e-012	1.74507e-014	3.21554e-018	8.17677e-016	2.01736e-020	3.13775e-021	1.04888e-017	4.22079e-020	9.09961e-016	6.73362e-009	4.49506e-010	2.1979e-007	1.93946e-009	6.84641e-006	0.000226149	0.0295861	0.957042	0.0193346	0.763955	7.07079e-006	3.19702e-008	0.00108514	8.98163e-006	8.12231e-007	0.00113269	0.995863	0.801965	
0	0	0	0	2.65263e-021	1.13755e-014	9.83981e-015	1.56798e-013	7.13325e-013	8.897e-013	6.32109e-013	5.58366e-012	6.95599e-012	1.20233e-011	1.52504e-011	1.4267e-011	9.0743e-012	6.5736e-012	6.22293e-012	1.33441e-011	2.09571e-011	7.23692e-012	2.42132e-011	6.24567e-011	3.6301e-011	1.42084e-010	2.61543e-010	9.68715e-011	6.42138e-011	2.38372e-011	4.25921e-013	2.81299e-013	9.94087e-014	4.97959e-013	2.16167e-010	5.83616e-008	3.71406e-008	3.34731e-007	3.28005e-006	6.08296e-005	7.78413e-005	2.61736e-005	0.421399	0.0170617	0.000228606	1.28317e-006	0.000188077	0.000863919	4.22386e-005	2.1545e-005	0.000890926	0.198035	


1	0.958261	0.994266	0.903678	0.971828	0.953235	0.966951	0.987583	0.870835	0.987938	0.991019	0.85094	0.991473	0.915449	0.971186	0.996007	0.957738	0.982413	0.962722	0.85333	0.946988	0.99005	0.651566	0.946372	0.989763	0.952343	0.888191	0.943375	0.933347	0.922275	0.19143	0.0383377	0.000899291	3.85499e-005	0.000114856	0.000177313	0.000851757	0.00860506	0.0010672	0.000135981	3.65558e-005	0.00117291	9.85453e-005	0.000309341	0.0018529	0.0442561	0.0122092	0.000166175	4.79861e-006	2.99108e-007	1.37037e-006	8.82522e-006	
0	0.0392735	0.000364092	0.0101672	0.0265502	0.0300343	0.00310705	0.0100381	0.102215	0.00269819	0.000800359	0.0990418	0.00694099	0.0828959	0.00657852	0.00193919	0.00435488	0.0156812	0.00111921	0.0184859	0.0496504	0.00889322	0.0145582	0.0259274	0.00267712	0.0434308	0.00384511	0.000554152	0.000497292	0.000101154	0.000464009	0.000111584	1.98359e-006	4.40697e-008	5.03121e-006	2.7056e-006	3.56792e-006	8.6528e-006	4.54319e-006	1.55451e-006	1.83589e-008	4.07101e-006	8.348e-008	1.33476e-008	3.45395e-008	9.22004e-006	0.000944316	1.22582e-005	9.16429e-009	2.06373e-008	7.27197e-007	2.086e-005	
0	0.00246513	0.00534482	0.0861138	0.00145592	0.0167211	0.0295858	0.00178513	0.0265592	0.00701899	0.00813304	0.049994	0.000938025	0.00148089	0.0211656	0.00088446	0.0375406	0.000142517	0.0361505	0.127731	0.00323241	0.000230834	0.333872	0.00453826	0.00692555	0.00400981	0.107802	0.00400919	0.053751	0.00139862	0.113642	0.208787	0.00311055	9.86947e-006	0.000188986	9.41135e-006	0.00144356	0.0124918	0.000174325	7.81227e-007	3.24453e-008	4.38066e-005	1.53226e-008	6.08437e-007	0.000246911	0.000442987	0.000921551	1.67604e-006	2.3915e-009	2.04018e-009	8.36626e-009	1.27719e-006	
0	0	1.45463e-005	2.5949e-005	2.68565e-005	7.71684e-006	0.000133161	1.48667e-006	4.21384e-007	0.00139917	6.44441e-006	1.40166e-005	7.88363e-005	5.32016e-007	0.00101863	5.61708e-005	4.35607e-006	0.000123376	9.82208e-007	0.000218557	6.82505e-005	8.82494e-005	2.97326e-006	0.00395336	4.05387e-005	7.24161e-006	7.51741e-005	0.000230428	1.36411e-005	0.000192154	2.32506e-005	0.000340032	0.000367036	7.38797e-006	1.16044e-006	8.64253e-006	6.44214e-007	1.54317e-005	9.89839e-005	1.89726e-006	6.24076e-010	1.87405e-009	7.84265e-009	6.37028e-010	4.7662e-008	2.72512e-006	1.03339e-006	9.48004e-007	1.49262e-008	7.46539e-012	3.15669e-010	2.50033e-009	
0	0	1.08822e-005	1.52315e-005	0.000138722	7.53573e-008	0.00022247	0.000270182	8.24856e-007	0.000842154	3.85659e-005	9.17828e-006	0.000566111	5.80305e-007	9.87927e-006	0.00104372	0.000323417	0.00103646	5.36875e-006	0.000232876	2.18701e-005	0.000558588	4.01514e-007	0.0192039	0.000591427	3.4533e-005	8.26936e-005	0.0518264	0.0123781	0.076023	0.692666	0.751577	0.994216	0.951639	0.60039	0.121825	0.608279	0.782639	0.88813	0.868509	0.0368439	0.00129748	1.03344e-005	1.88899e-005	0.000815809	0.00229134	3.79857e-005	6.08976e-006	1.68813e-005	3.99133e-007	4.25966e-009	1.00933e-011	
0	0	0	6.90266e-008	2.4511e-007	2.26632e-006	1.92985e-009	0.000319663	0.000205708	1.07846e-006	2.07951e-007	6.7552e-008	1.22396e-007	0.000171869	1.76965e-006	2.48565e-008	1.29311e-005	0.0001439	3.50124e-007	2.43975e-007	3.77585e-005	1.15236e-005	3.56751e-008	2.06742e-007	2.60028e-006	0.000166338	6.84872e-008	3.12383e-007	1.23477e-005	5.15566e-006	0.00177399	0.000834322	0.00139522	0.048207	0.393521	0.329279	0.00637126	0.176883	0.109386	0.10592	0.911274	0.776596	0.771396	0.0874364	0.00546244	0.17014	0.979683	0.999016	0.896993	0.994442	0.295002	0.012182	
0	0	0	7.66782e-013	4.77607e-011	1.64125e-011	4.04858e-011	2.04538e-009	5.70816e-007	1.26505e-008	2.30786e-011	4.18808e-011	2.36388e-011	3.67128e-010	1.00936e-007	1.64989e-010	2.28686e-011	3.8287e-008	2.39457e-010	3.73997e-011	4.31945e-010	4.53595e-008	1.27703e-011	5.32455e-011	1.80406e-010	1.46555e-008	2.33038e-009	8.98197e-012	7.02268e-010	1.82707e-009	7.65019e-009	1.77944e-007	8.42911e-008	2.47028e-006	0.000294448	0.0145691	0.000164191	3.10479e-006	1.28477e-005	0.000170799	7.45867e-005	0.0167404	0.00103225	0.00301921	2.11363e-005	1.34373e-005	3.07822e-005	2.93765e-005	0.000194836	6.85955e-005	0.0138877	0.000477504	
0	0	0	0	1.67397e-008	1.18922e-009	5.24747e-008	2.24633e-006	0.000182941	0.000102901	2.8633e-006	1.25984e-006	3.2204e-006	8.51463e-007	3.93304e-005	6.98882e-005	2.61771e-005	0.000459616	1.61943e-006	1.16936e-006	8.99326e-007	0.000168034	2.21162e-007	4.61686e-006	1.30257e-007	7.84538e-006	4.59467e-006	4.55357e-006	4.25584e-007	4.73985e-006	1.08648e-006	1.28393e-005	9.61098e-006	9.52127e-005	0.00548398	0.534129	0.382886	0.0193541	0.00112663	0.0252603	0.0517707	0.204145	0.227463	0.909216	0.991601	0.782844	0.00617218	0.000767596	0.10279	0.00548862	0.691109	0.98731	


1	0.909647	0.956973	0.973837	0.417177	0.854965	0.953811	0.742538	0.80888	0.740429	0.920647	0.962732	0.850631	0.558283	0.883648	0.903393	0.790654	0.280013	0.920663	0.879767	0.955002	0.64661	0.991616	0.911124	0.972905	0.902794	0.923475	0.747428	0.710603	0.197866	0.0662978	0.12927	0.0340333	0.0131499	0.0625886	0.193296	0.269761	0.750486	0.829335	0.859672	0.894463	0.996615	0.938659	0.951513	0.920965	0.916788	0.97755	0.973999	0.766002	0.807529	0.801134	0.970748	
0	0.0036345	0.0401405	0.024663	0.00719574	0.00317717	0.0446008	0.053643	0.0246642	0.250464	0.0755587	0.010802	0.0583705	0.00845705	0.0517507	0.0778002	0.204136	0.0882852	0.0655449	0.115786	0.0184006	0.0469295	0.00455932	0.072185	0.0249489	0.0132238	0.074502	0.244097	0.287461	0.796394	0.932482	0.866036	0.963905	0.954179	0.429001	0.551934	0.712617	0.195917	0.105559	0.0427299	0.0646796	0.000202686	0.0087271	0.0226061	0.0787525	0.00482871	0.00103883	0.0052456	0.117948	0.00862785	0.00596944	0.0033481	
0	0.0867181	0.0027532	0.00148579	0.554444	0.128175	0.000564119	0.151016	0.142539	0.00855442	0.00355553	0.0262872	0.0823723	0.359169	0.0573077	0.0179139	0.00480436	0.5998	0.0095222	0.00355701	0.0256688	0.304699	0.00210609	0.0162525	0.00106221	0.0818866	0.00122779	0.00759221	0.00130359	0.00551461	0.00101493	0.00409915	0.00163133	0.0321196	0.444843	0.205756	0.00708442	0.0373994	0.033677	0.0186917	0.0134616	0.00138872	0.0518335	0.0258361	0.000272177	0.078175	0.0206765	0.0206713	0.115837	0.181378	0.184264	0.0174985	
0	0	4.75109e-005	7.72612e-006	0.0211769	0.00521913	5.89115e-008	0.0527323	0.0196258	0.000115883	4.4943e-005	6.59475e-005	0.00857114	0.0727783	0.00377174	3.3665e-005	1.04699e-005	0.0318418	0.000218743	2.41134e-005	0.000490002	0.00138262	4.21451e-006	1.10945e-005	1.81852e-006	0.00174166	3.00794e-006	6.83422e-005	8.54007e-006	1.22425e-005	8.41546e-007	1.96441e-005	8.99362e-007	0.000222231	0.0629065	6.28442e-005	4.17544e-005	0.00397027	2.18247e-005	8.68109e-006	8.86242e-005	2.63766e-007	1.97161e-005	1.93384e-005	1.34636e-009	0.000207796	0.000160865	2.30552e-005	0.000169194	0.00151868	0.0068257	0.000461521	
0	0	8.59792e-005	5.62518e-006	6.06581e-006	0.00845642	0.000520781	1.3028e-005	0.00425782	0.000245586	1.48416e-005	1.80636e-005	3.50967e-005	0.00130814	0.00306202	0.00064187	4.12705e-005	1.48702e-005	0.00384062	0.000148277	6.50853e-005	0.000239531	0.00147527	0.000120434	1.98182e-005	1.13813e-005	0.000186773	7.55128e-007	1.11725e-005	3.66513e-007	2.16124e-006	2.51302e-006	2.22571e-006	5.49329e-007	0.000220925	0.0425765	0.00190921	2.77074e-005	9.57672e-005	0.000225278	8.93292e-005	1.93698e-006	1.27015e-005	4.58336e-006	5.28098e-007	9.63153e-009	0.0005738	5.57081e-005	4.07347e-005	0.000944944	0.00180385	0.00789823	
0	0	0	1.11673e-006	1.45471e-009	8.0863e-006	0.000479793	3.21543e-006	1.38882e-005	0.00016865	4.27272e-006	2.0085e-007	1.21765e-008	4.23759e-007	0.000457456	8.46291e-006	8.26464e-005	8.36962e-008	2.39421e-005	0.000566527	1.5134e-005	8.43356e-008	1.24411e-005	1.03979e-005	5.53712e-007	7.88174e-008	4.11995e-006	1.92708e-007	3.89582e-007	3.51833e-008	3.14769e-008	8.07826e-008	4.71669e-008	2.95257e-009	1.05896e-007	7.29151e-005	0.00207541	8.81184e-005	3.66729e-006	9.66304e-007	2.32926e-005	2.95215e-006	6.60408e-008	3.58508e-008	1.8176e-006	2.96161e-008	9.78629e-008	5.10575e-006	2.55143e-007	1.19406e-008	2.11739e-006	4.51024e-005	
0	0	0	5.92867e-015	6.66534e-015	2.1217e-014	3.29599e-009	9.71776e-016	1.96895e-017	2.24937e-009	6.76185e-010	3.04555e-015	1.82163e-016	8.98704e-015	4.66738e-011	2.89407e-009	5.93202e-013	8.35267e-014	9.46042e-013	1.05651e-011	4.27495e-011	6.24715e-014	2.93468e-010	2.73544e-012	1.00413e-009	1.60085e-016	1.15125e-010	2.42459e-013	1.21634e-013	3.14048e-015	8.58199e-015	5.80399e-010	1.49151e-014	1.91056e-016	2.08565e-014	2.04753e-009	4.363e-008	6.86072e-009	7.38492e-010	1.63017e-011	5.42485e-011	5.18564e-007	6.84484e-013	1.11926e-012	1.4184e-012	2.72202e-013	5.57621e-015	3.98874e-012	3.15594e-015	1.02159e-012	4.5134e-012	1.21582e-010	
0	0	0	0	2.30187e-008	1.97666e-008	2.37569e-005	5.389e-005	1.87793e-005	2.23566e-005	0.000174341	9.42993e-005	2.03769e-005	3.7021e-006	2.38875e-006	0.000209254	0.000271361	4.48475e-005	0.000186529	0.000151276	0.000358254	0.000140135	0.000226827	0.000296102	0.00106135	0.00034266	0.000601498	0.00081327	0.000611566	0.000213169	0.000202366	0.000572342	0.000427446	0.000328466	0.000439704	0.00630198	0.00651128	0.0121116	0.0313075	0.0786717	0.0271942	0.00178825	0.000748045	2.10349e-005	8.27547e-006	3.17998e-007	2.01931e-007	5.88599e-007	2.07991e-006	1.86054e-006	7.10002e-007	7.00437e-007	


1	0.248423	0.116523	0.0591148	0.0424973	0.0303711	0.0160059	0.0153739	0.00763539	0.00106187	0.000236246	0.00066762	0.000338566	5.27337e-005	1.14527e-005	7.83447e-006	1.22716e-006	9.50397e-007	3.11526e-008	5.04996e-009	1.97103e-009	9.13369e-010	2.41121e-011	1.94137e-011	2.77204e-012	1.71945e-012	8.31211e-013	9.2571e-013	9.52727e-014	3.75951e-014	1.16298e-014	1.82078e-014	1.70249e-014	5.27082e-014	4.96095e-014	7.11707e-014	3.84683e-014	2.67624e-015	7.17594e-016	6.2082e-016	9.60325e-016	3.43104e-015	7.20578e-016	1.91909e-015	1.30781e-015	9.2973e-017	1.49788e-017	4.77567e-018	2.79993e-018	1.25592e-018	2.28298e-019	1.04415e-020	
0	0.131575	0.82581	0.823422	0.945367	0.933406	0.189018	0.105136	0.0179428	0.00419681	0.00585201	0.0151588	0.00857431	0.000779461	0.000235657	0.000413612	0.000114836	0.000107165	1.95817e-005	2.15701e-006	7.353e-007	3.11693e-007	9.91705e-009	7.07464e-009	4.94851e-009	4.58028e-009	4.22902e-009	7.86761e-009	3.49037e-009	1.84656e-009	4.36046e-010	9.75395e-010	1.01671e-009	2.50437e-009	2.26058e-009	2.11518e-009	1.30628e-009	3.45222e-010	2.26466e-011	8.39153e-012	2.27627e-012	2.26779e-011	7.79163e-012	4.99014e-011	1.00514e-010	1.27814e-010	1.74571e-011	5.01439e-012	5.19363e-012	8.4298e-013	3.2911e-014	9.92334e-016	
0	0.620002	0.00712652	0.100497	0.0043922	0.0272504	0.73921	0.0342551	0.290708	0.00028819	1.42512e-005	0.0152983	0.000459581	1.31248e-005	8.23315e-007	3.50191e-006	2.61206e-006	1.58087e-007	7.94021e-007	2.89007e-008	2.55404e-009	7.39962e-009	1.48305e-009	5.26956e-011	7.26881e-012	1.08639e-010	4.49471e-011	2.40914e-011	8.19006e-012	7.08376e-010	1.16202e-009	8.03791e-011	4.8974e-009	1.03585e-007	1.24729e-008	2.96869e-007	1.07431e-007	1.04137e-010	1.35183e-012	8.0112e-011	4.05068e-010	5.41474e-011	2.56958e-011	4.97588e-012	2.9094e-011	6.21219e-015	1.37449e-013	2.15034e-014	1.47571e-013	5.85479e-014	4.94453e-015	6.45934e-017	
0	0	0.0501557	0.0120481	0.00621348	0.00224322	0.0519198	0.839749	0.15797	0.0139041	0.000171572	6.919e-005	0.00148404	4.46476e-006	1.42539e-005	2.92704e-006	6.13471e-006	3.05318e-006	9.79905e-008	7.24719e-008	3.61018e-009	8.9857e-009	2.58867e-012	4.339e-010	1.2456e-011	1.09738e-010	1.27294e-010	9.10199e-010	3.22185e-011	4.88948e-009	1.13358e-009	1.20878e-010	2.22952e-009	4.60737e-007	2.28003e-008	5.83004e-008	7.44783e-009	8.325e-011	4.7061e-013	1.03131e-011	3.4889e-008	1.56074e-009	4.32519e-009	6.81541e-010	1.98288e-010	7.31358e-014	3.57297e-015	1.29106e-014	1.37627e-012	1.62601e-015	4.85487e-017	6.73121e-019	
0	0	0.000385486	0.00467978	0.00145078	0.00632704	0.0010762	0.0048108	0.525701	0.00204766	0.00212412	0.00851716	0.00023308	0.000228884	5.4604e-006	2.32303e-006	2.08829e-007	4.99204e-008	1.27168e-007	2.99711e-009	3.48327e-008	9.54583e-010	2.55087e-010	2.9682e-011	1.48047e-011	3.74801e-012	1.0192e-012	7.68162e-013	4.35524e-012	1.5828e-013	3.10489e-010	5.63564e-011	1.87842e-011	1.58591e-010	1.0339e-007	1.16423e-006	2.33546e-007	2.23576e-008	1.91076e-010	1.25457e-010	1.56878e-010	8.89054e-008	4.83646e-007	4.23839e-008	1.1197e-008	5.21718e-010	1.11327e-010	2.36282e-012	2.40305e-013	2.03686e-013	6.71722e-015	2.49086e-015	
0	0	0	0.000238275	6.34183e-005	0.000101492	0.00228142	0.000522604	1.16069e-005	0.97813	0.527239	0.0274321	0.274468	0.000635527	0.00160159	0.00258914	0.000543402	0.000212617	5.66995e-005	2.28502e-005	5.49577e-007	1.36155e-007	7.48776e-010	4.25845e-009	2.5565e-009	2.30314e-010	1.15393e-009	6.59596e-008	1.67651e-007	1.53141e-006	5.68681e-007	3.93066e-006	6.7834e-006	3.3904e-005	1.80763e-006	2.19876e-007	1.11313e-006	1.75403e-007	1.25547e-008	1.76872e-009	5.83637e-009	7.49357e-009	1.59884e-009	3.22806e-006	4.80617e-006	8.4607e-008	1.21637e-009	1.67596e-010	4.13881e-010	6.52392e-012	1.16201e-013	3.62957e-016	
0	0	0	4.25611e-007	2.76527e-006	6.12433e-005	1.21972e-006	1.24692e-007	3.49582e-008	0.000359834	0.309951	0.00120188	1.64345e-005	0.00283537	2.78408e-005	0.000123565	1.48489e-006	7.90125e-007	1.34414e-005	1.76546e-007	2.09986e-006	2.45499e-009	1.69142e-008	1.39425e-010	1.81671e-009	1.53746e-012	4.72977e-012	2.89451e-012	8.30828e-010	6.62355e-012	2.48843e-009	1.86021e-007	1.18771e-009	1.29483e-009	1.46252e-006	3.54001e-008	1.62637e-008	5.44261e-007	4.25667e-008	9.73584e-011	3.74254e-011	0.000156156	9.18774e-006	0.000360437	0.00415702	0.920423	0.597512	0.0432997	3.40128e-005	8.4648e-006	5.00862e-008	3.18901e-009	
0	0	0	0	1.30604e-005	0.000239431	0.00048742	0.000152126	3.12007e-005	1.11109e-005	0.154411	0.931655	0.714426	0.99545	0.998103	0.996857	0.99933	0.999675	0.999909	0.999975	0.999997	1	1	1	1	1	1	1	1	0.999998	0.999999	0.999996	0.999993	0.999966	0.999997	0.999998	0.999999	0.999999	1	1	1	0.999844	0.99999	0.999636	0.995838	0.0795766	0.402488	0.9567	0.999966	0.999992	1	1	


1	0.986994	0.574739	0.481766	0.6087	0.604301	0.40305	0.76152	0.898718	0.376453	0.0572709	0.464678	0.265504	0.0988081	0.00873987	0.00109892	0.000393386	4.48241e-005	4.68378e-006	8.30415e-007	1.66625e-007	4.82364e-008	7.40143e-009	1.75386e-009	1.18908e-010	1.90571e-010	3.21466e-011	4.76731e-012	1.42758e-013	8.17303e-014	4.63624e-014	1.12426e-014	1.45675e-014	3.23201e-014	2.81752e-014	1.17121e-013	3.66158e-014	2.49275e-015	8.20816e-016	4.42136e-015	6.95452e-015	1.05101e-014	8.87268e-015	4.27398e-015	3.99254e-015	1.29698e-015	2.9069e-016	6.10067e-017	6.22127e-017	1.72944e-017	6.692e-018	1.72815e-018	
0	0.0117188	0.235849	0.251395	0.0153902	0.0618218	0.399124	0.0603504	0.0427682	0.327508	0.0379882	0.0451694	0.0321294	0.00156912	0.00101994	1.8945e-005	2.53949e-005	3.3265e-007	2.87892e-006	1.39439e-007	1.68702e-009	1.37892e-010	1.30962e-009	1.95806e-011	2.46184e-011	3.07401e-012	2.20657e-011	2.60325e-012	6.48611e-014	2.19446e-013	9.39577e-014	3.65469e-014	2.77961e-013	3.57975e-012	3.60353e-012	4.97142e-012	5.88262e-012	2.28541e-013	1.95132e-014	3.14019e-014	2.57977e-013	1.21291e-013	4.54873e-015	1.54506e-015	3.0662e-015	8.53224e-018	7.45639e-019	2.01065e-019	4.7278e-019	7.49166e-020	2.17817e-019	3.53388e-020	
0	0.00128714	0.189336	0.0170396	0.00389218	0.0103805	0.133848	0.00054178	0.000224521	0.00199516	0.136376	0.0676869	0.00255726	0.000336358	6.66106e-006	2.23352e-005	4.57961e-007	2.43259e-009	7.85331e-006	3.13231e-009	2.35859e-010	1.99619e-011	2.56191e-009	5.29873e-013	2.55873e-011	3.89286e-014	5.68213e-013	2.36124e-013	2.2592e-014	3.90481e-014	9.65933e-015	4.45602e-015	7.20888e-015	1.23786e-014	8.68279e-014	1.29732e-012	1.64585e-012	3.16336e-012	1.60504e-012	3.01977e-012	2.00043e-012	5.71105e-011	5.93147e-012	1.41148e-010	1.2701e-008	1.17418e-008	1.80408e-010	1.97558e-013	1.51133e-015	6.63381e-017	4.21967e-019	8.35061e-021	
0	0	6.89553e-005	0.24812	0.000270131	0.000246306	0.0255509	3.71601e-005	8.70097e-005	5.08574e-005	0.000430108	0.117419	0.000758256	1.9612e-006	3.58373e-007	3.98312e-007	2.95665e-006	1.20281e-010	5.58095e-009	4.4019e-008	7.78597e-011	1.09491e-013	9.51012e-012	6.42956e-012	5.36683e-013	6.53774e-015	4.97007e-015	3.33627e-014	3.08154e-015	8.80807e-016	2.32399e-013	4.03229e-014	1.76124e-013	2.93137e-014	3.03189e-014	1.0008e-013	1.17964e-012	1.69586e-013	4.77655e-014	2.26373e-013	1.08798e-014	2.94273e-010	1.88004e-012	8.49733e-012	1.44728e-007	1.03307e-006	8.87828e-008	7.21649e-010	4.13218e-011	1.41144e-012	2.24293e-015	3.9621e-017	
0	0	7.70941e-006	0.00167864	0.322573	0.274267	0.0004052	0.116567	0.046243	0.00407107	7.77212e-005	0.00250893	0.0291313	0.186593	0.00228436	7.62572e-006	1.18117e-007	5.18904e-007	6.272e-009	1.38396e-008	2.86586e-008	4.2142e-010	3.84213e-012	1.25196e-011	9.17749e-014	1.25296e-012	3.63549e-015	2.02727e-016	8.90658e-018	8.4395e-018	2.10831e-017	8.30537e-016	4.29796e-016	2.51096e-014	2.80355e-013	5.88276e-014	4.79806e-015	7.40405e-014	1.15253e-014	2.33175e-014	2.73473e-013	3.15027e-010	4.7874e-010	1.54702e-008	3.24892e-008	7.89958e-005	2.21823e-005	5.47923e-006	6.57149e-007	3.81525e-007	1.60059e-007	8.09338e-008	
0	0	0	1.16604e-007	0.0491642	0.0239531	0.000149398	0.019116	2.9395e-005	0.231152	0.604848	0.00426108	0.0745891	0.106477	0.483734	0.144078	0.00376449	0.0366374	0.000294347	2.55017e-005	2.80931e-005	6.64407e-005	3.23208e-008	1.28389e-008	1.58387e-009	2.1545e-009	3.64842e-011	8.5558e-011	1.13197e-011	5.56838e-012	2.39769e-014	2.64482e-016	5.30728e-018	1.48918e-016	9.10347e-016	5.30673e-016	4.3101e-017	6.91319e-015	8.55963e-015	3.70936e-016	7.31981e-016	1.22133e-015	1.38886e-010	1.41742e-009	1.57595e-010	3.58717e-008	1.08134e-007	1.93062e-007	2.02161e-006	1.27419e-008	3.56171e-008	6.44873e-009	
0	0	0	4.75355e-008	1.07353e-005	0.0119493	0.0023541	0.00244018	0.000149183	0.0130419	0.0271408	0.0317724	0.0392157	0.012621	0.214708	0.59771	0.630353	0.80386	0.0537769	0.321495	0.358587	0.5824	0.1007	0.487804	0.124619	0.33827	0.561371	0.354674	0.757207	0.234771	0.0350347	0.0668787	0.00687402	0.000126019	7.82573e-006	9.65379e-008	2.19495e-008	8.11137e-010	2.79939e-010	5.1336e-012	6.29734e-014	6.50326e-015	5.82762e-014	2.05134e-010	7.12605e-010	4.29182e-009	5.3864e-007	1.20161e-006	1.17552e-006	1.50308e-007	9.1572e-008	8.45899e-008	
0	0	0	0	1.7421e-008	0.0130807	0.0355183	0.0394276	0.011781	0.0457277	0.135868	0.266504	0.556115	0.593593	0.289507	0.257064	0.36546	0.159457	0.945913	0.678479	0.641384	0.417533	0.8993	0.512196	0.875381	0.66173	0.438629	0.645326	0.242793	0.765229	0.964965	0.933121	0.993126	0.999874	0.999992	1	1	1	1	1	1	1	1	1	1	0.99992	0.999977	0.999993	0.999996	0.999999	1	1	


1	0.982677	0.404329	0.413044	0.43046	0.593788	0.412922	0.414216	0.698686	0.208145	0.117805	0.462045	0.430136	0.528735	0.0389344	0.01134	0.00427502	0.000247154	0.000717781	5.81133e-005	5.35318e-005	1.77114e-006	1.12407e-006	5.86805e-007	2.45933e-007	4.39145e-007	2.77353e-007	1.25594e-008	1.5242e-009	2.40339e-010	2.85537e-011	2.07267e-012	1.04216e-013	8.61787e-014	3.56162e-014	1.33782e-015	3.8909e-016	8.71315e-016	1.9472e-016	4.53957e-017	1.88241e-017	3.52851e-020	8.8904e-022	2.62482e-023	1.07203e-024	1.32291e-026	7.43792e-027	2.60163e-027	7.94927e-029	8.94348e-030	2.45752e-030	6.77366e-030	
0	0.0112267	0.595543	0.53777	0.550684	0.399623	0.48544	0.581569	0.0305596	0.789092	0.878299	0.0914718	0.542276	0.463395	0.960845	0.970749	0.985959	0.999584	0.973808	0.997496	0.98256	0.999456	0.158545	0.95332	0.976032	0.981072	0.959736	0.999361	0.988043	0.999369	0.311023	0.0290164	0.000783235	0.0002568	1.7234e-005	4.2999e-008	4.19389e-009	1.23068e-008	3.66144e-008	1.61019e-009	5.66771e-010	3.15299e-012	1.08939e-013	1.30803e-013	1.03394e-013	3.69912e-014	2.54996e-014	1.45451e-013	3.33872e-014	3.70377e-015	1.15825e-015	1.31998e-015	
0	0.00609603	2.5275e-005	0.0491805	0.000119281	0.00352919	0.100514	0.000322919	0.266374	0.000483653	0.00350958	0.438309	2.85264e-005	0.000235587	0.00010481	0.017852	0.00903941	1.0833e-005	0.0254421	0.00239265	0.0171284	4.10502e-005	0.84135	0.00153287	0.0154615	0.0102867	0.0391376	1.26489e-005	0.0119385	0.00042067	0.688952	0.958157	0.98723	0.905308	0.563342	0.783956	0.870301	0.113643	0.0185788	0.00129311	0.000510794	0.000591151	2.99421e-005	3.40838e-007	7.98956e-006	2.54127e-007	1.36194e-007	1.24577e-008	5.73751e-012	4.44113e-014	2.07171e-017	2.19767e-017	
0	0	9.7668e-005	3.40697e-006	0.0140502	0.00234869	0.000899002	0.00150983	9.86555e-005	0.00129665	0.000179078	0.00651768	0.0232615	0.00479298	4.90956e-005	7.59778e-006	0.000698281	0.000140177	2.01524e-005	5.08866e-005	9.75162e-005	0.000454047	3.12451e-005	0.044596	0.00578245	0.00502465	0.000494136	0.000266692	3.37148e-006	0.000192714	1.25687e-005	0.00378157	0.00505904	0.0394738	0.014195	0.00652469	0.00883381	0.216811	0.128533	0.220038	0.0105283	0.00055594	1.62651e-005	4.42082e-006	6.13043e-007	4.09402e-007	5.14591e-007	8.49251e-007	9.10712e-008	2.8809e-008	5.74025e-009	3.68531e-009	
0	0	5.246e-006	7.37618e-007	0.00468493	0.000646665	6.96298e-005	0.00232417	0.00425611	2.3865e-005	9.3477e-005	0.0013523	0.000168828	0.00200409	2.44233e-006	6.95459e-006	2.11024e-005	6.53577e-006	5.00323e-006	2.21349e-006	0.00016012	3.87802e-005	6.90354e-005	0.000280192	0.00264402	0.00306799	0.000128233	2.98478e-006	6.46134e-007	5.41752e-006	1.04408e-005	0.00904506	0.00660392	0.0517201	0.421255	0.20685	0.112055	0.648539	0.751866	0.553378	0.691158	0.774495	0.807052	0.0917004	0.102524	0.278891	0.288305	0.120443	0.00138547	0.00132458	2.10321e-005	5.82406e-006	
0	0	0	1.73489e-006	1.51819e-007	6.13352e-005	0.000151276	4.63848e-005	5.5215e-006	0.000958174	9.42521e-006	2.06837e-006	0.00393592	7.45092e-005	5.57936e-005	4.26429e-006	1.17298e-006	7.29342e-006	1.87106e-006	3.51139e-007	2.96489e-008	7.83356e-006	5.65034e-008	0.000269808	4.80583e-005	0.000485844	0.000475938	0.000349842	1.23678e-005	1.1389e-005	1.35585e-006	1.00012e-007	0.000320956	0.00318516	5.40991e-005	0.000196875	0.00569734	0.00277517	0.0639254	0.142114	0.163125	0.00126368	0.000657653	0.874895	0.352059	0.0062486	0.00791805	0.30037	0.77111	0.0395608	0.00165551	5.02477e-005	
0	0	0	4.54906e-010	2.62105e-007	3.14257e-006	2.63556e-006	2.18596e-006	1.44126e-005	4.30039e-008	9.07521e-005	0.000208529	4.77133e-007	0.000240037	2.44282e-007	3.57107e-006	1.05196e-007	1.40322e-009	4.89348e-007	1.33905e-009	4.07407e-008	1.06618e-008	3.12527e-006	8.23298e-009	2.86565e-005	1.95957e-005	9.04763e-006	6.61304e-008	1.56879e-006	3.4995e-008	3.78587e-007	2.46774e-007	3.08267e-006	5.39247e-005	0.00113348	0.00246502	0.00304149	0.0175437	0.0286912	0.0294738	0.0851157	0.222745	0.186803	0.0194298	0.543189	0.705926	0.624343	0.203141	0.00200997	0.119492	0.00405412	0.00181098	
0	0	0	0	7.17368e-007	3.3127e-007	1.10683e-006	9.84193e-006	6.21566e-006	4.00002e-007	1.4256e-005	9.34879e-005	0.000192001	0.000522043	8.45867e-006	3.65746e-005	5.60558e-006	4.41743e-006	4.95149e-006	6.59404e-008	5.99086e-008	3.54724e-007	9.19083e-008	4.8549e-007	3.12289e-006	4.30489e-005	1.83336e-005	6.45957e-006	7.01153e-007	8.36731e-007	5.64101e-008	8.30825e-009	2.48994e-009	2.64568e-006	2.54685e-006	7.47654e-006	7.12963e-005	0.00068794	0.00840532	0.053703	0.049562	0.000349502	0.00544086	0.0139703	0.00221856	0.00893402	0.0794329	0.376045	0.225494	0.839623	0.994269	0.998133	


1	0.993688	0.170208	0.0343176	0.720308	0.402381	0.288533	0.989769	0.988957	0.861896	0.152652	0.343179	0.820669	0.909452	0.825647	0.74448	0.74572	0.998251	0.0262224	0.0518678	0.0613402	0.918338	0.0113436	0.23944	0.0315972	0.799764	0.638067	0.852323	0.102781	0.615602	0.337379	0.158912	0.451017	0.0355113	0.134479	0.0321464	0.0792523	0.00565717	0.00536355	0.00606668	0.0189826	6.47704e-005	8.61395e-007	3.86442e-008	6.66844e-009	7.83888e-012	1.76671e-012	6.17371e-014	8.51978e-015	6.36058e-017	2.80401e-017	6.30829e-018	
0	0.00630862	0.829771	0.965445	0.274446	0.596776	0.711425	0.010141	0.0110402	0.138091	0.845964	0.651396	0.179217	0.0889938	0.174342	0.255449	0.254237	0.00168315	0.973767	0.94772	0.931188	0.079447	0.987951	0.759034	0.965222	0.178478	0.348145	0.113366	0.889381	0.286543	0.58911	0.795981	0.276996	9.54519e-005	0.0338287	0.000457686	0.133731	0.958947	0.251777	0.00189405	1.65529e-005	0.000168351	6.27154e-008	2.49143e-007	7.96846e-006	2.69917e-006	1.60715e-005	2.74692e-007	5.87321e-010	1.70109e-012	5.42746e-014	8.12758e-014	
0	3.57034e-006	2.08122e-005	0.000237224	0.00508705	0.000842527	4.19063e-005	5.39348e-005	1.50922e-006	8.27207e-006	0.00138401	0.00539977	2.35188e-005	0.00154501	4.05088e-006	5.56776e-005	2.83189e-005	2.20687e-005	8.96738e-006	0.000407079	0.00744966	0.000112177	0.00069124	9.2893e-005	0.00297124	0.00258295	0.00010116	5.13976e-005	7.6362e-006	1.22831e-005	0.00263483	0.0220891	0.0025691	8.74302e-006	0.0300312	3.34084e-005	0.000157812	0.00892791	0.220154	0.00182925	3.19971e-007	2.0383e-005	6.37644e-010	4.08057e-011	1.01687e-008	1.95382e-008	6.28263e-008	8.25769e-009	5.62766e-013	6.93113e-013	5.47151e-015	2.10816e-016	
0	0	1.75677e-010	4.18164e-007	0.000158663	4.0144e-007	1.01807e-007	3.54065e-005	3.54167e-007	2.79405e-009	1.85423e-009	2.56604e-005	7.6919e-005	9.11498e-007	6.06345e-007	1.3835e-007	9.67623e-008	4.57126e-006	3.37787e-011	9.99094e-007	8.67071e-007	0.00135316	6.64743e-010	0.00029987	6.55873e-009	0.000715525	1.31386e-007	8.54927e-007	1.90706e-009	6.6197e-006	2.28756e-006	6.39852e-007	0.00141181	1.61762e-006	1.013e-006	0.000265624	3.47519e-006	4.33036e-008	5.20557e-006	0.0747137	0.00694586	2.05823e-005	1.00142e-007	1.5684e-008	3.95162e-011	2.07936e-011	8.93576e-011	7.13748e-012	1.94863e-011	1.29903e-014	3.27233e-016	3.12246e-019	
0	0	2.88123e-015	5.6279e-013	8.92526e-008	1.19897e-008	1.61351e-008	4.2178e-007	9.65957e-007	4.22686e-006	1.32718e-008	4.62641e-010	1.22497e-005	1.08091e-007	2.8335e-007	2.95486e-007	8.1928e-008	9.98263e-008	2.85794e-010	2.22947e-010	9.46407e-009	1.01237e-006	2.65285e-009	2.60167e-007	2.70813e-007	1.15613e-006	0.00021649	0.000556824	2.40062e-005	0.000569556	0.00117353	0.00407897	0.184979	0.960673	0.671129	0.0860818	0.315833	0.000667386	0.000146932	6.96338e-005	0.0671642	0.000102248	3.87009e-007	5.89599e-006	0.000977872	1.61616e-005	4.58454e-008	2.12913e-009	1.05863e-008	1.88105e-012	8.00245e-015	1.11777e-017	
0	0	0	1.59251e-016	2.00004e-011	1.62833e-010	2.83697e-013	5.85372e-011	2.42545e-010	7.73784e-011	1.89354e-010	1.15889e-011	7.52336e-011	1.06302e-008	2.03799e-011	2.25e-010	1.9036e-011	8.37274e-011	5.07532e-013	6.7746e-014	6.7219e-012	1.15206e-010	7.08957e-012	6.02663e-011	4.0925e-011	1.11702e-008	1.68755e-010	3.77614e-008	1.23506e-008	4.11768e-009	9.33182e-007	2.08077e-006	5.32299e-005	0.000926095	0.12007	0.863762	0.45402	0.00570399	0.0017865	0.00118914	0.0139499	0.988804	0.403045	0.28793	0.558073	0.18915	0.0228791	0.000647546	6.28083e-005	6.81944e-008	6.5319e-012	7.28379e-016	
0	0	0	9.13906e-021	1.68164e-012	1.59973e-010	2.4504e-012	1.61017e-010	6.16461e-011	5.6622e-011	6.41178e-008	9.846e-010	5.25453e-011	6.00566e-006	1.31712e-008	4.41246e-008	1.00103e-010	1.29311e-008	3.37616e-011	4.44221e-014	6.24745e-011	4.20056e-008	5.03191e-011	7.30214e-011	9.07796e-010	1.0629e-008	3.90746e-011	3.33139e-007	1.19373e-008	5.18667e-008	1.29774e-007	3.57789e-007	8.20423e-007	1.85834e-005	0.00335371	0.0155187	0.00187248	0.0194842	0.516342	0.433942	0.0959857	0.0102469	0.596887	0.692825	0.404161	0.810778	0.922956	0.982045	0.924443	0.996401	0.499991	0.02725	
0	0	0	0	3.46983e-018	2.02668e-013	5.99352e-011	5.92445e-010	7.13338e-010	1.17983e-009	3.67765e-010	8.61985e-008	1.09609e-006	2.14078e-006	6.04247e-006	1.4692e-005	1.49006e-005	3.9477e-005	1.38683e-006	4.30667e-006	2.11553e-005	0.000748777	1.37695e-005	0.00113325	0.00020882	0.0184575	0.0134701	0.0337017	0.00780664	0.0972664	0.0696988	0.0189362	0.0829721	0.00276534	0.00710739	0.00173429	0.0151301	0.000612482	0.00442443	0.480295	0.796955	0.000572242	6.67764e-005	0.019238	0.0367793	5.34461e-005	0.0541487	0.0173069	0.0754944	0.00359882	0.500009	0.97275	


1	0.890816	0.15989	0.288064	0.210413	0.0446682	0.0762679	0.732927	0.975813	0.928733	0.108352	0.339386	0.382982	0.0919709	0.577365	0.275941	0.914846	0.930333	0.0431382	0.605638	0.391817	0.705476	0.0534865	0.618095	0.0958092	0.753806	0.789978	0.80906	0.755674	0.928282	0.983583	0.897056	0.989939	0.990265	0.81378	0.818668	0.749754	0.0327904	0.0142529	0.0689602	0.412552	0.239815	0.0145299	0.00683084	0.00103739	0.00108092	0.000696042	0.000175319	4.03209e-005	8.15016e-006	5.76678e-006	3.55872e-006	
0	0.109076	0.839591	0.68299	0.789464	0.947533	0.540588	0.267016	0.023782	0.0710479	0.891535	0.585007	0.616974	0.90784	0.414699	0.723792	0.0656226	0.0696656	0.952347	0.257338	0.607489	0.294497	0.625832	0.360918	0.902686	0.245428	0.111843	0.190897	0.237998	0.0716857	0.0150626	0.0777795	0.00785582	0.00776868	0.185605	0.177508	0.174012	0.966155	0.982454	0.925168	0.568898	0.00321859	0.006411	3.71238e-005	1.20477e-007	8.87283e-006	0.00189072	0.000295038	3.67981e-006	3.1931e-005	9.85745e-006	1.00071e-005	
0	0.000107407	0.000519063	0.0289461	0.000122702	0.00779835	0.383143	5.27303e-005	0.000405054	0.000218722	0.000113153	0.0756071	3.9881e-005	0.000188688	0.00793593	0.000267354	0.0195312	1.18239e-006	0.00451466	0.137024	0.000693061	2.65144e-005	0.320681	0.0209756	0.00149784	0.00076562	0.0981789	3.85749e-005	0.00632811	2.70479e-005	0.00135328	0.0251426	0.00171036	4.20971e-006	0.000258589	0.00179253	0.0743641	0.00102347	0.00329033	0.00563457	0.000295812	0.118327	5.25084e-007	3.33059e-006	6.52901e-006	6.49253e-007	0.000134678	1.43053e-005	2.1814e-009	2.13464e-008	4.87944e-008	2.81516e-006	
0	0	1.28182e-008	1.61775e-009	3.57554e-007	8.91364e-009	7.59967e-007	1.40456e-006	1.51334e-011	2.06476e-009	2.83162e-008	4.49428e-010	1.40913e-007	1.36544e-010	5.02775e-009	2.04452e-009	3.47033e-008	1.36488e-007	1.664e-011	1.53318e-007	4.48232e-007	5.30669e-009	4.70318e-010	3.09323e-007	6.93123e-006	2.20507e-008	5.36587e-009	2.47512e-006	2.08011e-010	6.06015e-007	2.01537e-009	7.15824e-008	1.59977e-006	9.5476e-007	2.54091e-010	2.28412e-008	3.74437e-008	2.15124e-005	3.44835e-007	6.55071e-006	4.71443e-005	3.21987e-007	4.46371e-006	3.71329e-011	1.19887e-010	3.28576e-009	3.18162e-011	8.65025e-008	3.1377e-010	1.68393e-013	5.36941e-012	1.19496e-013	
0	0	6.95833e-011	2.05672e-008	1.7559e-009	1.47521e-011	9.14265e-007	2.492e-006	3.77078e-010	2.52368e-009	2.85302e-011	4.07114e-010	3.95325e-006	1.15258e-011	3.70664e-009	1.34526e-008	2.19851e-010	1.68193e-008	1.62383e-012	1.15056e-008	1.08541e-008	5.02339e-009	3.61031e-013	1.11403e-005	1.43414e-009	2.56425e-009	1.74203e-010	1.97017e-006	3.14105e-010	5.08553e-006	1.45092e-007	3.85229e-009	7.08368e-005	2.66553e-005	2.51387e-008	7.08047e-007	6.20724e-008	9.6498e-008	5.67986e-008	7.64053e-005	0.000181442	4.8274e-007	2.46169e-005	2.07609e-005	4.01108e-007	1.73139e-010	1.61724e-012	6.75509e-011	2.96424e-009	4.83671e-013	6.37924e-015	1.84592e-015	
0	0	0	2.06622e-013	5.3342e-012	5.82936e-015	3.44445e-013	4.58704e-008	3.86035e-010	1.62805e-010	1.76294e-013	1.41833e-014	1.43008e-012	1.6252e-011	1.75257e-012	5.8391e-012	8.00392e-011	1.5528e-013	1.28186e-012	3.17931e-013	2.29967e-013	7.0755e-012	7.33973e-014	4.11221e-014	1.1687e-009	2.86488e-011	1.86483e-009	6.3329e-011	4.81378e-008	1.18131e-008	8.15974e-007	2.21887e-005	0.000422513	0.0019284	0.000355555	4.47127e-005	0.00139933	5.40683e-006	7.5518e-007	1.47923e-006	0.00167041	0.00480321	2.25894e-006	0.000830163	0.055638	0.0568706	9.71223e-005	6.8551e-007	2.61693e-008	1.3749e-011	8.52446e-017	1.77235e-019	
0	0	0	2.00355e-021	9.72923e-017	3.74615e-016	3.91732e-018	5.71619e-016	2.12972e-011	3.89295e-014	4.95496e-015	3.25841e-017	2.48895e-018	1.3093e-016	1.32896e-014	1.69311e-015	9.65103e-016	2.78423e-014	9.42101e-018	6.94261e-016	1.12313e-016	3.79612e-016	4.55423e-017	1.1075e-015	1.12388e-016	9.58727e-013	6.8347e-015	2.81652e-013	4.70287e-015	5.14732e-012	6.62443e-012	1.78493e-009	2.0922e-008	4.66375e-006	2.41462e-007	0.00191187	0.000168331	2.32778e-007	1.18818e-008	1.45177e-007	5.34735e-006	0.0286783	0.00424637	0.000363943	8.69004e-006	0.00841286	0.000813438	1.85847e-005	5.21274e-007	3.97582e-009	1.53545e-012	4.39044e-016	
0	0	0	0	3.84269e-016	5.67311e-015	3.0869e-014	9.70512e-015	1.62049e-010	4.46608e-012	1.8237e-013	1.58849e-013	1.93687e-014	3.07946e-015	7.19662e-014	1.52994e-014	5.6912e-014	1.09301e-013	4.6585e-015	1.17903e-014	2.7177e-015	6.15532e-015	4.65256e-015	1.64636e-014	1.02738e-015	8.52407e-012	7.33358e-013	1.30792e-012	9.44209e-014	3.12416e-010	1.59438e-010	8.88812e-010	1.59159e-007	1.614e-006	3.93736e-007	7.41684e-005	0.000302195	4.12191e-006	1.32029e-006	0.000152406	0.0163496	0.605157	0.974781	0.991914	0.943309	0.933626	0.996368	0.999496	0.999955	0.99996	0.999984	0.999984	


1	0.666778	0.825612	0.735237	0.176257	0.0583292	0.725804	0.165848	0.0619736	0.191726	0.333552	0.351075	0.258946	0.0337398	0.0435852	0.780726	0.842793	0.758326	0.880259	0.70403	0.460506	0.967819	0.867609	0.94492	0.922017	0.351015	0.53685	0.80953	0.886765	0.982595	0.886682	0.672491	0.399208	0.0427996	0.00194685	0.000591983	0.0002069	4.80004e-005	0.000516614	0.00115521	0.000239226	2.46453e-007	9.90449e-008	5.03697e-010	3.87968e-012	2.59017e-015	1.11812e-015	7.73827e-016	2.7278e-015	1.18202e-015	3.55627e-015	7.45479e-015	
0	0.308301	0.0335368	0.114422	0.0138248	0.00818209	0.0475703	0.14503	0.726103	0.300743	0.125001	0.266014	0.0292486	0.00126652	0.0010008	0.00884325	0.0580209	0.0263501	0.0257018	0.0586359	0.0406939	0.0134889	0.0179236	0.0366706	0.0377213	0.196007	0.194399	0.122495	0.0231146	0.016228	0.112044	0.250344	0.599831	0.956529	0.256353	0.998644	0.928702	0.0427009	0.0520831	0.188223	0.265658	0.00500979	0.00152304	7.02593e-007	2.96304e-009	4.55929e-013	2.34065e-014	2.06935e-015	1.74843e-015	2.03971e-016	1.45495e-016	1.3664e-016	
0	0.0249203	0.14053	0.141562	0.807045	0.928054	0.00436833	0.681755	0.209013	0.484535	0.533317	0.365071	0.711376	0.962719	0.940798	0.169522	0.0870438	0.213896	0.0875464	0.231957	0.498043	0.0162791	0.0905094	0.0180935	0.0391229	0.45292	0.149289	0.0658756	0.0829975	0.00110569	0.00117387	0.0760738	0.000307053	0.000525738	0.741694	0.000290159	0.0709465	0.952362	0.254491	0.000929141	0.000695826	0.000296352	9.04182e-006	6.0646e-007	4.89188e-011	4.8331e-011	2.61802e-011	2.23074e-012	6.59425e-014	6.87036e-015	1.35659e-014	5.5928e-014	
0	0	5.99936e-006	8.09044e-007	0.00283321	0.000664727	2.70615e-005	1.22663e-006	2.11985e-005	0.000145228	0.000333992	4.73457e-005	0.000224471	0.00218169	0.000340554	0.00984226	2.72505e-006	0.00105481	1.14477e-005	3.14554e-006	0.000525003	0.00231001	3.18591e-006	1.94808e-005	4.0108e-006	2.78832e-005	6.55355e-005	1.01619e-005	2.64692e-006	1.65426e-006	5.14251e-010	7.67946e-008	7.77326e-008	6.09944e-010	1.6194e-008	0.000235277	1.62718e-007	9.41224e-006	0.0106935	5.6576e-005	2.91531e-007	3.1944e-009	2.00179e-007	2.52725e-010	1.31779e-014	2.25279e-016	1.74693e-014	4.4586e-015	7.39309e-016	1.02473e-016	5.44069e-017	3.72336e-017	
0	0	0.000315338	0.00877827	3.27728e-005	0.00476935	0.222226	2.37418e-006	0.000117395	0.0227421	0.00766784	0.0176617	0.000185598	9.15271e-005	0.0142752	0.031054	0.0121061	2.64379e-005	0.00646815	0.00537103	0.000230958	8.9275e-005	0.0239532	0.000250141	0.00113192	3.87341e-006	0.119396	0.00204267	0.00711962	4.39794e-005	9.85787e-005	0.00109053	0.000627974	2.34889e-007	4.24377e-006	0.00023518	0.000136892	0.00487305	0.682081	0.00269963	1.56694e-007	6.91299e-005	4.37975e-009	5.56157e-008	1.85956e-007	2.77964e-008	4.03307e-008	2.0373e-008	9.25871e-011	1.42021e-012	6.06191e-014	1.38643e-014	
0	0	0	2.95524e-008	7.18896e-006	9.95664e-010	4.41366e-006	0.00736344	0.00272125	6.1947e-007	8.39046e-008	5.07141e-005	9.56858e-006	2.39435e-008	1.12546e-008	1.14191e-005	3.26762e-005	0.000345129	2.8825e-009	1.70531e-006	2.93369e-007	1.40283e-005	5.78876e-011	4.59731e-005	4.30877e-010	2.69794e-005	2.74962e-009	4.55433e-005	6.27876e-009	2.57844e-005	1.07651e-006	3.08987e-009	2.55229e-005	0.000145626	7.90622e-008	1.80058e-007	7.7243e-009	1.52069e-010	2.31425e-005	0.806615	0.679619	0.000367727	0.000315592	1.50129e-006	1.49157e-008	1.47442e-011	1.93551e-012	1.52069e-010	1.87866e-008	1.33165e-010	1.36743e-012	1.78517e-016	
0	0	0	2.47225e-039	2.77299e-014	3.9097e-012	1.03337e-014	1.08462e-012	5.02763e-009	8.56438e-009	8.28415e-013	6.48273e-013	4.63766e-011	7.72869e-013	1.58091e-014	3.35972e-013	1.55731e-011	8.15167e-011	1.26623e-010	3.42524e-015	1.54685e-012	8.41718e-013	1.15121e-011	7.27519e-016	1.1193e-010	4.02994e-015	7.39078e-011	7.58631e-015	2.72583e-011	3.50577e-015	1.05567e-010	1.65125e-011	3.73367e-014	5.27323e-011	2.0513e-010	6.07787e-011	2.28214e-011	1.22643e-014	1.4958e-014	4.80519e-008	0.000969784	0.018822	2.9648e-005	8.36458e-009	1.20228e-011	1.28761e-013	2.30945e-016	5.94832e-017	9.30656e-015	1.97495e-013	3.79323e-016	1.34618e-018	
0	0	0	0	7.63797e-010	1.56024e-007	1.82071e-007	3.55028e-008	5.03979e-005	0.000108021	0.00012778	8.04421e-005	9.30046e-006	1.08423e-006	1.2132e-007	4.01059e-007	3.08822e-007	9.51436e-007	1.3183e-005	1.25729e-006	4.57649e-007	1.53515e-007	1.22991e-006	8.73615e-008	3.00746e-006	5.2253e-007	1.38208e-006	2.32919e-007	1.01575e-006	6.98387e-008	5.6678e-007	7.08457e-007	7.76294e-008	9.19404e-008	1.6007e-006	3.27625e-006	7.85141e-006	6.70022e-006	0.000112347	0.000321378	0.0528179	0.975435	0.998122	0.999997	1	1	1	1	1	1	1	1	


1	0.635175	0.989462	0.995061	0.286247	0.814189	0.996979	0.411495	0.737489	0.992512	0.989636	0.86695	0.91156	0.475187	0.978908	0.958893	0.986564	0.313129	0.93571	0.992228	0.852086	0.341604	0.899455	0.853926	0.982888	0.658893	0.991072	0.95921	0.999179	0.995928	0.996313	0.996217	0.996999	0.931769	0.936323	0.890426	0.97605	0.976204	0.843993	0.527585	0.234944	1.19629e-005	2.17184e-007	1.11598e-009	1.25376e-012	7.53698e-016	1.83714e-016	1.83149e-017	7.79034e-018	4.60975e-019	1.01557e-018	1.68475e-018	
0	0.362108	0.00920069	0.0049108	0.661169	0.184186	0.00193255	0.28946	0.231298	0.00346492	0.00975478	0.132866	0.0621335	0.517443	0.0154019	0.0394296	0.0132214	0.488713	0.0067422	0.0067219	0.146018	0.613908	0.0101144	0.135362	0.0140558	0.311889	0.00448941	0.0372358	0.000721731	0.00175974	0.00354554	0.0025075	0.00224387	0.0299915	0.059447	0.0842958	0.000899854	0.0166051	0.140271	0.339907	0.0102585	2.62244e-006	1.1317e-007	1.77667e-011	8.92451e-016	4.38747e-016	1.29665e-016	4.77413e-017	3.21985e-017	1.56118e-017	2.44938e-017	2.83514e-018	
0	0.00271711	0.00121093	1.87458e-005	0.0525834	0.000555904	2.96484e-005	0.299045	0.027106	0.00375343	0.000121361	0.000175956	0.0263017	0.00735267	0.00565188	0.00160063	0.000210581	0.198158	0.00016379	0.000319922	0.00188244	0.0444857	6.12017e-006	0.0106035	0.000127279	0.0292163	0.00166651	0.00353197	4.54803e-005	0.00231173	3.605e-005	0.000295567	0.000405265	0.0193991	0.000812482	0.00121255	5.396e-005	7.33079e-005	0.000419996	0.00610623	0.0404894	3.30297e-009	6.66083e-009	1.19415e-011	1.67667e-017	1.7742e-018	6.51775e-020	4.19076e-019	2.53759e-018	1.90747e-020	3.8398e-019	1.6282e-020	
0	0	1.98276e-005	2.88776e-006	2.30016e-008	0.000702983	5.09791e-005	1.67333e-007	0.00409979	7.05539e-005	1.09389e-005	1.77462e-006	4.65343e-006	1.61081e-005	3.39201e-005	5.86747e-005	1.40809e-006	9.18274e-008	0.00319382	8.68194e-006	4.40206e-006	1.64897e-006	0.00105678	6.13931e-006	5.85422e-005	1.39456e-006	0.000105545	7.68011e-007	6.57218e-006	5.49979e-008	4.58923e-006	6.50969e-007	1.58464e-006	6.52672e-007	4.16751e-005	0.0012483	0.000411158	8.93125e-007	3.42862e-007	0.000177753	0.00138736	5.21719e-006	1.44236e-008	1.94618e-011	5.21809e-015	6.49753e-020	6.35618e-021	1.29877e-022	3.78955e-022	4.88626e-022	1.72647e-021	1.20464e-020	
0	0	0.000106977	5.71141e-006	7.35591e-010	0.000366015	0.00100693	8.03206e-009	7.73601e-006	0.000199579	0.000476993	5.83441e-006	3.88173e-009	9.52007e-007	4.48613e-006	1.84217e-005	2.74062e-006	3.92029e-010	0.0541901	0.00071761	9.33741e-006	7.13433e-009	0.089368	8.93127e-005	0.00287026	3.40521e-007	0.00266622	2.04398e-005	4.71115e-005	2.03387e-007	0.000101211	0.000979181	0.000165997	2.15975e-006	9.43241e-005	9.37721e-005	0.000819155	0.00198118	0.00110999	9.43535e-005	4.76027e-006	0.000517279	9.02313e-008	1.96334e-009	3.06105e-009	2.65499e-011	1.7847e-012	1.41862e-014	4.86412e-018	1.40371e-020	1.30104e-022	2.64978e-021	
0	0	0	3.75713e-007	9.21886e-012	3.93341e-013	1.21776e-006	4.6595e-009	1.94069e-012	1.51998e-008	5.66107e-008	2.53176e-007	3.99887e-009	3.85236e-013	2.2744e-010	4.19835e-010	3.84336e-009	4.62404e-011	1.59801e-012	3.92669e-006	2.25115e-008	6.18722e-011	5.26879e-012	1.28192e-005	8.14319e-008	7.27895e-008	1.61844e-010	1.38827e-006	2.88819e-009	1.08184e-007	5.76533e-008	1.78671e-007	0.000178438	0.000487593	5.32559e-005	2.96755e-005	1.04014e-006	3.24621e-006	1.73647e-005	0.000154431	3.0823e-006	1.50195e-009	9.66619e-008	1.17394e-008	3.57449e-009	3.08814e-012	1.73743e-014	1.30003e-015	1.84883e-016	1.3359e-019	3.18079e-022	1.16356e-025	
0	0	0	5.65365e-015	2.65655e-010	4.5993e-014	1.35496e-013	3.34603e-008	2.15543e-010	4.67294e-011	5.77343e-012	6.8251e-012	4.66703e-009	6.69894e-013	1.0635e-014	2.50098e-012	3.88315e-013	1.55903e-011	8.52062e-014	4.76387e-012	4.43453e-010	9.16946e-011	6.08766e-015	1.75626e-010	8.86245e-009	1.77235e-010	3.9423e-009	1.5361e-009	2.4275e-009	1.19521e-009	2.73648e-008	3.0161e-007	5.80384e-006	0.0183496	0.00273455	0.0107269	0.0176745	0.00118718	0.00178782	0.00739844	0.410699	0.00678254	0.000141935	0.0103582	0.120111	0.0280351	5.31048e-005	5.57525e-006	6.24176e-005	1.95983e-007	6.27807e-011	1.38707e-015	
0	0	0	0	3.27675e-017	3.85438e-011	3.76521e-012	1.03289e-013	9.95048e-010	8.22182e-012	7.66103e-012	9.56508e-013	3.60283e-014	2.57456e-010	4.41448e-012	2.18328e-012	1.14594e-013	7.88353e-015	1.08838e-012	1.99679e-014	1.48925e-012	9.68051e-012	2.17528e-011	1.44945e-012	2.24892e-011	2.26999e-010	4.8811e-012	1.35617e-011	7.22445e-012	3.78553e-012	5.84533e-011	9.34454e-010	8.98081e-009	1.69686e-007	0.000493937	0.0119671	0.00409034	0.00394488	0.0123999	0.118577	0.302215	0.99268	0.999858	0.989642	0.879889	0.971965	0.999947	0.999994	0.999938	1	1	1	


