E:\Google Drive\Progetti\MSR Action3D\Real\a01_s05_e01_skeleton3D.txt
1
TRUE
-805.508
-850.338
-838.947
-825.539
-855.877
-830.564
-830.463
-829.839
-828.399
-905.577
-882.077
-883.597
-911.135
-933.618
-894.107
-859.498
-878.685
-881.856
-899.093
-872.141

35
20
1	0.53426	0.350781	0.252143	0.152331	0.0267127	0.0197312	0.00399106	0.00129059	0.000199036	1.25701e-005	1.5833e-006	1.0763e-008	2.44561e-010	1.67176e-015	6.53423e-020	6.77074e-024	1.83613e-027	9.25625e-032	9.44926e-037	3.04669e-041	1.43184e-045	7.83802e-050	1.03227e-053	2.47288e-058	6.40792e-063	1.39946e-067	2.29691e-072	2.23211e-073	2.28755e-074	2.56107e-075	2.15733e-075	3.61793e-075	4.16097e-075	5.70887e-075	1.17245e-074	
0	0.400458	0.570906	0.417169	0.64796	0.644013	0.820685	0.851699	0.396382	0.378842	0.023256	0.00219747	3.33986e-005	1.83426e-006	1.55976e-010	1.04481e-014	1.0069e-018	1.20726e-022	5.92976e-027	1.07878e-031	7.80071e-036	1.09741e-040	2.06873e-044	9.40022e-049	4.75502e-053	5.85476e-058	1.03374e-062	2.27663e-067	3.3074e-068	5.17069e-069	4.29974e-070	2.70498e-070	1.78314e-070	2.66518e-070	2.09268e-070	2.35879e-069	
0	0.0652828	0.0378782	0.296657	0.167072	0.0249132	0.0117254	0.0240008	0.19362	0.123868	0.00169492	0.000782831	3.42596e-006	1.19014e-007	4.6438e-012	1.36309e-015	8.39327e-019	1.09319e-021	3.51977e-025	1.40957e-029	1.64216e-034	2.64063e-039	6.55359e-044	7.97568e-048	9.48318e-052	6.70889e-057	3.05519e-061	1.42406e-065	2.70092e-067	5.13367e-068	1.0862e-069	1.2219e-070	1.49752e-070	3.77568e-071	1.59351e-070	1.37965e-070	
0	0	0.0396812	0.0312254	0.0292831	0.293209	0.139877	0.117998	0.390204	0.33342	0.942282	0.103711	0.00216258	3.71561e-005	5.46376e-009	4.24628e-012	1.62781e-015	4.29423e-019	4.04793e-023	3.48906e-027	2.61847e-030	4.4333e-034	9.91481e-037	6.84184e-041	5.5102e-045	5.99265e-049	6.64671e-053	1.29025e-056	4.41604e-057	1.16565e-058	1.24453e-060	3.1383e-061	3.64576e-062	9.06771e-063	6.30769e-064	3.06908e-062	
0	0	0.000753231	0.00256024	0.00331855	0.010787	0.000130205	0.000118784	0.0184413	0.161894	0.032509	0.658538	0.00252526	5.04317e-005	2.21049e-008	1.49496e-011	3.85946e-012	4.93218e-013	3.08126e-015	2.06881e-020	4.08323e-023	1.21648e-027	6.21264e-028	3.49244e-030	5.70442e-033	3.01163e-036	1.96847e-039	6.72784e-044	1.21365e-047	1.59572e-050	7.74439e-053	9.66e-055	9.7988e-056	4.00472e-058	3.89852e-060	4.94354e-060	
0	0	0	0.000244983	3.22973e-005	0.00036455	0.00784803	0.00215205	4.95872e-005	0.00177731	0.000245013	0.234768	0.995126	0.997112	0.960893	0.668648	0.722607	0.298136	0.0034068	4.72436e-005	2.33583e-005	9.36802e-007	2.30149e-006	2.62516e-007	1.93169e-008	2.24333e-010	6.00639e-012	8.09997e-013	3.42693e-014	1.75961e-015	6.18324e-018	9.54462e-021	5.15917e-024	4.29359e-027	2.89747e-030	8.75077e-031	
0	0	0	5.66313e-014	5.36132e-008	2.32812e-009	5.24803e-007	4.46332e-007	1.73432e-007	3.72834e-009	3.06481e-008	4.51681e-007	9.51284e-005	0.00149209	0.028055	0.315478	0.233837	0.47973	0.0266163	0.00100451	5.10907e-005	5.53633e-005	3.04623e-005	5.44064e-006	1.47852e-006	8.39984e-009	1.85041e-010	2.8564e-012	2.95177e-014	5.3255e-015	4.65646e-016	1.02347e-019	3.58451e-023	3.65849e-026	6.41598e-029	2.62718e-031	
0	0	0	0	2.72998e-006	3.06871e-007	2.56262e-006	3.93381e-005	1.21696e-005	4.27709e-007	3.84102e-007	7.94655e-007	5.38736e-005	0.00130621	0.0110517	0.0158737	0.0435556	0.222133	0.969977	0.998948	0.999926	0.999944	0.999967	0.999994	0.999999	1	1	1	1	1	1	1	1	1	1	1	


1	0.423735	0.220948	0.118732	0.0797765	0.0159348	0.04103	0.0291694	0.00233126	0.000156413	2.14404e-005	6.04152e-007	2.37478e-007	4.04409e-008	7.14777e-010	1.44841e-011	4.54882e-011	2.03795e-011	3.23782e-012	1.80927e-013	4.5785e-014	8.37429e-016	1.61848e-015	1.0897e-015	3.08172e-017	1.9049e-018	4.45776e-020	7.3184e-021	7.75264e-022	3.72811e-023	2.29147e-024	1.32879e-024	1.75324e-025	8.35163e-027	4.0102e-028	1.50424e-029	
0	0.00142974	0.000535898	1.41152e-006	5.79793e-005	5.17444e-005	2.84465e-007	6.76545e-005	1.04569e-005	8.00601e-009	1.62858e-008	2.71052e-010	1.185e-009	3.10569e-011	2.0343e-012	4.51125e-015	3.16035e-013	3.82895e-014	1.27616e-014	4.28767e-015	1.62667e-015	1.4644e-017	1.14986e-015	9.54002e-018	3.01741e-019	1.02585e-019	2.98292e-021	6.41249e-021	2.17385e-021	2.23855e-022	1.58988e-024	3.91987e-026	3.34551e-028	1.14418e-030	2.06186e-032	8.76459e-032	
0	0.574835	0.77619	0.878354	0.918645	0.98106	0.831312	0.881077	0.995909	0.99768	0.995326	0.919473	0.370072	0.260888	0.0797542	0.0149581	0.0648778	0.196187	0.330206	0.00480646	0.00542434	0.000239393	0.0220846	0.024009	0.00891982	0.00150025	0.00093345	8.18218e-005	4.08702e-006	7.26455e-007	7.11235e-008	9.57623e-009	1.01428e-009	5.49599e-011	2.16011e-012	1.42693e-012	
0	0	0.00232407	0.00290872	0.00150997	0.00295061	0.127652	0.0895984	0.00120591	0.00216097	0.00461895	0.080474	0.628585	0.73024	0.916476	0.972909	0.748978	0.633962	0.0523389	0.00119963	0.00213509	0.000192519	0.00539626	0.00313061	0.000758396	3.58242e-005	9.38504e-005	2.59984e-005	1.14218e-006	1.61572e-007	4.43577e-009	2.34308e-011	7.01357e-014	1.48173e-013	3.55066e-015	3.02737e-015	
0	0	1.24841e-006	3.8042e-006	1.09701e-005	2.69711e-006	4.77556e-006	8.61179e-005	0.000541549	1.52641e-006	3.28008e-005	5.24323e-005	0.00134276	0.00882819	0.0031533	0.0119752	0.185439	0.156152	0.0520287	0.000556359	0.000232385	0.000292499	0.053752	0.00384601	0.000146246	1.11843e-005	1.81469e-006	6.69578e-007	2.61378e-007	3.07443e-007	7.60307e-008	1.72919e-010	5.32992e-013	1.20701e-016	9.38088e-018	1.22355e-017	
0	0	0	5.1031e-008	5.39063e-008	1.22937e-007	5.60186e-007	6.80601e-008	3.54857e-007	9.7704e-007	9.76438e-009	7.91656e-008	5.89303e-008	4.40623e-005	0.000614979	0.000152732	0.000703956	0.0136943	0.564174	0.982515	0.945486	0.98353	0.756855	0.891646	0.979447	0.992163	0.988822	0.995981	0.965933	0.977408	0.816594	0.163329	0.00930408	0.00164408	0.000145534	3.48004e-006	
0	0	0	4.01537e-010	1.59823e-009	9.14783e-009	2.72871e-007	1.32029e-006	7.87932e-007	2.638e-007	1.14382e-007	4.4759e-009	2.42811e-010	5.61908e-009	1.42176e-006	4.52909e-006	1.71318e-006	3.74746e-006	0.00125202	0.0109213	0.0464836	0.0155538	0.160973	0.0747438	0.0105046	0.00625881	0.0100355	0.00389059	0.0339901	0.0220366	0.183175	0.829706	0.973254	0.946997	0.966772	0.914613	
0	0	0	0	8.96757e-011	2.50612e-010	2.08489e-008	9.72166e-008	2.2532e-007	1.8762e-007	3.9883e-007	7.91604e-008	8.42608e-009	6.64909e-009	2.75347e-010	9.11274e-009	7.50189e-008	8.9461e-008	2.98425e-007	8.52954e-007	0.000238847	0.000192255	0.000940013	0.00262425	0.00022419	3.1394e-005	0.000113127	1.97148e-005	7.18738e-005	0.000553854	0.000229937	0.00696582	0.0174422	0.0513587	0.0330827	0.0853838	


1	0.99998	0.999817	0.97231	0.999631	0.864549	0.857372	0.912699	0.999707	0.997246	0.993907	0.459649	0.0879613	0.00603099	1.51955e-005	3.3692e-007	2.53232e-009	2.23202e-011	3.93717e-013	2.1666e-015	1.7154e-016	1.92624e-018	1.48037e-020	9.48733e-022	5.90135e-023	1.84384e-023	2.20332e-025	5.77231e-028	3.44398e-028	1.2644e-029	4.78976e-029	2.10629e-029	2.86396e-030	2.58704e-031	1.29762e-032	5.08939e-032	
0	1.44669e-005	0.000152863	0.0276691	6.24543e-005	0.135381	0.141161	0.0787535	0.000169197	0.00233716	0.00608854	0.537215	0.202337	0.357529	0.00910478	8.01641e-005	4.61579e-006	3.62251e-009	9.30751e-012	1.16059e-013	1.78108e-012	3.05742e-014	6.77412e-015	1.86221e-015	3.40742e-017	4.29553e-016	4.87265e-018	7.52607e-020	4.80885e-021	4.50955e-025	1.64095e-025	1.41098e-027	8.57153e-031	4.93904e-034	2.34757e-036	3.86991e-033	
0	5.49363e-006	3.00232e-005	2.11049e-005	0.000303238	7.02114e-005	0.00146635	0.00853247	9.34228e-005	0.000416168	3.98547e-006	0.00313498	0.709041	0.634567	0.988452	0.838893	0.984596	0.430225	0.036467	0.0119453	0.926329	0.972241	0.998054	0.919851	0.233509	0.764346	0.822553	0.848347	0.824512	0.0260042	0.000785668	6.86294e-008	2.88871e-012	1.2116e-016	3.10597e-021	7.76083e-023	
0	0	3.16391e-008	9.94976e-008	3.36598e-006	9.09284e-008	5.04549e-007	1.47351e-005	3.03081e-005	1.00185e-006	2.2044e-008	1.29671e-006	0.000660333	0.00187277	0.00242792	0.161026	0.0153676	0.569774	0.963431	0.986537	0.0562918	0.0170299	0.000291107	0.0769945	0.762377	0.0846441	0.125797	0.135551	0.099132	0.965522	0.439607	9.39527e-005	3.21755e-008	8.05178e-012	7.1602e-014	1.02284e-017	
0	0	7.83498e-016	9.65487e-012	4.78369e-011	1.44817e-009	1.58012e-012	4.76266e-011	1.91326e-008	3.5008e-008	8.19493e-010	1.0662e-011	1.30099e-010	3.53731e-008	3.37905e-009	3.18719e-008	1.112e-005	1.30002e-007	1.16255e-005	5.56524e-006	0.00037062	4.20852e-006	2.76821e-005	1.10526e-008	8.92053e-007	0.000363529	3.49773e-007	1.77016e-007	1.12047e-005	1.10304e-005	0.178647	4.09364e-005	3.85525e-008	1.38182e-012	8.956e-017	2.54398e-016	
0	0	0	8.59447e-012	1.28649e-011	1.31698e-008	3.83427e-010	4.94095e-011	7.19238e-010	1.34151e-009	1.96141e-010	4.59955e-013	1.4733e-010	2.31243e-007	1.38967e-007	1.16551e-007	2.02707e-005	5.43959e-008	8.99508e-005	0.00149937	0.016194	0.00583711	9.69847e-005	6.30195e-007	2.47727e-005	0.0633964	3.00417e-005	7.26526e-005	0.00542736	9.72928e-005	0.152616	0.00929267	3.60529e-005	2.61342e-008	1.46582e-012	1.83459e-013	
0	0	0	2.29362e-022	1.29683e-013	3.72841e-013	2.13276e-009	3.16599e-010	6.89999e-012	2.41498e-012	2.25001e-012	2.72617e-013	3.75104e-016	1.42586e-013	1.68179e-010	9.52613e-011	1.13422e-010	1.1487e-008	5.06964e-009	9.87012e-006	8.11087e-005	0.00407501	1.14456e-005	1.46317e-005	5.93443e-007	5.72793e-005	0.000304099	9.80503e-006	0.000246101	6.77527e-005	0.01038	0.745213	0.892923	0.957933	0.97648	0.123866	
0	0	0	0	2.78253e-013	9.55504e-013	2.75574e-010	2.05949e-009	1.21493e-009	1.76578e-009	2.76731e-010	1.5832e-010	5.65119e-011	5.12357e-012	2.15162e-009	2.96044e-009	3.0063e-009	8.97855e-008	8.93404e-008	2.88141e-006	0.000733649	0.000812292	0.00151893	0.00313942	0.0040881	0.0871923	0.0513158	0.0160192	0.0706714	0.00829771	0.217964	0.245359	0.107041	0.0420673	0.0235198	0.876134	


1	0.685675	0.579985	0.220667	0.480305	0.0694138	0.0617796	0.166306	0.0324468	0.00628958	8.15721e-005	1.02927e-006	2.99204e-008	2.60951e-010	5.40889e-013	1.24722e-016	1.89172e-020	2.83014e-025	4.50103e-029	6.44261e-033	4.84895e-037	3.30718e-041	7.33305e-044	4.94401e-047	3.22297e-050	1.42892e-054	2.76111e-059	1.04979e-064	8.76256e-067	4.46421e-068	9.93404e-069	9.2247e-069	3.35304e-069	1.80519e-069	8.36979e-070	9.6071e-070	
0	0.292413	0.381006	0.70337	0.430181	0.614373	0.869467	0.700132	0.694475	0.30459	0.124628	0.00610814	0.000237264	7.79261e-006	6.4263e-009	1.57504e-012	3.18805e-016	1.42942e-020	2.53726e-024	4.78903e-028	4.96525e-032	7.79948e-036	4.02283e-039	1.10468e-042	4.2035e-046	1.43457e-050	1.24603e-054	1.28959e-059	3.94877e-061	3.81263e-062	1.99237e-063	7.80961e-064	1.8245e-064	9.12025e-065	8.37199e-065	2.05629e-064	
0	0.0219118	0.0387776	0.073327	0.0891753	0.286502	0.0313778	0.103361	0.272494	0.688145	0.858464	0.12191	0.0081756	4.17671e-005	2.65341e-006	4.11232e-008	1.41004e-010	3.49217e-014	1.37233e-016	1.6126e-020	7.12142e-023	2.48609e-026	2.75158e-026	5.02062e-029	1.40742e-030	7.43805e-034	3.68589e-037	1.28558e-042	4.54628e-046	1.06119e-048	3.95172e-051	2.0073e-052	1.52262e-053	1.5954e-055	8.33972e-058	2.11249e-056	
0	0	0.000231045	0.00263023	0.000335456	0.0297113	0.0368753	0.0298829	0.000565878	0.000974036	0.0168243	0.864795	0.757427	0.812388	0.581081	0.0124025	0.00683528	4.33501e-005	4.00388e-007	3.22183e-009	1.18953e-008	5.07706e-010	1.42219e-008	7.41788e-009	2.65885e-010	2.10095e-010	7.35967e-012	4.38784e-014	3.30209e-016	1.50411e-018	2.38162e-020	6.82257e-022	1.84683e-023	3.8506e-026	2.94119e-029	4.41234e-029	
0	0	7.50173e-009	5.50016e-006	2.42211e-006	4.23216e-007	0.00049659	0.000281386	1.23737e-005	6.37146e-007	1.78283e-006	0.00716195	0.232557	0.171571	0.357309	0.921928	0.870079	0.966925	0.434011	0.0031865	0.000248003	0.000344655	0.00450645	0.0421879	0.0795295	0.0039941	0.000112764	7.48585e-008	1.33572e-010	2.33678e-012	1.44387e-014	9.55275e-018	5.26538e-020	1.79291e-023	7.90361e-026	5.5412e-028	
0	0	0	6.2451e-008	2.51025e-007	8.7014e-008	4.0154e-006	3.41924e-005	4.53579e-006	1.29046e-007	1.872e-008	2.41475e-005	0.00147366	0.0153302	0.0578473	0.0634738	0.120625	0.030016	0.19568	0.197185	0.198428	0.246179	0.666594	0.849203	0.848887	0.487435	0.14404	0.0085135	0.000779537	0.000602116	0.000199343	3.13539e-006	2.51509e-007	3.82549e-009	1.79611e-010	2.4904e-011	
0	0	0	8.15894e-013	4.40768e-008	8.28875e-010	6.78281e-011	2.45974e-006	2.40197e-007	2.2983e-009	1.49543e-010	2.40205e-009	0.000129293	0.000657849	0.00214677	0.00174828	0.00169676	0.00295474	0.369594	0.657222	0.631019	0.658856	0.157851	0.0252903	0.04307	0.494878	0.84607	0.9836	0.94811	0.910956	0.00764218	3.01374e-005	5.32813e-007	5.33592e-009	2.25237e-011	5.21359e-013	
0	0	0	0	2.26894e-009	6.97353e-009	3.09864e-009	1.59021e-007	6.63683e-007	1.53083e-007	1.22177e-009	4.47152e-011	3.80602e-008	3.7405e-006	0.00161307	0.00044757	0.000764086	6.12753e-005	0.00071477	0.142406	0.170305	0.0946205	0.171049	0.0833187	0.0285139	0.013693	0.00977778	0.00788649	0.05111	0.0884422	0.992158	0.999967	0.999999	1	1	1	


1	0.91817	0.656274	0.733407	0.611056	0.891128	0.581764	0.643773	0.873784	0.783941	0.20647	0.00502498	1.14776e-005	1.43911e-007	3.57595e-010	6.68604e-013	1.33597e-016	3.01622e-021	3.04017e-024	6.68673e-027	6.58085e-030	1.00951e-032	3.2846e-035	1.35013e-038	2.61444e-041	9.89609e-045	1.24089e-047	7.32952e-051	2.11032e-051	2.2544e-052	2.57736e-053	8.65232e-054	4.28368e-055	4.02632e-056	4.24971e-057	4.33654e-056	
0	0.0766676	0.319343	0.170952	0.359895	0.0148527	0.20634	0.202435	0.0177275	0.00178548	0.00186431	0.00017361	3.61087e-007	2.02315e-008	4.12836e-012	2.19645e-014	2.53667e-017	8.92953e-021	6.65255e-023	1.84269e-024	2.01311e-027	4.2157e-029	7.90708e-033	6.63926e-035	5.49247e-038	3.78575e-040	8.00564e-043	2.55637e-045	6.12981e-045	4.49124e-045	3.24446e-045	5.59991e-045	5.44504e-045	1.534e-045	2.2051e-045	9.05677e-047	
0	0.00516198	0.0243725	0.0948509	0.0285459	0.0935891	0.211544	0.144714	0.105586	0.207918	0.790884	0.0717344	0.000648267	1.11239e-005	2.07826e-006	1.60877e-006	6.43283e-008	5.33807e-010	2.78823e-011	6.68441e-013	3.81034e-014	5.05174e-015	9.95592e-015	1.64423e-015	5.08976e-016	1.08036e-017	6.46798e-019	3.13304e-021	2.07261e-022	4.60895e-024	7.99024e-026	3.31287e-027	1.01661e-029	1.22265e-031	5.88552e-034	2.62399e-033	
0	0	1.10751e-005	0.000789971	0.00050233	0.000429829	0.000353094	0.00907808	0.00290277	0.00635519	0.000781572	0.923066	0.998543	0.998091	0.999778	0.996402	0.998559	0.998896	0.985809	0.676299	0.902189	0.165995	0.564544	0.222003	0.0922023	0.0105108	0.0153998	0.0251014	0.00523913	0.0023582	3.6507e-006	5.05911e-010	1.93924e-013	4.43624e-018	2.58687e-021	6.75773e-023	
0	0	4.58559e-023	1.12388e-009	3.45834e-007	3.08626e-008	6.2957e-009	1.79764e-007	3.89607e-007	1.63127e-008	6.90535e-008	9.85843e-007	0.000796735	0.00189065	0.000202428	0.00358081	0.0014334	0.00109999	0.0125539	0.164791	0.0129016	0.0142254	0.00114612	0.000950613	0.00146366	0.000394389	0.000169869	0.00152028	0.000160064	0.000548542	3.44386e-006	2.43269e-011	1.4402e-014	6.14088e-020	3.09437e-023	7.25394e-026	
0	0	0	7.96481e-012	9.68062e-009	3.00754e-010	6.66148e-010	3.2664e-010	1.12131e-009	5.7839e-011	7.62202e-011	2.55784e-011	7.33844e-009	6.63357e-006	1.69121e-005	1.48729e-005	7.45127e-006	3.951e-006	0.00163577	0.157385	0.0408078	0.637761	0.0156659	0.00829364	0.00350273	0.0080195	0.00200697	0.00272227	0.0153329	0.0231845	0.0270294	0.000145431	8.99939e-007	1.73246e-009	3.21064e-012	3.19195e-015	
0	0	0	6.60685e-030	8.55994e-013	2.39757e-010	1.12407e-010	2.76625e-010	1.1699e-011	2.85994e-012	1.07016e-013	2.20207e-014	9.78085e-016	4.50273e-012	3.18863e-007	1.30447e-007	6.13172e-008	3.00281e-009	7.74224e-007	0.0014518	0.042986	0.170978	0.376219	0.334172	0.0589557	0.328278	0.0514542	0.0140951	0.0616319	0.00512784	0.0623903	0.805388	0.912796	0.979978	0.858645	0.925638	
0	0	0	0	1.71272e-013	9.90549e-012	2.1942e-011	1.2503e-010	3.99181e-011	1.17065e-011	2.82651e-013	8.61579e-014	2.27249e-015	4.22148e-012	9.50457e-009	9.46668e-008	8.77576e-008	3.90165e-008	2.41768e-007	7.29411e-005	0.00111514	0.0110395	0.0424251	0.434581	0.843876	0.652798	0.930969	0.956561	0.917636	0.968781	0.910573	0.194467	0.0872036	0.0200219	0.141355	0.0743618	


1	0.444861	0.101718	0.270555	0.525172	0.696531	0.643311	0.830964	0.793352	0.923208	0.616972	0.198146	0.336426	0.00336592	4.65207e-008	1.87796e-012	2.75294e-016	4.6874e-021	4.97897e-025	2.0189e-028	6.02034e-032	1.97995e-036	1.88353e-039	6.47996e-043	1.2555e-046	4.19463e-051	1.70782e-055	5.50277e-060	5.96982e-061	7.12371e-062	3.88751e-063	3.60214e-063	7.92056e-064	2.55539e-064	4.46886e-065	1.28966e-064	
0	0.555124	0.898173	0.0878889	0.472944	0.185482	0.184239	0.13832	0.203235	0.0688554	0.292193	0.0200039	0.00904979	0.000182643	4.91309e-006	3.20617e-008	1.73713e-010	1.83909e-013	1.17694e-015	7.84234e-018	2.17282e-019	1.31015e-021	1.23652e-021	4.67499e-023	3.60042e-024	3.21317e-026	5.28406e-028	4.84497e-031	3.60086e-032	9.55508e-034	1.46447e-034	2.83142e-034	1.54089e-035	2.66081e-035	1.72167e-036	1.34062e-035	
0	1.47754e-005	0.000100134	0.597779	0.00164914	0.0986794	0.0868197	0.0171458	0.00333165	0.00768995	0.0907336	0.734141	0.387187	0.0129409	4.38013e-005	5.21203e-007	6.14029e-008	3.33728e-011	1.61731e-013	2.71863e-015	4.22811e-016	3.7479e-018	8.36497e-018	1.59159e-018	5.94667e-020	1.17657e-021	2.97078e-024	3.57769e-027	1.16267e-029	1.23454e-032	1.88122e-034	1.34757e-035	5.10517e-037	3.49091e-038	1.62771e-038	2.38676e-036	
0	0	9.48985e-006	0.0437764	0.000116158	0.0193047	0.0855854	0.0132353	4.48516e-005	0.000236169	0.000100233	0.0474334	0.201744	0.979387	0.959805	0.0395767	0.00312877	4.59305e-006	5.80293e-008	5.84718e-008	3.847e-006	1.47471e-005	6.60206e-005	1.62e-005	9.68593e-007	2.39334e-007	8.05933e-008	2.16044e-008	4.14532e-009	4.91884e-011	2.3742e-013	3.5393e-016	1.18239e-019	2.00188e-022	5.56411e-026	1.20715e-025	
0	0	2.34686e-010	2.58528e-009	0.000101828	2.06703e-006	2.5716e-005	0.000286412	5.19938e-006	1.05784e-007	1.93492e-007	8.34999e-006	0.00786744	0.00236613	0.0165564	0.000156144	0.000370398	4.27555e-007	4.40461e-010	1.63955e-010	3.77929e-007	9.06222e-008	2.87409e-005	6.3157e-008	1.74207e-009	9.62539e-009	7.703e-009	3.43635e-009	1.50907e-009	1.40116e-011	6.43255e-015	3.89026e-017	1.96945e-021	1.26534e-023	1.23379e-027	6.15615e-027	
0	0	0	6.46605e-007	1.63921e-005	5.80969e-007	1.9398e-005	4.79742e-005	3.10663e-005	1.07427e-005	5.33608e-007	0.000267881	0.0577134	0.00174667	0.0235894	0.960195	0.976139	0.996825	0.980815	0.185651	0.0128524	0.00114264	0.00217164	0.00337096	0.0079421	4.79466e-006	4.39621e-007	2.13386e-009	1.11794e-011	2.92146e-010	4.51392e-013	2.69639e-017	1.86493e-020	3.68469e-024	8.90721e-026	4.81608e-028	
0	0	0	1.11137e-025	4.781e-010	1.50793e-009	3.70415e-011	3.49008e-009	1.94748e-008	1.50876e-009	7.96998e-010	1.47413e-008	1.1938e-005	1.0037e-005	6.56585e-008	7.08475e-005	0.020233	0.00300277	0.0129397	0.59401	0.0663928	0.00167162	5.17502e-005	1.51235e-005	4.22723e-005	3.37191e-005	1.16557e-006	1.39035e-007	4.28834e-010	6.10059e-011	2.66289e-012	1.44947e-016	9.47844e-020	6.12693e-024	3.40941e-027	1.05884e-029	
0	0	0	0	2.32203e-010	4.77968e-009	8.09436e-010	3.08435e-009	1.48347e-008	4.41335e-009	5.89487e-010	2.21771e-010	2.21986e-008	5.74523e-007	1.90031e-007	6.98686e-007	0.000129064	0.000167245	0.00624503	0.220339	0.920751	0.997171	0.997682	0.996598	0.992015	0.999961	0.999998	1	1	1	1	1	1	1	1	1	


1	0.998511	0.982837	0.85677	0.976909	0.913401	0.989215	0.995336	0.763867	0.600048	0.352055	0.0231257	0.000633262	1.66501e-005	4.21823e-010	1.28479e-013	4.54576e-018	2.47527e-021	4.70992e-024	2.5863e-028	3.03383e-031	5.02277e-035	1.04824e-039	7.18481e-042	3.74303e-045	5.62539e-049	1.11714e-052	9.85628e-056	7.83092e-056	9.21921e-057	1.96796e-058	1.05835e-059	1.41889e-060	4.91841e-062	4.88442e-063	6.6524e-063	
0	0.00148865	0.0171614	0.142203	0.0230307	0.0845027	0.00628022	0.00433224	0.236125	0.392554	0.647229	0.730706	0.00497944	8.78451e-005	5.8319e-008	7.16453e-010	6.68286e-011	2.43474e-011	2.6839e-012	1.58654e-016	2.00113e-017	3.29764e-020	9.9635e-022	1.46678e-021	2.37004e-023	3.79605e-025	4.58196e-027	2.21425e-029	4.07987e-032	6.87668e-035	2.59294e-037	4.22982e-040	5.21e-042	4.25082e-045	1.61325e-047	6.43101e-048	
0	7.47057e-007	1.5763e-006	0.00102757	5.62594e-005	0.00209636	0.00448954	0.000309472	7.69603e-006	0.00739789	0.000714333	0.246167	0.991045	0.997346	0.987865	0.89352	0.996982	0.952788	0.439295	0.0124838	0.149553	0.0280671	0.00515877	0.0751502	0.0308388	0.00428207	0.000326627	0.00192995	0.000100232	1.19773e-006	1.20089e-009	1.25282e-013	1.22787e-017	2.65522e-022	2.37532e-026	7.20222e-028	
0	0	1.22919e-009	4.33284e-009	4.27061e-006	9.6303e-008	1.53934e-005	2.25087e-005	6.51597e-007	1.26061e-008	1.94134e-006	1.60028e-006	0.00334194	0.00254633	0.0121166	0.106342	0.00240392	0.0470031	0.556079	0.987085	0.789689	0.771225	0.0010855	0.00173189	0.00591863	0.00113415	0.000742779	0.0263671	0.0565579	0.172494	0.00960397	2.51192e-006	7.71131e-010	5.17479e-013	1.75602e-015	3.36882e-018	
0	0	3.04885e-019	1.08589e-012	2.22855e-013	8.14407e-009	1.48387e-010	6.73304e-009	5.02195e-009	1.76562e-010	1.17227e-011	5.69199e-009	2.75844e-009	3.01991e-006	1.79212e-005	0.000137507	0.000613993	1.47133e-005	7.06343e-005	3.62152e-005	0.0605943	0.0991252	0.993324	0.593882	0.00480271	2.95909e-005	4.42571e-007	1.81533e-006	3.21816e-005	0.000294705	0.00524243	9.30599e-007	1.1006e-010	5.80953e-015	3.86261e-018	8.15274e-018	
0	0	0	5.87836e-020	5.56764e-015	1.31836e-016	5.34465e-013	1.05914e-015	1.00159e-012	9.29024e-014	6.08431e-015	1.53924e-015	7.77584e-014	1.3981e-012	2.22609e-010	1.13139e-007	6.92677e-008	0.000193954	0.00437579	0.000221903	4.43888e-005	0.101474	0.000377531	0.328052	0.94259	0.777999	0.989428	0.893238	0.250819	0.741397	0.0376843	2.33404e-006	2.96457e-009	7.43326e-013	3.9923e-016	5.8798e-020	
0	0	0	6.66269e-026	8.50459e-021	6.29754e-016	2.63235e-015	1.48069e-014	1.05794e-015	1.64484e-014	1.1937e-015	1.37672e-017	4.18844e-019	9.03983e-017	1.77903e-014	1.62334e-012	7.60553e-011	1.81525e-010	0.000179529	0.000172716	0.000116079	0.000107492	5.42618e-005	0.00117964	0.0158418	0.216523	0.00922303	0.0782517	0.670311	0.060825	0.942482	0.980501	0.944901	0.969761	0.936059	0.524026	
0	0	0	0	6.28114e-026	4.07662e-020	2.59453e-016	8.22707e-016	3.7726e-015	1.04733e-014	7.16349e-015	4.76291e-016	1.06192e-017	2.94459e-019	1.5624e-019	1.28216e-016	1.30832e-015	1.53482e-013	2.10567e-010	5.5706e-007	2.99874e-006	1.1643e-006	1.36422e-008	4.62225e-006	7.82567e-006	3.20091e-005	0.000279369	0.000211582	0.0221796	0.0249879	0.00498761	0.0194934	0.0550993	0.0302393	0.0639411	0.475974	


1	0.999626	0.996999	0.779021	0.993677	0.822525	0.949512	0.967743	0.750129	0.15241	0.0581443	0.000931174	1.0664e-005	1.86693e-006	1.02034e-010	6.01339e-015	3.65811e-018	5.69804e-021	1.02213e-024	5.9808e-029	3.31983e-031	1.43106e-035	2.80199e-039	1.09779e-042	8.65691e-047	1.34405e-050	2.78998e-054	5.82562e-058	2.32564e-059	1.53437e-060	4.32088e-062	5.40501e-063	1.77809e-063	2.49815e-064	5.72884e-065	9.95976e-065	
0	0.000374166	0.00300057	0.220968	0.00628971	0.177346	0.0173979	0.0296109	0.249867	0.847408	0.929857	0.976544	0.00369116	0.000310073	1.05705e-006	1.6038e-009	1.4332e-010	1.11812e-011	1.5007e-014	3.83043e-019	1.50051e-019	5.93959e-024	5.04142e-025	1.73041e-027	1.09167e-030	6.4222e-034	8.73137e-036	2.29123e-039	6.15393e-044	2.57263e-047	4.03545e-051	1.14412e-054	3.21906e-057	2.89342e-060	7.51543e-063	1.57293e-062	
0	2.86227e-009	3.39838e-007	1.17294e-005	3.34247e-005	0.000128855	0.0330837	0.00261187	3.68729e-006	0.000181804	0.0119985	0.0225198	0.995984	0.725807	0.0318871	0.00141081	0.000421416	4.7234e-006	9.75203e-011	4.00305e-014	1.01799e-013	5.34359e-015	2.9687e-014	2.01778e-015	2.50044e-019	2.06956e-022	1.3707e-025	1.21497e-027	3.91629e-030	6.78165e-032	2.66407e-034	7.66479e-038	8.11137e-043	6.32726e-048	9.76448e-054	1.33935e-055	
0	0	6.21925e-012	1.86626e-009	5.48376e-009	5.8541e-008	6.02635e-006	3.41683e-005	1.69011e-007	1.39433e-009	4.49115e-008	5.06142e-006	0.000313734	0.273619	0.967934	0.995536	0.99021	0.771244	0.00217454	6.40362e-005	0.000120101	0.000559808	0.0010913	0.0001089	8.92379e-006	1.62058e-008	1.76608e-010	2.64769e-011	6.01407e-014	1.14148e-014	3.41685e-017	1.30461e-022	9.60913e-028	7.34626e-033	2.35199e-037	5.29467e-040	
0	0	5.99393e-013	1.3213e-011	4.65392e-009	7.08707e-010	7.28895e-010	9.024e-008	6.88076e-007	7.85293e-011	1.80384e-009	1.09523e-007	7.17201e-008	0.000261584	0.000177175	0.00305201	0.0088814	0.228566	0.991825	0.998766	0.355848	0.289037	0.00159611	4.92945e-006	6.53503e-006	2.38018e-007	9.49259e-008	8.95966e-008	5.27123e-009	1.14148e-007	3.41823e-009	1.72943e-013	6.99108e-016	9.43878e-020	2.99806e-022	2.22718e-025	
0	0	0	5.45938e-015	8.34198e-014	3.19598e-010	5.62749e-013	7.48853e-012	2.60949e-009	4.92251e-009	4.37147e-010	2.45636e-011	3.87905e-011	1.17515e-009	4.9649e-007	5.32175e-007	0.000484653	0.000137315	0.00591039	0.000441761	0.615474	0.00346915	0.691939	0.0320608	0.000133814	1.26675e-005	5.0331e-008	2.05687e-010	1.12229e-010	2.22816e-011	1.11778e-008	3.40547e-010	3.4101e-011	9.33747e-014	1.49475e-016	7.19049e-017	
0	0	0	3.73235e-017	4.59032e-018	1.64144e-013	2.44684e-010	4.50058e-013	2.12775e-014	2.93407e-012	9.47027e-012	3.81217e-013	4.28284e-014	4.89241e-011	4.18351e-007	3.15404e-007	2.62865e-006	4.77258e-005	5.90386e-005	0.000620356	0.0237643	0.679674	0.278313	0.797583	0.655626	0.508044	0.0143598	0.000953821	2.43603e-005	8.34173e-008	2.69965e-009	9.42294e-012	2.33572e-013	1.63146e-013	4.49789e-016	1.30097e-016	
0	0	0	0	6.34138e-018	1.57261e-017	5.40738e-013	3.11257e-011	8.0378e-012	2.40386e-013	3.59599e-013	1.70516e-014	2.66918e-016	2.81024e-015	4.93992e-012	3.08108e-008	2.16921e-008	1.08166e-006	3.10645e-005	0.00010744	0.00479391	0.02726	0.0270609	0.170243	0.344225	0.491943	0.98564	0.999046	0.999976	1	1	1	1	1	1	1	


1	0.999852	0.99574	0.9918	0.996037	0.950055	0.973197	0.975146	0.992147	0.891629	0.802693	0.171297	0.0170567	0.00470544	1.92634e-006	4.02874e-010	2.69722e-013	9.81243e-016	3.68239e-019	6.45822e-024	7.26041e-027	8.42191e-030	4.50252e-034	7.80132e-036	4.38143e-039	1.66113e-042	1.18607e-045	9.17471e-049	1.52739e-049	1.87282e-050	3.19699e-052	2.19525e-053	1.89061e-054	1.85259e-055	4.11926e-056	6.2979e-056	
0	0.000144525	0.00425694	0.00819323	0.00393128	0.0499245	0.0246742	0.0246876	0.00783999	0.108366	0.196974	0.827217	0.884505	0.746947	0.0388456	0.000366871	0.000143476	5.90163e-006	8.43219e-010	7.24068e-015	3.75457e-015	2.98139e-017	1.42511e-017	5.11086e-018	2.40113e-021	1.7207e-023	1.2657e-025	5.7327e-028	6.85564e-031	1.33506e-033	5.29174e-036	2.72545e-039	1.7416e-043	6.65827e-047	4.78661e-051	2.34477e-051	
0	3.71335e-006	2.64191e-006	7.07207e-006	3.07627e-005	2.04154e-005	0.00212865	0.000115509	1.02539e-005	4.38645e-006	0.000332838	0.00148464	0.0984326	0.2474	0.928923	0.993152	0.96486	0.889438	0.00912359	2.52061e-005	1.04545e-005	0.000210214	0.0002589	0.00181864	0.00092976	1.65942e-005	7.94584e-007	1.18549e-007	1.55702e-008	1.0509e-008	2.92841e-010	1.13921e-013	1.29279e-017	3.34076e-021	7.48618e-025	2.18351e-026	
0	0	1.98897e-007	3.17134e-008	7.95667e-007	4.37953e-007	3.85744e-007	5.03668e-005	2.53333e-006	1.08135e-007	2.42299e-009	6.79407e-007	1.46751e-006	0.000776382	0.0319941	0.00626136	0.0255667	0.104319	0.984152	0.999712	0.974459	0.807761	0.00322654	0.0115441	0.00589066	0.0108105	0.00657994	0.0519661	0.135581	0.306277	0.251039	0.0192319	0.00157345	0.000507059	0.000320637	1.09777e-005	
0	0	1.51972e-010	7.99709e-010	2.0402e-010	1.42734e-008	1.26456e-008	9.4379e-007	8.18113e-008	5.26082e-009	6.1845e-009	8.11989e-007	3.81744e-006	0.000170722	0.000232901	0.000217474	0.00942299	0.000955618	1.75439e-006	2.98482e-006	0.025393	0.0533378	0.987579	0.607663	0.000205814	4.05806e-006	2.74943e-006	3.19687e-006	2.04325e-005	0.000180778	0.013856	5.07808e-005	2.03494e-007	7.95032e-008	2.00442e-008	5.81855e-006	
0	0	0	2.67811e-014	6.45444e-012	1.04899e-013	8.53545e-012	1.05868e-012	4.27314e-010	1.07304e-011	1.27193e-012	8.87962e-012	3.37912e-010	6.90653e-008	2.25856e-006	2.68667e-006	6.5228e-006	0.00528173	0.00661734	0.00017619	7.91663e-005	0.138477	0.00840511	0.364284	0.986126	0.846672	0.975411	0.881312	0.16691	0.445313	0.0111955	1.91033e-006	1.76989e-008	4.06329e-011	2.0485e-011	2.89463e-011	
0	0	0	8.53033e-018	2.1601e-016	4.29462e-015	5.57125e-015	1.16876e-014	7.27563e-014	5.97849e-014	2.68999e-015	1.88407e-015	5.40119e-014	5.75924e-012	6.0588e-010	1.02074e-009	2.4675e-009	1.36112e-008	1.31632e-005	2.76838e-006	6.49215e-006	2.23803e-005	0.000395187	0.00228453	0.000657055	0.0409815	0.0101516	0.0151161	0.0337294	0.00850864	0.166519	0.00287028	3.03178e-006	5.55504e-008	1.46618e-010	2.61002e-012	
0	0	0	0	6.46134e-016	2.82612e-013	5.5256e-013	8.39962e-013	6.45377e-014	9.61605e-013	1.36846e-013	2.5611e-015	6.2023e-015	5.75046e-012	9.58169e-010	3.07308e-009	1.65067e-008	4.02871e-008	9.21007e-005	8.08157e-005	5.2118e-005	0.000192305	0.000135055	0.0124058	0.00619096	0.101515	0.00785415	0.0516023	0.66376	0.239721	0.55739	0.977845	0.998423	0.999493	0.999679	0.999983	


1	0.998948	0.94509	0.998717	0.998187	0.297421	0.998225	0.998281	0.987989	0.915113	0.964609	0.99521	0.990622	0.986585	0.436921	0.00213914	2.7075e-005	2.89524e-007	8.82201e-012	7.65301e-017	1.10976e-018	2.06152e-020	3.734e-021	5.49542e-023	1.45071e-025	1.21737e-027	4.81114e-029	1.30839e-031	8.75458e-031	2.41846e-031	1.3095e-031	3.69159e-030	2.84452e-030	1.01214e-029	1.73079e-030	5.04104e-030	
0	0.00103561	0.000223922	0.00124752	0.00107929	0.702483	0.000136762	0.00165572	0.0120106	0.0848021	0.0335523	0.00147255	0.00508733	0.010949	0.00697164	8.48145e-009	6.95514e-007	1.8253e-012	1.19033e-014	1.15564e-019	4.78696e-019	4.55463e-025	1.38636e-020	4.91354e-027	9.51315e-030	7.25641e-029	2.8159e-033	8.80308e-034	1.93846e-033	6.85978e-036	9.05875e-036	1.00695e-032	1.98054e-031	8.01095e-034	9.6416e-036	4.56356e-029	
0	1.59169e-005	0.054686	6.42955e-008	0.00073357	9.64285e-005	0.00127574	4.13531e-005	6.06992e-007	8.51289e-005	0.00183791	0.00113818	0.000136977	0.00149734	0.509248	0.000411166	1.31708e-005	2.46841e-008	8.28402e-015	1.08353e-021	1.25185e-016	3.18865e-019	1.72008e-015	7.37609e-018	3.81951e-022	2.18799e-022	2.59398e-022	2.69922e-026	6.2184e-029	1.27187e-034	3.36354e-036	1.54205e-034	2.88921e-037	1.597e-033	3.43508e-038	2.03838e-032	
0	0	2.50034e-008	3.52949e-005	1.49967e-010	6.79131e-008	0.000362957	2.17745e-005	6.22125e-010	1.08276e-012	9.56208e-007	0.00217876	0.0039974	0.000221679	0.0212703	0.989709	0.0404378	0.0519207	5.27013e-008	2.66033e-014	6.30561e-015	1.0137e-013	8.77185e-013	1.00445e-011	1.3808e-013	3.31418e-015	8.43833e-014	1.76271e-015	3.07303e-017	6.36412e-020	4.15945e-023	4.95298e-024	1.88809e-030	1.21681e-033	7.23134e-038	1.15788e-041	
0	0	2.70595e-022	3.91906e-011	1.53074e-008	8.31251e-012	4.11442e-011	2.55355e-007	3.41038e-008	3.49672e-011	6.80989e-014	3.26621e-008	0.000156321	0.000745199	0.0192336	0.00742846	0.95859	0.921252	0.00617296	2.32992e-005	5.07462e-005	0.00207041	0.83857	0.90807	0.202479	0.201393	0.437088	0.27306	0.3185	0.183999	0.425721	0.0190489	0.000174803	3.49909e-007	1.37723e-010	1.38536e-012	
0	0	0	1.66483e-016	2.94989e-014	9.27054e-011	4.17774e-014	7.46516e-015	9.07335e-010	6.86543e-010	1.62425e-014	1.55209e-015	1.39982e-012	1.50657e-006	0.00635575	0.000217672	0.000929638	0.0268261	0.993826	0.999759	0.9973	0.986878	0.146254	0.0909001	0.797507	0.795571	0.561552	0.726483	0.579626	0.812975	0.401529	0.0716874	0.892665	0.0149627	0.00100225	8.5258e-006	
0	0	0	2.61846e-038	1.24389e-019	7.39966e-017	4.36539e-011	7.28293e-013	2.42277e-014	1.32269e-011	8.57708e-012	7.25094e-013	5.55993e-015	9.99005e-016	3.42024e-007	9.47103e-005	8.99226e-007	8.69599e-007	6.40695e-007	0.000217301	0.00263482	0.0110456	0.000305456	0.000930296	1.40281e-005	0.00303226	0.00128155	0.000456782	0.101747	0.00297577	0.17257	0.558347	0.088881	0.947706	0.996938	0.0223836	
0	0	0	0	1.8808e-020	5.54032e-020	7.79611e-015	5.91369e-012	2.39115e-012	2.02146e-013	1.16429e-011	1.20474e-011	3.54188e-011	2.93067e-011	2.46122e-011	2.34052e-009	8.09706e-007	1.97725e-008	5.36733e-012	2.31477e-011	1.42916e-005	5.64388e-006	0.0148701	9.93016e-005	1.29052e-007	3.54223e-006	7.83007e-005	4.84669e-007	0.000127807	5.04178e-005	0.000180199	0.350917	0.0182787	0.0373309	0.00205966	0.977608	


1	0.999931	0.989707	0.99991	0.993308	0.788684	0.936805	0.994177	0.995421	0.991972	0.903843	0.815031	0.689404	0.865639	0.00469984	1.46336e-006	4.86478e-009	2.53273e-011	2.72309e-015	1.99619e-019	3.24374e-020	6.54169e-023	1.50487e-026	6.76385e-029	1.23265e-031	1.79931e-034	7.97897e-037	9.84718e-040	7.26343e-039	4.13016e-039	1.37951e-039	1.65359e-039	7.37995e-039	3.66548e-039	4.64151e-039	1.88328e-039	
0	6.55249e-005	0.00936154	4.73383e-005	0.00668202	0.21092	6.3086e-005	0.00282331	0.0045736	0.0080202	0.0946615	0.00425424	0.0124	0.0197823	0.0121351	4.35888e-008	1.44391e-007	1.01615e-011	6.54227e-017	2.38986e-021	4.75022e-017	1.05104e-021	1.64271e-020	1.94798e-024	3.68037e-029	6.12436e-029	1.47186e-031	1.45709e-033	4.41756e-035	2.56179e-040	1.49705e-042	1.30956e-041	5.48881e-042	1.20412e-042	3.91085e-045	1.6862e-038	
0	3.68469e-006	0.000931273	4.24326e-005	9.99849e-006	0.000396209	0.0631265	0.00294752	5.16921e-006	8.04591e-006	0.00149542	0.18068	0.278668	0.108684	0.957305	0.20721	0.0652706	0.0134155	8.21028e-007	8.82508e-011	7.60055e-008	1.29895e-007	1.05314e-007	1.81669e-007	2.31252e-009	3.54893e-009	3.42238e-008	7.44836e-009	3.37496e-009	2.31377e-011	2.41546e-013	6.44759e-015	6.4618e-019	2.35513e-021	7.64488e-025	5.20585e-027	
0	0	6.38289e-012	6.81917e-008	1.53056e-011	6.78594e-012	5.54877e-006	5.09852e-005	3.31787e-009	2.36786e-013	1.09677e-010	3.44187e-005	0.0193471	0.00312056	0.00945682	0.790493	0.0399577	0.133607	4.05083e-006	4.21591e-010	5.13524e-010	9.64422e-007	4.5832e-009	1.13957e-007	3.0079e-008	7.16356e-011	2.05257e-009	3.19633e-010	1.07692e-011	2.05895e-012	1.56914e-015	6.5081e-019	5.08825e-021	6.37972e-025	6.32462e-026	4.65172e-031	
0	0	3.76792e-011	1.02793e-008	9.84325e-010	1.68346e-010	5.24509e-009	9.99511e-007	6.03385e-008	1.42677e-010	1.8379e-010	7.8013e-007	0.000180722	0.00277104	0.0163835	0.00228843	0.894355	0.678827	0.0276575	0.00175427	0.445775	0.888765	0.999996	0.942162	0.394065	0.975199	0.899868	0.941589	0.894684	0.0219423	0.00289125	3.36302e-006	2.38919e-008	1.76577e-011	1.23333e-014	2.55628e-017	
0	0	0	1.17579e-014	2.06593e-012	9.81337e-015	9.92639e-016	2.42619e-012	2.95592e-010	2.07544e-012	5.39516e-018	4.86083e-014	9.26156e-012	3.22463e-006	1.9308e-005	6.49356e-006	0.00041646	0.17415	0.972331	0.995278	0.349679	0.108606	1.63254e-006	0.0578375	0.60592	0.0169646	0.100052	0.0582356	0.104379	0.977988	0.0543551	6.01539e-006	1.24851e-006	6.60522e-010	8.10555e-011	6.55098e-017	
0	0	0	3.92492e-022	9.23521e-018	1.31018e-016	8.80915e-016	1.66548e-017	2.73215e-015	5.64395e-014	5.93471e-015	2.42189e-016	5.97351e-017	8.10347e-016	2.58708e-008	1.78639e-007	3.96017e-008	8.63153e-007	6.7568e-006	0.00296783	0.204127	0.00247901	1.49651e-006	3.95346e-007	1.42439e-005	0.00783629	7.05932e-005	0.000175132	0.000696689	2.47716e-005	0.942641	0.310249	0.00970892	0.00407325	0.0108871	6.76661e-006	
0	0	0	0	1.71518e-018	1.4958e-016	1.31298e-015	4.73699e-015	2.77801e-015	1.24776e-014	4.76542e-014	7.58863e-014	2.38438e-013	4.21375e-013	4.07874e-012	3.9291e-012	1.67826e-010	1.82288e-010	3.25859e-010	3.9444e-009	0.000419309	0.000149258	4.75544e-007	4.21378e-009	5.39489e-009	3.40862e-007	9.94262e-006	6.67995e-008	0.000240748	4.52103e-005	0.000112682	0.689742	0.99029	0.995927	0.989113	0.999993	


1	0.991747	0.954743	0.99379	0.989409	0.991483	0.625146	0.295452	0.978394	0.998713	0.910823	0.769382	0.478744	0.117042	0.72015	0.948352	0.969539	0.964556	0.807774	0.175147	0.447332	0.924825	0.697712	0.756394	0.982519	0.990331	0.993275	0.977869	0.731875	0.114172	0.339037	0.486498	0.429483	0.53343	0.397188	0.876194	
0	0.00751645	0.0179933	0.00393564	0.0087826	0.00376444	0.217321	0.618141	0.0137449	0.000441317	0.00212511	0.00095748	0.00234167	0.00023748	0.000483292	0.000110409	2.42297e-005	3.85555e-005	5.72858e-005	9.84603e-005	0.000194481	0.00054283	0.000235008	0.000631484	0.000324262	0.00101357	0.00071305	0.000533304	0.0361976	0.000865757	0.00536086	0.23679	0.0432122	0.230452	0.105134	0.0401139	
0	0.000736198	0.0272638	0.00176115	0.0018005	0.00472975	0.157529	0.0842956	0.00606512	0.000772654	0.0870511	0.073044	0.198945	0.00965187	0.0105766	0.00902107	0.0214541	0.00557345	5.24519e-005	2.03185e-005	0.00232856	0.00465236	0.300452	0.236151	0.00412978	0.00562064	0.00171033	0.000749905	0.013769	0.000108208	0.00934924	0.0874615	0.00106216	0.0110901	0.001124	0.0165027	
0	0	5.88594e-008	0.000407045	9.67228e-008	1.99742e-005	2.73683e-006	0.00199135	0.0016596	6.35686e-006	6.63684e-007	0.0171008	0.00994742	0.0157106	0.00120211	3.27545e-006	7.83303e-005	0.000103312	1.55237e-005	1.24837e-007	2.60798e-006	1.48591e-005	3.45693e-005	0.00091064	0.000436624	4.27852e-005	3.85538e-005	0.000103728	1.13044e-005	2.00193e-005	3.71282e-007	5.15532e-006	0.000681683	1.22934e-006	9.35312e-005	0.000348889	
0	0	2.77524e-007	0.00010576	4.69147e-006	2.56843e-006	2.48283e-007	0.000120655	0.000134939	6.47053e-005	3.67929e-007	0.139516	0.304844	0.836101	0.103709	0.00267449	0.00438262	0.0268886	0.0794591	0.00693574	0.00313471	9.71289e-005	4.66129e-005	0.00555402	0.00721344	0.000958661	0.000269182	0.000202723	5.85268e-005	0.000164034	3.2251e-006	3.02318e-007	0.000500049	3.18553e-007	1.518e-005	3.93072e-007	
0	0	0	4.15993e-010	2.75769e-006	9.24549e-009	4.67262e-009	6.41203e-010	1.77074e-006	1.58353e-006	3.17124e-008	1.70992e-008	0.00517714	0.0209151	0.161142	0.0393833	0.000282986	0.000772474	0.111628	0.805951	0.219476	0.0565904	1.58948e-005	1.05636e-006	0.00535316	0.00181995	0.00374112	0.017517	0.208369	0.865344	0.309845	0.000603865	6.52191e-006	1.0287e-005	8.54483e-007	1.33144e-008	
0	0	0	1.07415e-013	2.813e-011	8.03104e-011	2.45065e-012	5.52209e-012	8.42844e-011	1.77127e-010	1.24171e-011	9.15153e-011	1.38266e-006	6.80384e-006	0.000175732	4.46648e-005	2.34331e-005	4.56045e-007	1.0461e-006	0.000269937	0.00272896	0.000124242	7.19976e-006	5.76597e-008	1.00417e-008	2.48559e-006	2.07501e-006	1.68154e-005	5.46343e-005	0.000127903	0.0127373	0.000179409	1.09957e-006	2.8172e-009	8.61182e-009	5.97919e-011	
0	0	0	0	1.4717e-010	1.3274e-007	5.89905e-009	1.28922e-008	1.40197e-008	1.4774e-007	4.90123e-009	1.26619e-008	1.01698e-008	0.000335382	0.00256097	0.000410463	0.00421481	0.00206757	0.00101237	0.0115766	0.324803	0.0131535	0.00149687	0.00035834	2.36738e-005	0.000210925	0.00025042	0.00300708	0.00966521	0.0191973	0.323667	0.188462	0.525053	0.225016	0.496445	0.0668402	


1	0.986026	0.968587	0.947768	0.811461	0.843266	0.985293	0.972167	0.937775	0.602504	0.882514	0.816605	0.826621	0.868236	0.983538	0.989855	0.962668	0.946467	0.918555	0.839929	0.959383	0.968642	0.994177	0.94469	0.926361	0.934648	0.89117	0.856363	0.973211	0.916935	0.830111	0.96771	0.972081	0.938068	0.875595	0.985169	
0	0.00607481	0.0109292	0.0466316	0.038963	0.155159	0.00504503	0.0141116	0.0586367	0.39441	0.117197	0.181072	0.171152	0.126296	0.00787881	0.00140215	0.0298088	0.0175578	0.0219506	0.0118266	0.0151735	0.00168902	0.00445702	0.00353642	0.00357525	0.00543517	0.00347085	0.0147638	0.00593611	0.0213637	0.00729626	0.00308196	0.0170792	0.00327216	0.00902212	0.0123591	
0	0.00789887	0.0202615	0.00554261	0.148503	0.000958668	0.00916449	0.0135623	0.0034687	0.00307059	0.000261928	0.00226627	0.00218794	0.00539911	0.0085776	0.00873817	0.00752219	0.0359336	0.0594849	0.14821	0.0254269	0.0296606	0.00136345	0.051753	0.0700252	0.0599024	0.105296	0.128846	0.0173537	0.0611971	0.157127	0.0226419	0.0102185	0.0581389	0.109855	0.00160564	
0	0	0.000145576	2.02314e-005	0.000980319	3.61074e-007	0.000485674	6.18393e-005	2.50907e-006	1.90063e-006	1.3899e-006	4.10372e-005	8.78029e-006	4.33203e-005	1.64385e-007	3.58611e-006	1.19734e-007	4.17908e-005	7.34698e-006	1.09973e-005	9.41731e-007	6.36902e-006	9.66156e-009	2.06383e-005	3.62958e-005	2.18618e-006	6.17238e-005	2.11803e-006	5.24232e-005	0.000172921	0.0032901	0.000189234	2.13018e-005	0.000357346	0.00515727	4.97874e-007	
0	0	7.64071e-005	3.72837e-005	9.2635e-005	0.000613113	9.75909e-006	9.63941e-005	0.000113681	8.69069e-006	1.04326e-005	1.01359e-007	8.56684e-006	2.94237e-006	2.54123e-007	2.1286e-007	4.50705e-007	1.52425e-007	2.46214e-006	2.28755e-005	1.59168e-005	1.51059e-006	2.56146e-006	5.67223e-008	1.98585e-006	1.23971e-005	1.53751e-006	2.46464e-005	0.0034465	0.000300263	0.0021708	0.00634719	0.00056919	0.000152177	0.0003642	0.000849514	
0	0	0	2.2874e-007	9.23325e-008	1.79432e-006	1.23519e-006	6.05217e-008	2.30607e-006	1.72918e-006	1.48655e-006	7.89916e-008	5.25238e-008	4.16018e-008	2.00842e-008	5.58659e-010	7.2558e-009	3.71653e-009	5.85795e-009	2.7968e-009	1.72574e-007	1.31436e-007	9.20057e-008	5.69219e-009	8.15411e-010	2.8606e-008	3.63033e-008	5.62715e-008	1.99128e-007	3.1234e-005	3.37624e-006	2.76011e-005	5.92773e-006	3.81263e-006	4.90372e-007	3.97574e-006	
0	0	0	1.09215e-010	6.78164e-017	1.80681e-010	3.32418e-013	1.09004e-014	2.41163e-011	5.95704e-014	5.711e-011	1.34685e-011	9.84088e-013	1.04461e-013	1.49889e-013	1.40204e-014	3.15009e-013	7.04436e-015	1.97542e-014	2.1261e-012	2.70035e-012	4.89249e-012	1.0032e-012	9.75686e-014	9.2159e-016	7.14934e-013	3.78656e-014	7.54348e-012	3.61698e-012	2.18606e-010	2.40225e-012	4.50026e-010	1.09302e-009	9.43175e-015	2.38917e-013	2.61401e-011	
0	0	0	0	1.49956e-008	3.95891e-007	1.11634e-006	6.63123e-007	1.08825e-006	2.48261e-006	1.36228e-005	1.62425e-005	2.08794e-005	2.31538e-005	4.81181e-006	4.95321e-007	5.52228e-008	5.15916e-009	1.56304e-009	6.63278e-010	2.2023e-010	9.46633e-009	7.0132e-009	8.88814e-010	3.54979e-010	4.30297e-011	7.60213e-010	2.25568e-009	4.31881e-008	1.91355e-007	1.73123e-006	2.07571e-006	2.49869e-005	7.69702e-006	5.88349e-006	1.21914e-005	


1	0.453929	0.324396	0.356127	0.178516	0.0550813	0.138801	0.101751	0.098906	0.0105393	0.00762926	0.000128723	3.17762e-005	1.09369e-005	7.77055e-005	2.6177e-006	9.79771e-007	1.28003e-007	5.95826e-009	3.48746e-010	2.0429e-011	2.08755e-014	1.24693e-014	7.2594e-016	1.20911e-016	1.35798e-018	1.94301e-019	1.05212e-020	3.16836e-021	2.54141e-021	1.17589e-021	6.2682e-022	1.23427e-022	8.90308e-023	3.64061e-023	1.32087e-023	
0	0.341522	0.345198	0.592899	0.225685	0.119438	0.12665	0.0494277	0.135071	0.00452517	0.0211898	0.0010899	0.000960622	0.00139018	0.00192672	0.000213427	0.000536092	0.00167963	0.000194472	6.96757e-006	7.50713e-007	5.15113e-009	5.72318e-009	1.8761e-009	5.9188e-010	2.36393e-011	1.36536e-011	1.36972e-012	3.47787e-013	9.87218e-014	2.6953e-014	4.68243e-015	1.47637e-015	1.85261e-016	6.71334e-017	8.17953e-018	
0	0.204549	0.295223	0.0144185	0.476832	0.609574	0.262137	0.748166	0.162092	0.165177	0.0051382	1.65588e-006	8.36869e-005	0.00013126	0.0521859	0.000106053	4.78295e-005	1.20501e-007	2.78226e-007	7.51827e-008	3.37327e-007	3.03474e-011	3.91815e-008	8.18975e-011	7.68419e-012	2.19361e-013	7.69623e-015	9.61806e-015	3.14307e-014	1.46962e-015	4.49551e-014	2.63465e-014	3.60822e-016	5.67671e-016	3.12683e-018	1.5683e-016	
0	0	0.0315341	0.030159	0.114092	0.137143	0.0103201	0.00787671	0.336109	0.754334	0.0361553	6.10993e-005	7.00516e-005	0.000126214	0.000968844	9.07355e-005	9.34542e-005	3.55312e-005	2.90537e-006	1.69996e-007	2.7232e-009	1.40751e-012	7.06268e-011	2.60985e-011	2.62722e-011	2.31391e-015	1.87329e-014	6.88422e-015	8.76892e-015	3.79827e-014	1.38314e-015	5.25616e-017	4.73136e-017	1.05454e-017	7.55768e-018	9.54047e-019	
0	0	0.00364879	0.00159097	0.00464161	0.0779367	0.460813	0.0784251	0.02932	0.00224475	0.278428	7.46829e-005	1.68915e-006	4.7122e-006	9.61031e-005	8.94494e-007	6.55835e-006	5.09372e-007	2.90754e-008	9.04048e-009	3.36275e-009	6.38945e-012	4.43842e-012	2.03518e-012	2.0012e-013	6.06467e-014	1.20292e-015	8.39342e-017	6.29624e-015	1.64536e-015	5.11552e-014	7.07154e-013	1.60124e-013	9.93386e-013	4.79964e-013	4.48176e-013	
0	0	0	0.00477901	0.000169385	0.000729936	0.000782966	0.0140662	0.233243	0.0582687	0.455243	0.994877	0.959062	0.866089	0.06638	0.00104072	0.000125348	4.53296e-005	2.49083e-006	1.38521e-008	1.57689e-010	9.72196e-014	6.38833e-014	4.47792e-015	2.15641e-014	3.99943e-017	1.33411e-015	9.27957e-018	6.86899e-019	7.64339e-016	2.30031e-018	1.95327e-017	5.09243e-014	1.06766e-016	1.26557e-014	2.31433e-014	
0	0	0	2.69126e-005	1.70017e-007	1.6347e-005	0.000124895	1.19965e-005	0.000318233	1.02267e-005	0.131141	0.000852418	0.0103068	0.0255528	0.79886	0.994703	0.953255	0.972365	0.992179	0.996641	0.995265	0.998049	0.954008	0.986498	0.987032	0.998527	0.993713	0.99709	0.330879	0.0228176	0.000138653	2.3252e-006	5.74199e-008	6.64125e-011	1.13161e-013	3.83419e-015	
0	0	0	0	6.36666e-005	8.06474e-005	0.000371344	0.000274859	0.00494112	0.00490074	0.0650754	0.00291456	0.0294832	0.106695	0.0795045	0.00384228	0.0459348	0.0258733	0.00762076	0.00335145	0.00473415	0.00195098	0.0459924	0.0135022	0.0129677	0.00147338	0.00628736	0.00291013	0.669121	0.977182	0.999861	0.999998	1	1	1	1	


1	0.979976	0.984454	0.506689	0.880258	0.250338	0.175668	0.142562	0.0678322	0.00590821	0.00353279	0.00243782	0.000698557	0.000626995	3.242e-006	7.2399e-009	3.53703e-011	8.78507e-013	2.2616e-015	4.9915e-018	1.49005e-019	3.14026e-023	1.17084e-023	1.91877e-026	1.74527e-029	4.71402e-031	4.33396e-034	8.36112e-036	2.4304e-036	3.20816e-037	1.48161e-036	1.09897e-035	3.27233e-036	8.09402e-035	8.98923e-036	3.59258e-035	
0	0.0175247	0.0133661	0.467229	0.0963598	0.664132	0.731591	0.843225	0.838054	0.913724	0.736014	0.924513	0.983475	0.916393	0.0524037	0.000516775	2.64105e-006	1.16559e-008	1.42163e-012	7.491e-017	5.94879e-019	8.90234e-024	2.00322e-023	1.06199e-026	1.27341e-029	1.08632e-032	5.53236e-036	4.28701e-038	9.96793e-039	3.38354e-039	9.63925e-038	4.82007e-037	3.30906e-038	1.59333e-036	1.0351e-037	7.30002e-035	
0	0.00249933	0.00185394	0.0254186	0.0224617	0.0670414	0.0434727	0.00236033	0.0929974	0.0801275	0.221114	0.0149136	0.0053865	0.0323828	0.911724	0.866522	0.91921	0.119477	0.00506424	4.72171e-005	1.78364e-005	5.22422e-008	8.87064e-006	2.4415e-007	3.78408e-008	4.95796e-009	1.32424e-012	6.95267e-015	2.9781e-017	5.80583e-020	6.56695e-019	2.1254e-018	6.32845e-020	2.20544e-019	9.58686e-022	4.14256e-020	
0	0	0.00029325	2.3828e-005	0.000728187	0.0184376	0.0130283	0.00539912	0.000617751	0.000193073	0.0388362	0.025585	0.00186479	0.0155723	0.0293406	0.00480934	0.0781687	0.0602694	0.000489048	4.21763e-006	0.000208985	6.02453e-007	0.000721944	1.71592e-005	3.83007e-007	2.63028e-006	1.26734e-007	2.56759e-008	5.55438e-010	3.78496e-013	1.69218e-014	2.78699e-014	3.68028e-016	2.45936e-016	4.52376e-020	1.46426e-018	
0	0	3.30254e-005	4.6665e-005	0.000160544	2.53565e-005	0.0362113	0.00634335	0.000130741	2.41709e-005	0.00030372	0.00504058	0.000565674	0.000782278	0.00650638	0.128151	0.00225768	0.809862	0.973056	0.992549	0.999617	0.999926	0.999188	0.996022	0.99992	0.999199	0.999936	0.998308	0.98395	0.938073	0.925636	0.947773	0.0275852	0.277186	0.0217521	0.00205185	
0	0	0	0.000592625	1.3975e-006	7.73604e-007	1.41435e-005	7.33525e-005	0.000266655	1.90024e-006	3.26553e-006	0.0261124	0.000206536	0.000855242	1.54066e-009	5.42043e-007	0.000360335	0.0103833	0.0212067	0.00735809	9.55873e-005	7.32902e-005	4.4952e-005	0.00395678	7.94626e-005	0.000270533	5.50717e-005	0.00130302	0.013312	0.057965	0.0626275	0.0118653	0.897901	0.0626215	0.929514	0.000948887	
0	0	0	3.24349e-007	1.29756e-005	2.77406e-007	4.78016e-009	2.38465e-005	5.64076e-005	9.66144e-007	9.20482e-006	0.000250431	0.00549348	0.00688251	2.81357e-008	8.65987e-009	3.79583e-007	7.10014e-006	0.000180897	3.99631e-005	5.71892e-005	4.65356e-007	3.55027e-005	4.1748e-006	3.29749e-007	0.000527989	8.26249e-006	0.000389094	0.00261872	0.0034528	0.00236279	0.0046472	0.0148227	0.0580764	0.00411845	0.0217437	
0	0	0	0	1.72803e-005	2.41713e-005	1.47704e-005	1.29048e-005	4.43961e-005	1.96973e-005	0.000186943	0.0011469	0.00230983	0.0265051	2.20702e-005	5.44271e-008	6.87952e-011	2.97059e-007	3.22748e-006	1.78507e-006	3.72636e-006	5.34646e-009	2.90398e-007	1.13099e-008	1.44673e-007	6.11029e-008	6.02217e-008	2.32895e-008	0.000119345	0.000509198	0.00937368	0.0357146	0.0596914	0.602116	0.0446155	0.975256	


1	0.970432	0.988512	0.47499	0.776078	0.902574	0.96766	0.843414	0.68502	0.476741	0.441849	0.0886196	0.00243466	0.000487718	3.00626e-006	1.83752e-007	1.19972e-009	2.41346e-011	5.34158e-014	6.42823e-016	1.02282e-017	1.31268e-019	3.47065e-022	6.16666e-024	7.20063e-025	1.90747e-027	4.17434e-028	4.7588e-030	1.90959e-030	1.59621e-030	2.00961e-032	1.3858e-032	1.23528e-033	6.01664e-034	7.28265e-035	4.67819e-034	
0	0.0266348	0.00825404	0.524845	0.170645	0.0623496	0.0235666	0.154743	0.313448	0.515727	0.437198	0.906258	0.0439249	0.0266034	3.80388e-005	6.24266e-006	3.92162e-007	9.19592e-007	4.75771e-007	7.22333e-007	1.10829e-008	6.29331e-010	9.02713e-013	3.72662e-013	8.37235e-013	9.02776e-015	9.37128e-015	2.001e-015	1.84063e-015	1.1945e-014	5.9075e-018	7.42813e-020	4.50634e-020	9.07264e-022	1.96765e-022	6.28629e-023	
0	0.0029335	0.00285374	1.20024e-005	0.0530426	0.0337091	0.00439885	0.000493654	0.00130329	0.0074929	0.120883	0.00193372	0.953569	0.923689	0.820609	0.186556	0.0409284	9.76302e-005	1.43118e-008	1.13352e-009	1.21197e-006	3.39624e-008	8.27371e-008	3.27646e-010	1.55272e-012	8.45953e-013	8.80304e-014	8.28593e-014	5.726e-014	1.4871e-015	4.4768e-017	2.15597e-018	2.22482e-022	3.04689e-022	2.44534e-027	3.90027e-022	
0	0	8.52097e-005	0.00013111	3.90859e-005	0.00110371	0.00197131	0.00105423	0.000130675	7.91436e-006	5.22582e-005	0.00308419	7.04343e-006	0.00782072	0.0075807	0.0490908	0.0216823	0.0213261	0.00183565	0.000730131	4.48554e-005	5.78605e-006	2.87152e-007	2.23209e-007	8.03792e-007	8.17841e-008	4.69482e-007	1.29489e-007	2.37188e-008	8.52399e-009	1.99047e-010	1.62976e-010	4.14831e-011	1.58622e-011	8.80767e-012	5.17668e-012	
0	0	0.000294619	4.3166e-006	0.000181786	0.000259177	0.00240178	0.000160894	5.22307e-006	4.91131e-006	1.72519e-005	7.57095e-005	6.15022e-005	0.0413982	0.171554	0.749438	0.923506	0.388246	0.0106748	0.00635675	0.014119	0.00893367	0.00429767	0.00917778	0.0139088	0.017448	0.023557	0.0196088	0.0381808	0.0325599	0.0281867	0.0187609	0.000202793	0.0003142	2.28844e-006	1.01796e-006	
0	0	0	1.71623e-005	2.34567e-006	1.87599e-006	2.94181e-007	0.000133853	9.04373e-005	2.33583e-005	7.17507e-007	2.87042e-005	2.40145e-006	7.44985e-007	2.12305e-005	0.0123912	0.00225517	0.587411	0.982333	0.907336	0.0213231	0.000525523	3.54401e-006	3.87981e-005	0.0212009	0.000132109	0.059334	0.00981544	0.00119693	0.0398746	1.15015e-006	3.03154e-006	0.000591458	3.94981e-007	4.0054e-006	5.33144e-007	
0	0	0	1.80898e-008	7.95044e-006	1.63476e-006	8.69401e-007	5.19551e-007	2.14906e-006	1.00833e-006	5.21927e-007	1.17817e-008	8.60252e-007	5.98163e-007	0.000193987	0.00251466	0.0115819	0.00252693	0.00218007	0.0642597	0.961547	0.986271	0.994673	0.939865	0.512984	0.936567	0.849293	0.945757	0.870078	0.560932	0.921735	0.836243	0.0101033	0.00613408	2.02197e-005	2.4137e-005	
0	0	0	0	3.38189e-006	8.51402e-007	9.40645e-008	1.79185e-007	9.5578e-007	1.51157e-006	5.98369e-008	1.31838e-008	3.59108e-009	1.27628e-008	9.63551e-010	3.1028e-006	4.57286e-005	0.000391967	0.00297598	0.0213167	0.00296444	0.0042642	0.0010252	0.0509185	0.451906	0.0458526	0.0678156	0.0248189	0.0905439	0.366633	0.0500771	0.144993	0.989102	0.993551	0.999973	0.999974	


1	0.979727	0.876791	0.935539	0.989324	0.879343	0.68091	0.993114	0.970784	0.97976	0.048944	0.0933136	0.252629	0.225716	0.057983	0.00936886	0.00287443	8.01455e-005	1.15177e-007	2.02408e-011	1.06975e-012	5.76024e-016	5.05925e-016	1.89212e-017	3.0766e-019	1.05623e-021	8.65507e-023	7.60155e-025	1.09532e-025	1.16708e-026	4.54451e-028	4.65688e-028	4.37158e-029	1.65041e-029	1.85194e-030	1.02756e-030	
0	0.0202727	0.123206	0.0636863	0.010674	0.120567	0.23365	0.00618638	0.029207	0.020234	0.951033	0.8607	0.720755	0.657485	0.331191	0.540919	0.661332	0.0723969	0.000358977	2.43456e-008	1.37851e-008	6.93676e-010	2.6022e-008	6.87471e-009	2.59087e-010	1.95953e-011	5.91766e-012	2.65896e-014	4.07673e-015	2.43659e-017	2.08905e-019	2.00849e-019	3.63794e-021	3.63916e-022	1.76662e-024	1.41343e-024	
0	6.55307e-007	2.52795e-006	0.000774421	6.56392e-008	9.01223e-005	0.0854403	0.000396632	1.24976e-007	5.20731e-007	2.2768e-005	0.0459678	0.0259469	0.115451	0.58828	0.405963	0.074186	0.00186409	3.02075e-006	3.15324e-009	8.83603e-010	5.49427e-010	5.07761e-009	1.17779e-008	1.3454e-010	1.40126e-012	9.54628e-014	1.38974e-015	1.50592e-016	2.77452e-019	7.72331e-021	1.83262e-021	5.17143e-024	1.31969e-024	1.97494e-026	8.54578e-028	
0	0	2.55502e-008	4.86647e-008	1.61436e-006	7.98837e-010	2.56868e-007	0.000303148	3.74868e-008	7.95026e-009	1.67268e-011	1.78621e-005	0.000547123	0.000801964	0.0213286	0.0291216	0.0959659	0.0471927	0.000779742	1.96035e-006	2.98582e-007	9.83793e-010	1.26306e-009	6.07604e-010	1.15688e-009	5.65557e-012	3.96185e-012	1.17625e-013	1.66678e-015	2.33764e-017	1.91509e-020	1.11445e-023	2.20621e-025	4.16272e-027	1.48054e-027	9.19278e-031	
0	0	3.05962e-015	7.01304e-010	1.56674e-009	5.36493e-008	1.47247e-010	4.32313e-009	9.18371e-006	5.1679e-006	2.56963e-008	1.09655e-006	0.000122706	0.000539482	0.000912979	0.005213	0.102304	0.589957	0.131101	0.000665232	0.00140825	1.09371e-006	6.22054e-006	1.11131e-006	1.16194e-007	2.20852e-009	1.7781e-008	1.37079e-008	6.15334e-010	2.56438e-010	9.81426e-014	4.40943e-016	4.87031e-018	2.74512e-021	1.09606e-023	4.60833e-026	
0	0	0	1.10513e-014	4.19662e-013	5.64027e-013	1.65731e-011	6.11119e-014	1.89667e-010	3.7234e-010	1.10864e-010	3.31101e-010	8.40398e-008	5.67533e-006	0.00029043	0.00931218	0.0593513	0.280895	0.0248719	0.00100932	0.00232215	0.00655099	0.2359	0.0553081	0.0302582	0.0024065	0.0202379	0.0222773	0.00235999	0.00270835	3.73191e-005	5.33603e-009	3.2102e-013	5.74349e-017	8.6837e-021	1.52879e-024	
0	0	0	3.37003e-017	6.47761e-013	1.19442e-012	1.31613e-011	2.06534e-014	5.61566e-012	3.57673e-009	6.82191e-011	6.46327e-011	5.87599e-010	7.33345e-007	1.40035e-005	0.000102492	0.00398052	0.00759939	0.842876	0.998262	0.975509	0.993298	0.601384	0.938657	0.968196	0.996857	0.96249	0.976563	0.890516	0.949094	0.985178	0.328123	0.477965	0.0205862	0.00283039	5.76661e-006	
0	0	0	0	2.39625e-017	2.002e-013	6.37984e-013	5.00105e-012	3.02586e-012	1.02116e-011	5.94638e-011	2.79462e-010	3.14776e-010	8.22777e-010	4.14881e-008	1.53382e-007	5.99595e-006	1.41602e-005	8.75246e-006	6.17701e-005	0.0207602	0.000149892	0.162709	0.00603385	0.00154577	0.000736899	0.0172721	0.0011601	0.107124	0.0481978	0.0147847	0.671877	0.522035	0.979414	0.99717	0.999994	


1	0.784123	0.864959	0.504756	0.780166	0.752073	0.471862	0.947504	0.852361	0.82305	0.32053	0.847247	0.965719	0.874132	0.995032	0.860828	0.173668	0.000763072	5.84728e-005	2.31542e-005	1.34732e-005	1.22651e-006	8.49715e-008	1.01239e-007	1.47267e-008	2.57825e-009	8.91086e-010	2.12722e-010	6.65504e-011	1.51249e-011	1.15899e-012	3.01893e-013	4.68487e-014	3.85526e-014	7.06388e-014	3.07354e-014	
0	0.215404	0.128934	0.495155	0.219047	0.245517	0.524366	0.0488949	0.145954	0.176899	0.584531	0.151675	0.0305644	0.125842	0.00242491	0.0119686	5.15524e-005	3.77457e-007	3.44318e-007	7.47378e-008	3.3055e-009	2.11011e-008	4.27353e-011	1.0629e-010	1.88479e-010	9.88596e-013	1.58481e-013	1.44716e-014	2.88229e-011	9.48503e-012	1.693e-012	4.13183e-013	1.22616e-013	8.50556e-014	1.67982e-013	1.9415e-013	
0	0.00047329	0.00610741	8.69053e-005	0.000786545	0.00240914	0.00377159	0.00360068	0.00168378	4.85854e-005	0.0949388	0.000917924	0.00354714	9.91641e-006	0.00231628	0.00353872	2.24415e-005	3.8034e-008	3.4535e-009	7.43661e-010	2.47082e-009	4.07377e-009	2.7423e-009	3.7315e-011	1.157e-011	3.17369e-012	1.4268e-013	2.01286e-014	2.34978e-013	7.08688e-015	3.18689e-015	2.92152e-013	4.05007e-016	1.10024e-015	1.30764e-016	1.03163e-014	
0	0	4.79889e-011	2.39789e-006	4.30935e-011	2.1487e-007	3.51609e-008	2.59899e-007	1.04388e-006	1.15367e-007	3.2646e-010	0.000105497	2.45806e-007	1.91965e-006	3.27591e-008	5.49922e-006	4.24344e-007	1.03282e-010	4.58355e-012	7.58117e-014	2.60763e-014	1.4098e-012	8.66734e-014	1.35885e-011	1.03912e-013	4.90149e-016	1.75019e-016	2.76438e-018	7.79675e-020	3.4096e-018	3.06795e-019	6.18725e-021	7.83736e-018	5.36482e-021	6.25527e-020	3.35775e-021	
0	0	1.10074e-010	4.82027e-008	6.96532e-010	1.78798e-008	9.9228e-010	9.21531e-009	6.49118e-008	1.73577e-006	4.70102e-011	5.40108e-005	7.52245e-007	5.55321e-006	2.69163e-005	4.52159e-006	3.87961e-006	3.91973e-010	1.47871e-011	6.49948e-012	5.85951e-012	9.20539e-014	1.68196e-012	1.18517e-013	1.98994e-013	3.6674e-016	3.43187e-016	1.3421e-017	1.94299e-019	4.35283e-018	9.43001e-021	3.71691e-023	7.97905e-020	6.5252e-023	5.25518e-022	9.43049e-021	
0	0	0	6.1617e-014	2.18246e-010	1.17435e-012	2.31716e-012	1.08245e-013	3.39183e-011	1.34162e-009	1.25903e-008	7.73763e-008	0.000168318	8.53369e-006	0.000198487	0.123646	0.825362	0.999099	0.958143	0.647936	0.404051	0.114582	0.117438	0.261336	0.448511	0.00730246	0.00919283	0.00249471	5.36667e-005	2.95699e-005	6.30215e-009	8.37581e-014	1.21192e-018	3.18373e-023	3.67494e-026	3.25767e-026	
0	0	0	2.0479e-021	6.86398e-017	1.49473e-013	1.47497e-017	7.22332e-016	3.6247e-016	4.21818e-015	2.48406e-013	2.81119e-011	4.41904e-010	1.72299e-007	9.66239e-008	6.14659e-006	0.000570884	0.000118802	0.026254	0.233747	0.0372071	0.0726612	0.00865736	0.000976699	0.00635506	0.00612706	0.000466541	0.000817252	1.81969e-005	1.48654e-005	6.76236e-007	2.10518e-010	3.45694e-013	3.93477e-017	4.78892e-020	2.98929e-023	
0	0	0	0	8.78093e-016	3.70462e-012	9.97993e-014	4.74639e-014	7.6764e-014	3.02189e-013	1.11639e-012	2.44024e-011	8.88477e-011	1.53556e-007	1.75434e-006	3.17831e-006	0.000320567	1.88444e-005	0.0155441	0.118293	0.558728	0.812755	0.873904	0.737688	0.545134	0.98657	0.990341	0.996688	0.999928	0.999956	0.999999	1	1	1	1	1	


1	0.579121	0.23389	0.566299	0.553494	0.392343	0.0286877	0.013181	0.0345553	0.0722675	0.0980573	0.0996885	0.0541331	0.0459465	0.00511435	0.000441983	3.63957e-006	6.70084e-009	2.57927e-011	8.66279e-014	4.26323e-016	2.19008e-020	7.36808e-024	7.38162e-027	1.58779e-029	3.03019e-032	4.41452e-035	1.27148e-037	1.30257e-037	1.31018e-038	4.01416e-040	5.15077e-040	2.99562e-039	2.61779e-039	4.10998e-039	2.96152e-038	
0	0.408672	0.474115	0.288427	0.393617	0.607052	0.355966	0.924412	0.953415	0.926512	0.724252	0.483893	0.898069	0.935543	0.97995	0.308555	0.00802736	2.76877e-005	9.23466e-009	1.25188e-011	8.41464e-014	3.0869e-018	1.03049e-020	1.89039e-023	6.74321e-026	6.12461e-029	1.04799e-031	3.3106e-034	1.56714e-034	6.23952e-036	3.58062e-037	4.00356e-037	2.75559e-037	3.62598e-037	2.40459e-037	1.62028e-036	
0	0.0122067	0.291988	0.142347	0.0526145	0.000515057	0.615344	0.0596792	0.0117217	0.00121409	0.177447	0.402993	0.0120448	0.0171265	0.00398481	0.373755	0.000193069	4.0171e-005	7.14385e-009	6.3672e-013	5.54249e-016	1.39264e-017	3.11731e-022	1.05469e-022	1.85746e-025	5.14474e-029	1.27233e-030	1.22643e-034	1.26532e-035	3.39836e-036	1.86378e-037	1.7052e-037	1.162e-038	2.60077e-037	1.24357e-036	3.5843e-038	
0	0	1.15816e-006	0.000648269	0.000166599	4.74047e-007	9.86506e-009	4.0241e-005	0.000101896	1.68026e-006	7.91843e-008	6.99111e-006	7.83397e-006	1.94366e-007	1.58068e-006	3.94797e-006	1.7867e-006	8.49013e-010	7.48055e-010	1.8192e-012	1.04006e-017	6.26389e-022	7.29166e-025	2.25415e-027	1.64986e-027	4.04004e-031	9.5695e-035	1.13686e-035	1.31635e-037	2.02731e-038	3.86655e-039	2.10801e-040	4.48766e-040	3.25687e-041	3.22276e-039	4.56394e-040	
0	0	5.6503e-006	0.00227895	3.76061e-005	8.94165e-005	2.98355e-006	0.00268752	0.000205122	3.14475e-006	0.000244262	0.0134192	0.0357205	0.00118573	0.00760517	0.0421532	0.00634313	9.43077e-005	3.85246e-007	4.05248e-010	2.41363e-011	1.01789e-013	5.43176e-015	2.04352e-016	3.58379e-018	6.13247e-019	6.79568e-020	2.53881e-021	4.32136e-023	3.13502e-026	3.14411e-030	1.48031e-031	9.02028e-034	6.84255e-036	1.20529e-038	1.42271e-037	
0	0	0	4.04657e-010	7.01647e-005	1.66049e-008	1.16286e-009	4.09085e-008	9.82504e-007	1.22917e-006	4.55291e-012	3.01617e-008	2.43265e-005	0.000197566	0.0020398	0.000441762	0.00136441	8.8825e-005	6.49057e-006	1.36439e-006	4.12891e-008	4.34722e-012	4.84433e-014	8.14004e-016	6.36586e-017	2.9959e-019	7.03843e-021	3.56389e-021	8.85301e-023	7.75166e-025	5.14542e-027	6.95125e-030	4.82141e-032	9.63444e-034	1.97583e-035	4.482e-038	
0	0	0	7.05731e-041	1.44806e-015	5.1757e-011	4.26314e-015	1.67254e-015	1.12405e-013	6.74514e-013	1.32309e-012	3.24637e-016	3.70773e-013	2.44306e-010	5.02161e-007	3.7142e-006	2.38962e-008	3.16128e-008	1.91937e-009	1.63729e-010	7.06271e-011	7.91099e-013	1.52832e-015	4.13403e-019	3.15806e-020	2.30917e-021	2.95165e-023	7.8185e-025	5.12537e-026	7.07545e-027	5.24781e-030	5.63082e-033	3.83263e-035	1.39169e-037	3.25073e-039	2.67521e-040	
0	0	0	0	1.15103e-011	5.91439e-007	3.88362e-008	1.67015e-009	3.0552e-009	1.5825e-008	7.40216e-008	3.7186e-008	9.24064e-009	5.80175e-007	0.0013033	0.274645	0.984067	0.999749	0.999993	0.999999	1	1	1	1	1	1	1	1	1	1	1	1	1	1	1	1	


1	0.812157	0.857041	0.969185	0.930925	0.994989	0.871164	0.910749	0.996123	0.99819	0.998968	0.992468	0.996497	0.991353	0.584312	0.000235357	4.06004e-008	1.62336e-012	4.90748e-017	4.74684e-021	3.05824e-024	6.63718e-028	6.87199e-031	1.83023e-033	3.59322e-036	3.82194e-040	7.33018e-043	1.88643e-046	1.79624e-047	6.50092e-048	3.03536e-049	3.08533e-049	1.33329e-049	1.63403e-049	2.8378e-049	1.48281e-048	
0	0.180053	0.141461	0.0279019	0.0603948	0.00312087	0.128619	0.0866204	0.00295692	0.000589965	0.000486844	0.0062555	0.00174247	0.00783891	0.0108077	9.49841e-006	9.77856e-010	4.59637e-013	4.15581e-017	3.36504e-020	2.23118e-024	7.15128e-028	7.69455e-033	4.92809e-034	3.87854e-036	2.69579e-040	1.53264e-042	8.7682e-046	5.17702e-047	2.48876e-047	2.31938e-049	1.02957e-049	6.3056e-050	9.60767e-050	1.51164e-048	3.14244e-050	
0	0.00779043	0.00144739	0.0028792	0.00867149	5.61346e-005	0.000133005	0.00260779	0.000895923	0.00121482	1.0448e-005	0.00109664	0.00149197	0.000482259	8.73858e-005	5.82677e-007	2.49405e-011	4.68869e-014	7.15452e-018	1.10403e-021	6.43143e-027	1.05809e-030	2.57364e-035	7.83265e-036	9.97032e-038	2.15838e-043	7.07188e-045	5.27409e-048	3.83078e-049	3.25906e-048	1.10933e-050	2.35861e-052	1.18908e-051	3.10966e-052	4.6493e-050	1.40359e-052	
0	0	4.98101e-005	1.85047e-005	9.05798e-006	0.000444956	3.78087e-006	2.22667e-005	1.59027e-005	5.05389e-006	8.58884e-006	4.0531e-008	3.86405e-006	1.26766e-005	0.000124381	4.96203e-009	6.8839e-012	6.48605e-018	2.59007e-020	5.60537e-023	5.14507e-025	5.02484e-029	6.66211e-031	3.85104e-035	3.03348e-039	1.61739e-042	1.86151e-046	9.50839e-049	3.97168e-050	5.55346e-051	1.46501e-050	9.59584e-052	1.25571e-053	2.10383e-053	8.91485e-054	2.95512e-050	
0	0	9.22106e-007	1.4863e-005	1.80373e-008	0.00138932	7.89484e-005	3.62092e-007	8.20904e-006	5.22714e-007	0.00052637	0.000123699	0.00012002	2.60746e-005	0.00268537	5.79018e-005	8.96088e-007	1.00697e-010	1.23464e-014	4.05863e-018	1.37058e-019	6.08998e-021	5.26422e-021	9.82471e-023	1.14135e-024	3.68399e-027	1.62321e-029	6.9744e-032	1.06268e-033	4.16481e-036	2.92849e-039	5.24853e-040	6.66041e-042	1.98167e-044	6.50709e-047	3.19174e-046	
0	0	0	4.22797e-009	3.76416e-011	4.53737e-010	7.84075e-007	4.48173e-008	2.56382e-010	1.71598e-008	2.90739e-010	5.6525e-005	9.96064e-006	0.000145724	0.208431	0.00301764	1.64098e-005	7.7916e-009	1.19562e-011	1.52685e-014	5.06134e-015	2.94702e-016	1.23307e-016	1.12233e-018	1.6917e-019	1.65231e-022	3.45555e-023	3.34628e-025	9.23291e-028	7.19362e-030	3.35021e-034	3.81693e-038	1.32331e-041	1.15209e-045	2.32089e-048	6.17696e-048	
0	0	0	3.72407e-016	1.86334e-011	2.71294e-013	3.08418e-014	4.58121e-010	2.35651e-010	4.55304e-011	1.09689e-011	6.47967e-010	0.000134368	0.000125081	0.178877	0.993017	0.985191	0.998801	0.976373	0.814467	0.338288	0.0124312	0.00462766	0.0029895	0.0609811	0.000379964	0.00112198	0.00103547	7.89617e-006	2.62974e-005	1.43462e-008	5.15703e-013	6.65524e-016	5.04702e-020	2.88809e-022	8.62171e-025	
0	0	0	0	5.28758e-018	1.73102e-012	1.15526e-013	4.60305e-015	6.59998e-012	1.6436e-012	9.24061e-013	2.63523e-013	1.24779e-011	1.6116e-005	0.0146749	0.00366248	0.0147913	0.00119902	0.0236268	0.185533	0.661712	0.987569	0.995372	0.99701	0.939019	0.99962	0.998878	0.998965	0.999992	0.999974	1	1	1	1	1	1	


