E:\Google Drive\Progetti\MSR Action3D\Real\a01_s05_e03_skeleton3D.txt
1
TRUE
-798.053
-850.222
-835.491
-821.993
-854.485
-823.556
-834.846
-828.676
-823.119
-902.799
-880.516
-885.438
-909.274
-944.897
-893.063
-853.566
-877.362
-882.359
-903.418
-873.258

35
20
1	0.603261	0.180443	0.0309722	0.037544	0.00515912	0.00020062	6.41379e-006	2.82253e-006	5.36889e-008	4.68801e-009	4.11088e-012	2.59141e-017	1.85867e-021	5.68639e-026	5.61927e-030	2.99687e-034	1.3594e-038	7.89201e-043	5.15176e-047	1.90467e-051	1.76083e-055	5.11414e-060	3.47143e-064	6.78544e-069	2.99813e-073	1.67111e-077	1.91443e-078	2.88471e-079	3.73268e-080	2.37445e-080	1.73053e-080	1.75781e-080	6.33347e-080	2.52292e-079	2.80751e-079	
0	0.0901123	0.300074	0.490775	0.503822	0.129129	0.0219762	0.00126841	0.00133233	0.000204398	1.07804e-005	1.02102e-007	2.89417e-012	1.9971e-016	1.39456e-020	3.33167e-024	2.06647e-028	1.45938e-032	1.05896e-036	1.03135e-040	2.56246e-045	1.14929e-049	1.31732e-054	4.77001e-059	1.85418e-063	2.18333e-067	3.5083e-072	2.52622e-073	4.98099e-074	6.52779e-075	6.05399e-075	9.90785e-075	5.0973e-075	6.16585e-075	1.18866e-074	7.54164e-074	
0	0.306627	0.437907	0.112874	0.399034	0.0351151	0.00180248	4.18378e-005	3.93672e-005	7.37984e-006	1.24803e-006	4.09336e-009	2.09581e-013	2.27415e-016	5.90135e-021	2.81182e-024	1.07495e-028	6.16584e-033	1.47955e-037	9.25372e-041	4.93377e-045	4.76198e-049	2.71313e-053	6.17787e-057	8.80941e-062	3.84492e-066	3.39881e-070	3.76876e-072	4.13557e-073	1.09317e-073	1.75876e-074	9.25277e-075	6.77804e-076	1.04124e-074	1.5197e-074	2.26308e-074	
0	0	0.0263083	0.0928407	0.0348638	0.829681	0.955	0.987821	0.971344	0.149527	0.0011889	3.22391e-006	1.84593e-010	1.79389e-014	1.07546e-017	2.51806e-021	2.44866e-024	3.08373e-027	1.1607e-030	9.66231e-035	1.14407e-038	2.86402e-042	9.93948e-047	1.306e-050	8.59244e-054	1.16189e-056	1.05922e-060	1.15934e-061	4.85188e-063	9.54769e-066	1.02048e-066	4.2677e-067	1.64127e-067	1.41394e-068	2.48445e-068	1.4647e-068	
0	0	0.0552685	0.269177	0.0103329	0.000851296	0.0188235	0.010718	0.0166652	0.144219	0.00158687	1.89828e-006	1.15416e-008	1.20342e-010	1.63869e-012	9.62427e-015	1.01244e-018	3.75482e-021	3.01892e-023	2.41071e-025	1.10187e-029	2.35344e-030	5.01166e-035	1.01613e-037	1.24189e-041	6.05341e-044	1.16297e-045	6.43312e-050	1.85972e-052	3.79648e-055	1.81196e-057	8.51434e-059	2.22223e-061	2.01212e-061	2.54979e-062	2.30216e-063	
0	0	0	0.00336174	0.0143695	4.14586e-005	0.00219727	0.000144114	0.0106158	0.70602	0.978477	0.999681	0.719288	0.649116	0.897525	0.412293	0.00228962	0.00171879	0.00051838	0.000285532	1.90345e-006	1.77848e-007	2.57705e-009	1.35462e-009	1.00695e-010	2.92682e-011	3.73095e-013	1.40885e-014	1.86188e-016	3.52936e-018	4.99363e-021	5.0626e-023	9.96493e-026	1.94285e-028	8.52111e-031	5.65215e-032	
0	0	0	4.69962e-012	3.14465e-006	3.86066e-007	4.32557e-010	2.97566e-008	2.02317e-008	6.63074e-006	0.0167953	0.000132127	0.27546	0.313194	0.0628032	0.342617	0.0475373	0.00112906	0.000136348	3.40858e-005	1.24749e-005	7.23982e-007	3.48229e-008	2.93561e-009	1.279e-010	6.46727e-012	2.92235e-013	4.64966e-015	9.00076e-017	3.09321e-018	5.22059e-021	2.58841e-024	5.2268e-027	1.76842e-029	6.26109e-032	2.1074e-033	
0	0	0	0	3.05374e-005	2.27584e-005	2.53378e-007	4.41365e-007	7.5344e-007	1.56077e-005	0.00193974	0.000181514	0.00525286	0.0376906	0.039672	0.245089	0.950173	0.997152	0.999345	0.99968	0.999986	0.999999	1	1	1	1	1	1	1	1	1	1	1	1	1	1	


1	0.134685	0.144221	0.0033244	0.0034549	0.000402428	0.000126726	7.0775e-006	5.2577e-006	4.79385e-008	1.23308e-008	1.55296e-009	1.95302e-011	8.40536e-012	1.22279e-011	2.19872e-012	1.30041e-013	5.73146e-014	8.36265e-015	1.57817e-014	1.53585e-015	3.07967e-016	8.31406e-018	5.92668e-018	3.12925e-018	7.39061e-019	1.70942e-019	4.8762e-021	3.0415e-022	2.33125e-023	1.45631e-023	7.9774e-024	1.15959e-024	8.81858e-025	2.73099e-026	1.23302e-027	
0	1.04298e-006	0.000676286	2.33658e-007	2.54057e-008	1.12312e-007	5.69676e-007	1.54504e-008	6.58883e-009	2.57761e-010	5.07447e-013	1.17531e-010	1.62967e-012	1.40519e-014	1.44198e-012	8.23223e-015	9.66754e-016	3.93064e-016	1.3514e-017	7.90694e-017	5.2473e-018	3.08537e-019	7.12676e-021	1.70051e-021	2.61397e-018	4.95192e-018	2.47912e-018	2.5549e-020	3.37796e-023	9.11155e-026	4.34142e-026	1.57187e-025	8.08463e-028	1.05103e-028	4.57337e-031	7.37054e-033	
0	0.865314	0.8536	0.978991	0.989278	0.987971	0.993049	0.994473	0.958855	0.604643	0.192108	0.047953	0.0129108	0.0420418	0.126808	0.182031	0.0148351	0.033751	0.0659904	0.17209	0.0245202	0.0846771	0.00284786	0.00158025	0.000408759	0.00147081	0.00277093	2.01921e-005	1.19868e-006	1.37235e-007	2.7847e-008	2.80051e-008	7.09918e-010	2.93905e-010	4.49214e-011	6.37313e-012	
0	0	0.00150153	0.0176828	0.00722732	0.0116158	0.00679433	0.00550034	0.0411183	0.395293	0.794624	0.946644	0.632428	0.728828	0.715701	0.574937	0.0315979	0.114249	0.485314	0.43045	0.0352619	0.0136941	0.00113491	0.00105957	0.000234591	0.000264297	3.03046e-005	6.62889e-006	1.2183e-007	2.05344e-009	2.02859e-011	4.09801e-011	5.52887e-012	3.47507e-014	3.36409e-014	1.62847e-013	
0	0	5.91946e-007	1.09953e-006	3.93806e-005	9.23319e-006	2.94771e-005	1.90542e-005	2.14806e-005	6.37127e-005	0.0132663	0.00536731	0.354644	0.13356	0.123447	0.0500726	0.00649599	0.00181769	0.00701989	0.0229104	0.009481	0.00566735	0.000101464	4.56936e-005	0.000138282	0.000102752	6.68576e-005	2.77834e-007	3.01647e-008	6.98082e-010	2.38807e-011	2.62937e-013	4.8527e-015	9.63122e-015	3.58481e-017	1.13205e-017	
0	0	0	1.93879e-010	1.28029e-007	9.22008e-007	3.1224e-008	1.29036e-007	4.36684e-008	5.93679e-009	1.91699e-006	3.57807e-005	1.63886e-005	0.0955685	0.0337046	0.191964	0.872963	0.779121	0.203259	0.32634	0.918323	0.886909	0.976218	0.90657	0.990416	0.941596	0.99358	0.989771	0.705647	0.864199	0.217146	0.0291279	0.00480484	0.000278989	5.91699e-005	1.17264e-006	
0	0	0	2.96017e-012	4.14294e-010	3.52149e-008	7.53429e-008	1.98173e-008	1.83773e-008	5.68859e-010	9.02927e-010	1.44558e-008	6.1563e-008	1.33854e-006	0.000338861	0.000991877	0.0741037	0.0686125	0.235639	0.0461047	0.0122368	0.00828031	0.0196603	0.090555	0.00820534	0.0562828	0.00217676	0.0101047	0.294198	0.133797	0.774873	0.903439	0.958555	0.831535	0.869564	0.831892	
0	0	0	0	1.8599e-012	2.73318e-010	3.2281e-009	4.6808e-008	9.38183e-008	3.12207e-009	2.63311e-009	9.27517e-011	1.44366e-010	1.23618e-009	1.27809e-006	3.85359e-006	4.69641e-006	0.00244853	0.00277786	0.00210443	0.000177006	0.00077233	3.75212e-005	0.000189352	0.000597164	0.000283402	0.0013754	9.68716e-005	0.000153443	0.0020038	0.00798146	0.0674328	0.0366406	0.168186	0.130377	0.168106	


1	0.996397	0.999475	0.995628	0.980009	0.998569	0.934964	0.963141	0.994275	0.590189	0.350191	0.0101752	1.12556e-005	1.50131e-007	3.63713e-009	2.72112e-011	9.69156e-012	5.61553e-015	1.92313e-017	3.38133e-019	1.46302e-020	8.47054e-021	1.09008e-022	1.06915e-025	5.05789e-028	2.46874e-030	4.77415e-032	2.77704e-031	6.1003e-031	3.2204e-032	1.68388e-032	8.03697e-033	1.23898e-033	6.4785e-034	4.34967e-034	4.09397e-034	
0	0.002902	0.000438729	0.00420699	0.0198644	0.00140782	0.0650064	0.036722	0.00555145	0.270729	0.477118	0.213203	0.00153135	1.67014e-006	1.86124e-007	1.78184e-010	5.76202e-010	1.40268e-011	3.82545e-013	8.12846e-015	4.63614e-018	3.15645e-017	2.51021e-018	8.41367e-020	1.14084e-021	7.52778e-023	2.34557e-025	1.47633e-024	2.57199e-025	2.43864e-029	3.56424e-032	2.52177e-034	2.61687e-035	6.66456e-037	1.68429e-036	3.141e-037	
0	0.000700507	4.29241e-005	0.000164057	0.000124531	2.28492e-005	3.0025e-005	0.000137032	0.000172684	0.138878	0.166192	0.772918	0.997046	0.414926	0.950564	0.0776402	0.120394	0.994748	0.99757	0.701301	0.0256832	0.813178	0.646206	0.912723	0.986632	0.999163	0.903684	0.314335	0.0732992	0.000926876	2.2361e-007	7.81934e-010	2.89472e-015	5.89442e-018	3.67722e-022	2.54802e-023	
0	0	4.38227e-005	1.01272e-006	1.74087e-006	3.2931e-007	9.62839e-009	3.67513e-009	4.16732e-007	0.000203941	0.00649845	0.00370202	0.00140921	0.585072	0.0483365	0.922342	0.859374	0.00488378	0.00220829	0.298539	0.974014	0.178121	0.350601	0.0865675	0.0128141	0.000731256	0.0962558	0.638919	0.511678	0.515843	0.000557539	4.57164e-006	3.9121e-010	1.89171e-012	1.22514e-016	5.26277e-018	
0	0	2.90769e-013	5.83879e-008	1.34775e-010	2.21391e-010	1.39285e-010	1.95522e-012	3.69859e-013	1.11814e-010	6.94232e-008	1.60809e-007	1.47228e-006	4.04111e-009	1.01285e-005	4.12199e-007	0.00117734	7.40891e-007	7.37212e-008	3.10209e-008	5.14461e-006	0.00138278	1.74277e-006	1.21342e-006	1.82839e-006	9.54565e-008	8.61539e-009	2.92508e-005	0.0023848	1.17015e-005	0.000324455	2.40102e-007	4.0571e-011	6.54127e-013	1.63802e-016	2.14599e-019	
0	0	0	2.56137e-010	1.23935e-009	5.60773e-011	1.68005e-010	3.07069e-012	1.30013e-013	2.58403e-012	1.65806e-007	1.43823e-006	4.13471e-007	5.97955e-008	0.00108868	2.48823e-006	0.0183199	1.643e-005	3.69028e-008	3.63959e-007	0.000132912	0.0048518	4.49331e-005	4.32263e-006	0.000300319	2.652e-006	1.95228e-007	0.0461031	0.0133581	0.000111332	0.0023989	7.73316e-006	1.07073e-007	2.82965e-010	1.28608e-012	1.05022e-015	
0	0	0	1.43575e-022	2.9628e-011	3.36681e-011	3.8055e-013	6.30528e-013	1.31022e-014	2.26334e-016	2.55508e-014	5.20217e-011	3.06204e-011	6.9482e-010	1.64661e-010	3.82412e-006	5.2142e-005	4.28936e-005	5.50481e-007	2.10213e-008	3.70629e-008	1.49865e-005	0.000406327	2.91803e-006	6.34738e-008	2.82874e-007	5.69823e-008	1.3492e-005	0.380026	0.441072	0.810197	0.334594	0.938963	0.851872	0.959092	0.194173	
0	0	0	0	4.33618e-012	1.43366e-011	1.19291e-011	5.55939e-012	2.27377e-012	1.25714e-011	5.24621e-012	1.1732e-009	2.25902e-009	3.63743e-009	9.1231e-009	1.06184e-005	0.000682308	0.000308238	0.000220755	0.000160192	0.000164379	0.0024523	0.00273932	0.000700706	0.00025213	0.000102512	6.00782e-005	0.000600231	0.0192546	0.0420352	0.186522	0.665393	0.0610365	0.148128	0.0409083	0.805827	


1	0.302109	0.453569	0.0444503	0.0713243	0.0192758	0.00100588	2.88642e-005	2.82719e-005	1.31168e-006	1.06703e-007	6.66233e-009	1.14141e-012	2.68582e-017	3.31157e-021	7.26913e-025	2.60966e-028	1.15591e-032	3.73696e-036	5.61301e-039	6.49388e-042	4.56091e-046	6.98249e-050	6.55439e-054	2.0363e-058	8.80496e-062	3.56765e-067	1.60616e-069	2.13742e-070	1.9499e-071	8.93993e-072	8.14558e-072	4.41418e-072	2.54278e-072	1.59198e-071	1.47158e-071	
0	0.272342	0.259789	0.166292	0.611608	0.887732	0.17525	0.0761148	0.0852066	0.00601877	0.000991069	7.09967e-005	2.74588e-008	3.1539e-013	2.33398e-017	4.62338e-021	2.93659e-024	3.945e-028	3.23858e-031	1.41966e-034	2.77091e-038	5.10996e-042	6.2301e-046	7.7203e-050	1.04053e-053	1.74099e-057	5.96212e-062	3.72915e-063	3.16116e-064	5.71155e-066	3.24051e-067	2.26893e-067	3.95417e-067	1.26146e-067	3.42587e-067	1.48053e-067	
0	0.42555	0.281823	0.785915	0.198183	0.0913308	0.813855	0.88514	0.813197	0.433749	0.00722656	0.000311308	6.264e-006	3.65493e-009	6.30174e-011	3.6275e-013	1.05048e-015	5.32804e-019	8.03211e-021	1.97782e-023	5.39726e-026	1.19844e-027	1.09398e-031	4.99417e-035	4.60378e-039	3.8994e-041	3.81094e-045	3.69944e-049	7.66909e-052	2.13805e-055	5.24311e-057	1.19131e-057	1.0623e-058	2.48014e-060	2.50687e-060	4.29402e-061	
0	0	0.00481996	0.003337	0.118289	0.00137531	0.0098852	0.0387126	0.101434	0.521619	0.50819	0.914773	0.558592	0.000980892	0.000589444	3.43936e-006	4.49867e-007	1.97875e-007	2.16471e-007	4.10216e-008	1.25269e-010	1.09886e-010	5.63589e-012	1.47194e-012	9.64594e-014	3.17688e-013	5.51319e-015	1.6492e-016	1.84277e-018	9.52827e-022	2.5214e-024	1.12094e-025	1.07668e-026	2.86803e-028	3.87714e-029	3.90617e-032	
0	0	1.77747e-007	5.69405e-006	0.000591674	0.000255571	2.01007e-006	3.47151e-006	0.000131086	0.0385052	0.47831	0.0390757	0.403129	0.992682	0.847657	0.761777	0.00857899	0.00311091	0.00455314	0.0235654	0.00493913	0.0112178	0.0012879	0.0010675	2.77633e-006	3.38391e-007	2.69185e-008	4.71073e-011	3.4216e-013	3.83937e-015	3.15773e-019	3.72464e-022	1.90306e-024	3.52653e-026	6.54127e-027	5.82797e-030	
0	0	0	8.95537e-008	4.36247e-006	2.18945e-005	1.85696e-006	2.17159e-007	2.55359e-006	0.000106566	0.00527328	0.0443177	0.0371566	0.0059887	0.0955355	0.185391	0.712022	0.458837	0.532356	0.653877	0.468987	0.349783	0.492605	0.835703	0.202923	0.212194	0.0208071	0.00490504	0.00165184	0.000164033	1.14087e-006	6.35676e-008	6.25731e-009	4.93575e-010	1.12104e-010	9.27176e-013	
0	0	0	3.9066e-012	3.5075e-009	8.65177e-006	3.23832e-007	1.67364e-009	3.00559e-009	2.70384e-007	7.46557e-006	0.001386	0.000173959	0.000339401	0.056195	0.0491962	0.164224	0.472227	0.0851407	0.0326214	0.31483	0.609265	0.402824	0.0842209	0.709074	0.636181	0.974413	0.955527	0.0970993	0.00202751	1.99472e-006	7.24229e-008	7.13624e-009	1.14389e-010	8.68484e-012	5.01162e-015	
0	0	0	0	3.72236e-009	3.95652e-008	6.1939e-008	4.38612e-009	1.99703e-009	4.58775e-009	9.8047e-007	6.50962e-005	0.000942277	8.63379e-006	2.28511e-005	0.00363254	0.115174	0.0658256	0.37795	0.289936	0.211244	0.0297344	0.103282	0.0790089	0.0880001	0.151626	0.00477963	0.0395684	0.901249	0.997808	0.999997	1	1	1	1	1	


1	0.536139	0.756569	0.764956	0.74047	0.613676	0.277292	0.0591977	0.0247122	0.000121286	2.33829e-005	2.92747e-007	1.34373e-010	2.20973e-014	4.73376e-018	1.11571e-020	1.10943e-022	1.77253e-026	3.2143e-029	1.1243e-032	7.11538e-035	5.40003e-038	5.34486e-042	3.45269e-046	2.33151e-049	4.86244e-052	1.4572e-055	4.92428e-056	4.58741e-057	4.41202e-058	3.71886e-058	1.79078e-058	4.31113e-059	1.87322e-060	1.03891e-060	2.75854e-060	
0	0.0178852	0.0164588	0.000369592	0.184775	0.0463354	0.00259615	0.000310272	0.00161892	9.21126e-007	2.68374e-006	1.59152e-009	1.21726e-012	4.38146e-015	6.60772e-019	2.08465e-021	4.90274e-022	2.79752e-025	1.85928e-028	2.20272e-031	1.13893e-032	1.59554e-035	9.04009e-038	1.07763e-040	2.15966e-043	3.26971e-046	1.76353e-048	8.23601e-048	5.66488e-048	2.58987e-048	3.98949e-048	7.4122e-049	9.46731e-049	2.56088e-048	3.2454e-048	8.80673e-049	
0	0.445976	0.200285	0.226395	0.0527285	0.339237	0.71306	0.940244	0.96736	0.0167784	0.00207531	3.72642e-006	1.94954e-007	7.69056e-009	1.0847e-009	8.7166e-011	6.35563e-011	9.43299e-013	1.63141e-013	4.8233e-015	2.22859e-015	1.29375e-015	2.51991e-018	7.36583e-021	7.96424e-023	1.99433e-023	6.2185e-025	4.32044e-026	5.70026e-028	6.2714e-031	6.7457e-033	1.11353e-034	8.08551e-036	3.58769e-038	2.16969e-038	7.06885e-039	
0	0	0.0266871	0.00827766	0.0220255	0.000750146	0.00705217	0.00024821	0.00630915	0.983099	0.990814	0.999084	0.982123	0.999233	0.998813	0.928681	0.12199	0.946335	0.915158	0.895531	0.161574	0.220505	0.0170847	0.0699677	0.0240154	0.0351392	0.0582384	0.00405783	8.38449e-005	5.72583e-006	2.07046e-009	4.62108e-012	2.68407e-016	1.31318e-018	1.22763e-021	3.97612e-023	
0	0	8.80376e-020	1.9158e-006	1.65313e-006	8.0041e-007	8.91519e-008	3.03664e-009	4.25576e-008	2.90286e-007	0.00702844	0.000912089	0.0178197	0.000752213	0.00118583	0.0710996	0.0610666	7.29645e-005	0.00068513	0.0107152	0.0280198	0.000299953	0.00172824	0.000103077	0.0116821	0.000567384	0.000328024	0.00171778	1.45764e-005	4.89247e-008	4.77678e-010	2.13406e-013	6.98654e-017	4.49685e-020	7.89027e-025	8.51336e-027	
0	0	0	3.12153e-010	2.66982e-008	8.00023e-009	1.65374e-011	3.5682e-011	5.78681e-011	1.81912e-012	5.65576e-005	2.68678e-007	5.66292e-005	1.46845e-005	1.15588e-006	0.000218955	0.812571	0.00343861	6.89415e-005	0.000375882	0.0243538	0.00242506	0.00257674	3.41029e-005	0.00110175	0.00156108	0.00090986	0.0132735	0.00961676	0.0021445	0.000116268	3.27186e-007	6.875e-009	7.511e-011	6.213e-013	2.28525e-016	
0	0	0	2.25757e-028	1.06286e-011	2.93653e-010	2.72135e-011	1.70453e-013	2.30415e-013	6.31749e-015	2.86635e-014	1.19494e-008	5.94422e-010	5.04163e-008	3.70719e-008	3.87208e-008	0.00434536	0.0488233	0.0678047	0.00548999	0.0445543	0.0108729	0.00349853	0.000458204	8.40664e-005	0.000170587	4.63872e-005	0.000595472	0.0024837	0.00446414	0.0513147	0.10337	0.752578	0.281885	0.770144	0.348495	
0	0	0	0	2.31903e-012	3.8964e-011	8.60896e-012	7.87993e-014	1.67115e-013	1.00719e-014	4.0203e-014	6.89412e-009	3.68014e-009	4.66771e-008	5.70878e-009	7.05889e-008	2.74802e-005	0.00132976	0.0162828	0.0878875	0.741498	0.765898	0.975112	0.929437	0.963117	0.962562	0.940477	0.980355	0.987801	0.993386	0.948569	0.89663	0.247422	0.718115	0.229856	0.651505	


1	0.914416	0.907325	0.699905	0.897099	0.65922	0.696837	0.189063	0.143345	0.350122	0.0275692	0.00161221	7.88429e-009	7.38127e-014	4.31809e-017	4.16992e-022	3.63033e-025	1.61655e-028	2.34072e-032	4.36695e-036	6.90703e-040	1.4968e-043	3.29428e-048	3.69151e-052	1.6736e-056	3.99764e-060	2.98406e-064	8.89934e-066	3.77982e-067	1.57991e-068	5.76394e-069	5.04919e-069	2.32885e-069	1.1549e-069	1.02218e-069	2.63172e-069	
0	0.0693057	0.09142	0.292475	0.0170648	0.324006	0.0926165	0.508154	0.834473	0.217824	0.00954178	0.000123217	1.16679e-006	4.89624e-010	2.72008e-011	3.60672e-014	4.59966e-015	4.15125e-017	2.25159e-018	2.30667e-020	1.65333e-021	1.12242e-022	8.0501e-026	1.46678e-029	1.32545e-031	1.00322e-032	1.72789e-034	5.76462e-036	9.71461e-038	1.23033e-039	1.05431e-039	1.44673e-039	1.67864e-039	7.25127e-041	1.50944e-040	3.26038e-040	
0	0.0162788	0.00125473	0.00724736	0.0594151	0.0165003	0.209524	0.297201	0.0214598	0.288497	0.055343	0.0012326	9.30895e-007	1.5531e-009	2.10905e-010	1.43198e-013	6.42681e-014	2.86338e-015	5.06065e-017	1.01522e-018	6.13287e-021	2.06481e-021	1.14033e-023	4.33634e-025	3.22199e-028	3.30704e-029	4.99523e-032	5.49487e-034	2.63294e-036	5.21897e-040	2.56398e-042	3.95806e-042	3.93154e-041	4.85462e-042	4.02281e-041	1.67215e-042	
0	0	3.37461e-007	0.000373179	0.0264116	0.000243181	0.00102129	0.00553442	0.000718209	0.108465	0.881403	0.757417	0.88594	0.000550516	3.50179e-005	4.44478e-008	1.21784e-007	4.88351e-006	1.56304e-005	4.69067e-007	8.20404e-010	1.84402e-009	8.45543e-010	1.44066e-009	6.02068e-010	1.68947e-009	4.14435e-011	1.33086e-011	4.26901e-013	6.45737e-016	6.34302e-019	1.63863e-021	7.54821e-024	1.52325e-026	3.50432e-028	3.42776e-029	
0	0	3.14869e-009	1.37998e-007	2.8912e-007	7.78198e-007	3.14491e-007	4.74236e-005	1.56318e-006	0.000817801	0.000645426	0.232156	0.100689	6.44856e-006	5.18648e-006	2.38077e-010	1.41352e-010	7.53007e-006	9.98285e-006	2.99598e-009	1.89215e-011	1.75846e-010	1.90924e-012	2.82755e-011	1.04711e-010	1.26533e-010	4.46099e-011	1.13937e-013	1.19497e-015	1.43173e-016	1.06443e-019	3.23358e-021	9.07708e-026	8.30053e-028	4.75226e-031	4.61842e-030	
0	0	0	1.2656e-008	8.92755e-006	2.92772e-005	7.15165e-007	8.58351e-008	2.70362e-006	0.0342745	0.0254074	0.00742747	0.0133636	0.999438	0.977336	0.993529	0.144147	0.165645	0.22702	0.540763	0.158727	0.0798836	0.00297418	0.00923168	9.14922e-006	6.99049e-007	4.46792e-008	1.29342e-011	1.33827e-013	7.24563e-015	1.34237e-019	1.05864e-022	8.3076e-026	1.68252e-027	1.09169e-029	6.01286e-030	
0	0	0	1.04506e-025	9.77388e-012	1.56917e-009	8.37657e-009	1.64851e-011	6.4953e-012	1.25077e-008	8.83113e-005	3.0427e-005	4.58785e-006	4.92327e-006	0.0224071	0.00568985	0.72672	0.00843469	0.000123178	0.00108574	0.0228406	0.00119549	0.00380251	0.00132989	0.000328986	6.06544e-006	1.29255e-007	2.38056e-009	9.09739e-012	2.06098e-014	3.01922e-017	2.15935e-020	4.05406e-024	5.47285e-027	2.43344e-031	1.52234e-033	
0	0	0	0	7.26368e-012	1.85751e-009	1.56939e-009	1.28203e-010	6.50151e-012	5.4347e-010	1.74563e-006	1.11981e-006	1.77817e-007	1.39286e-007	0.000217032	0.000780684	0.129133	0.825908	0.772832	0.458151	0.818433	0.918921	0.993223	0.989438	0.999662	0.999993	1	1	1	1	1	1	1	1	1	1	


1	0.0980572	0.387979	0.180673	0.427747	0.943277	0.854672	0.512212	0.919769	0.358223	0.0507769	0.000205633	1.20797e-008	6.99997e-013	2.15897e-017	8.49861e-021	6.70541e-024	3.664e-027	3.28287e-030	7.22226e-034	4.72401e-037	2.6436e-039	1.10959e-042	2.89356e-046	5.70214e-050	2.07657e-052	8.06601e-056	1.13343e-056	7.2642e-058	3.35859e-059	8.3604e-060	2.00855e-059	4.72092e-061	5.06582e-061	2.26576e-062	2.83115e-062	
0	0.90194	0.551875	0.803905	0.259133	0.0504633	0.143192	0.487514	0.0777529	0.292387	0.039315	3.05246e-005	1.63645e-006	1.33585e-008	3.96523e-011	4.07145e-013	3.66316e-015	2.3562e-016	3.98357e-017	4.55677e-019	2.49714e-021	4.89013e-020	2.84379e-022	1.03968e-023	1.20574e-026	4.14376e-027	6.25113e-028	3.60748e-031	7.51873e-034	1.16118e-036	3.73248e-039	3.40655e-040	1.38893e-043	1.01818e-043	1.68903e-045	1.15831e-046	
0	2.94282e-006	0.060145	0.0153821	0.312878	0.00258156	0.00211335	0.000273508	0.00247768	0.349334	0.904082	0.996746	0.964359	0.990058	0.996012	0.616794	0.0172783	0.281259	0.628059	0.963047	0.0390184	0.390862	0.0690021	0.379724	0.059279	0.42423	0.0682885	0.00218599	1.07395e-005	2.30786e-007	5.90706e-011	2.65722e-013	1.43084e-017	3.36408e-020	4.60509e-024	9.59611e-026	
0	0	4.37568e-008	3.9827e-005	0.000240858	0.00367838	1.96279e-005	4.15291e-007	5.97177e-007	5.52712e-005	0.00582483	0.00301403	0.0316484	0.00985202	0.00397384	0.383194	0.981139	0.709817	0.214584	0.0337219	0.954567	0.27229	0.711137	0.606358	0.939023	0.44067	0.047468	0.148115	0.0155884	0.00341475	1.22069e-005	2.19249e-007	9.997e-011	1.84426e-013	8.40111e-018	2.60866e-019	
0	0	1.13431e-017	6.23691e-011	4.96219e-008	1.79275e-008	2.62162e-006	1.21108e-008	3.56586e-010	2.10655e-008	1.51044e-006	3.97707e-006	0.0039904	5.41068e-005	1.3352e-005	8.85063e-006	0.00156806	0.0089112	0.157337	0.00264082	8.02578e-005	0.0416452	0.000347542	0.00248056	0.000552221	0.134642	0.000450581	1.44635e-005	5.34515e-005	5.52378e-006	4.2045e-007	5.79566e-009	2.06801e-012	1.00247e-014	2.21582e-018	5.90234e-021	
0	0	0	5.5189e-019	4.56839e-014	1.9522e-011	4.87296e-013	5.2541e-010	8.28435e-013	5.15222e-015	1.04714e-011	1.94721e-012	3.5489e-008	3.56774e-005	4.6574e-007	3.62373e-006	2.04244e-006	9.90637e-006	1.73128e-005	0.000590274	0.00612069	0.292609	0.170825	0.0023907	0.000962067	0.000226744	0.883784	0.196001	0.000597472	1.44307e-005	3.8487e-008	6.21211e-010	2.02012e-013	5.26977e-015	1.18207e-018	9.80693e-022	
0	0	0	9.02131e-027	2.25418e-017	1.14398e-014	2.55e-013	6.22915e-014	2.24978e-012	1.50139e-014	7.77045e-016	4.05749e-016	1.71317e-015	6.10592e-011	1.86701e-008	1.63254e-008	1.29326e-005	2.27981e-006	2.19451e-006	2.42767e-007	0.000214003	0.00258825	0.0486689	0.00877872	0.000161946	0.000217357	8.36697e-006	0.65368	0.937992	0.947002	0.899101	0.707021	0.956597	0.826432	0.943467	0.327274	
0	0	0	0	1.39271e-023	1.90723e-017	2.14545e-015	2.12861e-014	2.27612e-014	8.29032e-014	1.15574e-014	5.11868e-017	3.15024e-019	7.64369e-016	3.94691e-013	1.32355e-010	9.62268e-010	1.61604e-007	5.81721e-008	6.31234e-009	5.67431e-009	5.38009e-006	1.94204e-005	0.000267929	2.15646e-005	1.40645e-005	4.51008e-007	3.03162e-006	0.0457576	0.0495627	0.100887	0.292979	0.0434031	0.173568	0.0565333	0.672726	


1	0.0681042	0.54572	0.0391787	0.316943	0.762657	0.378521	0.0760685	0.130772	0.00385953	0.00036047	2.29628e-005	1.38193e-011	1.15902e-015	9.6331e-019	1.09219e-022	1.6397e-025	1.49539e-027	9.32666e-031	5.18426e-034	1.47344e-038	1.25783e-041	8.08488e-046	5.00761e-049	1.08803e-052	3.98184e-056	2.08708e-059	3.96382e-061	1.24239e-062	9.32492e-064	1.70771e-064	1.79954e-064	1.29016e-065	2.76497e-065	9.94944e-066	5.23997e-066	
0	0.931896	0.324704	0.960239	0.654155	0.235886	0.613692	0.923276	0.436146	0.660191	0.00981596	0.000235614	2.2409e-008	2.49553e-011	2.64849e-013	3.02981e-016	4.12041e-018	3.40701e-018	4.87555e-019	9.36644e-022	8.32906e-027	3.20047e-027	7.18872e-031	3.84504e-032	5.28642e-036	6.95157e-038	3.94787e-040	9.48613e-045	2.66189e-048	2.30385e-052	3.95179e-056	1.30529e-057	2.19664e-061	1.48533e-062	2.17479e-064	3.96933e-065	
0	6.14804e-008	0.129575	0.000538037	0.0287832	0.00144814	0.00778641	0.000655348	0.433081	0.335383	0.531532	0.54199	0.00366694	2.51636e-005	2.52875e-005	7.18989e-009	8.0044e-011	2.49862e-010	1.32337e-010	2.17939e-011	1.42278e-015	8.87917e-018	4.13428e-021	4.60398e-022	1.119e-023	3.14086e-024	2.00225e-027	2.88874e-030	4.14227e-033	1.88209e-037	2.34083e-042	2.60025e-046	1.84205e-050	2.91569e-054	2.42741e-058	2.71193e-061	
0	0	6.29191e-007	4.46485e-005	0.00011828	4.26468e-006	3.30345e-007	1.97032e-007	8.99259e-007	0.000566256	0.458258	0.457062	0.996148	0.983427	0.981257	0.347591	0.01045	0.00781959	0.00157178	0.00156209	9.41619e-006	9.92945e-008	1.27578e-009	2.6754e-010	5.72104e-011	4.11891e-012	4.18177e-014	1.42267e-016	6.6272e-020	5.38562e-022	4.01209e-026	3.4917e-030	3.88226e-035	2.03158e-039	4.02458e-044	1.44112e-047	
0	0	5.49784e-011	7.72402e-008	1.51024e-006	3.95615e-006	2.52919e-008	2.54895e-008	8.6273e-009	6.10953e-007	3.2716e-005	0.000688831	0.000184898	0.0165452	0.0165839	0.65186	0.813764	0.117025	0.000259376	4.97856e-005	7.73248e-005	6.40325e-006	5.83014e-007	7.97031e-008	8.68172e-008	5.87126e-010	8.25262e-010	5.42528e-011	7.09349e-013	6.55419e-014	1.79004e-016	7.39945e-019	6.16649e-023	7.38359e-025	6.46925e-029	4.91574e-032	
0	0	0	3.28384e-013	1.208e-009	2.21034e-008	1.77802e-007	3.64029e-009	2.28984e-010	9.95397e-011	1.00394e-009	6.82975e-007	2.03472e-008	2.5031e-006	0.00208346	9.9433e-005	0.146276	0.259058	0.0342592	0.00204302	4.45857e-006	2.02022e-005	1.18159e-008	6.76616e-009	2.27376e-010	5.50486e-009	3.52151e-010	3.61189e-013	2.31015e-013	3.29956e-015	2.91994e-016	2.67792e-017	1.47614e-019	1.79348e-020	1.03317e-021	1.45354e-024	
0	0	0	3.72854e-018	1.10504e-010	6.47727e-011	6.73453e-011	1.28189e-009	2.82397e-012	2.39415e-014	1.2141e-010	3.05139e-010	8.23218e-010	7.81039e-008	5.05884e-005	0.000437829	0.0122023	0.415477	0.0769077	0.0426141	0.00254268	0.00861443	0.000755993	0.00027005	1.70667e-005	3.14389e-006	1.51758e-007	2.91227e-008	3.14478e-010	5.26476e-012	1.10108e-014	1.10968e-017	2.37577e-019	4.37851e-022	3.64262e-021	1.48887e-023	
0	0	0	0	9.43647e-016	5.10642e-011	7.52371e-012	1.33737e-011	3.24936e-010	1.68412e-012	2.7011e-013	6.49052e-013	2.79848e-013	3.54271e-011	1.466e-008	1.2189e-005	0.0173074	0.20062	0.887002	0.953731	0.997366	0.991359	0.999243	0.99973	0.999983	0.999997	1	1	1	1	1	1	1	1	1	1	


1	0.482011	0.899117	0.53843	0.983752	0.991524	0.860639	0.65026	0.760158	0.0813929	0.0215953	0.00355805	4.53259e-008	8.76068e-012	1.36934e-015	4.65545e-019	3.25542e-023	4.00806e-026	1.16681e-028	4.84143e-031	5.34707e-035	3.8295e-037	1.00886e-040	7.9223e-044	2.50647e-047	5.1199e-050	9.56786e-053	4.8384e-054	2.56898e-055	3.51981e-057	9.25389e-058	1.19739e-057	1.97402e-058	9.80961e-059	1.91799e-059	8.98923e-059	
0	0.517989	0.0913269	0.461158	0.0125593	0.00841067	0.139334	0.34943	0.23499	0.916284	0.258013	0.180036	0.00435792	4.62465e-006	1.3402e-007	7.27182e-011	2.80238e-014	1.35547e-014	1.87849e-014	7.32211e-016	5.22846e-020	1.03832e-019	8.39653e-023	3.99695e-024	2.31003e-026	1.08053e-026	9.87495e-029	3.50275e-032	5.84886e-035	1.24303e-039	5.8606e-043	4.46293e-045	1.36735e-048	4.56938e-051	6.02278e-054	3.19409e-054	
0	6.99442e-008	0.00955582	0.000397084	0.00367765	9.32532e-006	2.6032e-005	0.000309796	0.00485064	0.00228981	0.720337	0.796394	0.986813	0.9867	0.98384	0.59632	0.00157139	0.000104473	0.000125164	0.000785566	5.53485e-005	3.30487e-005	5.35441e-007	1.82539e-008	6.86854e-009	1.16215e-008	2.439e-009	6.81062e-011	6.9856e-013	3.48286e-015	1.71474e-017	6.75338e-020	4.18633e-023	1.79508e-026	4.39158e-030	1.71874e-031	
0	0	1.71213e-007	3.59993e-006	1.09915e-005	5.59072e-005	5.11436e-007	3.10272e-008	6.61067e-007	1.25664e-005	5.51496e-006	0.0159239	0.000101308	0.0126571	0.0159236	0.403417	0.998329	0.979476	0.352337	0.849861	0.965333	0.578547	0.902902	0.984624	0.992871	0.963351	0.804744	0.926865	0.875183	0.978143	0.878911	0.805296	0.0618983	0.00561872	0.0001371	0.000141871	
0	0	7.89442e-012	1.13358e-005	8.59507e-008	1.23113e-007	1.53399e-007	2.36682e-008	2.42024e-007	2.10308e-005	4.92333e-005	0.00408862	0.00870655	1.57288e-005	8.24394e-005	6.93489e-006	6.88735e-005	0.0204145	0.647429	0.0346096	3.20312e-005	0.01976	0.0001503	0.00583489	0.000774686	0.0319868	0.000354686	6.40451e-005	0.000465003	2.31517e-005	0.000245284	0.0010108	8.01607e-005	1.40638e-005	4.91638e-007	1.77021e-006	
0	0	0	2.76679e-016	2.29386e-008	8.53931e-011	3.94996e-011	2.07316e-010	3.85527e-012	1.90356e-011	6.43916e-008	1.61492e-007	2.11543e-005	0.000622511	0.000153219	0.00025448	4.58478e-006	2.1159e-006	0.000106626	0.114719	0.0321092	0.397068	0.0742641	0.00385712	0.00455103	0.00269101	0.194664	0.0179904	7.42333e-005	1.66696e-006	9.04995e-008	6.10975e-007	8.28294e-008	5.52465e-008	3.63127e-009	1.00575e-009	
0	0	0	1.91574e-019	8.40416e-013	3.00732e-011	5.09148e-014	5.20121e-014	1.87283e-013	1.34195e-014	3.20021e-011	1.01525e-010	3.90985e-010	1.33612e-009	1.17151e-007	9.14149e-008	2.45176e-006	3.01982e-007	8.50549e-007	4.77652e-006	0.000331841	0.0024884	0.0034451	0.000195641	7.4341e-005	0.000255021	3.30231e-005	0.00527357	0.002192	2.45848e-005	4.86675e-007	8.75391e-009	4.04227e-009	7.30121e-011	8.81625e-011	4.97248e-011	
0	0	0	0	2.99421e-017	3.70941e-010	3.85375e-011	2.72949e-012	3.18212e-012	7.7704e-015	4.88841e-013	3.18115e-010	1.42011e-011	1.82658e-008	8.35133e-007	9.46011e-007	2.41138e-005	3.05063e-006	1.56386e-006	1.93509e-005	0.0021382	0.00210287	0.0192383	0.00548796	0.00172868	0.00171602	0.000204477	0.0498067	0.122086	0.021808	0.120843	0.193692	0.938021	0.994367	0.999862	0.999856	


1	0.992953	0.976774	0.988065	0.999527	0.9999	0.264629	0.271226	0.646612	0.078016	0.00770761	0.0463412	6.00826e-006	3.90285e-008	9.77712e-010	1.82517e-013	2.65242e-017	4.43575e-018	2.45503e-018	7.50575e-021	4.06355e-023	2.68126e-024	3.78428e-027	1.99452e-030	1.96e-032	3.56333e-034	5.76559e-036	2.66428e-035	3.97265e-036	8.66386e-038	1.42297e-037	6.80219e-036	3.27346e-035	2.38271e-034	1.46091e-033	1.63257e-033	
0	0.000451023	0.0232058	0.00214595	0.000464258	8.50364e-005	0.735355	0.0687076	0.0001753	0.000736634	2.30189e-008	0.0564738	2.91076e-007	2.44044e-012	3.70522e-010	1.35642e-016	1.41776e-020	1.36434e-019	6.39537e-022	1.82969e-024	2.23553e-028	1.9958e-026	1.71504e-032	3.12922e-033	1.04794e-033	3.12198e-035	5.29218e-039	1.27735e-039	1.10719e-039	7.8077e-042	9.43995e-039	3.44569e-037	5.43493e-039	1.2644e-036	3.19498e-037	1.86476e-037	
0	0.00659597	1.95694e-005	0.00978919	2.0528e-008	1.4898e-005	1.58908e-005	0.660066	0.043272	0.00467956	3.88971e-007	2.14272e-005	0.000364787	1.18132e-008	2.75183e-009	1.04131e-014	4.97953e-019	1.77692e-016	8.22239e-014	4.29876e-018	6.69852e-023	1.68728e-020	3.16446e-025	3.43855e-030	1.34626e-031	3.20777e-031	1.47867e-031	5.19651e-035	2.53857e-041	1.34395e-045	2.6268e-043	3.72754e-039	1.74828e-040	9.87356e-041	1.38677e-038	4.79795e-037	
0	0	1.70209e-007	7.9323e-008	8.34973e-006	3.76367e-009	8.07371e-010	3.23221e-007	0.309941	0.916203	0.98181	0.226929	0.00224198	0.000843929	0.000148554	1.64389e-008	1.21069e-012	3.29707e-011	2.10274e-007	5.37073e-009	2.95722e-011	1.74917e-011	1.20995e-012	1.8075e-014	4.75564e-017	1.68214e-017	7.15872e-018	7.0281e-018	7.37547e-023	6.04884e-029	2.66758e-035	1.00915e-037	1.66404e-038	8.69994e-044	6.11325e-044	1.87638e-042	
0	0	4.85827e-019	6.46901e-011	1.20116e-010	3.20537e-009	5.05156e-012	1.8005e-013	2.64205e-010	0.000365119	0.0104817	0.669614	0.99735	0.386126	0.850215	0.023334	0.000407432	0.00505899	0.252775	0.154607	0.0792937	0.720139	0.248131	0.0421489	0.249619	0.52583	0.704388	0.383154	0.060154	0.000358675	5.77013e-006	4.03453e-007	2.91838e-009	5.42135e-010	3.07513e-012	5.38029e-015	
0	0	0	5.9306e-019	9.15323e-012	1.59106e-014	7.94327e-013	2.24567e-017	1.42452e-018	1.21838e-012	2.73096e-008	0.000620405	3.70452e-005	0.61303	0.149412	0.976648	0.940573	0.863494	0.224086	0.845183	0.896264	0.266113	0.744233	0.936719	0.750096	0.474006	0.295593	0.270186	0.900557	0.995018	0.972291	0.679125	0.00839228	0.0878433	0.00744153	7.38753e-005	
0	0	0	5.92186e-038	1.22078e-019	4.75073e-013	9.41417e-016	9.14072e-016	1.36814e-018	6.82296e-021	1.20688e-015	7.68562e-011	1.59165e-010	5.57533e-008	0.00022045	1.80614e-005	0.0590193	0.116794	0.277833	0.000140643	0.0244417	0.000381123	0.00762733	0.0211315	0.000123569	0.000158917	1.60967e-005	0.346642	0.0386811	0.00461929	0.026074	0.122991	0.716606	0.0672623	0.271165	0.0130175	
0	0	0	0	1.15416e-024	7.18653e-016	1.68084e-014	1.72799e-013	8.04454e-013	5.89918e-014	6.82488e-015	1.24554e-011	1.06327e-010	1.49104e-012	3.29404e-006	1.78599e-009	2.25139e-009	0.0146534	0.245305	6.94481e-005	4.06487e-007	0.0133667	8.31208e-006	4.5453e-007	0.00016177	5.25378e-006	3.20217e-006	1.7183e-005	0.00060836	3.73765e-006	0.00162928	0.197883	0.275001	0.844894	0.721393	0.986909	


1	0.98459	0.993957	0.981772	0.999943	0.999751	0.669931	0.261479	0.90662	0.236031	0.0796874	0.186212	0.000296413	3.58172e-007	1.04473e-009	9.22545e-013	2.36259e-016	3.61355e-018	1.05257e-020	2.19741e-023	3.54258e-026	4.3471e-029	4.7321e-032	7.93168e-035	7.48839e-038	1.00012e-040	2.80211e-043	1.93009e-042	2.64066e-042	1.64755e-043	6.55108e-042	1.43335e-041	3.69183e-042	8.26307e-042	5.50973e-042	2.20424e-042	
0	0.014909	0.0060314	0.0174737	1.36728e-005	0.000201643	0.330008	0.716723	0.0130546	0.00632856	4.41386e-006	0.156146	0.0158034	5.95997e-008	6.0836e-008	6.1173e-013	1.50475e-016	1.0596e-015	2.28472e-017	1.85949e-021	4.17246e-026	2.2266e-026	4.96002e-031	8.00105e-034	1.29907e-034	7.36616e-035	5.4649e-037	1.05973e-039	3.38342e-043	1.60428e-048	1.53504e-043	9.21409e-043	1.39222e-045	9.60234e-045	2.84304e-045	6.0094e-046	
0	0.000501001	1.14296e-005	0.000754508	4.31134e-005	4.7399e-005	6.10148e-005	0.0217984	0.0802915	0.757432	0.398829	0.585721	0.229959	0.0115701	0.00738834	2.6374e-005	4.03647e-007	5.81753e-005	0.00442455	7.45999e-005	1.41451e-006	8.929e-007	1.71704e-007	7.09859e-008	1.7516e-009	3.08041e-009	1.30964e-009	5.73524e-009	8.31668e-012	5.01293e-016	1.44458e-018	1.72684e-020	1.23583e-022	3.49093e-027	8.53749e-030	8.32995e-033	
0	0	6.45478e-011	3.58626e-010	2.48062e-007	1.01738e-009	8.6588e-011	6.83932e-010	3.3129e-005	0.000203209	0.521226	0.0183219	0.394053	0.877534	0.188558	0.00932253	1.29598e-006	4.51651e-007	8.33639e-005	7.954e-005	6.44337e-006	6.05092e-008	1.68048e-007	1.88443e-008	5.99487e-011	1.0657e-011	3.09024e-011	5.87428e-011	3.96189e-013	1.02518e-016	1.18849e-020	2.44683e-024	1.35039e-025	5.89059e-029	3.31086e-033	3.11185e-035	
0	0	4.57603e-009	1.17715e-010	7.46003e-009	1.34607e-009	1.15509e-009	9.11265e-010	6.99504e-007	5.06342e-006	0.000252746	0.0535854	0.359876	0.0697294	0.803838	0.346327	0.0783372	0.906174	0.986193	0.732381	0.581096	0.9984	0.449756	0.304414	0.992463	0.997954	0.808731	0.660649	0.177824	0.000580796	0.000108954	2.90905e-007	7.87517e-011	3.93389e-013	4.06594e-016	1.62142e-019	
0	0	0	3.54399e-015	2.16452e-013	4.32289e-013	4.03609e-016	4.31516e-017	1.12644e-015	2.33935e-011	4.52471e-009	1.28803e-005	1.2801e-005	0.0411658	0.0002151	0.644324	0.108086	0.00299294	0.000134088	0.267453	0.241867	0.00141324	0.54819	0.154245	0.00733816	0.00204483	0.191269	0.267274	0.766421	0.996535	0.10772	6.37268e-005	9.96149e-010	7.25749e-011	2.71669e-014	4.37761e-018	
0	0	0	4.18723e-022	2.54083e-017	1.68823e-015	3.74553e-017	1.24154e-019	7.38585e-020	1.07064e-018	4.00217e-013	1.53805e-012	2.36136e-010	2.94347e-009	1.20856e-006	1.15494e-007	0.813575	0.0842609	0.0088535	1.10736e-005	0.177029	9.73472e-005	0.00205408	0.541339	9.38275e-005	8.52097e-007	1.15812e-008	0.0717225	0.0467815	0.00240995	0.805474	0.0197455	0.00383161	3.35034e-005	1.51796e-005	2.60753e-007	
0	0	0	0	4.4929e-019	3.25484e-017	3.1974e-016	5.67465e-016	6.16437e-015	2.50278e-015	1.18341e-014	4.60029e-012	6.27703e-012	7.87905e-013	1.49976e-008	8.27478e-011	2.16381e-008	0.0065139	0.000311398	1.29866e-006	8.37097e-008	8.79656e-005	2.48781e-007	1.49281e-006	0.000104576	1.78273e-007	7.44737e-010	0.000355008	0.0089737	0.000473919	0.0866966	0.98019	0.996168	0.999966	0.999985	1	


1	0.978153	0.990378	0.994706	0.99582	0.978061	0.967853	0.836822	0.358883	0.105048	0.279637	0.131635	0.808932	0.704121	0.773338	0.566762	0.448631	0.574822	0.74649	0.66452	0.938184	0.986823	0.981867	0.952604	0.871381	0.871828	0.935473	0.803156	0.446016	0.129219	0.111848	0.0224842	0.188798	0.0170094	0.439415	0.339593	
0	0.000605362	0.00200481	0.000876772	0.00337489	0.00799851	0.00854263	0.0124289	0.0501768	0.00214882	0.000749164	0.000619498	3.66085e-005	3.43557e-005	0.000300764	4.07228e-005	0.000658578	0.00025314	0.000815236	0.00010784	0.000481623	0.000112551	0.000965878	0.000157524	0.000145482	0.00061475	8.08784e-005	0.0693074	0.00714494	0.000498524	0.00389526	0.00275616	0.203556	0.000735947	0.013538	0.00701869	
0	0.0212419	0.00738422	0.00440961	0.000700104	0.0139344	0.0232949	0.150732	0.590888	0.382068	0.470055	0.0474152	0.015264	0.00267827	0.0552053	0.000192688	0.000623703	0.00677853	0.0660229	0.0114597	0.00235762	0.0062633	0.000620024	0.000642312	0.00161207	0.0317354	0.00292631	0.0202568	0.00253789	6.47307e-005	0.000198564	0.000118582	0.0161818	4.55759e-005	0.0107057	0.00140335	
0	0	2.35964e-006	2.14525e-006	7.66758e-005	6.04583e-007	0.000265036	1.61519e-005	3.07672e-005	0.0469447	0.018864	0.145937	0.0147133	0.000150443	2.39293e-005	2.53348e-005	7.25908e-008	0.000121633	3.19896e-005	0.000253833	1.25078e-006	1.44506e-005	4.23167e-005	0.000143744	2.90974e-006	1.69616e-005	0.000243361	3.78752e-005	0.000163107	9.9352e-006	4.55945e-008	4.96631e-007	5.37711e-006	8.0816e-005	6.70184e-006	1.17649e-006	
0	0	0.000230282	5.46433e-006	2.84415e-005	6.84444e-007	4.4758e-005	1.07411e-006	2.20249e-005	0.46379	0.217799	0.657778	0.144476	0.284058	0.165763	0.260363	0.00310054	0.00664148	0.000222522	0.0165562	0.000325082	0.000275272	0.000220404	0.00245749	0.000304614	5.22261e-005	0.00653466	0.000462518	0.000255319	7.68397e-005	6.63783e-008	5.62121e-008	1.77404e-008	5.35706e-005	4.39356e-006	1.32068e-006	
0	0	0	2.09903e-007	2.80859e-008	4.76733e-006	6.64525e-008	5.15299e-008	1.38376e-009	2.97736e-007	0.0128858	0.00658742	0.00589206	0.00851992	0.00527352	0.172411	0.533072	0.174786	0.000770276	0.000145731	0.0333685	0.00447882	0.011364	0.00338865	0.00913971	0.000429508	0.000342082	0.070924	0.300561	0.236707	0.00227619	3.75616e-006	4.17186e-007	8.51402e-010	9.22471e-006	7.37157e-007	
0	0	0	2.47563e-011	7.60612e-011	5.69253e-012	7.72905e-010	1.43631e-012	1.31309e-011	7.70783e-011	9.72806e-006	0.000146473	4.30711e-005	1.36603e-006	4.40366e-006	4.53104e-006	0.000239997	0.00164465	0.000330425	5.29742e-006	2.44314e-007	8.81491e-006	2.75905e-005	0.000134166	8.7673e-006	5.19482e-006	1.18515e-007	1.49256e-006	0.00196613	0.00171809	0.00030553	2.02826e-007	7.16183e-009	7.88864e-011	5.92791e-011	2.71393e-008	
0	0	0	0	8.92276e-009	1.01985e-009	1.09104e-007	1.2779e-009	2.622e-009	7.54095e-009	4.82818e-008	0.00988097	0.0106432	0.000436159	9.12729e-005	0.000200318	0.0136744	0.234953	0.185316	0.306951	0.0252818	0.0020236	0.00489278	0.0404719	0.117405	0.0953183	0.0543993	0.0358535	0.241355	0.631706	0.881476	0.974637	0.591459	0.982075	0.536321	0.651982	


1	0.900133	0.670515	0.425512	0.526373	0.855999	0.82571	0.962977	0.990047	0.892663	0.944485	0.880677	0.960128	0.985008	0.995755	0.980032	0.938826	0.971181	0.992695	0.9648	0.844138	0.929779	0.490213	0.533286	0.831089	0.96799	0.970238	0.988279	0.969739	0.792242	0.852053	0.833945	0.967722	0.864103	0.9429	0.936795	
0	0.0892289	0.314692	0.564483	0.432839	0.12717	0.173918	0.0361198	0.00588302	0.106877	0.0227169	0.116363	0.0245851	0.00589847	0.00362239	0.00494812	0.00416314	0.0203911	0.00285193	0.00910665	0.000766205	0.00733437	0.00206435	0.023335	0.00874116	0.00363521	0.0107865	0.00213207	0.00462902	0.0113135	0.00396239	0.0402612	0.00775824	0.0617551	0.00818103	0.00880256	
0	0.0106382	0.0146817	0.00974901	0.0404057	0.0161515	0.000287134	0.000876055	0.00385625	0.000442948	0.0267091	0.00274492	0.0152824	0.00909206	0.000622104	0.0150194	0.0569948	0.00842299	0.00445142	0.0260903	0.155042	0.0628597	0.506507	0.443206	0.159942	0.0283606	0.0189724	0.00942502	0.0253377	0.195842	0.135115	0.120329	0.0205014	0.0726783	0.0477732	0.0519913	
0	0	2.77773e-005	0.000237563	0.000361419	0.00041925	1.33922e-007	2.78836e-006	0.000203241	4.88602e-007	0.00608571	8.8246e-007	1.75005e-006	8.31807e-007	1.24719e-009	2.16855e-007	1.19734e-005	1.60569e-007	1.54829e-006	2.50128e-006	5.04895e-005	2.2648e-005	0.00121131	0.00012273	9.2151e-006	1.69434e-006	2.3426e-006	5.25024e-005	0.000177659	0.000351051	0.000476859	0.000394977	0.000665455	0.00103482	0.000719521	0.00214665	
0	0	8.38694e-005	1.77031e-005	2.02441e-005	0.000258786	6.88404e-005	1.55214e-006	3.00808e-006	4.43255e-006	9.05224e-007	0.000207687	3.3793e-007	1.23581e-007	2.37669e-007	1.03573e-008	4.39365e-006	4.68609e-006	3.13225e-007	2.36787e-007	4.14673e-006	4.18065e-006	3.86302e-006	4.996e-005	0.000218163	1.17426e-005	7.61615e-007	0.000110648	0.000116702	0.000250635	0.00839288	0.00504664	0.00329021	0.000412976	0.000419719	0.000261711	
0	0	0	4.67595e-007	6.42671e-008	8.13311e-007	8.39531e-006	5.97319e-006	6.47324e-008	2.72023e-007	5.07955e-009	2.09878e-006	2.00476e-006	3.6825e-008	7.22396e-009	2.3341e-010	1.691e-011	5.687e-007	5.01446e-008	9.03117e-010	7.57416e-010	1.65227e-007	1.23435e-009	2.87268e-007	5.64738e-007	6.26985e-007	4.05579e-007	1.17124e-008	1.48915e-007	2.79576e-007	1.5012e-007	2.30144e-005	5.76077e-005	8.91081e-006	3.38828e-006	1.47495e-006	
0	0	0	2.8627e-015	1.22119e-011	9.64825e-015	6.2514e-010	2.43517e-013	5.65526e-015	1.21667e-012	1.40165e-013	1.26177e-012	8.8229e-013	1.7771e-011	8.34339e-013	3.23106e-015	5.97532e-016	9.19543e-013	1.04796e-013	7.99097e-014	8.31434e-015	6.09184e-015	5.58704e-014	3.95276e-011	4.07181e-012	3.33955e-011	7.6012e-013	6.97329e-013	1.0342e-012	3.88102e-012	4.58898e-013	1.31218e-011	8.58912e-010	5.75651e-012	2.53912e-012	2.38139e-016	
0	0	0	0	5.25619e-007	1.09136e-006	7.1731e-006	1.71939e-005	7.20521e-006	1.19233e-005	2.04231e-006	4.26252e-006	3.9812e-007	5.15976e-007	7.25144e-007	2.81423e-007	1.36356e-008	2.96898e-009	1.03824e-008	2.33258e-009	8.43671e-011	2.05129e-011	7.12535e-010	1.31057e-010	2.36027e-008	2.35487e-008	5.87177e-008	3.32607e-007	1.36832e-007	1.00675e-007	1.35955e-007	8.18083e-008	4.75324e-006	7.03514e-006	2.70225e-006	1.61282e-006	


1	0.488467	0.161241	0.00702801	0.0543972	0.117545	0.0497024	0.0343163	0.0806202	0.0188616	0.0110137	0.00476716	0.000160955	0.000589947	0.000255275	0.000111982	8.10838e-006	1.60643e-006	2.72744e-007	8.05102e-008	8.13966e-009	6.20479e-010	3.52299e-011	2.51029e-012	6.665e-014	1.33489e-014	2.38057e-016	3.11849e-017	3.94342e-017	3.01514e-017	4.3944e-017	5.72972e-017	8.25232e-018	1.42924e-018	2.00245e-019	4.26405e-019	
0	0.264911	0.074403	0.00858356	0.134104	0.343835	0.0653826	0.0408778	0.0582995	0.0150368	0.140689	0.0673072	0.0349548	0.427114	0.550436	0.63323	0.0161239	0.00946262	0.0139835	0.0135154	0.000707688	0.000426182	6.15147e-005	1.14271e-005	1.6353e-006	2.71448e-007	1.47367e-007	2.12128e-008	8.71488e-009	4.77836e-009	3.08532e-009	2.69179e-009	4.32116e-010	1.73967e-010	4.10496e-012	9.03744e-013	
0	0.246622	0.115265	0.125721	0.0162115	0.0144738	0.0603093	0.050463	0.0610685	0.0134525	0.00370223	0.571677	0.872201	0.0338353	0.0864787	0.00548421	0.000431998	0.000708301	0.00132092	0.000259644	8.52885e-006	3.92295e-006	1.32423e-008	6.59906e-009	1.03169e-007	1.22385e-007	2.82548e-011	4.02269e-011	4.57332e-009	2.87118e-009	5.13041e-008	1.06862e-007	2.15608e-009	6.11317e-011	8.07792e-013	8.06646e-011	
0	0	0.649027	0.852181	0.559648	0.12329	0.0132358	0.00162211	0.00840327	0.0181465	0.00616927	0.130013	0.0803442	0.319078	0.0275096	0.0483869	9.29643e-005	4.25797e-005	5.17202e-005	0.00127527	2.3689e-006	4.3597e-007	1.65244e-008	1.88233e-008	2.96819e-008	3.58781e-009	3.25398e-010	2.94897e-011	1.08048e-009	2.76602e-009	2.75564e-010	4.02355e-009	1.40862e-011	2.51231e-011	2.02506e-014	3.42031e-012	
0	0	6.38955e-005	0.00647003	0.19402	0.138678	0.0137331	0.0417966	0.086796	0.000943566	0.00619811	0.00318413	0.00533198	0.0015697	0.00720732	0.000372746	0.000634505	4.95909e-005	3.11198e-005	2.79465e-006	1.59961e-006	5.71425e-008	3.93292e-010	5.62038e-012	8.81115e-010	4.92425e-010	4.30184e-011	1.21799e-010	1.28029e-010	1.99968e-010	1.10675e-008	8.00195e-008	4.08926e-007	4.28805e-008	1.83615e-009	3.60646e-009	
0	0	0	1.60182e-005	0.0413292	0.22206	0.727137	0.341123	0.208306	0.848336	0.490801	0.160821	0.00107543	0.0092437	0.00056133	0.000777726	3.69525e-006	4.272e-006	2.35246e-007	3.1322e-007	2.21292e-009	9.00152e-009	3.28568e-010	5.85256e-011	1.09561e-013	5.24582e-012	2.49047e-012	1.07891e-013	3.04415e-012	8.77143e-013	1.22472e-012	3.95172e-010	4.01571e-011	2.22614e-008	1.97872e-010	3.22882e-011	
0	0	0	1.90323e-010	0.000266627	0.00311014	0.00657132	0.0143254	0.00148022	6.23727e-005	0.0872888	0.000497905	0.00488185	0.20539	0.32047	0.307154	0.98096	0.931881	0.961599	0.967822	0.993641	0.979216	0.996675	0.993931	0.997704	0.991713	0.993491	0.891243	0.05961	0.000126252	4.52837e-007	9.36259e-010	1.21211e-009	2.63045e-011	1.86691e-010	1.6018e-014	
0	0	0	0	2.42453e-005	0.0370079	0.0639287	0.475476	0.495027	0.0851607	0.254138	0.0617332	0.00105018	0.00317982	0.00708187	0.00448236	0.00174519	0.0578496	0.0230132	0.0171249	0.00563831	0.0203534	0.00326361	0.00605796	0.00229391	0.00828619	0.00650885	0.108757	0.94039	0.999874	0.999999	1	1	1	1	1	


1	0.344085	0.337452	0.012272	0.00597192	0.0193639	0.00571991	0.00199809	0.00390023	0.00045972	0.000113004	1.7188e-005	1.55687e-007	9.34188e-010	2.62853e-012	3.11695e-014	4.93005e-017	1.14292e-018	4.60431e-021	4.26079e-023	2.22477e-025	2.66733e-027	2.23969e-030	7.92961e-033	5.67934e-034	2.23089e-035	1.01142e-037	1.10901e-038	7.13617e-039	2.75135e-038	7.46979e-037	3.21334e-036	1.76147e-036	2.07452e-037	7.94749e-038	4.12285e-037	
0	0.64233	0.602208	0.967896	0.896733	0.926304	0.927528	0.706853	0.728454	0.986556	0.892787	0.970253	0.0748001	0.000479531	1.65974e-006	3.07028e-009	2.20253e-013	7.11787e-016	2.27097e-018	4.48002e-021	8.19438e-025	1.38216e-027	3.90767e-032	2.90061e-034	2.10581e-036	2.55055e-036	3.49791e-040	2.11193e-041	1.15084e-040	1.16765e-039	3.17806e-038	1.16663e-037	4.20454e-038	1.47764e-039	5.78326e-039	3.10873e-037	
0	0.0135852	0.0579726	0.0195551	0.0959701	0.0432211	0.0518031	0.112919	0.00788633	0.00141333	0.0972084	0.018764	0.838401	0.890303	0.225005	0.129916	0.00316072	8.0316e-005	2.88713e-006	3.75183e-007	8.15796e-008	2.34054e-008	1.67936e-011	1.60914e-013	1.16475e-014	4.07215e-015	9.45793e-018	4.42588e-021	2.55255e-022	4.68273e-022	2.06481e-020	4.90137e-021	4.22083e-022	1.60936e-024	1.17492e-024	4.52196e-024	
0	0	0.00235493	0.000261661	0.000674749	0.00350842	0.0122749	0.176394	0.124034	0.00587399	0.000570637	0.0108602	0.0805648	0.0164668	0.772693	0.0222631	0.000438519	0.00133605	0.000263376	1.27953e-005	1.78566e-008	8.76549e-008	9.57124e-011	4.99381e-013	1.36428e-012	3.0242e-011	1.6413e-011	1.65471e-013	1.1324e-016	4.54514e-019	7.7289e-019	1.18335e-018	7.85417e-020	3.60141e-023	6.3241e-025	2.37089e-026	
0	0	1.20037e-005	1.5503e-005	0.00035986	0.00584874	6.5427e-005	0.000320042	0.131683	0.00355571	0.00557337	3.62947e-005	0.00623354	0.0927129	0.00230081	0.847461	0.995598	0.996107	0.999683	0.981956	0.999907	0.998483	0.987267	0.357541	0.992962	0.999895	0.993969	0.968845	0.435453	0.412522	0.235613	0.0693158	0.0673651	0.000386644	6.16431e-005	0.000106105	
0	0	0	2.81975e-008	0.000290534	0.000217143	2.45387e-005	3.867e-007	0.000115049	0.0010912	0.00310195	3.08669e-006	4.56462e-008	3.72574e-005	5.57037e-008	0.000359696	0.000795062	0.00214236	4.90925e-005	0.018009	5.81158e-005	0.00140848	0.0126752	0.641001	0.00130461	2.29621e-005	0.00588259	0.0280078	0.545996	0.505125	0.0167995	0.00500337	0.00171332	0.605353	0.050941	0.00110255	
0	0	0	8.93275e-011	9.13334e-008	0.00114346	0.000691498	1.21313e-005	3.05669e-006	0.000204515	2.12494e-005	3.32603e-006	1.32339e-010	7.06321e-008	3.60976e-008	3.68152e-008	7.95572e-006	0.000333598	1.66595e-006	2.19573e-005	3.35506e-005	0.000108104	5.75664e-005	0.00145597	0.00486386	3.89306e-005	0.000148192	0.00306092	0.0136467	0.0353108	0.0264606	0.00576711	0.00152836	0.00348438	0.0917312	0.000831661	
0	0	0	0	3.7976e-009	0.000393332	0.00189277	0.00150302	0.00392402	0.000845403	0.000624355	6.26051e-005	2.37052e-007	1.16751e-009	1.49064e-009	8.18562e-011	2.20486e-008	2.50366e-007	1.45063e-007	1.59982e-008	1.45678e-006	1.30005e-007	6.11652e-008	1.64743e-006	0.000869058	4.28009e-005	1.70916e-007	8.64257e-005	0.00490475	0.047042	0.721127	0.919914	0.929393	0.390776	0.857266	0.99796	


1	0.868341	0.656631	0.962824	0.523936	0.174085	0.0615645	0.249325	0.638138	0.49037	0.774675	0.222042	0.00119387	6.56757e-005	2.27684e-007	4.70478e-009	1.11019e-010	2.68532e-012	3.75529e-014	3.28045e-016	6.95506e-019	9.89693e-021	2.38281e-022	1.60297e-024	9.41183e-027	7.58303e-029	3.45464e-030	8.94833e-031	1.13319e-031	4.48484e-033	4.23363e-034	1.30875e-034	1.27753e-034	3.42589e-036	1.03003e-036	2.30064e-036	
0	0.131401	0.338782	0.0235556	0.475277	0.821804	0.873742	0.230687	0.248134	0.445323	0.115152	0.0146111	0.000123485	0.00102952	1.95226e-005	7.00509e-006	3.30994e-006	4.95065e-007	1.08687e-009	7.82602e-010	1.51714e-011	1.31997e-012	1.26785e-012	1.13447e-012	4.11905e-014	1.44858e-015	1.89144e-015	6.10115e-016	2.79262e-016	4.4616e-018	1.06887e-020	3.75821e-022	3.12945e-023	1.54308e-023	7.29266e-024	2.72563e-025	
0	0.000257363	0.00457113	0.0135728	3.63487e-005	0.00408454	0.0646664	0.513427	0.0729021	0.0123356	0.0368668	0.713659	0.859204	0.0332509	0.306211	0.00209007	1.74088e-005	0.000105797	3.04228e-005	1.96458e-007	2.21276e-009	9.63797e-010	1.31314e-012	5.67655e-015	3.73959e-012	2.02596e-012	2.08366e-013	7.56038e-014	2.67833e-015	1.24501e-017	2.09186e-019	2.32242e-022	9.35909e-024	6.71194e-028	1.53126e-026	9.09603e-026	
0	0	9.89049e-006	1.62734e-005	0.000727906	1.86667e-005	2.41726e-005	0.00601623	0.0295825	0.0070649	0.00179979	0.00098658	0.00291855	0.496955	0.0638896	0.102767	0.0343579	0.00787091	0.000787898	0.000215639	1.07162e-005	2.30076e-006	3.37203e-006	6.97287e-007	2.1532e-008	2.60557e-009	5.25351e-009	7.42284e-010	5.30431e-011	8.33931e-012	9.13957e-013	4.05764e-013	9.7809e-014	3.32121e-015	3.36867e-016	5.32202e-017	
0	0	6.70089e-006	3.1612e-005	2.00489e-005	2.78798e-006	1.6213e-006	0.000544636	0.0112178	0.000570429	0.0184518	0.0105629	0.0853079	0.287116	0.482768	0.451795	0.722902	0.746716	0.787687	0.892742	0.932545	0.950313	0.550257	0.0355324	0.185403	0.132424	0.179493	0.320935	0.368519	0.329604	0.129921	0.00349076	0.00177044	9.23921e-006	9.79362e-007	4.92884e-007	
0	0	0	5.94522e-008	2.83037e-006	5.13906e-006	9.77475e-007	1.19137e-007	2.54092e-005	0.044334	0.000784696	0.000343286	2.72874e-006	0.106715	0.0035909	0.377481	0.081909	0.0409366	0.000532523	0.0173308	0.00251346	0.0120473	0.428029	0.952518	0.00380665	0.0013154	0.0569649	0.00117842	0.000895155	0.000826527	7.39322e-005	0.00188743	2.2688e-006	7.25499e-006	5.012e-008	7.84477e-009	
0	0	0	2.82104e-009	4.01995e-009	1.5311e-008	1.90485e-008	6.27838e-008	2.34804e-007	1.93291e-006	0.0520236	0.0368608	0.0512313	0.0696611	0.143276	0.0404328	0.115348	0.201708	0.210694	0.0742041	0.0594855	0.0369174	0.0155203	0.00889141	0.809934	0.86233	0.734871	0.653464	0.472105	0.386658	0.171598	0.00279199	0.00155653	5.80282e-006	8.26926e-007	1.77904e-007	
0	0	0	0	6.55732e-010	6.83518e-009	7.51818e-009	1.64263e-009	4.276e-009	5.7585e-008	0.000246544	0.000934629	1.77376e-005	0.00520669	0.000244775	0.0254267	0.0454629	0.00266224	0.000268269	0.0155077	0.0054454	0.000720074	0.00618993	0.00305765	0.0008564	0.0039305	0.028671	0.024423	0.158481	0.282911	0.698407	0.99183	0.996671	0.999978	0.999998	0.999999	


1	0.800691	0.992187	0.971357	0.968034	0.834565	0.641158	0.0787639	0.194595	0.73249	0.569215	0.974593	0.254078	0.0224139	0.000812585	3.53483e-006	6.17479e-009	6.34228e-010	1.75777e-010	4.02739e-012	6.41552e-015	2.25548e-016	3.08167e-019	1.05775e-021	5.97881e-024	2.16876e-024	2.01353e-026	1.29672e-027	2.38504e-029	8.80428e-031	4.26392e-031	3.56121e-031	1.20855e-031	1.99685e-032	9.07182e-033	1.40874e-033	
0	0.199307	0.0078126	0.0286428	0.0314362	0.165412	0.358744	0.92112	0.803135	0.242674	0.328212	0.0171676	0.645298	0.257188	0.106787	0.000927854	6.58734e-006	6.4812e-006	4.74479e-005	9.9088e-007	6.38977e-009	5.30861e-008	5.34482e-011	1.89881e-013	5.88162e-015	4.59237e-015	1.53082e-015	2.176e-016	5.28542e-019	1.45941e-022	3.16858e-024	8.92093e-026	1.7836e-025	2.76963e-027	3.481e-027	2.22478e-029	
0	2.29227e-006	4.68136e-007	5.92531e-007	0.000529765	2.20211e-005	9.82127e-005	0.000116522	0.0022673	0.0244482	0.102202	0.00313977	0.00521614	0.0613577	0.0137161	5.98188e-005	4.59883e-007	9.7677e-007	1.45596e-005	1.04441e-006	3.38671e-010	1.25982e-010	1.62037e-011	1.18278e-013	8.34204e-017	3.95405e-016	3.90461e-018	6.86281e-017	5.82817e-020	9.67914e-024	2.5877e-027	3.56929e-029	2.48295e-027	1.00055e-030	2.15471e-029	3.2237e-032	
0	0	5.74201e-008	2.48474e-009	3.08625e-008	4.18652e-008	1.79515e-008	5.99741e-009	2.51325e-006	0.000227362	0.000310029	0.00375308	0.00664739	0.00213365	0.000744639	0.000401246	2.20777e-006	1.40093e-006	1.06463e-006	9.30512e-007	4.43423e-009	1.04144e-009	2.97186e-011	1.59592e-012	2.27145e-014	6.69879e-015	3.87212e-016	8.8869e-019	2.48969e-020	2.00142e-022	2.86118e-025	2.08764e-027	4.25954e-031	2.18526e-030	6.58006e-034	2.26307e-032	
0	0	1.78855e-013	7.06735e-009	9.01681e-010	1.43397e-010	1.91467e-009	3.7968e-012	4.59264e-010	0.000160499	5.21266e-005	0.00134441	0.00850604	0.0477165	0.0305915	0.0160553	7.58839e-005	0.0013806	0.0168014	0.0291095	8.1467e-005	8.47689e-005	1.89864e-006	3.39226e-006	9.59954e-007	4.06306e-006	1.0195e-005	8.20447e-008	5.79078e-010	9.0465e-012	2.11559e-014	1.54422e-015	1.5623e-018	1.05982e-019	4.15376e-023	4.66124e-025	
0	0	0	1.79792e-014	3.14039e-012	2.68041e-013	2.03286e-014	5.32368e-014	6.27636e-015	7.47636e-011	7.31692e-006	2.20673e-006	0.0802214	0.560983	0.832899	0.742853	0.0273577	0.100225	0.336098	0.0718243	0.0117777	0.0168288	0.00225265	0.000359535	0.000836972	0.00210612	0.00434883	0.000385908	5.16611e-007	2.33537e-009	1.76485e-012	4.57751e-016	1.08463e-019	4.64011e-023	1.31048e-024	1.49893e-027	
0	0	0	9.20126e-019	1.47086e-010	2.89159e-012	3.81627e-014	6.61448e-015	2.20475e-016	3.024e-014	1.00828e-006	4.67811e-008	3.321e-005	0.0482017	0.0143156	0.239658	0.972288	0.804275	0.432194	0.894818	0.987987	0.966467	0.997365	0.996718	0.998405	0.969807	0.993221	0.96493	0.979435	0.983519	0.798654	0.00963935	0.00288241	0.00206249	0.000515846	1.28673e-006	
0	0	0	0	4.69181e-017	2.79483e-011	3.43042e-011	5.46309e-012	1.11094e-011	1.32981e-010	6.07232e-011	3.04471e-007	2.92358e-008	5.37672e-006	0.00013335	4.1364e-005	0.000269543	0.0941105	0.214843	0.00424538	0.000154092	0.0166197	0.000380258	0.00291903	0.000757148	0.0280826	0.00241992	0.0346837	0.0205641	0.0164815	0.201346	0.990361	0.997118	0.997938	0.999484	0.999999	


1	0.932226	0.956312	0.923877	0.495029	0.495664	0.547496	0.402241	0.816428	0.989689	0.515313	0.957359	0.998087	0.895037	0.158927	0.0015611	0.00312658	0.000360384	6.27716e-005	5.3006e-006	2.68533e-007	1.25942e-007	1.64409e-007	4.43167e-009	3.1583e-009	2.13682e-009	2.96038e-010	1.00951e-009	4.85741e-010	7.40016e-011	6.948e-012	3.31642e-012	3.22905e-012	5.06622e-012	1.23301e-011	2.35262e-011	
0	0.0677066	0.0434093	0.0760771	0.504932	0.497884	0.410513	0.389772	0.148719	0.00762569	0.484657	0.0417418	0.00168295	0.0047641	5.74681e-005	1.32143e-005	1.67234e-005	1.38672e-008	1.49985e-008	4.23143e-009	3.32279e-009	1.50453e-010	1.65617e-010	1.24367e-012	9.62714e-013	2.82195e-013	6.08961e-014	4.23218e-010	5.74185e-010	6.96923e-011	1.73797e-011	1.25771e-012	8.49222e-012	5.14706e-012	1.5983e-010	2.06304e-010	
0	6.74544e-005	0.000279093	4.56583e-005	3.84612e-005	0.00645179	0.0419905	0.207986	0.0348521	0.00266622	2.74041e-005	0.000896824	9.97748e-005	0.00134841	0.00507132	2.84784e-007	4.26942e-007	1.0324e-007	4.59167e-008	1.30814e-010	2.11593e-009	5.43947e-011	2.04071e-012	4.51921e-014	2.07167e-013	1.22063e-012	8.44328e-014	9.53477e-013	2.70922e-014	2.89491e-014	6.27497e-014	5.77866e-014	4.86219e-013	3.67497e-016	4.83818e-013	1.16564e-013	
0	0	9.15652e-011	1.3671e-008	1.19881e-008	6.17956e-009	4.44579e-007	8.96971e-007	6.17073e-007	1.66261e-006	6.67582e-007	3.98912e-009	2.87068e-006	1.52247e-006	2.16404e-006	5.22486e-008	4.70844e-011	2.43425e-012	9.53855e-012	6.16511e-012	1.44614e-015	1.75405e-013	3.96545e-015	9.02495e-019	1.00482e-018	1.45568e-016	7.5835e-017	2.2118e-017	1.72914e-016	6.9753e-018	2.91397e-020	1.62578e-020	3.92802e-018	1.32654e-017	1.1813e-019	1.53727e-018	
0	0	1.32042e-010	2.32745e-008	6.66487e-010	1.86588e-011	1.57889e-007	2.16016e-007	1.42306e-007	1.31456e-005	4.33052e-007	1.23467e-006	0.000102219	7.01953e-006	3.98859e-007	2.25852e-007	1.8239e-008	3.91104e-010	5.7795e-012	1.44349e-012	1.26111e-015	3.22996e-012	8.30404e-014	8.51103e-016	7.71091e-017	1.74267e-016	1.4386e-017	4.91215e-019	8.76802e-017	1.17427e-018	3.54231e-020	4.96928e-020	3.74858e-022	3.99995e-018	1.1484e-021	3.85993e-016	
0	0	0	1.50389e-012	1.75803e-011	4.03687e-013	3.24752e-014	4.11364e-011	3.34458e-010	3.81723e-006	1.18048e-006	1.47805e-006	2.25807e-005	0.0988394	0.833039	0.996258	0.578587	0.922818	0.959123	0.991994	0.983724	0.977203	0.892209	0.997898	0.429344	0.291578	0.540553	0.00585661	1.19947e-005	2.85194e-007	1.2147e-012	2.62565e-016	2.36115e-021	3.70458e-025	3.60789e-022	4.45425e-024	
0	0	0	2.73703e-021	2.34592e-016	4.42198e-015	6.69612e-016	3.94335e-018	1.30627e-014	1.58302e-013	2.70148e-009	1.76822e-008	2.68932e-006	1.0897e-006	0.00157042	0.00172149	0.16589	0.000599405	0.000775179	0.00301666	0.0108322	0.00473288	0.0632609	0.000776644	0.502829	0.0430904	0.00600076	0.0158287	0.000172625	7.2969e-007	1.73679e-009	1.81814e-012	3.77778e-015	1.3136e-017	3.36686e-021	1.60674e-024	
0	0	0	0	1.56046e-015	4.0838e-014	2.11666e-014	4.86735e-015	6.21789e-014	5.92014e-013	1.12962e-009	1.36493e-008	1.87942e-007	1.14364e-006	0.0013315	0.0004457	0.25238	0.0762223	0.0400392	0.00498375	0.00544387	0.0180641	0.0445303	0.00132573	0.0678266	0.665332	0.453446	0.978315	0.999815	0.999999	1	1	1	1	1	1	


1	0.808671	0.742193	0.301034	0.562963	0.447322	0.651234	0.464827	0.050467	0.0333161	0.0035696	0.00146136	5.43574e-005	2.79565e-005	1.86566e-007	3.14289e-010	5.52092e-013	2.12893e-015	1.98012e-018	5.18524e-021	1.86306e-024	4.90784e-027	6.16339e-030	2.51223e-032	8.62482e-035	2.43101e-037	4.07051e-040	1.6143e-040	1.84098e-040	7.76987e-041	2.31645e-040	1.48339e-039	2.35492e-039	2.82748e-038	4.23982e-038	1.88956e-037	
0	0.0155874	0.250858	0.663726	0.362595	0.371568	0.340697	0.408344	0.515085	0.903974	0.258557	0.997203	0.99392	0.605362	0.04055	0.000107234	9.76536e-008	2.32789e-010	1.32276e-012	1.05621e-014	1.64876e-018	8.09229e-022	3.1217e-025	1.60663e-028	2.11879e-030	2.24057e-032	1.95002e-035	1.01133e-035	3.22621e-036	5.76075e-037	2.87511e-036	2.04684e-035	2.66594e-035	1.73408e-035	2.09699e-036	1.67025e-035	
0	0.175741	0.00678507	0.0352364	0.0742218	0.180533	0.000903403	0.123463	0.434197	0.0520112	0.73777	0.000284675	0.00368448	0.161205	1.80933e-005	3.98751e-006	4.1691e-008	1.3471e-011	8.25692e-013	1.49657e-015	6.24138e-018	1.15735e-020	1.89038e-022	9.37226e-026	6.74768e-030	4.28803e-033	2.04002e-035	2.68204e-035	3.3356e-036	7.39558e-038	4.4947e-039	1.84264e-037	2.11979e-035	8.17308e-036	5.04987e-035	6.93419e-035	
0	0	6.49478e-005	2.84442e-007	5.51427e-005	1.48496e-005	2.7837e-006	9.81944e-009	1.18318e-006	2.70115e-006	1.18435e-005	5.8915e-006	1.54789e-008	4.79288e-006	1.72327e-008	8.14474e-011	3.58416e-010	8.8256e-015	3.29089e-018	6.84282e-018	1.51288e-019	2.17374e-024	1.23684e-024	4.54617e-027	2.69128e-031	8.23668e-036	1.0524e-039	8.77565e-039	9.92769e-038	2.83069e-038	1.85153e-039	9.18454e-041	4.82216e-040	1.74832e-037	9.20157e-038	5.59451e-038	
0	0	9.84479e-005	2.72702e-006	0.000164704	0.000561539	0.0071622	0.00336645	0.000248829	0.0106952	9.13622e-005	0.00104263	0.000204326	0.0338858	0.174089	0.000420219	8.32907e-007	9.80806e-008	4.30423e-009	2.20556e-011	1.32025e-013	4.33602e-014	4.07832e-016	6.89557e-018	3.34776e-020	5.05967e-021	3.17751e-022	1.42354e-023	1.15075e-026	2.96927e-030	2.49718e-033	5.47249e-035	7.92526e-036	4.20868e-038	2.58212e-037	1.16491e-038	
0	0	0	6.77725e-008	3.33291e-010	9.25721e-008	2.99271e-008	5.45891e-008	5.29525e-007	6.1974e-007	7.59714e-007	2.7832e-006	0.00210715	0.00384562	0.000960411	0.00220992	1.02878e-005	1.20929e-006	1.38263e-008	1.39182e-008	3.99545e-011	4.63875e-013	7.73866e-015	1.22965e-016	6.48756e-017	4.78789e-018	5.11316e-020	4.52195e-023	1.18593e-023	3.64362e-024	2.4234e-025	5.41494e-026	1.34069e-029	4.52523e-030	1.23204e-033	1.73499e-033	
0	0	0	4.50631e-040	1.91934e-013	3.18688e-016	9.12053e-014	3.26718e-014	8.5187e-015	3.98612e-012	8.63327e-013	9.61106e-012	5.82468e-008	2.92975e-005	1.0666e-006	5.72972e-008	1.63098e-008	2.72924e-010	1.71231e-011	2.02577e-013	1.06536e-013	8.0971e-016	1.00475e-017	1.49275e-019	6.83992e-021	2.98973e-021	1.67729e-022	9.1707e-025	2.53996e-028	1.75293e-028	2.68947e-029	6.22149e-030	1.05458e-031	5.39001e-035	3.36529e-036	3.65435e-039	
0	0	0	0	3.58274e-009	1.01658e-009	8.62988e-010	1.04439e-009	1.53418e-010	8.50865e-009	1.40793e-008	6.6782e-009	2.94777e-005	0.19564	0.784381	0.997259	0.999989	0.999999	1	1	1	1	1	1	1	1	1	1	1	1	1	1	1	1	1	1	


1	0.999376	0.975999	0.998292	0.94123	0.986055	0.99844	0.997898	0.976551	0.994561	0.984987	0.993821	0.922292	0.000346472	5.49022e-008	1.96744e-013	9.81368e-017	6.51749e-020	7.42495e-023	8.15706e-026	3.95686e-029	6.6786e-032	4.87877e-035	1.29787e-038	2.76719e-042	4.29102e-045	2.33014e-048	1.32745e-049	1.63334e-050	3.19142e-051	1.66881e-051	7.07841e-051	3.56385e-051	9.83999e-051	5.53951e-050	1.14915e-048	
0	0.000408917	0.014468	0.000551037	0.0564682	0.0130488	0.00138789	0.00204596	0.0228347	0.00281906	0.0131312	0.00541063	0.0030212	8.1492e-005	4.77239e-009	2.25832e-013	2.00944e-016	1.34764e-020	1.9342e-024	2.35909e-026	5.15763e-029	7.94292e-033	1.81967e-034	3.78001e-038	4.08653e-042	1.29413e-045	2.01039e-048	4.26582e-049	1.4469e-050	4.22518e-051	1.66653e-051	4.43405e-051	1.15999e-051	2.09482e-051	2.01221e-051	3.26762e-050	
0	0.000215071	0.00953188	0.00103157	0.00229313	0.000887248	6.89698e-005	1.95681e-006	0.000614109	0.00260519	0.001864	0.000617553	0.000195704	3.53228e-006	1.28049e-011	1.61233e-014	1.36307e-018	1.56921e-022	5.53991e-026	2.74151e-027	1.26404e-030	8.40932e-035	1.70442e-036	3.5597e-039	2.85098e-044	2.075e-048	9.29349e-051	3.97956e-052	3.4338e-051	1.74467e-051	1.63006e-053	6.83395e-053	4.40865e-054	4.29178e-052	1.21992e-053	6.30345e-051	
0	0	6.93912e-007	0.000122797	1.64967e-006	6.30232e-006	1.61948e-005	5.97722e-007	1.8698e-007	5.63023e-006	8.28508e-006	9.45166e-005	0.00324448	1.29055e-008	1.72942e-011	2.86416e-017	1.17326e-018	7.36154e-022	6.82417e-025	8.83369e-029	1.70405e-032	9.75862e-035	4.85074e-039	5.40352e-041	3.83734e-043	1.39757e-046	1.42446e-051	2.6951e-053	2.70108e-053	1.63486e-054	1.91244e-053	7.65718e-054	1.95987e-054	3.95839e-055	3.58906e-054	1.68784e-053	
0	0	7.56672e-008	2.967e-006	6.62098e-006	2.30871e-006	8.70857e-005	5.36147e-005	4.07946e-007	8.77724e-006	9.49811e-006	4.40035e-005	0.00317946	0.000233427	7.28414e-005	3.1552e-009	4.99724e-012	2.02779e-013	1.76618e-014	1.71878e-016	2.85321e-019	6.00113e-021	1.72658e-024	3.52171e-027	1.35736e-029	8.30429e-031	1.02023e-032	1.70849e-034	1.92761e-037	2.08593e-040	6.01596e-043	7.8215e-045	1.07738e-045	2.23396e-048	2.80344e-049	2.04378e-051	
0	0	0	2.3351e-010	2.45197e-008	5.71575e-010	1.01517e-008	1.69109e-007	1.69528e-009	1.52771e-007	3.10765e-007	1.16344e-005	0.0591274	0.00260474	5.90685e-005	3.04669e-008	2.19795e-011	1.81169e-011	7.46044e-012	9.6759e-014	7.25806e-018	2.26305e-018	1.17656e-020	3.47019e-022	1.22822e-024	1.42906e-025	3.14958e-027	3.35717e-030	6.23112e-033	2.32156e-035	2.16099e-039	4.82054e-042	3.41208e-046	5.37141e-049	9.79329e-052	6.8348e-051	
0	0	0	1.71307e-016	1.19096e-012	1.82811e-011	4.04524e-012	4.56859e-013	1.00705e-010	1.75963e-008	1.72545e-008	8.51417e-007	0.00883683	0.996579	0.97028	0.998277	0.121843	0.0743013	0.0187633	0.294372	0.356483	0.229723	0.15517	0.798475	0.222117	0.102915	0.132978	0.000199085	4.36345e-006	1.33517e-006	5.63823e-010	6.68961e-012	1.40336e-016	2.07821e-018	6.74413e-022	1.45442e-022	
0	0	0	0	3.02047e-018	2.69917e-014	2.83179e-013	4.71486e-014	1.38088e-015	8.78448e-013	5.45472e-010	1.45852e-009	0.000102488	0.000151295	0.0295882	0.00172312	0.878157	0.925699	0.981237	0.705628	0.643517	0.770277	0.84483	0.201525	0.777883	0.897085	0.867022	0.999801	0.999996	0.999999	1	1	1	1	1	1	


