E:\Google Drive\Progetti\MSR Action3D\Real\a02_s09_e01_skeleton3D.txt
2
TRUE
-1079.57
-1042.39
-1063.87
-1088.71
-1069.51
-1079.82
-1065.04
-1081.53
-1052.12
-1100.87
-1109.18
-1122.79
-1131.17
-1123.13
-1112.84
-1101.13
-1075.17
-1107.42
-1117.81
-1106.3

44
20
1	0.675458	0.322928	0.0376496	0.393916	0.181989	0.157748	0.285301	0.155021	0.0112386	0.00632091	0.000221339	0.000167871	0.00166488	0.00157772	0.000344274	0.00133039	0.000538172	0.00015389	5.96451e-005	5.60416e-006	1.22197e-007	1.40962e-006	2.37363e-006	4.44568e-007	4.92022e-008	8.02294e-009	2.69591e-009	2.36798e-010	1.5073e-010	1.23728e-010	1.6011e-011	1.14496e-013	2.07766e-016	2.36794e-017	1.86538e-018	2.00429e-019	3.02034e-020	1.52161e-021	1.88408e-021	1.61306e-021	1.73596e-021	1.49102e-021	8.92181e-021	2.11953e-020	
0	0.2689	0.237411	0.0409314	0.115783	0.0821952	0.0340326	0.0846689	0.123999	0.00663131	0.00259646	0.000207312	0.00111959	0.0227278	0.069374	0.0786611	0.247264	0.487083	0.237671	0.0204717	0.000330476	1.12879e-005	8.79474e-005	5.82797e-005	2.46417e-005	4.60377e-006	3.52527e-007	1.03331e-007	3.45902e-008	2.18721e-007	7.73519e-007	6.23969e-007	7.38994e-009	8.17027e-011	7.1576e-012	1.85618e-012	1.0986e-013	2.2358e-014	1.18593e-015	1.94546e-016	1.91087e-016	1.36024e-016	4.93112e-017	2.54649e-016	3.29283e-015	
0	0.0556417	0.344858	0.00525816	0.0652032	0.0629731	0.00890769	0.0543296	0.145674	0.011666	0.00961397	0.000755315	0.00160885	0.00422624	0.0038606	0.000669382	0.100271	0.0476011	0.0246905	0.0041834	0.000346356	8.92219e-007	5.65951e-006	1.66678e-005	9.67078e-007	2.04983e-006	1.25507e-007	4.98597e-007	4.15328e-008	1.71621e-007	2.32242e-007	4.23355e-008	1.61954e-010	2.84156e-012	2.93091e-012	2.98333e-013	2.14549e-014	3.01123e-015	1.13022e-016	2.76738e-017	7.37482e-017	6.34037e-018	4.29058e-018	2.00719e-017	4.17161e-017	
0	0	0.00220161	0.898681	0.395519	0.650025	0.790292	0.212597	0.012334	0.00373257	0.00095968	1.8662e-005	0.000432409	0.0261383	0.133267	0.333466	0.109882	0.274115	0.0209906	0.0626391	0.000505767	0.000159073	0.000242678	0.000119352	3.99399e-005	1.7236e-007	7.34709e-008	1.21145e-009	2.80783e-008	2.86388e-008	4.39238e-007	1.53282e-006	7.56787e-008	1.32756e-010	2.74457e-012	1.16983e-013	5.81526e-015	1.18451e-014	7.04654e-016	7.43471e-017	3.68221e-018	9.24147e-017	2.46259e-017	1.77463e-016	5.64463e-016	
0	0	0.0926012	0.0173149	0.0194034	0.0226056	0.00882729	0.361271	0.559748	0.966514	0.965023	0.998003	0.268752	0.00331064	0.000742718	0.0040773	0.00112415	0.000382972	0.00409877	0.704157	0.952558	0.977066	0.0154152	0.153193	0.00109814	2.07852e-005	2.19897e-008	3.74694e-008	3.88989e-009	1.80646e-006	5.0942e-005	0.000113829	9.22679e-008	8.64847e-011	9.15638e-013	1.28207e-015	4.30519e-018	1.79545e-015	1.89197e-017	5.09974e-019	1.32958e-018	6.06156e-020	6.60818e-019	9.15322e-018	1.26248e-017	
0	0	0	0.000164844	0.0101715	0.000165248	0.000180632	0.00182601	0.00321646	0.000217052	0.0154852	0.000793527	0.727915	0.785627	0.742245	0.577268	0.412032	0.171828	0.298153	0.157061	0.0322769	0.0223934	0.812634	0.44967	0.315265	0.00311313	2.6976e-005	1.72551e-006	1.74203e-006	9.65893e-005	0.00418356	0.467822	0.989856	0.997937	0.763202	0.0893536	0.00115881	3.21363e-005	6.04262e-007	3.65217e-010	1.81674e-013	2.66198e-016	1.71146e-019	3.94049e-019	2.48849e-017	
0	0	0	6.34572e-013	7.27438e-007	2.83927e-007	7.32751e-009	8.32637e-008	1.97182e-007	2.47138e-008	2.06755e-008	1.28904e-007	1.09623e-006	0.00175167	0.000113376	0.000220401	0.0845557	0.000974354	0.395821	0.0286833	0.0119658	8.84161e-005	0.00178463	0.0189647	0.00131928	0.000296839	3.83432e-006	1.56923e-007	3.39058e-009	9.93886e-008	5.23244e-006	6.31481e-005	0.00120004	0.00164914	0.221626	0.595241	0.61908	0.038509	0.00323649	8.66976e-006	1.60329e-009	2.80187e-013	3.4627e-017	1.58104e-019	2.16629e-021	
0	0	0	0	4.06569e-006	4.61849e-005	1.17559e-005	7.37411e-006	6.79994e-006	4.96829e-007	2.56156e-007	1.16883e-006	3.50606e-006	0.154553	0.0488204	0.00529366	0.0435419	0.0174778	0.0184201	0.0227443	0.00201113	0.000280935	0.169828	0.377975	0.682251	0.996562	0.999969	0.999997	0.999998	0.999901	0.995759	0.531999	0.00894422	0.000413401	0.0151721	0.315405	0.379761	0.961459	0.996763	0.999991	1	1	1	1	1	


1	0.395621	0.105085	0.0079906	0.0213198	0.00408543	0.0033827	0.000418743	0.000120464	1.03532e-005	4.00228e-007	5.193e-009	8.109e-010	2.76279e-009	2.9027e-009	1.1933e-010	2.06141e-010	1.05135e-009	6.34037e-012	6.1524e-014	1.60928e-016	1.162e-017	1.81416e-019	5.71937e-020	1.19933e-021	1.10383e-023	1.56145e-025	3.69526e-026	1.40506e-026	1.2939e-026	7.88908e-027	4.60777e-026	2.86472e-028	1.08717e-030	5.21077e-032	2.95323e-033	1.46704e-034	4.27719e-036	3.54537e-038	2.68465e-038	2.56158e-039	4.8406e-040	6.79654e-041	1.20592e-042	3.8288e-044	
0	8.29595e-005	2.91071e-005	2.20015e-006	2.26394e-007	0.000132765	2.71064e-005	3.25151e-008	8.62702e-010	5.5788e-011	1.38165e-012	5.7949e-014	9.25371e-015	5.46806e-013	2.38012e-013	4.27739e-013	2.32897e-012	1.43716e-010	6.90589e-014	9.17148e-015	1.16493e-017	1.44464e-016	1.22717e-018	1.60407e-019	1.73495e-020	5.14286e-024	5.00423e-027	2.86491e-028	9.21069e-029	2.83255e-030	6.41447e-031	3.11409e-026	4.42051e-028	8.03136e-029	2.2406e-029	6.21261e-029	5.14065e-031	2.03975e-030	1.18154e-028	9.40041e-030	1.41808e-033	9.87504e-036	3.5457e-038	7.65851e-044	1.8511e-048	
0	0.604297	0.894867	0.978916	0.977745	0.99559	0.996224	0.999365	0.999821	0.999935	0.999531	0.999922	0.963078	0.687266	0.524522	0.0894286	0.0240351	0.0474947	0.00426991	0.00146178	0.000156951	0.000113717	1.31449e-006	4.17793e-006	3.38713e-007	5.49432e-008	1.38766e-009	5.38693e-009	3.33152e-008	4.63681e-006	8.2554e-005	0.00159448	1.40405e-005	2.82041e-007	8.91781e-009	1.85111e-010	4.95331e-012	6.68085e-013	8.05388e-015	1.71672e-015	2.79135e-016	2.19292e-017	2.45478e-018	3.90645e-019	2.22432e-020	
0	0	1.81065e-005	0.013089	0.000894439	0.000185457	0.000350535	0.000214039	5.76096e-005	5.45054e-005	0.000468382	7.83062e-005	0.0369219	0.312687	0.475179	0.910407	0.868433	0.770251	0.0688971	0.00204372	0.000112153	2.10314e-005	1.07216e-007	6.17297e-009	2.61152e-009	4.81998e-011	1.27812e-011	4.4343e-012	1.36858e-008	1.65819e-006	0.000199114	0.308145	0.996112	0.995371	0.888021	0.177767	0.0161959	8.23313e-005	4.26922e-007	8.96187e-010	1.92736e-013	3.06797e-016	1.58446e-019	3.10291e-021	7.03246e-022	
0	0	8.72163e-007	2.19496e-006	3.99673e-005	5.36396e-006	1.3806e-005	9.84995e-007	6.45839e-007	3.65902e-007	1.04021e-007	1.41919e-007	7.89682e-008	4.74937e-005	0.000298418	0.000163788	0.107525	0.181419	0.925515	0.996045	0.997527	0.946177	0.000733702	0.000469288	4.99726e-007	3.55325e-010	1.21075e-013	1.51322e-013	1.24448e-013	4.91998e-010	1.13233e-007	0.00025313	0.000499073	0.00462455	0.111924	0.792342	0.731454	0.941794	0.890501	0.194383	5.89154e-005	3.803e-008	3.57337e-011	9.8922e-015	2.09767e-018	
0	0	0	6.40945e-009	1.01755e-006	8.44136e-007	1.27134e-006	6.37828e-007	4.04625e-008	2.50554e-010	3.86415e-010	1.56771e-011	6.2375e-011	2.81649e-009	9.25977e-008	1.58505e-007	6.16221e-006	0.00082672	0.00130641	0.000448807	0.0022042	0.0536852	0.999013	0.883181	0.997884	0.971615	0.993828	0.992606	0.829389	0.147704	0.0149062	0.00991095	7.15193e-005	2.76431e-007	5.45012e-005	0.0298868	0.248246	0.05779	0.109492	0.775934	0.366365	0.634442	0.460388	0.00818998	3.08686e-005	
0	0	0	3.73383e-011	9.97765e-010	2.11556e-008	4.54214e-007	3.35738e-007	1.07415e-007	3.71258e-009	1.12437e-011	2.03637e-013	5.30636e-013	1.79456e-011	2.52649e-009	5.93464e-010	5.89046e-009	8.66071e-006	1.14546e-005	4.05722e-007	4.88814e-008	2.53623e-006	0.000251774	0.116163	0.00194739	0.0283699	0.00609841	0.00695083	0.169808	0.758625	0.619893	0.21183	3.73549e-005	6.21001e-008	3.23776e-009	3.54938e-006	0.00410278	0.000318629	5.97034e-006	0.0296164	0.632184	0.327937	0.483664	0.858019	0.978755	
0	0	0	0	1.00613e-010	2.97369e-010	4.29535e-009	2.69273e-007	9.13972e-008	1.98884e-008	7.00917e-009	1.19495e-009	4.49574e-010	3.19729e-009	2.88155e-009	5.91848e-010	7.46269e-010	2.39515e-009	6.06319e-008	6.65021e-008	6.06759e-009	3.46549e-008	4.15664e-007	0.000182949	0.000168033	1.51117e-005	7.36952e-005	0.000442741	0.000802309	0.093665	0.364919	0.468267	0.00326616	4.10833e-006	4.78031e-008	4.73302e-010	6.19427e-007	1.47269e-005	1.4727e-007	6.64859e-005	0.00139258	0.0376212	0.0559487	0.133791	0.0212139	


1	0.999585	0.995391	0.929094	0.991908	0.999452	0.98354	0.94255	0.991449	0.968222	0.989571	0.997309	0.969131	0.987995	0.986019	0.845261	0.992516	0.9954	0.97388	0.491574	0.692258	0.244298	0.183894	0.0549344	0.0044537	0.00362462	0.00109192	0.000320755	7.46769e-006	3.37885e-007	6.74712e-008	2.9351e-008	4.50834e-008	1.1235e-009	3.13662e-011	2.24995e-012	2.47851e-013	4.04908e-013	1.06775e-015	6.93795e-017	4.1929e-018	2.01731e-019	8.94928e-021	1.15056e-020	1.00938e-020	
0	0.000413487	0.00457812	0.0709041	0.00797907	0.000545445	0.0164598	0.0573248	0.00811899	0.0311401	0.00966535	0.000696771	0.00376425	0.00213292	0.0122731	0.154292	0.000736057	0.00283842	0.0181362	0.507379	0.209273	0.754662	0.781827	0.932599	0.986633	0.0551084	0.00815577	7.10102e-006	2.23296e-007	4.60717e-008	2.14428e-008	2.85861e-007	5.8351e-006	1.37425e-006	5.17946e-009	1.46618e-011	9.92566e-015	2.49658e-015	1.10175e-017	2.68576e-019	1.44348e-020	3.70631e-021	3.30802e-022	1.72606e-021	2.82771e-021	
0	1.1232e-006	3.05963e-005	2.38503e-006	0.000112677	2.17287e-006	3.48623e-008	0.000125336	0.000431776	0.00063768	0.000759291	0.00199086	0.0248922	0.00116132	0.000107714	0.000435076	0.00424903	0.000550961	0.00392623	0.000885742	0.098268	0.00055082	0.0142829	0.00647441	0.00710538	0.885278	0.0765263	0.185723	0.0232571	0.15369	0.320237	0.335835	0.330689	0.545847	0.00779279	6.85978e-005	3.44453e-007	3.28776e-008	5.12316e-013	1.73896e-018	2.11746e-022	6.50405e-026	6.71931e-027	5.3498e-024	9.43816e-024	
0	0	4.54108e-010	4.21914e-010	1.55171e-008	5.92512e-009	1.41238e-011	6.51104e-010	1.54276e-007	8.10165e-008	4.31205e-006	3.18415e-006	0.00221255	0.00871087	0.00159564	1.10441e-005	0.00249771	0.00117159	0.00110469	1.92156e-006	8.49323e-005	1.43864e-006	2.57692e-005	8.55377e-007	1.72427e-006	0.00660468	0.03923	0.43795	0.870188	0.776443	0.596022	0.488172	0.420585	0.296854	0.975862	0.729791	0.949026	0.183513	5.5747e-005	1.2668e-009	1.58867e-013	7.08677e-019	1.96356e-024	4.6886e-028	5.00819e-027	
0	0	7.39181e-015	6.71267e-014	7.51049e-015	8.69976e-013	8.73529e-013	2.25521e-015	4.97606e-013	2.04541e-010	1.73387e-012	2.51811e-009	2.77841e-010	1.23214e-007	4.4806e-006	4.67498e-007	5.03335e-007	3.2016e-005	0.00292735	0.000111899	6.22929e-005	4.30631e-007	6.10869e-012	7.42293e-009	3.68824e-013	2.10476e-010	2.10279e-008	1.92204e-006	9.77875e-007	5.55496e-005	0.000304235	0.000520698	0.000116257	0.000471936	0.000858931	0.0356766	0.00189287	0.0509992	2.67392e-005	1.22609e-008	7.73543e-013	2.46428e-018	3.29856e-023	1.17655e-026	1.02428e-029	
0	0	0	8.42181e-014	9.15155e-012	1.78178e-011	6.27723e-011	2.80618e-012	1.87948e-012	1.69141e-011	2.31573e-012	1.12649e-010	1.38204e-011	1.34066e-007	1.77528e-007	6.41777e-007	6.36032e-007	6.55445e-006	2.42587e-005	4.70198e-005	5.24194e-005	0.000486509	0.00297292	0.000369389	0.000374012	1.84136e-005	3.48501e-005	3.86833e-006	4.49166e-007	1.39481e-007	1.0923e-006	0.00129567	0.0229438	0.000809781	0.000367181	0.210567	0.0116548	0.667105	0.998859	0.513849	0.000849689	3.29151e-005	4.5377e-007	1.25974e-009	3.5718e-012	
0	0	0	9.03934e-023	3.00032e-014	1.89697e-013	2.48341e-012	1.27924e-011	3.46946e-012	8.8882e-014	2.23559e-014	1.82787e-015	1.03962e-013	1.16737e-012	1.22051e-009	3.65147e-010	3.97404e-008	1.03717e-008	1.84223e-007	4.04722e-008	3.47468e-007	1.64918e-007	0.0169798	0.00340926	0.000868215	0.0348011	0.83499	0.0809807	0.000442928	8.13981e-008	1.6617e-010	1.32843e-009	7.20006e-006	3.30591e-005	2.39362e-006	3.83352e-005	0.0280478	0.0387643	0.000647697	0.485737	0.973427	0.994873	0.99492	0.714292	0.081848	
0	0	0	0	2.74408e-016	4.8717e-014	6.57441e-014	1.24032e-012	3.78198e-012	3.6294e-012	5.38695e-013	3.22081e-013	8.98288e-012	1.15426e-011	4.2757e-009	1.11504e-008	3.02021e-008	9.27865e-008	6.36208e-007	3.1333e-007	1.22528e-006	7.20298e-007	1.74091e-005	0.00221259	0.000564175	0.0145644	0.0399715	0.295013	0.106103	0.0698107	0.0834353	0.174177	0.225652	0.155983	0.0151166	0.0238583	0.00937864	0.0596184	0.000410457	0.000414735	0.0257228	0.00509378	0.00507934	0.285708	0.918152	


1	0.400557	0.321146	0.00409547	0.0266102	0.0152415	0.00452472	0.00163698	0.00493701	0.000729806	0.000193648	0.000108791	0.00020414	0.00541351	0.00995745	0.00211453	0.00600246	0.0106057	0.00621495	2.0848e-005	6.89103e-008	6.94987e-010	2.22785e-010	4.00132e-012	3.11783e-013	6.00741e-013	6.28284e-015	2.89669e-016	1.51987e-017	4.82273e-018	1.85627e-018	8.23733e-019	2.41801e-019	8.26757e-021	2.32397e-022	4.25141e-023	1.83837e-024	9.5593e-026	8.4532e-027	6.63455e-027	6.11368e-027	5.45438e-027	1.48683e-027	2.66922e-027	9.35534e-027	
0	0.585586	0.247627	0.100792	0.250991	0.107925	0.0361959	0.0271996	0.0214697	0.00687987	0.00497283	0.000967893	0.00203241	0.134838	0.282285	0.112852	0.928626	0.926486	0.813394	0.0157595	7.46325e-005	1.80883e-006	2.60758e-007	1.89096e-009	6.47177e-011	1.98609e-011	3.69959e-013	3.88525e-015	3.2479e-016	1.15588e-016	1.62611e-016	4.2336e-016	9.22967e-016	1.82046e-017	3.08728e-018	1.78383e-019	1.8459e-020	3.94334e-021	2.12785e-022	4.16784e-022	3.64979e-023	5.06253e-023	5.50292e-023	3.7611e-022	5.30322e-022	
0	0.0138574	0.427481	0.878324	0.276836	0.847336	0.703156	0.51193	0.821454	0.849427	0.656264	0.89076	0.955318	0.362626	0.568268	0.688479	0.0101749	0.0504226	0.126782	0.311996	0.00746639	0.0110978	3.46834e-005	2.80459e-006	4.54641e-008	1.055e-009	1.35585e-013	3.61272e-016	1.07248e-017	1.37909e-016	1.76552e-016	1.78831e-015	1.48117e-015	1.95651e-017	2.37855e-020	4.2438e-021	5.24496e-023	6.35554e-022	1.02561e-022	1.21137e-023	4.33347e-024	7.74912e-025	1.72393e-024	7.95287e-023	9.24516e-022	
0	0	0.00374645	0.0167838	0.407451	0.0275527	0.255972	0.431132	0.127689	0.128912	0.25727	0.036109	0.0200422	0.38142	0.0846967	0.19374	0.0386837	0.00673266	0.0193615	0.651496	0.207029	0.945943	0.742324	0.930992	0.950137	0.101455	0.00099913	2.74786e-006	5.00263e-008	1.66162e-008	1.03906e-008	6.37761e-007	2.84383e-005	4.55993e-005	2.43261e-006	1.577e-008	2.34569e-011	3.08001e-012	7.72691e-013	3.01352e-013	1.46031e-015	1.13209e-016	1.3566e-017	3.50012e-017	2.61367e-017	
0	0	8.00355e-008	4.68107e-006	0.0380907	0.000982269	9.89824e-005	0.0280543	0.0238349	0.0137478	0.0800938	0.0706426	0.0176112	0.00339337	0.00490242	0.00107671	0.00895535	0.00013371	0.00198648	0.0192586	0.784048	0.0232548	0.139941	0.056646	0.00995233	0.144518	0.00309562	0.000127706	7.52571e-007	7.9851e-007	5.61895e-007	1.7942e-006	1.00477e-005	7.78578e-006	1.43789e-006	5.58351e-010	1.93394e-011	4.043e-013	5.59568e-015	2.40792e-014	1.02937e-016	5.57672e-019	1.12917e-019	6.40153e-018	6.85084e-019	
0	0	0	4.96757e-008	2.17982e-005	0.000269366	2.75496e-005	4.42658e-005	0.000608918	0.000293293	0.000982052	0.00130151	0.00451075	0.0455971	0.0161832	0.000792508	0.00205772	0.00089344	0.00405424	0.0014037	0.00137379	0.0168404	0.0427904	0.0113177	0.0122563	0.111958	0.0324489	0.00741489	0.0027352	0.00577288	0.00698509	0.0609367	0.644715	0.956246	0.966319	0.32921	0.149102	0.136689	0.155043	0.0982536	0.00210712	0.000151935	1.06888e-005	5.82666e-006	7.24168e-007	
0	0	0	1.4576e-011	3.57791e-008	0.000692544	1.46827e-005	1.34364e-007	2.97712e-006	8.00514e-006	0.000223437	9.76408e-005	0.000226152	0.0576488	0.0147706	3.93899e-005	8.47348e-006	7.87318e-005	1.30005e-006	1.44463e-005	8.19418e-006	0.00286056	0.0738274	0.000198763	0.0272876	0.30128	0.905346	0.9166	0.805049	0.0517349	0.000336197	0.000468627	0.00707754	0.00192929	0.000673501	0.000677958	0.000794982	0.0744822	0.432591	0.282535	0.00106921	0.000393626	4.19001e-005	5.01511e-007	5.45397e-010	
0	0	0	0	1.62233e-009	6.37419e-008	9.75678e-006	2.9499e-006	3.81279e-006	2.46031e-006	3.13963e-007	1.23844e-005	5.5189e-005	0.00906325	0.0189366	0.000905819	0.00549104	0.00464689	0.0282056	5.12683e-005	2.89933e-007	1.27838e-006	0.00108196	0.000843221	0.00036628	0.34079	0.0581108	0.075855	0.192215	0.942491	0.992678	0.938592	0.348169	0.0417717	0.0330041	0.670112	0.850103	0.788829	0.412366	0.619212	0.996824	0.999454	0.999947	0.999994	0.999999	


1	0.842006	0.833776	0.179024	0.105691	0.0911275	0.0771591	0.0673028	0.37004	0.236304	0.100031	0.0382435	0.0022564	0.00474969	0.0135095	0.0328082	0.00598744	0.0174648	0.0320187	0.00870255	0.000133363	0.000193303	2.70742e-005	3.25824e-005	5.77674e-006	1.72449e-007	1.3272e-009	1.55141e-010	2.37713e-011	2.85803e-012	7.96244e-013	7.54438e-014	6.76623e-015	1.65217e-017	9.0806e-020	9.98956e-022	2.94981e-023	3.35133e-024	3.01746e-027	1.09457e-028	1.05172e-029	1.1839e-030	1.2585e-031	6.8326e-032	9.14806e-032	
0	0.103695	0.113482	0.00163992	0.465575	0.0561847	0.0880552	0.0772909	0.0932712	0.0923014	0.0601611	0.00607384	7.70704e-005	0.00978482	0.00273838	0.000610718	0.00660422	0.00616269	0.000564673	0.00114969	0.000114586	4.63815e-006	0.000611318	0.000318006	4.30209e-005	1.47931e-005	1.75883e-005	1.83958e-005	7.22753e-007	6.26615e-010	1.55866e-012	1.8169e-015	1.24125e-016	8.67542e-019	3.07372e-020	2.38722e-022	4.46191e-023	6.34096e-024	7.90645e-027	2.78392e-026	2.22857e-026	8.7119e-027	2.50054e-027	1.2415e-027	1.42493e-028	
0	0.0542991	0.0519422	0.819314	0.427572	0.852477	0.834666	0.85015	0.507602	0.583544	0.494183	0.0960624	0.00358035	0.00234314	0.00877555	0.144315	0.00185843	0.00285351	0.00249312	0.195605	0.0364759	0.793449	0.0253704	0.0330042	0.00277189	2.45604e-006	3.77493e-008	6.36409e-008	1.2303e-007	4.64518e-008	3.0148e-008	1.57853e-008	7.92047e-009	1.62131e-011	2.82567e-014	4.58783e-018	7.14803e-021	4.07452e-022	9.1398e-026	7.1512e-028	4.92065e-029	1.57509e-028	5.78023e-029	2.75149e-027	4.62344e-027	
0	0	0.000799212	2.20733e-005	0.00116207	0.000210994	0.000120151	0.00525618	0.0290869	0.0878499	0.345614	0.859606	0.994054	0.968693	0.964841	0.805935	0.223507	0.221705	0.184344	0.764046	0.928682	0.156618	0.00251389	0.00313223	0.000239371	8.28943e-005	1.03734e-006	4.38745e-006	3.08246e-005	0.00168869	0.0465713	0.689391	0.79094	0.862482	0.106226	7.16976e-005	8.43281e-008	4.68667e-009	1.4379e-013	4.52562e-018	5.71511e-022	2.94811e-027	4.79709e-032	4.95004e-031	1.83284e-029	
0	0	1.86144e-022	8.27958e-010	3.85675e-010	6.16963e-009	9.54403e-009	1.46511e-010	1.9725e-007	5.37386e-007	1.16897e-005	1.45951e-005	3.16831e-005	0.0144225	0.0101347	0.0163201	0.758155	0.746143	0.699654	0.0220914	0.032779	0.0337884	0.000183495	1.12655e-006	6.17663e-007	6.30619e-009	1.58053e-009	5.84709e-009	1.10589e-008	1.10266e-008	3.45175e-007	0.00874509	0.154992	0.135268	0.880635	0.275951	0.0134522	0.000701643	4.14103e-005	1.68618e-008	4.44782e-014	1.738e-019	1.11615e-024	2.03397e-030	1.56798e-034	
0	0	0	8.19507e-012	2.76761e-009	1.34297e-009	5.5386e-009	3.74155e-010	5.85496e-008	1.17121e-008	1.07636e-008	5.21631e-008	1.51186e-009	7.10676e-006	5.40142e-007	9.13724e-006	0.00387759	0.0048989	0.0795006	0.00311781	0.00133162	0.0157877	0.941278	0.0634317	0.149652	0.0149028	0.00225879	0.000667306	7.90795e-007	1.32212e-011	4.29379e-011	4.79202e-008	0.000121304	3.36692e-005	0.0123652	0.723806	0.953279	0.938868	0.999664	0.736118	0.0068374	0.000331984	1.09169e-005	2.6133e-009	4.78954e-013	
0	0	0	2.26897e-030	1.02571e-012	8.75525e-011	1.27385e-009	2.24424e-009	1.60952e-009	5.66478e-009	8.80264e-011	2.21443e-011	1.39266e-011	4.33314e-010	3.66336e-007	3.16598e-008	3.60668e-008	0.000491284	0.000448755	0.00444404	2.62896e-005	5.78388e-005	0.0299224	0.894405	0.834368	0.922404	0.977627	0.0932825	0.0105757	2.88662e-005	2.28829e-007	5.33128e-010	5.18336e-011	2.15455e-008	9.94367e-009	0.000102346	0.0320957	0.058313	0.000275852	0.26344	0.97978	0.995418	0.991921	0.951461	0.852747	
0	0	0	0	2.68775e-014	7.77921e-013	3.53274e-012	6.69539e-011	1.16411e-009	4.72644e-009	4.26486e-009	5.34688e-009	2.18432e-009	3.63453e-008	4.00504e-007	1.54148e-006	9.89917e-006	0.000281117	0.000976353	0.000843723	0.000457482	0.000101327	9.37355e-005	0.00567567	0.0129197	0.0625931	0.0200958	0.906027	0.989392	0.998282	0.953428	0.301864	0.0539467	0.00221696	0.000773975	6.84418e-005	0.00117323	0.00211731	1.88779e-005	0.000441283	0.013383	0.0042497	0.00806854	0.0485389	0.147253	


1	0.310679	0.665838	0.132665	0.103343	0.0936592	0.0201186	0.0084729	0.0436923	0.0534482	0.0557764	0.597585	0.878828	0.928095	0.955607	0.690823	0.951128	0.9529	0.609538	0.054526	0.00493536	7.8394e-005	1.47272e-005	1.06055e-006	2.53152e-007	6.01696e-007	1.11945e-006	2.36686e-006	1.27786e-006	4.37458e-009	4.05162e-011	7.9297e-012	8.53476e-012	9.75978e-013	1.055e-013	3.87799e-015	1.28692e-016	2.86096e-017	1.04437e-018	1.98444e-019	4.13649e-020	1.26864e-020	2.19577e-021	9.48582e-021	7.7474e-020	
0	0.688465	0.222547	0.297959	0.107912	0.623747	0.447181	0.177598	0.122611	0.0148811	0.00510526	0.039681	0.007719	0.0710729	0.037933	0.256543	0.0448875	0.0461899	0.306114	0.0704062	0.00770869	0.00243559	0.00135139	0.000106341	7.2261e-005	3.6042e-005	2.10151e-005	7.98626e-006	1.49728e-006	4.53207e-010	3.9488e-012	8.29972e-013	5.85227e-012	8.20081e-014	7.01416e-015	1.85006e-015	1.49125e-016	1.33406e-016	5.71026e-017	1.87153e-017	1.5845e-018	3.8402e-018	2.50459e-018	2.99541e-018	7.45087e-018	
0	0.000856026	0.108854	0.567123	0.730542	0.282393	0.532402	0.486269	0.772027	0.908664	0.92198	0.306111	0.00620358	0.000290776	0.00641686	0.0522769	0.000934084	0.000880405	0.016299	0.864679	0.85357	0.990906	0.238041	0.788954	0.59147	0.0388398	0.0256242	0.000347262	2.07764e-006	7.42523e-010	7.03022e-012	9.31977e-012	1.08572e-010	8.63339e-012	1.43017e-013	1.25062e-016	6.25186e-019	5.17483e-019	4.41422e-019	3.7167e-019	4.75721e-020	7.4616e-020	7.7497e-020	6.55674e-018	4.63367e-017	
0	0	0.00276066	0.00225166	0.0581986	0.000189744	0.00029802	0.327131	0.0366549	0.0133255	0.0085738	0.0151137	0.000972505	1.52316e-005	1.43556e-005	0.000356292	0.00304708	2.63452e-005	0.0680154	0.00813208	0.131347	0.00654608	0.760477	0.205708	0.407099	0.833917	0.862962	0.0343612	0.00109576	1.19524e-006	2.16322e-009	3.59167e-010	3.72539e-009	3.50331e-009	2.11463e-010	4.53241e-012	8.8377e-014	1.18677e-015	3.51604e-018	1.68723e-019	5.58626e-021	8.7055e-022	6.31901e-021	3.40521e-018	7.52195e-018	
0	0	2.40766e-008	1.2033e-006	4.01224e-006	8.12712e-006	2.64338e-008	0.000529198	0.00103444	0.00522207	0.000747975	0.000740232	7.12454e-005	7.94977e-007	1.95525e-009	7.04553e-008	1.50332e-006	1.62997e-006	1.4709e-005	0.00159697	0.000386319	2.8967e-005	0.000114171	0.00422601	0.00133891	0.0827306	0.0922819	0.11426	0.0264112	4.06085e-005	4.93024e-008	6.54744e-010	1.08215e-010	1.17336e-010	1.13133e-012	1.26338e-013	1.32986e-015	2.80336e-015	1.2773e-018	3.09523e-022	2.67752e-024	8.68524e-026	7.12952e-026	3.96763e-022	5.87386e-021	
0	0	0	5.68956e-007	9.34198e-007	2.94947e-006	7.96829e-010	4.21208e-008	0.0239805	0.00445515	0.00781387	0.0407587	0.106184	0.000269405	1.98888e-005	5.29184e-007	1.32109e-006	1.51205e-006	1.63256e-005	0.000659115	0.00203366	4.80189e-006	9.95277e-007	0.0010037	1.77862e-005	0.0443944	0.0152598	0.808067	0.909889	0.999901	0.999962	0.995145	0.877547	0.929554	0.310621	0.000252376	1.86973e-006	2.81225e-009	1.42219e-013	1.1146e-018	1.5031e-022	3.79623e-027	6.59593e-028	1.57567e-022	1.066e-019	
0	0	0	6.16715e-026	2.31881e-011	2.48546e-011	9.47745e-011	4.24938e-015	4.88648e-012	1.4743e-006	2.46747e-006	4.99923e-006	2.04964e-005	0.000232625	1.3416e-006	2.65726e-009	1.02922e-007	1.02721e-008	2.28987e-006	3.54714e-008	1.84852e-005	1.66841e-007	1.69157e-009	4.36528e-010	2.6808e-007	1.78663e-007	0.000385046	0.00111565	0.008225	1.42554e-005	3.63094e-005	0.00481442	0.121552	0.0646022	0.674203	0.649979	0.476832	0.0345229	0.0134453	1.2621e-005	5.19151e-010	2.71545e-014	7.60288e-019	3.77856e-023	7.94816e-026	
0	0	0	0	1.10171e-010	1.32569e-010	3.29324e-010	7.72203e-011	1.67439e-010	2.05257e-006	5.66481e-007	5.61404e-006	1.10935e-006	2.35376e-005	7.17416e-006	2.61019e-007	4.48058e-007	5.79619e-008	1.58293e-007	1.13687e-008	8.83596e-008	9.72597e-008	6.33867e-007	1.00545e-007	7.01866e-007	8.14917e-005	0.00346487	0.0418381	0.0543744	4.2947e-005	1.1958e-006	4.06527e-005	0.000901849	0.00584374	0.0151767	0.349769	0.523166	0.965477	0.986555	0.999987	1	1	1	1	1	


1	0.998343	0.385971	0.279576	0.617372	0.808491	0.876988	0.513693	0.478119	0.0472823	0.0127133	0.00137397	0.00598184	0.0461054	0.204949	0.852134	0.745185	0.842611	0.032909	0.00192066	4.04627e-005	9.76509e-006	4.28493e-007	4.39763e-008	4.2537e-009	1.30512e-010	3.04724e-012	1.63077e-011	2.43744e-011	1.86559e-011	1.69643e-011	3.02137e-011	6.68085e-011	1.07936e-011	4.0376e-013	1.09441e-015	8.75508e-018	4.48496e-018	1.40062e-020	1.07909e-021	2.74209e-023	5.03242e-025	8.47096e-027	2.14769e-027	1.23585e-027	
0	0.00165639	0.614007	0.718948	0.337829	0.191137	0.122904	0.485253	0.497165	0.952299	0.978081	0.993916	0.477828	0.0189681	0.0077734	0.0642113	0.00993567	0.00240649	0.00530234	0.117618	0.24128	0.633702	0.000162464	0.000199415	3.31304e-007	8.56308e-010	5.87015e-013	4.72444e-012	8.17432e-013	3.78713e-011	3.17921e-010	6.6333e-010	3.7158e-010	8.35625e-012	9.58781e-014	5.19334e-018	1.6927e-020	4.38223e-019	3.49566e-022	1.16383e-023	8.41962e-025	2.47061e-027	1.97617e-028	5.8982e-028	4.05759e-029	
0	3.85361e-007	2.22143e-005	0.00147508	0.0447985	0.000359277	0.000108304	0.00105393	0.0247157	0.000418125	0.00920561	0.00471018	0.516043	0.0989881	0.0663847	0.0500796	0.00665598	0.000673123	0.000198109	0.000110437	0.00158776	0.0224422	0.00429861	0.0010135	0.000190668	1.87774e-006	4.22379e-009	6.38221e-009	1.2455e-008	3.26479e-007	4.96812e-006	0.000544997	0.0348562	0.609918	0.0606118	2.10144e-005	3.18961e-009	9.68797e-011	1.52956e-014	1.54742e-018	9.52428e-023	2.52067e-027	1.06166e-031	5.32271e-031	7.97839e-030	
0	0	1.24787e-011	4.7757e-009	8.83035e-007	1.3122e-005	9.25748e-008	3.61556e-009	1.46415e-007	5.00481e-008	3.67586e-008	7.06714e-008	0.000146565	0.835938	0.719075	0.0308089	0.237532	0.143645	0.0272967	1.21964e-005	1.22406e-007	2.26238e-006	0.000124881	8.46843e-007	3.99506e-006	9.07142e-007	2.5904e-008	3.46426e-008	5.99675e-007	1.17598e-007	6.98386e-008	5.70184e-006	0.00184638	0.062473	0.915741	0.995188	0.995421	0.838045	0.0337319	6.41262e-005	4.22492e-009	7.17014e-013	3.32122e-017	3.92923e-021	1.06444e-023	
0	0	1.6912e-018	9.77098e-015	2.68779e-012	1.13745e-010	1.4869e-008	5.13289e-011	3.43121e-012	1.80024e-014	2.24591e-015	1.29264e-015	6.11691e-014	3.68044e-008	0.00181809	0.00276578	0.000645735	0.0106642	0.934136	0.84758	0.128107	0.0134328	2.44462e-006	2.70694e-006	4.65629e-012	2.07116e-013	1.60728e-014	6.90329e-014	3.26001e-013	2.76182e-011	6.932e-009	1.96415e-008	5.94466e-007	0.00206997	0.00476731	0.00450802	0.0044512	0.0718597	0.000527103	1.74372e-005	2.03571e-010	4.67266e-015	1.18307e-018	9.81206e-021	1.12986e-022	
0	0	0	1.55253e-021	5.18659e-016	2.57467e-014	1.74201e-013	3.49368e-011	2.43643e-014	1.95788e-017	7.81124e-017	5.17929e-018	3.93752e-018	4.33153e-013	2.29135e-011	1.43653e-007	4.60106e-005	8.39801e-008	0.000157605	0.032758	0.628863	0.198405	0.0951911	0.00145739	0.000133585	3.27808e-006	1.39133e-007	3.7138e-006	3.82477e-008	8.90097e-012	4.14135e-015	4.78379e-012	1.15529e-009	8.1668e-010	1.60098e-005	1.89827e-005	0.000116288	0.0900688	0.965048	0.346285	6.28833e-005	3.03542e-008	1.672e-011	4.23124e-016	1.52475e-021	
0	0	0	6.03414e-026	1.74472e-020	5.64798e-017	4.76193e-014	1.41072e-013	7.69612e-012	2.78596e-014	6.86974e-017	6.47708e-020	8.41237e-021	4.47676e-019	2.03728e-014	5.49253e-011	5.83058e-009	2.56291e-007	1.67851e-008	3.09849e-007	0.000121928	0.132003	0.897952	0.973862	0.974999	0.973606	0.988164	0.623036	0.111288	0.00151402	4.46501e-005	3.74262e-006	1.02487e-006	6.57778e-008	2.5331e-009	2.89208e-007	4.26758e-007	2.05099e-005	0.000692606	0.65362	0.987578	0.991854	0.993653	0.891991	0.506781	
0	0	0	0	5.29563e-026	3.80331e-021	9.78642e-018	4.18308e-015	4.01935e-014	2.9314e-014	1.8451e-015	6.48654e-017	1.63196e-016	1.93373e-015	1.52471e-014	3.52872e-014	7.14906e-012	1.04333e-009	3.9777e-009	7.01156e-011	7.30357e-010	2.46048e-006	0.00226828	0.0234639	0.0246725	0.026388	0.0118361	0.376961	0.888711	0.998486	0.99995	0.999446	0.963296	0.325539	0.0188641	0.00026345	1.06298e-005	6.06917e-006	2.47936e-008	1.26648e-005	0.012359	0.00814549	0.00634687	0.108009	0.493219	


1	0.992193	0.811383	0.253337	0.985386	0.987306	0.995096	0.909773	0.961697	0.414985	0.228544	0.128601	0.0795869	0.736951	0.713484	0.263819	0.110743	0.136054	0.000251924	0.000343441	1.45308e-005	1.88371e-008	5.70577e-010	3.98928e-011	3.38829e-013	8.89522e-014	5.89101e-015	5.8817e-015	3.6165e-015	3.48877e-014	2.15495e-013	3.71006e-013	1.71849e-013	1.90483e-013	3.49476e-014	3.48599e-016	2.66987e-018	3.06075e-020	2.23049e-023	3.88024e-023	2.0762e-022	3.4496e-023	4.22043e-024	5.1161e-024	4.97428e-024	
0	0.00780655	0.188615	0.744929	0.00461209	0.0126855	0.00488517	0.0902262	0.0380626	0.584993	0.771174	0.871202	0.904961	0.0917179	0.179735	0.331043	0.000964369	0.000925185	2.47963e-005	0.00316763	0.000515932	4.60118e-007	1.9851e-012	8.4141e-012	2.55521e-016	5.01605e-016	5.33353e-018	9.82384e-017	5.99817e-016	2.30804e-012	1.24375e-009	2.01533e-008	3.09539e-009	3.8166e-009	5.11012e-011	1.11801e-015	1.73602e-020	1.56097e-022	1.27596e-026	3.91678e-027	1.10014e-024	9.42277e-027	7.18666e-027	4.228e-024	4.66119e-024	
0	5.47166e-008	1.54244e-006	0.00173409	0.00991311	7.21148e-006	1.80745e-005	3.344e-007	0.000240643	2.16538e-005	0.000282411	0.000196904	0.0154512	0.171264	0.106669	0.405068	0.0550159	0.310167	0.000686617	0.0194373	0.00132187	6.54431e-006	6.63103e-009	2.95628e-011	3.28296e-014	7.20389e-019	3.8191e-020	1.43431e-021	3.96641e-018	1.88212e-015	4.81477e-011	3.38287e-007	3.08457e-005	0.0235858	0.101752	0.000601478	3.34505e-007	1.53889e-010	2.66365e-014	1.52812e-016	1.67513e-020	3.07324e-024	3.47486e-029	6.99659e-029	5.89622e-025	
0	0	3.26057e-010	1.36368e-009	8.84492e-005	2.66079e-007	1.30886e-009	5.02521e-009	1.35943e-008	3.89545e-009	2.16698e-008	2.53389e-008	3.57281e-007	5.55433e-005	0.000109373	7.05886e-005	0.829043	0.538576	0.993036	0.140446	0.011755	2.93894e-007	7.01583e-009	1.63583e-011	6.42701e-015	5.31741e-018	3.2827e-022	4.26289e-023	2.18998e-023	4.93265e-019	2.561e-016	2.27179e-011	7.03241e-007	0.00184921	0.277142	0.067002	0.0246116	2.47402e-005	1.62774e-008	3.75403e-010	1.15133e-014	7.18629e-020	1.70549e-025	4.38753e-029	1.6353e-030	
0	0	2.56382e-012	3.66982e-012	4.4909e-007	1.12615e-006	1.7252e-009	1.90168e-010	2.03565e-011	3.27896e-010	7.00837e-010	1.56312e-009	7.94181e-010	1.19988e-005	2.57147e-006	7.96248e-008	0.00423405	0.0142354	0.00599815	0.0812973	0.0113475	1.33674e-006	5.4352e-008	6.53603e-011	3.12155e-014	2.20598e-015	1.92521e-017	2.68379e-017	5.68328e-019	5.62824e-021	7.25365e-019	6.56076e-014	4.92075e-010	4.59101e-007	0.0039665	0.41115	0.653977	0.939776	0.975373	0.861596	0.00768424	5.08635e-006	2.19918e-009	3.15219e-014	5.99477e-019	
0	0	0	1.18724e-013	1.18076e-013	1.21016e-007	9.17978e-007	2.93151e-008	1.5837e-008	3.279e-009	3.33522e-011	1.37607e-011	4.26474e-013	1.45682e-012	8.8871e-008	5.83773e-008	7.86713e-011	4.28699e-005	2.38456e-006	0.755304	0.906373	0.978997	0.00936395	0.0205583	0.000235124	1.86578e-005	2.18378e-007	2.92076e-008	6.69921e-010	1.07168e-009	2.60901e-009	2.11213e-008	2.78328e-009	6.14353e-009	6.65168e-008	2.97302e-005	5.51318e-005	0.0398533	0.0238842	0.11886	0.515764	0.0232936	0.000648153	2.42729e-005	6.42576e-007	
0	0	0	9.82538e-017	1.74786e-012	7.50305e-012	1.46664e-008	6.64258e-007	7.57592e-008	2.69675e-010	1.96843e-011	4.86683e-014	2.75269e-015	2.42208e-015	2.13312e-012	1.94611e-010	5.19965e-011	1.35153e-009	2.42179e-007	5.04099e-006	0.0686566	0.0208912	0.963794	0.914482	0.967136	0.211297	0.104309	0.000898069	1.07935e-006	8.39559e-008	1.66671e-008	3.29274e-009	3.17657e-008	1.58649e-008	6.1651e-010	1.69062e-008	2.72391e-006	1.03586e-006	4.50315e-005	0.00518917	0.011633	0.0309681	0.0011737	0.000624574	7.18014e-005	
0	0	0	0	5.34889e-016	3.76982e-013	2.10367e-010	1.64924e-009	5.12206e-008	8.78696e-010	1.46084e-011	1.36392e-013	2.57261e-015	1.7217e-014	2.70115e-015	6.06565e-012	2.09521e-011	8.08353e-012	2.30507e-010	3.2714e-008	1.58514e-005	0.00010288	0.0268422	0.0649595	0.0326292	0.788684	0.895691	0.999102	0.999999	1	1	1	0.999968	0.974565	0.617139	0.521217	0.321353	0.0203449	0.000697964	0.0143554	0.464919	0.945733	0.998178	0.999351	0.999928	


1	0.999133	0.987106	0.841973	0.983699	0.996836	0.998259	0.99099	0.993983	0.925701	0.97408	0.912183	0.877156	0.973849	0.813489	0.146153	0.267273	0.429167	0.00684899	0.00077144	2.78121e-005	4.03255e-006	1.65349e-007	3.80515e-008	1.32716e-009	9.51623e-011	2.30331e-012	2.97871e-012	4.65767e-013	1.98131e-012	4.07696e-013	4.90696e-014	2.19352e-014	2.44802e-016	4.74289e-018	2.15962e-019	5.18674e-020	9.1582e-022	3.99165e-025	5.91382e-026	4.50315e-027	1.26943e-028	6.46038e-030	9.3787e-030	6.04242e-030	
0	0.000866838	0.0128878	0.158007	0.00205053	0.00286917	0.00171571	0.00900353	0.00591883	0.0742942	0.0256939	0.0877578	0.122643	0.0259725	0.18647	0.852256	0.131626	0.0746932	0.00291851	0.0205058	0.0143961	0.0412643	2.14138e-006	2.76775e-007	2.02226e-010	1.39251e-013	2.35397e-015	1.14138e-014	5.18299e-014	1.63625e-011	2.63824e-010	2.49506e-009	1.67898e-008	6.96802e-009	1.87101e-010	1.69637e-012	2.58062e-015	5.37719e-018	2.79541e-022	4.78005e-026	1.0683e-029	8.21971e-032	2.58805e-033	4.42857e-031	6.65581e-031	
0	4.9198e-007	5.76264e-006	2.01009e-005	0.0142499	0.000160076	1.54975e-005	6.52776e-006	9.7994e-005	4.77929e-006	0.000226158	5.92196e-005	0.000200654	0.00014981	3.76627e-005	0.00159095	0.600925	0.437463	0.882057	0.262167	0.171119	0.467393	0.0445376	0.011712	0.000863636	1.69655e-006	2.09652e-009	3.21495e-010	1.69148e-012	6.26629e-013	8.63182e-014	4.77953e-011	1.42765e-008	1.95422e-008	1.08771e-008	2.37671e-008	5.68862e-008	2.61516e-009	1.42889e-010	2.62925e-012	1.10709e-016	1.72473e-020	1.50988e-024	4.75797e-027	7.90492e-029	
0	0	6.68237e-009	2.28623e-009	1.23983e-007	0.000134641	9.61476e-006	1.79485e-007	1.27885e-007	8.00239e-008	1.08999e-008	3.44077e-007	2.76804e-007	2.85576e-005	2.68468e-006	1.42289e-008	0.000120814	0.0374639	0.00132652	0.000135157	7.72033e-005	0.000704552	0.161603	0.00985176	0.00394158	0.0461413	0.0757403	0.6343	0.989387	0.491956	0.0110534	9.71226e-005	2.78845e-006	4.58879e-008	1.30709e-009	3.92504e-008	2.86162e-007	3.59146e-008	6.32036e-010	2.79498e-011	8.30558e-012	4.80457e-013	7.79485e-015	8.63461e-017	3.31201e-018	
0	0	8.29259e-011	4.18896e-009	4.0489e-010	1.97428e-007	1.61378e-007	1.04042e-008	4.63067e-010	3.89079e-008	5.35275e-011	4.58199e-009	6.21011e-009	1.7075e-008	2.88055e-007	7.64206e-008	5.60721e-005	0.0212128	0.10636	0.708095	0.600163	0.107827	2.63889e-006	0.00467662	3.08355e-007	4.07937e-008	2.36224e-007	1.06074e-005	0.000918262	0.507677	0.988895	0.999556	0.964224	0.998389	0.997796	0.865142	0.305723	0.0015586	1.79507e-007	2.3945e-010	5.5332e-015	2.39876e-017	2.61515e-018	6.8268e-017	5.07629e-018	
0	0	0	1.94707e-014	1.99795e-010	1.45461e-011	9.44097e-010	2.25781e-009	5.13376e-011	2.34576e-013	5.87216e-010	7.72279e-012	4.59022e-013	2.08694e-012	2.54347e-013	6.8992e-012	1.31847e-009	1.15624e-007	0.000488826	0.00832229	0.213826	0.205591	0.223448	0.0516729	0.0242838	0.00327248	0.000190738	0.00130375	3.54676e-006	2.09988e-006	5.00316e-005	0.000337266	0.0355457	0.00109793	0.00180405	0.0913374	0.408854	0.961542	0.955572	0.156787	0.00010929	1.47262e-007	1.18042e-010	3.86872e-014	2.89822e-018	
0	0	0	1.85028e-017	1.01698e-015	2.18324e-013	2.80249e-013	8.53335e-013	2.88929e-013	9.5567e-016	4.33941e-017	1.44541e-014	9.66692e-017	3.65031e-015	2.63345e-015	2.29637e-013	2.45268e-012	4.00883e-011	1.40854e-008	2.34295e-006	0.000379242	0.162073	0.0746948	0.00872157	0.00122717	0.000303698	2.60179e-005	4.17821e-006	9.86367e-006	6.21831e-007	2.36975e-007	9.22188e-006	0.000220744	0.000466446	0.000385189	0.0415032	0.0926625	0.0159977	0.041052	0.0164124	0.000359691	7.99785e-006	1.40731e-007	1.82099e-009	1.05856e-011	
0	0	0	0	9.02301e-015	1.02387e-011	1.602e-010	2.14561e-010	3.69822e-010	3.93027e-011	5.69039e-013	4.26992e-013	6.05329e-015	1.1324e-014	1.23388e-014	5.69861e-016	1.08369e-012	1.14126e-010	3.81763e-010	1.15931e-006	1.17438e-005	0.0151437	0.495711	0.913365	0.969683	0.950281	0.924043	0.364381	0.00968174	0.000363786	1.15385e-006	1.19398e-007	6.70155e-006	4.65799e-005	1.50429e-005	0.00201711	0.19276	0.0209021	0.00337555	0.826801	0.999531	0.999992	1	1	1	


1	0.999986	0.146489	0.565157	0.99965	0.932099	0.90228	0.931489	0.281949	0.0239428	0.167379	0.250932	0.981611	0.998627	0.998459	0.856688	0.999569	0.981497	0.999675	0.402529	0.778324	0.0846999	0.647685	0.561262	0.437713	0.0386142	0.0270245	0.002651	0.0111901	0.057257	0.0355698	0.0189022	0.000459463	9.63665e-005	4.25574e-006	3.72676e-008	8.31851e-009	1.55198e-009	6.07878e-011	6.36688e-010	6.50796e-011	2.06015e-009	3.77492e-008	1.52526e-007	4.38146e-007	
0	1.93218e-007	0.85351	0.0570438	9.14703e-005	0.0678073	0.097707	0.0663771	0.718049	0.970801	0.475115	0.499824	0.00484047	4.80657e-006	0.00148382	0.00026562	1.22662e-006	0.0184871	0.000213288	0.0162307	0.00014111	0.632675	0.00251265	0.393976	0.501614	0.00558133	1.29093e-005	3.54147e-006	2.67068e-006	0.0003114	7.67112e-006	0.000540528	1.13375e-008	1.37336e-006	7.4462e-012	4.64648e-011	3.91776e-015	6.76239e-010	1.61319e-011	2.58985e-013	6.32857e-013	2.32394e-012	1.39834e-010	4.35628e-011	4.07786e-009	
0	1.33733e-005	4.28535e-007	0.377773	1.09739e-005	9.3326e-005	1.30354e-005	0.00213425	2.20375e-006	0.00525626	0.357426	0.249244	0.0126246	6.86061e-005	2.00778e-005	0.142849	1.48302e-008	7.41735e-007	6.79054e-006	0.581178	0.164053	0.280591	0.00480923	0.000163456	0.0489302	1.11543e-005	1.7675e-005	4.65763e-007	0.000141117	0.00185325	0.00301642	0.000283543	1.29774e-005	3.74006e-008	6.65922e-013	5.90746e-015	2.25113e-016	1.85574e-012	4.188e-014	2.41216e-015	1.3706e-016	1.19649e-012	1.69653e-012	1.43971e-010	4.94914e-011	
0	0	6.27852e-014	2.60897e-005	0.000247178	5.33852e-009	2.62502e-008	1.35198e-009	2.53562e-010	8.2293e-012	7.97645e-005	1.83672e-007	0.000923673	0.001299	3.57185e-005	0.000196606	0.000377625	3.15227e-007	8.20264e-009	9.37415e-006	0.0558458	3.15871e-005	0.333704	0.000356839	6.43536e-007	1.84304e-009	2.79608e-008	3.00042e-012	7.08731e-007	1.87122e-006	0.000707757	0.0220937	0.876155	0.230264	0.00679869	1.57363e-009	2.5134e-012	1.41818e-017	1.99389e-018	1.13522e-015	4.84648e-023	2.46586e-018	3.94269e-015	8.75119e-013	2.52845e-012	
0	0	1.76526e-021	5.55187e-017	3.76958e-008	9.65733e-008	2.88677e-010	3.4262e-011	5.56059e-013	2.35532e-014	7.6758e-015	5.21145e-008	1.81484e-010	2.20657e-007	1.20577e-006	2.81006e-008	5.22002e-005	1.4456e-005	0.000104605	5.35101e-005	0.00163564	0.00200251	0.000746335	0.0374217	0.000668215	8.49423e-006	1.73698e-007	2.44535e-009	2.17135e-010	6.72025e-008	9.05455e-009	8.16337e-005	3.20689e-005	0.762939	0.99284	0.978626	0.949663	0.984787	0.985441	0.946629	0.000347777	4.63823e-006	2.97941e-007	1.03994e-009	4.7858e-012	
0	0	0	3.56483e-026	1.38101e-014	7.55271e-012	1.22148e-010	6.78666e-013	4.37587e-011	4.0039e-014	7.15379e-016	1.30208e-013	7.53541e-011	5.923e-015	1.08742e-011	1.59788e-012	2.55589e-011	1.7555e-008	3.00899e-007	6.12528e-010	8.46766e-008	2.53312e-007	0.0105428	0.00680694	0.0110714	0.955709	0.367852	0.996273	0.0364081	0.012272	8.60555e-006	2.87362e-009	7.53467e-012	5.08166e-008	0.000322907	0.0213735	0.0182456	0.0135929	0.0145359	0.0529578	0.9995	0.430124	0.318654	0.000414674	5.68332e-006	
0	0	0	1.22715e-038	4.79882e-029	1.00004e-018	1.21844e-013	3.45435e-014	4.46475e-016	2.90622e-014	3.04986e-015	3.40701e-018	2.90604e-014	6.13781e-012	1.60025e-012	4.81787e-015	2.69984e-014	1.05787e-013	9.67497e-010	1.36906e-011	2.64432e-013	5.89577e-014	1.06689e-009	1.26175e-005	3.065e-006	7.55579e-005	0.605089	6.95661e-005	0.948452	0.232868	0.0952823	6.33143e-005	3.5969e-009	7.89872e-012	1.3221e-010	3.193e-007	0.0320912	3.0546e-006	1.89479e-008	0.000361838	0.000151705	0.569508	0.0902554	0.263097	0.651185	
0	0	0	0	4.16862e-031	4.96085e-019	1.81632e-016	7.10581e-014	3.32214e-016	8.78988e-016	3.98979e-014	3.87816e-014	4.9665e-014	1.48806e-013	3.00812e-012	1.22255e-011	3.5054e-012	6.88094e-013	1.45944e-012	1.6322e-009	2.75232e-008	1.45237e-008	1.44781e-009	5.30491e-007	1.05304e-007	3.10272e-009	3.51375e-006	0.00100264	0.00380538	0.695436	0.865407	0.958035	0.123341	0.00669903	3.37732e-005	6.41617e-008	4.86469e-008	0.001617	2.30117e-005	5.18901e-005	3.44339e-007	0.000363346	0.59109	0.736488	0.348809	


1	0.998165	0.934345	0.841717	0.999611	0.911257	0.896074	0.919225	0.992128	0.292609	0.842221	0.871816	0.998314	0.997904	0.99521	0.958078	0.999671	0.995663	0.998526	0.132195	0.41393	0.00352559	0.0128845	0.06201	0.0772084	0.241392	0.171344	0.00423965	0.00470077	0.0411276	0.0172948	0.0056826	0.000341715	0.000190375	0.000184209	0.000100652	4.07471e-005	8.97021e-005	0.000102752	5.93082e-005	0.000167741	8.74172e-005	7.18319e-005	3.31771e-005	1.23007e-005	
0	1.34776e-006	0.0656542	0.116447	7.09588e-005	0.0887164	0.103389	0.0805409	0.00786855	0.707384	0.122007	0.128146	0.000789853	0.000111511	0.0039142	0.00979864	1.13436e-006	0.00429967	0.000326788	0.795505	0.104377	0.994494	0.00136301	0.100197	0.188042	0.00390863	0.000145518	3.38208e-006	2.28141e-005	0.000522169	0.0001691	0.00103163	2.9163e-006	9.10235e-007	6.09479e-010	9.20028e-008	2.38097e-011	5.99527e-005	6.36191e-005	3.72209e-008	1.38728e-007	6.80825e-007	2.95435e-007	2.25075e-008	2.48624e-008	
0	0.00183321	3.17488e-007	0.0418357	0.000281033	2.65758e-005	0.000537492	0.000234165	3.72345e-006	7.42932e-006	0.0357728	3.72779e-005	0.000896347	0.00198456	0.000875328	0.0321215	2.05205e-005	3.67901e-005	0.001143	0.0722987	0.473663	0.00192889	0.985574	0.818101	0.729367	0.00225128	0.00191138	9.22358e-008	0.000525087	0.000829314	0.0065604	0.0140907	0.187254	0.183853	0.0102282	5.9923e-006	5.81184e-008	7.93655e-009	2.27964e-007	5.28565e-008	1.46966e-010	9.28424e-008	4.37728e-009	1.91464e-007	1.25494e-008	
0	0	1.64817e-010	2.4982e-011	3.571e-005	3.48515e-010	7.73322e-011	1.26183e-008	2.30794e-011	9.49965e-014	1.19836e-009	7.68913e-009	1.91e-009	3.93855e-007	4.7727e-007	2.25754e-006	0.000306277	1.25947e-007	3.85493e-006	5.95217e-007	0.00717896	5.01469e-008	2.01986e-005	0.00261473	2.16492e-005	2.7972e-006	8.55756e-008	4.38814e-010	7.22684e-011	1.34032e-006	1.28067e-007	1.45484e-005	0.00241725	0.0512673	0.0566784	1.99717e-005	1.71676e-006	2.14413e-011	3.21762e-013	2.13132e-011	3.96697e-015	3.36292e-017	1.40168e-013	5.60544e-013	4.94878e-012	
0	0	8.93665e-008	9.84325e-011	1.16694e-006	2.44613e-008	1.10771e-009	2.71882e-008	5.27547e-009	4.44506e-011	1.73381e-010	6.81775e-007	4.16895e-010	1.06431e-008	4.23905e-008	9.4271e-009	1.0492e-006	2.7684e-007	2.59326e-007	4.95248e-007	0.000851915	5.19212e-005	1.66748e-005	0.0170713	0.00490393	0.00552254	0.000255211	3.33891e-007	7.5727e-009	2.4515e-006	2.16364e-007	2.33171e-006	7.86957e-007	0.00034137	0.00153114	0.00675085	0.000434529	0.000657961	0.000625337	1.10986e-006	4.77392e-009	5.06911e-012	3.08773e-012	1.80766e-014	1.15117e-012	
0	0	0	1.39691e-015	1.06844e-013	2.74654e-011	8.57713e-014	4.71498e-014	1.03189e-010	2.10235e-014	8.35843e-015	1.43745e-013	1.5756e-011	3.71459e-015	7.89328e-015	6.12484e-015	1.38628e-010	9.08121e-011	7.27699e-010	1.20666e-013	1.28093e-009	1.49702e-010	0.000141451	5.58585e-006	0.000456121	0.746919	0.699012	0.995671	0.00539119	0.000241781	1.65319e-008	2.37468e-013	7.2317e-013	4.21454e-008	6.06842e-005	0.000300774	0.000241663	2.10401e-005	2.27008e-005	1.77143e-007	2.41118e-007	7.38246e-011	5.72032e-014	5.0347e-018	5.56523e-020	
0	0	0	2.9905e-019	1.15196e-019	2.22754e-018	5.72802e-013	2.85592e-017	5.80388e-019	3.83097e-014	1.53224e-016	3.73015e-020	1.62914e-015	2.65491e-012	1.98568e-012	2.86768e-015	1.02253e-016	2.17188e-013	2.42064e-012	3.36812e-014	2.64618e-016	4.53519e-017	4.97914e-014	5.28263e-007	4.70647e-010	3.6373e-006	0.127276	7.9532e-007	0.988753	0.0626241	0.0617594	5.25271e-005	6.98474e-008	4.23125e-011	2.88539e-009	1.85029e-005	0.00233608	2.49387e-007	6.16553e-010	6.17276e-009	1.71165e-009	1.70813e-009	1.7779e-012	3.76088e-014	5.19968e-015	
0	0	0	0	3.70651e-019	1.11112e-017	8.05813e-015	1.78695e-013	3.01881e-014	9.48418e-015	4.76397e-014	1.20664e-014	1.46588e-014	8.65786e-014	3.09859e-012	1.57481e-011	2.72404e-011	4.10317e-011	1.03106e-010	5.36201e-011	3.65452e-010	4.88087e-012	1.65057e-011	1.59605e-007	2.08079e-007	1.40196e-007	5.52969e-005	8.49684e-005	0.00060734	0.894651	0.914216	0.979126	0.809983	0.764347	0.931317	0.992803	0.996945	0.999171	0.999185	0.999939	0.999832	0.999912	0.999928	0.999967	0.999988	


1	0.679573	0.991744	0.791688	0.954468	0.949719	0.875351	0.961516	0.997151	0.972208	0.469669	0.0410847	0.00420557	0.00635956	0.0127982	0.0458752	0.0204504	0.00381421	0.0264431	0.305509	0.557418	0.275186	0.356676	0.477917	0.408963	0.00364343	9.24508e-006	2.50782e-008	1.89478e-010	1.3368e-011	5.30368e-012	2.30206e-012	2.94423e-011	2.12064e-012	4.75258e-013	9.00761e-014	1.30679e-013	2.96024e-013	2.29289e-012	1.32105e-010	5.83906e-011	1.70774e-009	3.32244e-008	7.5538e-007	1.75945e-006	
0	0.282798	0.00361537	0.0120142	0.00737318	0.0160985	0.0458316	0.0211356	0.000951372	0.000538483	0.00106988	2.65777e-006	9.03589e-006	0.000718482	0.00074856	0.00453527	8.77571e-005	0.000106283	2.58369e-005	0.000703309	0.000132977	0.00046745	0.111617	0.00717621	0.0226194	3.2682e-005	8.44855e-007	2.36049e-011	3.65141e-012	6.76115e-015	3.10083e-015	1.56127e-014	5.49604e-013	9.55342e-014	1.2071e-015	5.90734e-016	1.90417e-015	4.53082e-016	1.59482e-014	8.53093e-012	3.16848e-012	3.59406e-010	9.61825e-009	2.49683e-007	1.93232e-006	
0	0.0376289	0.00167014	0.196292	0.0377755	0.0341594	0.0787802	0.0155713	0.00081982	0.00644075	0.00249456	2.70291e-005	1.49071e-005	0.000298941	0.000552924	0.0545193	0.000250874	8.66787e-005	9.17879e-005	0.490653	0.249982	0.719349	0.458761	0.367133	0.164727	4.14317e-006	2.39805e-007	1.03973e-011	4.2836e-012	1.29489e-013	6.21387e-013	3.17695e-012	4.65993e-010	3.86767e-011	8.77619e-013	9.18644e-016	1.76723e-016	1.3687e-015	1.45857e-014	1.01389e-012	3.30764e-014	7.01174e-011	4.32542e-010	1.09787e-007	4.41065e-007	
0	0	0.00201614	4.35515e-006	0.000247718	1.77401e-005	3.55363e-005	0.00169146	0.000237501	0.000115867	0.00025349	2.1924e-007	3.4603e-009	1.27537e-008	2.23509e-006	1.56738e-006	3.5565e-005	3.04492e-007	3.82636e-006	0.00010599	0.016642	0.000337359	0.0168929	0.119829	0.00415633	6.51101e-005	1.09268e-008	2.36743e-011	6.89159e-015	1.41118e-014	1.59787e-016	3.61639e-014	3.62502e-013	3.49125e-011	3.14902e-013	1.62371e-016	8.86388e-019	8.32807e-018	8.13534e-018	1.09141e-015	1.24165e-015	1.03496e-015	3.01221e-012	9.49012e-010	8.85909e-010	
0	0	0.000954292	8.70036e-007	0.000135964	5.47219e-006	1.68089e-006	8.58811e-005	0.000840148	0.0206951	0.52582	0.957203	0.941724	0.0250754	0.00195092	0.000127771	2.42773e-005	2.46174e-007	5.04895e-007	0.000116306	0.160791	0.00407864	0.0214179	0.0272818	0.141259	0.120347	0.00432781	0.00760691	0.000688165	0.00957076	0.00968966	0.0197026	0.0343566	0.0439779	0.00406206	3.0385e-006	1.5983e-008	8.64538e-009	2.04204e-009	6.4032e-011	3.70656e-013	2.70845e-015	6.56161e-014	3.92152e-012	7.10228e-011	
0	0	0	6.09071e-007	6.68496e-009	2.66291e-007	1.21111e-009	6.60135e-010	1.6511e-008	1.61235e-006	0.00069251	0.0016722	0.0538657	0.899993	0.0497698	0.000880993	1.4114e-005	3.18461e-008	1.48783e-008	3.8578e-009	1.8765e-006	0.000514255	0.0345912	0.000170007	0.258232	0.868109	0.995242	0.975189	0.954934	0.555488	0.036086	0.00290353	0.051281	0.000487732	0.00081788	0.000386262	0.00106984	0.00601748	0.100179	0.0335381	0.00067226	0.000874164	0.000152234	4.08676e-006	1.12554e-008	
0	0	0	7.00212e-012	9.63523e-012	1.2752e-012	1.60898e-012	1.44757e-013	2.97246e-011	5.15132e-010	3.1741e-009	8.38673e-009	4.29614e-007	0.000274249	0.00276935	2.78926e-005	6.28653e-007	2.95245e-009	7.35977e-010	7.79191e-012	5.7816e-011	5.34146e-009	7.96716e-007	2.02019e-005	9.1232e-008	0.000104676	7.10028e-006	4.39374e-005	0.000525856	0.00303146	0.000714306	0.000133663	3.67563e-005	9.42835e-005	2.16784e-006	8.50716e-006	4.232e-006	1.65917e-006	1.61724e-005	0.000182143	1.07681e-005	1.3769e-007	7.3987e-007	2.04221e-007	1.04162e-008	
0	0	0	0	7.99461e-010	1.81649e-011	2.76432e-010	9.62635e-012	5.48375e-011	2.97147e-009	2.83052e-008	9.94278e-006	0.000180362	0.0672802	0.931408	0.894032	0.979136	0.995992	0.973435	0.202913	0.015032	6.66747e-005	4.35195e-005	0.000472975	4.36991e-005	0.00769447	0.000413242	0.0171606	0.043852	0.43191	0.95351	0.97726	0.914326	0.95544	0.995118	0.999602	0.998926	0.993981	0.899805	0.96628	0.999317	0.999126	0.999847	0.999995	0.999996	


1	0.99074	0.942869	0.98678	0.980334	0.988292	0.996856	0.98888	0.923548	0.621261	0.617124	0.309843	0.0749943	0.192261	0.319995	0.646358	0.436354	0.568998	0.644483	0.756068	0.800814	0.958933	0.977023	0.985791	0.982102	0.842785	0.909127	0.474033	0.67	0.30999	0.126548	0.0748609	0.337567	0.316711	0.203998	0.102996	0.0158141	0.140119	0.36568	0.695472	0.494401	0.836922	0.947689	0.977462	0.981531	
0	0.000931199	0.0538917	0.0130133	0.00421042	0.00745308	0.00206977	0.00763835	0.0736638	0.377173	0.370206	0.674151	0.905374	0.516939	0.638183	0.344057	0.223146	0.330053	0.149229	0.239158	0.159183	0.0403727	0.00331393	0.0117387	0.0111449	0.0383083	0.0130409	0.0720934	0.086159	0.661053	0.864899	0.924227	0.614594	0.666229	0.56568	0.0662051	0.00087652	0.0129219	0.00664106	0.0030044	0.0150503	0.00428206	0.00730199	0.00746413	0.00414099	
0	0.00832867	0.00322264	0.00019693	0.0154237	0.00413295	0.0010282	0.00347851	0.00277518	0.00154761	0.0125851	0.0159318	0.0190212	0.260598	0.0378116	0.00797528	0.31552	0.0846664	0.203601	0.00338447	0.037974	0.000338641	0.0193375	0.00207984	0.00593636	0.117977	0.0751214	0.450495	0.234554	0.0281538	0.00810539	0.000867783	0.0433183	0.0168459	0.204188	0.807136	0.899926	0.518679	0.461467	0.216043	0.470544	0.130121	0.02673	0.00233047	0.00175531	
0	0	3.75606e-007	1.18039e-006	3.14804e-005	9.84052e-007	3.45858e-007	4.51096e-007	3.07103e-007	3.47485e-006	8.06798e-005	6.80229e-005	0.000598316	0.0297406	0.00074402	0.00139063	0.0248785	0.000173237	0.000830925	2.38974e-005	0.00186292	3.16751e-007	5.68164e-005	6.02136e-007	3.25824e-007	3.25296e-005	0.000383013	0.00290726	0.00344933	0.000487702	0.000399217	1.06179e-005	0.00447435	4.33041e-005	0.026009	0.00680991	0.078887	0.000301563	0.000377859	0.00380628	0.00358487	0.000792404	0.00025904	4.17859e-005	3.23704e-006	
0	0	1.58686e-005	8.20206e-006	3.24614e-007	0.000120942	4.48066e-005	2.10295e-006	1.05517e-005	1.39449e-005	8.23982e-007	4.37741e-006	1.20407e-005	0.000458751	0.0032206	0.000165169	9.04312e-005	0.0160764	0.00169684	0.000636212	6.57874e-006	0.0001292	4.59246e-006	4.31161e-005	2.07066e-005	3.80523e-005	0.00122379	0.000148625	0.00552715	0.00019335	2.69304e-005	1.6503e-005	6.79674e-006	8.15264e-005	0.00010742	0.0168503	0.00449413	0.315792	0.144168	0.0431111	0.00495322	0.0125999	0.00286924	7.28472e-005	8.9625e-006	
0	0	0	7.11323e-007	2.69598e-008	3.23602e-008	3.80147e-007	4.4254e-007	1.32265e-008	1.67215e-007	2.16592e-007	9.27147e-009	7.54768e-009	1.80013e-006	4.4098e-005	2.92318e-005	1.63418e-006	1.8006e-005	0.000146825	0.000680827	7.95486e-005	1.36222e-005	4.14903e-007	4.40243e-008	1.1667e-007	3.70177e-008	6.90212e-007	1.62472e-006	5.36945e-006	2.85207e-005	5.18162e-006	1.43069e-006	1.02692e-006	1.50423e-006	4.19595e-007	6.84427e-007	2.52657e-006	0.012164	0.00658263	0.00358389	4.76715e-005	7.12164e-005	9.19391e-005	3.9355e-005	2.0095e-007	
0	0	0	2.76482e-012	7.12857e-014	4.16597e-014	5.78024e-009	3.41882e-014	3.60618e-011	1.94396e-011	1.12096e-011	2.5186e-017	7.08898e-017	2.29672e-015	2.11332e-011	5.65508e-014	4.29045e-014	2.70891e-011	7.42912e-010	6.5376e-008	3.8379e-012	7.13933e-011	1.5342e-011	2.05191e-010	1.2892e-011	1.99947e-014	3.85508e-012	7.59432e-014	2.41804e-012	3.36504e-013	4.23109e-013	1.55785e-011	1.22262e-012	1.55331e-013	1.48449e-012	1.22554e-013	3.4751e-011	1.38479e-008	2.76461e-008	1.23896e-007	6.2287e-012	1.24195e-010	2.42014e-010	1.80532e-011	1.19023e-012	
0	0	0	0	1.98254e-007	2.50718e-007	2.70271e-007	5.88246e-007	2.49046e-006	1.33317e-006	2.86839e-006	2.17787e-006	5.61643e-007	8.31778e-007	1.8458e-006	2.50136e-005	9.52536e-006	1.53734e-005	1.35143e-005	4.83384e-005	8.03567e-005	0.000212604	0.000263945	0.000346276	0.000795699	0.000858444	0.00110361	0.000320542	0.000304948	9.31448e-005	1.69648e-005	1.58588e-005	3.85558e-005	8.8106e-005	1.70797e-005	2.13903e-006	7.13535e-008	2.20042e-005	0.0150836	0.0349796	0.0114191	0.0152112	0.0150591	0.0125894	0.0125605	


1	0.839491	0.259177	0.330466	0.179644	0.248395	0.256626	0.0525003	0.0262071	0.00654071	0.00354764	0.000461218	6.87846e-005	0.000520646	0.000778722	0.000755123	0.000462995	0.000660277	0.000196303	1.45881e-005	7.37145e-007	8.47275e-008	1.43529e-008	1.13084e-009	3.47854e-010	1.85878e-010	2.5319e-011	1.94164e-011	1.5221e-010	2.13739e-010	4.28223e-010	4.41061e-010	2.72417e-010	4.0287e-010	1.5899e-010	4.421e-010	2.52921e-010	2.42132e-011	1.63573e-011	4.46935e-013	2.08143e-013	5.34111e-014	3.02819e-015	1.72581e-016	4.92821e-016	
0	0.141858	0.204216	0.574921	0.774288	0.547103	0.669653	0.665492	0.274929	0.363351	0.342822	0.137523	0.0144698	0.0615473	0.0533004	0.0649074	0.235739	0.144229	0.122371	0.070029	0.0376167	0.0064144	0.000364904	5.05544e-005	5.64595e-006	8.18686e-007	5.26284e-008	3.89746e-008	1.25319e-007	1.58619e-007	2.33266e-007	3.17411e-007	5.60898e-007	5.26259e-007	1.20966e-006	8.83934e-007	5.48283e-007	1.02337e-007	3.31924e-008	5.83401e-009	3.80086e-010	3.24422e-011	6.46912e-012	3.32052e-013	9.66196e-014	
0	0.0186512	0.512988	0.0692314	0.0313685	0.183886	0.00792568	0.167803	0.361658	0.0329844	7.09119e-005	0.0200797	0.00301064	0.00264138	0.0117223	0.0545154	0.00441108	0.182879	0.350603	0.00107994	4.5537e-005	0.0191707	0.000212616	2.76542e-005	1.72831e-005	9.36688e-006	6.80681e-009	3.07656e-009	9.21582e-009	1.31105e-006	1.45752e-006	1.68775e-006	8.76853e-008	1.05789e-006	1.96202e-008	1.37951e-005	2.35203e-007	7.8211e-008	4.15251e-008	4.10947e-011	2.4514e-009	8.61765e-011	2.80232e-012	4.58531e-014	9.32812e-013	
0	0	0.0236111	0.00279577	0.00107868	0.00686881	8.54877e-005	0.00258732	0.214167	0.0812524	0.00400451	0.155983	0.394572	0.114651	0.0135528	0.00951591	0.098081	0.151544	0.164488	0.00023309	6.71623e-005	0.000150008	1.3388e-006	1.7667e-007	1.85001e-007	1.26479e-006	1.98934e-009	5.83327e-008	1.5447e-007	6.77575e-005	0.00132281	0.00235299	8.10563e-005	7.2688e-005	0.000109947	0.00017529	6.35438e-006	2.98335e-007	3.85678e-009	7.44977e-013	3.54783e-011	2.96546e-013	2.07507e-014	2.27743e-015	1.44789e-014	
0	0	6.74675e-006	0.0225669	0.0128602	0.0112106	0.0252413	0.0237862	0.00710896	0.0152708	0.000299399	9.65633e-006	0.000193166	0.246613	0.0121149	0.0124443	0.00830973	0.0149272	0.0379977	0.00783168	6.44217e-005	0.00019986	0.000342698	3.21639e-005	8.09568e-005	1.20226e-005	2.11556e-006	1.08784e-007	1.40811e-007	1.6141e-008	7.55785e-006	0.000296841	0.000873276	9.52773e-005	7.09781e-005	0.00165027	0.00256346	0.00558306	0.0183002	0.0149861	0.00530008	0.0361665	0.124933	0.00699263	0.00667113	
0	0	0	1.58703e-005	0.000310675	0.000983478	0.00127478	0.000320554	0.00246984	0.0192662	0.30529	0.585086	0.574661	0.391503	0.787482	0.681965	0.25678	0.13909	0.0158218	0.0342096	0.0270868	0.00140706	2.16039e-006	7.40326e-006	8.15104e-008	8.59464e-007	1.65203e-008	5.79321e-007	1.44004e-006	1.46883e-005	5.0479e-005	0.000268192	0.000169985	0.000860729	0.000453315	1.63796e-005	1.72351e-005	1.48431e-005	6.00077e-005	8.70746e-006	3.75644e-005	1.14014e-006	1.60161e-005	0.000661468	0.000540763	
0	0	0	3.13965e-006	0.000418374	0.000212306	0.0313633	0.000401887	3.07455e-005	7.97748e-005	0.000456413	7.69903e-006	4.10353e-006	0.0034565	0.00132143	0.00189571	0.0020219	0.000657802	0.00041281	0.010606	0.000837235	0.00537342	0.00205514	0.000118952	2.66118e-005	7.66717e-009	2.05126e-008	2.12187e-011	8.74735e-010	2.24842e-011	6.1834e-009	1.49312e-006	8.40864e-005	3.39226e-007	1.40028e-005	1.5195e-006	7.05686e-006	4.38112e-006	5.34473e-005	0.000696154	4.38489e-007	4.37067e-005	0.000115806	4.42293e-005	3.1796e-006	
0	0	0	0	3.19966e-005	0.00134124	0.00782995	0.0871078	0.11343	0.481255	0.343509	0.10085	0.0130206	0.179066	0.119727	0.174001	0.394194	0.366013	0.30811	0.875996	0.934281	0.967284	0.997021	0.999763	0.999869	0.999976	0.999998	0.999999	0.999998	0.999916	0.998617	0.997078	0.998791	0.998969	0.999351	0.998142	0.997405	0.994397	0.981586	0.984309	0.994662	0.963789	0.874936	0.992302	0.992785	


1	0.968229	0.384524	0.133793	0.0621704	0.0321538	0.00758874	0.000770888	8.78213e-005	1.54459e-005	2.6308e-006	4.15654e-006	4.72155e-006	4.8558e-006	7.96364e-007	9.43954e-007	7.74554e-007	6.72702e-007	6.84485e-007	5.1714e-008	5.16149e-009	7.23265e-010	3.25786e-010	1.07493e-010	4.17015e-011	4.37266e-011	2.11775e-011	2.22845e-011	6.68303e-011	7.96037e-011	1.09712e-010	4.14214e-011	2.02632e-011	2.25122e-011	1.17814e-011	3.17162e-011	3.4913e-011	1.26114e-011	6.97365e-012	8.72805e-013	6.7099e-013	4.11793e-013	9.18508e-014	1.29438e-014	8.49951e-015	
0	0.0314164	0.33058	0.435681	0.0714746	0.017427	0.0011264	0.000752739	0.000314436	5.02923e-005	1.69045e-006	7.28927e-006	4.10995e-005	1.13622e-006	2.27397e-007	2.40044e-006	6.95762e-007	3.85995e-007	9.03031e-006	6.5314e-007	5.15622e-008	1.65332e-008	6.84353e-011	1.48494e-010	1.75392e-011	2.35011e-012	4.67856e-014	1.8554e-013	3.98942e-012	1.09496e-009	1.9949e-008	4.53073e-008	3.29994e-008	8.88671e-008	2.38782e-008	2.87567e-008	2.17958e-009	3.24777e-011	4.31145e-013	5.0245e-015	3.48183e-014	2.39445e-015	2.01826e-015	1.60053e-014	1.27583e-013	
0	0.000354922	0.284613	0.297118	0.809548	0.623043	0.457578	0.331265	0.85993	0.526103	0.00705096	0.0185328	0.00180421	5.21052e-007	1.41844e-009	7.38354e-009	1.22034e-008	2.74237e-009	3.64546e-006	6.34408e-007	1.61899e-007	1.71151e-006	3.09856e-008	4.03911e-007	2.80244e-007	5.88037e-008	6.46707e-010	1.6385e-011	1.94521e-013	2.05098e-012	2.08599e-010	3.4366e-010	7.68101e-010	1.18172e-010	5.82112e-010	4.39387e-008	1.02316e-008	1.73403e-009	6.18244e-010	1.24356e-011	5.68083e-012	6.93904e-013	5.15452e-014	5.99446e-015	9.99318e-015	
0	0	0.000282675	0.130099	0.0257617	0.32532	0.527519	0.659719	0.135021	0.269117	0.458569	0.256093	0.0058884	1.57445e-005	8.02763e-009	2.05984e-008	1.15448e-010	6.54096e-010	1.17034e-009	3.24588e-006	1.72033e-007	3.23194e-006	1.36856e-006	4.80244e-006	0.000136435	3.87945e-006	2.30337e-007	3.04117e-009	2.23838e-010	1.12738e-011	2.0273e-012	2.04263e-010	1.43528e-009	9.55771e-010	1.07233e-011	8.99237e-012	2.39553e-011	7.20564e-010	9.77633e-010	6.04906e-011	9.53328e-013	1.27604e-012	3.97271e-013	3.91779e-014	8.43385e-015	
0	0	3.41455e-008	0.00330852	0.0296038	0.00187112	0.00560708	0.00709614	0.00298167	0.00283378	0.0232961	0.0124355	0.085868	0.0340317	0.000147708	6.81609e-005	3.38426e-005	8.78014e-007	4.59496e-007	1.03582e-008	7.62048e-008	6.7815e-010	1.0459e-005	7.2654e-008	2.11428e-006	4.35971e-005	0.000152395	5.25562e-005	0.000134508	2.89665e-005	5.17652e-006	2.58016e-007	2.64552e-007	3.08031e-008	3.25891e-008	2.22107e-008	3.75561e-007	1.35581e-008	9.44478e-010	6.67536e-010	7.30184e-011	2.27849e-011	5.22068e-012	2.52399e-012	6.34074e-013	
0	0	0	1.98928e-007	0.00143989	3.09888e-006	9.27621e-005	0.000238941	0.00158675	0.201039	0.3116	0.140491	0.245034	0.0175094	0.000154278	1.6361e-006	0.000466043	3.64772e-006	6.72156e-008	2.18612e-008	1.66491e-007	6.92184e-012	1.97332e-009	5.41626e-008	3.55122e-011	3.54907e-006	4.17135e-005	0.000171173	1.40601e-005	2.41764e-005	3.71324e-005	2.43334e-006	2.45013e-008	5.49007e-009	7.12576e-007	8.50336e-009	1.18905e-008	8.32955e-010	9.07667e-013	3.34197e-011	2.18414e-011	6.94717e-014	1.66948e-013	4.68246e-013	7.48836e-015	
0	0	0	2.72238e-010	1.47874e-006	6.10424e-005	6.90445e-005	3.10802e-007	5.49761e-007	0.000635086	0.192257	0.174956	0.0874567	0.591251	0.856841	0.0714753	0.02775	0.0102787	2.85347e-005	4.17094e-005	2.25379e-005	1.09687e-007	7.17432e-009	2.14278e-009	8.6763e-011	2.33967e-009	3.55753e-006	1.20973e-005	0.000210639	1.06512e-005	6.33705e-006	5.95882e-006	1.02374e-006	1.05449e-007	4.94615e-008	2.6678e-009	6.9952e-010	1.36922e-009	5.80756e-011	1.4149e-011	7.99885e-013	6.13385e-013	2.98347e-014	6.52893e-015	1.2696e-015	
0	0	0	0	2.10719e-008	0.000120917	0.000419272	0.000156729	7.73965e-005	0.000206293	0.00722306	0.397481	0.573903	0.357186	0.142856	0.928452	0.971749	0.989716	0.999958	0.999954	0.999977	0.999995	0.999988	0.999995	0.999861	0.999949	0.999802	0.999764	0.999641	0.999936	0.999951	0.999991	0.999999	1	0.999999	1	1	1	1	1	1	1	1	1	1	


1	0.982384	0.643124	0.85244	0.697639	0.640276	0.635674	0.836474	0.663178	0.0967326	0.00619556	0.00227056	0.000621852	0.000745798	0.000473223	0.00470641	0.00705364	0.00309488	0.00389236	0.00660757	0.00824103	0.00024946	0.000196081	6.26148e-005	1.06745e-005	1.25723e-006	2.66346e-007	1.08226e-008	1.16283e-008	5.14371e-009	1.645e-008	6.77005e-008	2.41557e-007	2.47631e-007	1.83597e-007	3.88381e-009	4.26041e-010	3.31974e-011	9.18987e-013	4.37615e-013	4.72894e-014	3.84094e-014	4.85879e-014	8.5024e-013	2.10995e-012	
0	0.0175635	0.356662	0.122837	0.296472	0.324105	0.330784	0.131722	0.323767	0.902562	0.993525	0.986693	0.998595	0.759444	0.297305	0.315875	0.857564	0.794313	0.0224581	0.0918758	0.364712	0.000912278	0.000438192	4.3856e-005	3.3667e-006	2.72461e-006	5.99781e-006	3.59825e-006	8.18329e-007	3.77102e-007	3.16355e-007	1.04922e-006	3.72743e-007	1.11512e-006	2.68436e-006	1.87718e-009	8.57934e-011	1.13855e-011	1.31707e-013	5.75304e-014	1.19457e-014	1.10782e-015	1.41304e-015	1.5363e-013	1.35246e-013	
0	5.23364e-005	0.000195062	0.0247204	0.00194396	0.034015	0.0254517	0.00517701	0.000859177	0.000100782	0.000106629	0.0108911	0.000407724	0.23971	0.698355	0.595903	0.0226403	0.184181	0.629293	0.61251	0.0966049	0.91507	0.0393514	0.00435357	0.00320415	7.9987e-006	1.27322e-007	1.40651e-009	9.06556e-007	6.10259e-008	1.87914e-007	1.90672e-006	2.99187e-005	3.54182e-005	8.49638e-007	6.52773e-008	3.1365e-010	5.94062e-010	2.73922e-010	4.73981e-012	7.90353e-016	1.45466e-015	7.01789e-017	4.89808e-017	4.84463e-015	
0	0	1.85245e-005	1.8904e-006	0.00192874	0.00120376	0.00679198	0.0256542	0.00999867	0.000378943	1.41893e-005	2.3148e-006	4.89204e-005	1.45462e-005	0.0023565	0.0626395	0.0423559	0.002564	0.021099	0.131498	0.165614	0.000615263	0.455458	0.692168	0.110528	0.124409	0.140643	0.0172511	0.00840636	0.000440729	0.000101764	2.52126e-005	3.57889e-006	1.47342e-005	6.42345e-006	6.81721e-008	5.44408e-009	1.67889e-010	1.0025e-011	2.2983e-011	4.71329e-012	1.05402e-012	8.76705e-013	2.80202e-012	1.24425e-012	
0	0	5.06846e-007	3.51579e-007	0.00201698	0.000362347	0.00128176	0.000947873	0.00204277	3.12116e-005	2.40039e-007	1.66631e-006	5.85933e-006	3.07176e-005	0.00149811	0.020735	0.0696817	0.0143627	0.308268	0.080325	0.191215	0.0427771	0.416287	0.15141	0.671191	0.333291	0.343918	0.0336937	0.0398295	0.00441462	0.00586758	0.00229951	0.00709709	0.00392024	0.00462107	0.00399078	0.00569346	0.00302538	0.00174518	0.000745052	3.43633e-005	6.78208e-005	2.65235e-005	8.77231e-006	4.09614e-006	
0	0	0	1.64022e-008	1.15027e-009	3.56693e-005	2.30173e-006	2.00871e-005	0.000139781	0.000187034	0.000158133	0.000130673	0.00031744	1.97929e-005	2.14829e-006	0.000136021	0.000580568	0.0012897	0.000106861	0.0625899	0.0952279	1.27522e-005	0.000346173	0.00608982	0.000701016	0.139113	0.04033	0.190594	0.310779	0.740387	0.652927	0.78908	0.0552531	0.198145	0.0218958	4.60234e-006	7.62957e-006	1.21768e-005	1.11699e-006	6.63891e-007	1.7151e-006	4.18111e-009	3.82432e-008	3.82203e-006	2.86599e-007	
0	0	0	8.79284e-011	6.59625e-009	2.38429e-006	1.38051e-005	4.2706e-006	4.51888e-006	3.17386e-007	5.19102e-008	4.47957e-006	9.63756e-008	2.88934e-005	4.25467e-006	2.57852e-006	0.000115311	0.000165333	0.0148446	0.0141206	0.0749363	0.0402774	0.0766677	0.133481	0.202326	0.053428	0.0330279	0.00159047	0.0400287	0.00910407	0.200845	0.158869	0.930461	0.683213	0.815539	0.94637	0.898519	0.962974	0.97751	0.904149	0.0344578	0.0619418	0.0277049	0.00963811	0.00230345	
0	0	0	0	3.1131e-010	9.52016e-010	1.41692e-006	1.10229e-006	1.027e-005	7.22558e-006	5.93702e-007	5.90942e-006	2.7799e-006	5.40683e-006	5.23896e-006	2.55956e-006	8.52935e-006	2.9053e-005	3.80533e-005	0.000473411	0.00344801	8.56402e-005	0.0112556	0.0123906	0.0120351	0.349748	0.442075	0.756867	0.600955	0.245653	0.140258	0.0497227	0.00715438	0.11467	0.157934	0.0496347	0.0957795	0.0339884	0.0207435	0.0951055	0.965506	0.93799	0.972269	0.990349	0.997692	


1	0.838273	0.948142	0.021789	0.00428148	0.00192929	0.000101713	1.60883e-005	0.000153156	9.91599e-005	0.000154042	0.00165458	0.0018609	0.00367225	0.00164851	0.00316754	0.00774185	0.0465819	0.0154248	0.00914375	0.000678016	4.32932e-006	3.85019e-007	2.90731e-007	1.57495e-007	4.86331e-007	1.30789e-007	3.15197e-008	2.84521e-009	2.7083e-011	1.69223e-012	2.83598e-014	2.04519e-014	1.77901e-015	3.58854e-016	2.17048e-017	1.02622e-018	8.56038e-020	8.34466e-022	2.09722e-023	2.92126e-024	1.38401e-024	3.62853e-025	1.38379e-025	3.21628e-026	
0	0.161513	0.0518361	0.978079	0.964829	0.998018	0.998111	0.995306	0.985225	0.997348	0.985834	0.902179	0.00526918	0.000540845	5.85048e-005	0.000939683	4.10024e-005	9.98066e-005	0.000405702	0.697391	0.740428	0.998989	0.298532	0.731402	0.448226	0.0125163	0.00424833	7.02398e-006	7.04809e-009	3.12268e-013	4.92149e-014	8.48494e-015	7.29297e-014	8.03298e-017	4.48663e-018	6.09357e-020	2.26031e-020	1.06001e-019	2.03222e-021	1.11337e-021	3.98555e-024	1.53982e-023	3.35946e-023	7.60412e-023	2.72535e-024	
0	0.000213444	2.1898e-005	0.000132362	0.0308895	5.22015e-005	0.00178739	0.00467724	0.0143075	0.00196169	0.0114541	0.000152255	2.67258e-005	1.85273e-006	3.85475e-008	2.35408e-006	1.36272e-007	6.74794e-008	2.41736e-006	0.00021663	0.00179489	0.000572824	0.699944	0.265683	0.5491	0.0101214	0.00963299	1.33045e-007	3.80709e-010	8.61192e-015	1.0514e-016	6.88772e-017	4.6178e-015	2.4752e-016	6.43819e-019	9.49526e-023	1.04717e-022	2.26441e-024	7.08251e-025	4.97264e-024	1.22441e-026	4.48317e-026	7.02155e-026	4.92901e-024	6.10049e-025	
0	0	3.07436e-007	4.13352e-011	2.06044e-007	4.75828e-007	9.96065e-010	9.78301e-007	0.000313707	0.000475125	0.000407525	0.000152681	2.04304e-005	2.00851e-007	2.00417e-010	6.45884e-012	9.79544e-010	4.41651e-010	7.22609e-010	3.85023e-009	1.10713e-007	3.12378e-010	1.39593e-005	0.00140528	0.00129371	0.806899	0.0714787	0.0271655	0.000206533	5.18643e-007	3.82626e-010	5.83736e-015	2.8387e-018	2.20613e-018	4.30091e-020	5.48062e-023	6.54136e-025	8.40624e-026	4.98685e-028	3.54424e-029	2.03428e-027	4.02961e-031	3.43571e-030	2.48953e-029	6.24385e-028	
0	0	8.2972e-013	1.64909e-011	5.64692e-015	7.21999e-011	7.63642e-012	1.09748e-013	9.35493e-007	0.000116242	0.0021507	0.0958419	0.992791	0.992791	0.998064	0.995104	0.618806	0.888923	0.00729876	0.00184553	0.000100901	6.32307e-008	1.55944e-010	4.88968e-008	4.84775e-006	0.00120062	0.00962164	0.176826	0.931041	0.998389	0.999595	0.99978	0.844783	0.966838	0.625758	0.00521764	7.29431e-006	2.75109e-007	2.65345e-010	1.2996e-014	2.15101e-017	1.0387e-020	8.37485e-024	3.168e-026	1.81967e-028	
0	0	0	4.20411e-015	2.39212e-015	2.28451e-014	7.42129e-015	3.15738e-016	8.38817e-013	5.31797e-011	5.73721e-008	3.38773e-006	2.21158e-005	0.00240605	4.90256e-005	0.000428912	0.315044	0.0312036	0.969803	0.284574	0.248375	0.00014404	1.74714e-006	1.99282e-008	1.36215e-008	1.36968e-007	2.61731e-005	5.10617e-005	0.000128452	9.24838e-006	0.000162528	0.000206539	0.15468	0.0329843	0.34813	0.259015	0.279646	0.140682	0.0285607	6.3469e-005	6.2834e-010	1.71249e-013	1.69373e-017	1.22701e-021	2.6501e-026	
0	0	0	2.63825e-018	2.49053e-013	2.25551e-015	1.00253e-013	4.27435e-015	4.72381e-014	8.77687e-010	3.28129e-008	1.64871e-005	2.1737e-006	0.000561457	4.87395e-005	4.13233e-005	0.0581618	0.00354099	0.00407104	0.00354807	0.00837487	0.000281081	0.00149323	0.00124988	0.00122189	0.157653	0.812787	0.668417	0.000999174	5.23387e-007	4.13333e-006	7.43781e-006	0.000534992	0.000132986	0.0261024	0.7355	0.713316	0.842088	0.970796	0.993992	0.835743	0.745955	0.728782	0.00263029	1.8974e-006	
0	0	0	0	7.66668e-019	8.1239e-015	3.14262e-016	8.98781e-015	1.65812e-013	5.79588e-013	4.92046e-010	1.13406e-007	7.62341e-006	2.59112e-005	0.000131637	0.000315888	0.000205097	0.0296503	0.00299404	0.00328166	0.00024833	8.71944e-006	1.48584e-005	0.000259257	0.000153319	0.0116096	0.092205	0.127533	0.0676245	0.0016008	0.000238561	5.5856e-006	1.73293e-006	4.48695e-005	9.68931e-006	0.000267707	0.00703141	0.0172304	0.000642934	0.00594413	0.164257	0.254045	0.271218	0.99737	0.999998	


1	0.7166	0.511296	0.0818544	0.00470993	0.00113563	5.85697e-005	4.14333e-005	1.37934e-005	1.12289e-005	2.89687e-005	0.000129786	0.00206048	0.109705	0.71873	0.899153	0.906515	0.978999	0.38778	0.193419	0.126549	0.0138727	0.0037939	0.00146143	0.000644615	0.00239464	0.00270796	0.0358753	0.754732	0.405791	0.00838787	0.00286757	0.0036503	0.0100085	0.00797595	0.000180005	6.00696e-005	2.367e-006	2.84282e-008	6.6097e-009	8.14032e-010	4.02194e-010	8.2368e-011	4.67706e-010	2.05289e-009	
0	0.273884	0.4886	0.707511	0.993979	0.499201	0.385139	0.955326	0.999464	0.998758	0.991452	0.999692	0.994169	0.823312	0.248615	0.0937428	0.0934788	0.0202468	0.61214	0.425835	0.870083	0.868068	0.976383	0.952899	0.942321	0.996319	0.978658	0.962794	0.158288	0.00273943	0.000105064	9.08819e-005	0.000820285	7.08844e-005	0.000713089	0.000206997	0.000748405	3.69129e-005	2.10644e-006	7.27541e-006	8.25047e-007	1.48066e-006	1.20858e-006	1.23077e-005	5.66022e-005	
0	0.00951628	8.52269e-005	0.210635	0.00127019	0.499663	0.614799	0.0434327	0.000321866	0.00120598	0.0084808	0.000110582	0.00094724	0.0664438	0.0325823	0.00710201	5.6676e-006	0.000754098	7.39024e-005	0.380745	0.00309469	0.118058	0.0198026	0.0454312	0.0570217	0.000173331	0.0186055	9.6559e-005	0.0221369	1.06452e-006	2.85449e-007	5.43628e-006	4.49987e-005	1.41844e-006	5.54486e-008	1.86379e-008	9.91673e-008	1.49303e-006	5.98983e-008	8.16228e-008	1.5285e-010	1.04208e-007	1.5202e-008	1.83173e-007	4.96392e-007	
0	0	1.25876e-005	4.30135e-010	4.04329e-005	5.43579e-008	2.85992e-006	0.00117515	9.01977e-005	8.0977e-009	6.81834e-008	2.19545e-006	6.44211e-010	1.30814e-008	7.03502e-007	2.39241e-007	5.62239e-007	4.84038e-011	3.18021e-006	3.03487e-009	0.000217153	4.5986e-007	2.00625e-005	0.000199157	1.0853e-005	0.000131948	9.51433e-009	1.12164e-005	1.89455e-009	3.94681e-006	9.11113e-013	1.13636e-012	1.20169e-010	1.23268e-007	4.9147e-010	3.22279e-014	3.22623e-013	2.78731e-013	1.43025e-012	6.8185e-012	2.15598e-012	7.42664e-016	1.62804e-011	2.93061e-011	2.00493e-011	
0	0	5.63065e-006	6.64632e-011	2.28454e-008	4.25842e-010	9.47197e-010	2.43123e-005	0.000109577	1.82369e-005	5.28262e-007	1.92785e-005	2.44413e-006	1.30497e-009	1.01485e-007	1.32894e-008	6.0067e-009	2.25892e-011	2.86461e-006	3.84632e-009	5.63737e-005	2.56268e-007	6.97122e-008	9.16816e-006	1.53544e-006	0.000971208	2.08709e-007	0.00067104	2.30554e-005	0.000680229	8.85301e-007	2.01738e-009	3.14201e-011	2.39571e-008	5.60269e-011	2.56626e-012	2.46416e-013	9.49913e-013	6.12218e-013	2.64851e-016	1.76513e-013	8.90687e-019	1.99074e-015	2.10604e-013	9.54736e-012	
0	0	0	1.26773e-009	1.57487e-014	1.74229e-012	8.4722e-016	1.09069e-014	7.35561e-008	6.7609e-006	3.73639e-005	4.55218e-005	0.00282016	0.000448291	4.62099e-005	3.22207e-007	9.7051e-010	2.26561e-011	6.12108e-012	9.1393e-007	5.82277e-007	4.3537e-008	2.43555e-011	9.40946e-011	9.04462e-009	3.75158e-008	1.56274e-005	0.000231763	0.0624681	0.590438	0.991498	0.99236	0.986594	0.703627	0.201062	5.4976e-005	2.01048e-006	7.62953e-009	7.1469e-013	2.35395e-018	1.42049e-022	3.79949e-019	1.55931e-025	2.4705e-018	2.67745e-016	
0	0	0	1.88334e-017	8.54125e-015	1.16586e-017	1.52644e-016	4.99078e-020	1.41201e-015	3.78577e-012	5.86665e-010	3.0341e-009	8.06936e-009	3.15486e-005	1.43594e-006	9.02406e-009	4.50729e-008	9.01032e-009	3.04048e-008	1.75434e-009	5.49502e-008	3.43168e-009	5.04788e-011	3.19822e-013	4.31947e-014	1.40287e-011	5.11045e-012	2.06662e-007	1.60294e-006	1.89247e-006	1.12748e-006	0.00412092	0.00821396	0.255459	0.765194	0.856468	0.689742	0.313146	0.372942	0.028718	2.67451e-006	1.1856e-009	6.98124e-013	6.5796e-017	3.00371e-020	
0	0	0	0	2.28191e-013	1.66124e-013	1.38167e-014	1.00752e-014	1.23186e-014	2.35535e-010	8.79636e-009	5.59845e-007	4.29984e-007	5.87278e-005	2.35871e-005	1.46075e-006	2.61297e-007	1.59336e-007	2.4335e-007	7.92999e-008	3.12426e-008	3.33639e-008	2.89196e-008	7.06733e-008	2.0243e-007	9.93913e-006	1.24502e-005	0.000320064	0.00235038	0.000344886	7.12433e-006	0.000554887	0.000676483	0.0308321	0.0250553	0.14309	0.309447	0.686813	0.627056	0.971275	0.999996	0.999998	0.999999	0.999988	0.999943	


1	0.0243802	0.880149	0.474243	0.359576	0.642467	0.50462	0.833246	0.963512	0.986711	0.74138	0.951959	0.715963	0.169763	0.141392	0.0118175	0.00144272	0.000124193	1.64868e-005	2.45113e-005	4.8549e-006	1.66845e-005	4.38083e-005	0.000103787	0.000338863	0.000519148	0.00203453	0.00304534	0.00367459	0.00204719	0.0106063	0.0199028	0.00164022	0.000158147	1.65485e-005	4.50646e-006	6.51397e-007	1.17355e-006	1.28444e-007	1.76952e-008	1.04487e-007	7.27702e-008	1.68493e-007	5.27192e-007	2.53617e-006	
0	0.00784948	0.0940305	0.0474128	0.010499	0.0195526	0.0152188	0.0260152	0.0357001	0.0107778	0.0171528	0.0427317	0.266473	0.49013	0.795575	0.852319	0.883675	0.999208	0.98346	0.229481	0.00770001	0.0180568	0.0106055	0.00401451	0.0130611	0.00205928	0.000657334	0.000130241	0.00200336	0.00472135	0.0933381	0.771649	0.514196	0.990509	0.805263	0.972564	0.354138	0.289206	0.0264017	0.000926171	0.000498877	0.000166324	0.000103701	6.93822e-005	0.0013672	
0	0.96777	0.0157786	0.461213	0.615325	0.0493258	0.0618961	0.0203883	0.000541786	0.00250951	0.241156	0.0052127	0.0175602	0.34009	0.0585547	0.135598	0.114389	0.000620361	0.0165207	0.628435	0.965343	0.0349141	0.183289	0.00462541	0.000248684	1.3581e-005	0.00178734	6.09376e-005	0.000713932	1.53739e-005	0.011973	0.00443559	0.460514	0.00259952	0.189231	0.00254503	0.523079	0.00261478	0.000189138	0.00263425	0.000185547	0.000347255	0.00020201	0.00356248	0.00597891	
0	0	0.00131025	1.02376e-006	0.000201907	0.000314868	7.70083e-005	1.46006e-006	2.58382e-006	4.72646e-008	1.50486e-007	4.45071e-006	6.08119e-007	1.05085e-006	4.56329e-005	2.9785e-008	0.000489325	2.6319e-005	1.92413e-006	2.65289e-006	9.71018e-005	1.82523e-005	3.3031e-005	3.90836e-005	1.71542e-006	2.12202e-007	7.91159e-008	1.33585e-006	4.03298e-008	8.90064e-009	1.15824e-008	2.38219e-007	3.96224e-008	2.05925e-006	1.15845e-005	0.01111	0.0324905	0.00049441	2.24514e-006	1.40574e-007	1.55765e-005	2.32372e-007	1.59884e-007	4.82329e-008	2.66382e-006	
0	0	0.00873136	0.0171309	0.0143972	0.288339	0.418188	0.120251	0.000176005	1.28991e-006	0.000310968	9.00383e-005	9.44761e-007	1.60049e-005	0.00443247	0.00026508	3.09514e-006	2.12401e-005	1.83789e-007	0.142055	0.0268489	0.946985	0.803392	0.990255	0.9755	0.000583597	0.000347559	6.95871e-007	3.71594e-007	7.64716e-008	1.25447e-007	0.000904753	0.000549308	0.00138067	8.93025e-007	1.63641e-006	1.17166e-006	0.00267707	2.87723e-005	2.05795e-006	1.51296e-006	4.76004e-006	1.42314e-005	9.3746e-005	0.000156079	
0	0	0	1.21481e-009	4.63474e-007	1.28568e-006	4.48037e-008	9.79829e-005	6.49411e-005	3.65197e-008	2.15528e-011	2.15058e-006	2.12818e-006	3.55724e-008	2.28007e-008	3.93929e-007	1.15814e-006	2.78774e-008	2.49568e-008	1.23041e-012	3.70088e-006	2.10697e-006	0.00259744	7.41482e-005	0.0078568	0.993702	0.0325655	0.310956	0.157608	0.921055	0.293416	0.00639865	4.81681e-007	2.17023e-005	4.90046e-006	2.23297e-006	9.13131e-009	1.06194e-008	6.70761e-007	5.32812e-011	1.88924e-007	6.58339e-011	1.05345e-009	6.90016e-010	1.91282e-007	
0	0	0	1.69228e-038	9.4067e-016	2.00412e-012	1.96735e-012	1.19659e-013	1.73682e-009	1.5246e-010	2.32237e-012	4.18601e-017	9.33104e-013	1.60399e-012	7.36131e-014	1.28183e-015	2.49448e-012	1.0899e-011	2.01131e-010	5.07945e-012	2.27088e-015	2.77431e-011	8.7937e-011	5.61575e-008	2.43726e-009	6.79682e-008	2.4972e-005	3.7829e-007	7.65713e-006	2.76734e-007	1.73156e-005	1.43613e-006	8.55329e-009	5.84071e-011	5.81547e-010	3.90302e-010	7.1243e-010	8.64969e-012	7.84997e-013	4.74067e-012	3.59841e-016	1.88007e-013	1.68232e-016	1.76207e-015	4.92955e-015	
0	0	0	0	9.4152e-011	3.94566e-008	1.03556e-007	4.22579e-008	2.4841e-006	7.56794e-007	1.76255e-007	2.58813e-008	1.59104e-008	1.90308e-008	3.60795e-009	8.25138e-011	1.35695e-008	1.16372e-008	1.46273e-007	1.34454e-006	2.58751e-006	7.05106e-006	3.92926e-005	0.000888159	0.00299244	0.00312232	0.962583	0.685805	0.835992	0.0721603	0.59065	0.196708	0.0231003	0.00532843	0.00547183	0.0137722	0.0902909	0.705007	0.973377	0.996437	0.999298	0.999481	0.99968	0.996274	0.992492	


1	0.842508	0.98188	0.999099	0.900588	0.98918	0.985916	0.985221	0.971841	0.994808	0.857814	0.991613	0.943277	0.81322	0.974126	0.992373	0.881449	0.972609	0.986833	0.977792	0.994329	0.952208	0.259358	0.811653	0.798121	0.629176	0.252808	0.151586	0.382937	0.424059	0.0964672	0.00589684	0.00657546	0.000460212	8.52275e-005	9.37389e-006	1.46776e-006	6.3496e-008	1.2834e-009	2.05395e-010	2.35564e-010	6.82935e-011	2.05331e-011	3.72678e-010	5.38049e-009	
0	0.154572	0.0175585	0.000681131	0.0992916	0.0107711	0.0140126	0.0147498	0.0267924	0.00467092	0.141377	0.00553155	0.0149463	0.171785	0.00942839	0.00718401	0.0904207	0.0203309	0.00511284	0.000529389	0.0038929	0.000393751	0.735923	0.0759249	0.104945	0.345808	0.744208	0.579253	0.298188	0.00201455	8.18863e-005	7.96447e-006	8.70063e-005	1.48122e-005	3.73644e-006	4.94972e-007	5.27205e-007	1.29581e-009	1.31571e-010	5.38332e-011	7.22967e-011	2.10412e-011	2.64954e-012	3.69751e-012	7.0645e-011	
0	0.00291977	0.00050909	4.04681e-006	9.14442e-005	3.5165e-005	6.5121e-006	1.49013e-005	0.00135507	0.000497184	0.000805019	0.00285095	0.0417747	0.014931	0.0161289	0.000330586	0.0281226	0.00423547	0.000511847	4.1649e-006	0.000117139	7.83038e-007	9.86515e-005	9.68089e-005	3.37217e-005	0.0209033	0.00143387	0.268616	0.313197	0.199125	0.00203605	4.96286e-006	8.18514e-007	9.59929e-007	2.9682e-006	1.17178e-007	3.41972e-008	2.92525e-011	1.27708e-013	3.14547e-014	2.1706e-012	5.63611e-015	5.7762e-015	2.99334e-014	1.61683e-012	
0	0	3.67402e-005	9.57464e-006	1.90551e-008	3.75489e-006	2.57303e-006	8.74592e-007	3.59028e-006	1.1471e-005	7.76681e-008	3.9521e-006	2.20497e-006	6.21972e-005	0.000288377	7.18048e-005	7.95864e-006	0.00279047	0.0074428	0.000254723	1.82132e-006	6.11469e-006	1.78922e-008	0.000195597	1.50788e-005	5.21447e-006	9.12855e-006	3.18036e-006	0.00207494	0.000878878	0.000190148	3.63438e-006	7.12296e-008	8.91318e-009	4.78111e-009	1.46408e-007	3.30875e-009	3.17585e-010	1.2494e-012	3.4471e-014	8.23383e-015	1.20224e-014	2.57729e-015	3.39118e-015	4.00646e-014	
0	0	1.52837e-005	0.000205944	2.90064e-005	1.03518e-005	6.23596e-005	9.8146e-006	6.25483e-006	1.18101e-005	3.42966e-006	9.16418e-008	6.15637e-008	1.95842e-006	2.80013e-005	4.04783e-005	5.97323e-008	3.4156e-005	9.54359e-005	0.0214177	0.0012999	0.0473035	0.00442891	0.109117	0.0952235	9.62994e-005	2.23776e-005	8.92933e-009	0.000133395	2.95711e-005	3.18018e-005	1.89005e-005	2.06368e-005	2.06227e-007	5.96151e-010	4.743e-011	2.39626e-011	4.56764e-011	6.38879e-013	6.98148e-014	6.0517e-017	6.70641e-015	6.38436e-016	5.21411e-015	6.54665e-015	
0	0	0	1.44031e-008	9.2962e-008	1.34442e-009	1.79878e-010	3.48638e-006	1.19386e-006	1.15045e-007	9.07112e-008	6.70653e-009	5.92625e-011	3.03385e-013	1.63009e-010	2.23318e-008	1.40646e-009	2.70524e-012	3.70188e-006	1.76838e-006	0.000358455	8.44793e-005	0.000188853	0.00299776	0.00158323	0.00341825	1.05048e-005	1.828e-007	7.38811e-009	4.31889e-005	7.12767e-007	2.25565e-007	2.61672e-007	6.52278e-007	7.59166e-010	3.49915e-013	1.4896e-015	4.12434e-015	4.19343e-016	7.5966e-018	1.17381e-017	2.36364e-022	6.49502e-019	1.24995e-016	1.36443e-016	
0	0	0	8.67063e-017	7.21379e-013	9.33647e-012	1.54587e-014	2.5325e-015	4.51425e-008	7.83772e-009	5.50924e-009	1.1301e-008	3.01615e-008	3.4538e-010	5.5549e-011	1.34861e-012	3.81804e-010	4.29684e-011	3.59153e-011	4.4019e-008	2.80195e-007	3.36643e-006	4.59988e-008	2.38388e-006	1.2419e-005	0.000217488	1.05557e-005	0.000173091	0.0030452	0.373809	0.900514	0.991137	0.935608	0.980747	0.928237	0.0962619	0.00369279	4.98611e-005	2.72884e-007	1.4192e-012	8.69584e-016	4.7271e-021	2.58392e-026	2.09818e-022	6.97217e-019	
0	0	0	0	1.90785e-018	1.11919e-014	1.14353e-012	1.95136e-013	6.30441e-014	5.88064e-010	2.88826e-011	2.29265e-011	8.61684e-012	5.08858e-010	4.06679e-011	1.90648e-012	5.70994e-013	1.0494e-011	5.83166e-011	1.55081e-011	3.91413e-009	2.58393e-007	2.64351e-006	1.17721e-005	6.65357e-005	0.000375303	0.0014973	0.000368592	0.00042487	4.046e-005	0.000677806	0.00293032	0.057708	0.0187762	0.0716713	0.903728	0.996305	0.99995	1	1	1	1	1	1	1	


