E:\Google Drive\Progetti\MSR Action3D\Real\a02_s07_e03_skeleton3D.txt
2
TRUE
-1065.11
-1018.56
-1076.55
-1061.05
-1081.09
-1093.23
-1051.74
-1049.84
-1048.67
-1090.95
-1113.58
-1140.51
-1140.73
-1122.38
-1123.28
-1092.35
-1107.26
-1132.78
-1144.52
-1130.03

45
20
1	0.352005	0.1546	0.0691748	0.0395984	0.00650247	0.000157546	1.8517e-006	3.22078e-008	4.6719e-010	2.58307e-012	7.1254e-015	1.3584e-018	7.96477e-020	4.77399e-022	1.17378e-023	5.84413e-024	7.56864e-024	2.93667e-024	1.12093e-024	2.29341e-025	5.65737e-026	3.75095e-027	2.10957e-028	6.96947e-029	2.97986e-030	6.79482e-031	6.01034e-031	1.12674e-030	1.25911e-031	2.93696e-032	5.31437e-033	3.91888e-034	1.42207e-035	1.87688e-036	1.24056e-036	8.57816e-037	4.21482e-037	5.65939e-037	2.9776e-037	3.77308e-037	3.656e-036	2.34366e-035	1.00655e-034	9.52484e-035	4.88078e-034	
0	0.597054	0.611537	0.725606	0.41481	0.0323991	0.000838744	7.45883e-006	8.47535e-008	4.70962e-009	7.41511e-011	9.21439e-013	1.54107e-015	8.66195e-017	9.80784e-019	3.51508e-020	2.43021e-020	2.94437e-020	7.05626e-021	1.0583e-021	1.48899e-022	1.88426e-022	7.34351e-023	9.30513e-024	2.72624e-024	1.52218e-025	6.13672e-026	3.47953e-026	3.4914e-026	4.30723e-027	6.13253e-028	4.48526e-029	5.39108e-030	4.21882e-031	7.62999e-032	8.72379e-032	6.76657e-032	1.68769e-031	2.17329e-031	4.81172e-031	5.82424e-031	3.54959e-030	3.65694e-029	6.27518e-029	1.19659e-028	3.64916e-028	
0	0.0509411	0.100599	0.13027	0.51831	0.751385	0.00739848	4.49065e-005	3.6571e-007	7.57625e-009	1.0083e-011	2.21093e-013	4.4444e-017	9.8572e-018	8.96612e-020	1.53412e-021	1.90637e-021	1.04753e-021	1.99555e-021	3.24746e-022	4.12861e-023	1.7722e-023	1.51026e-024	4.99704e-025	1.19969e-024	5.22727e-026	1.21872e-026	6.03674e-027	3.94736e-026	3.58622e-028	2.22496e-028	3.06513e-029	1.87472e-030	3.75424e-032	3.17317e-032	1.22451e-033	1.30615e-032	1.81374e-032	3.43607e-032	7.14614e-032	6.5853e-032	1.50476e-031	9.26014e-030	4.75989e-030	5.78644e-029	2.06192e-028	
0	0	0.02861	0.0555208	0.0063072	0.00620371	0.0263687	0.000262539	4.81947e-006	1.38046e-007	2.94963e-009	4.49883e-012	6.61534e-015	3.29966e-016	1.71274e-019	5.28423e-021	3.50142e-020	2.66063e-019	3.47623e-021	6.40753e-023	1.39485e-024	1.72636e-022	2.75204e-022	5.00358e-024	5.02281e-026	2.05624e-026	9.69042e-026	1.3063e-025	3.332e-026	4.22642e-027	1.90627e-028	3.69285e-030	1.72248e-030	3.5922e-031	4.04585e-033	8.8223e-032	1.9455e-033	3.75571e-033	7.61239e-033	5.30625e-033	1.7062e-032	2.54176e-029	9.83683e-030	7.20229e-029	1.96745e-029	4.08744e-029	
0	0	0.104654	0.0177834	0.0207674	0.203504	0.96512	0.999516	0.99973	0.0842644	0.00107018	7.85124e-005	3.74055e-009	2.01278e-011	6.40632e-016	1.39052e-019	1.88986e-017	3.39285e-016	2.11757e-018	1.09194e-019	9.68136e-023	2.65219e-023	2.7759e-024	8.20359e-026	1.12869e-025	1.06776e-028	3.99978e-024	2.88469e-023	4.0365e-021	1.94745e-024	1.3059e-025	4.37039e-029	1.44768e-032	2.25372e-034	8.1203e-035	3.02862e-036	2.49512e-035	8.38069e-037	1.34706e-034	1.8626e-035	4.13616e-035	6.54434e-031	2.76111e-029	2.70358e-031	1.80362e-032	1.66383e-029	
0	0	0	0.00164489	0.000201579	5.69224e-006	0.000116056	0.000166814	0.000264727	0.915735	0.998551	0.993117	0.998594	0.620989	0.0575961	0.00189019	0.00191127	0.00544946	0.00113102	2.6957e-005	2.07147e-006	2.63357e-005	2.86257e-005	1.41421e-005	2.2228e-005	3.19481e-007	3.44163e-007	2.74171e-006	3.21453e-005	1.37271e-005	2.51281e-007	2.00849e-009	5.41053e-011	1.37511e-012	2.79604e-014	2.17923e-016	4.48087e-019	1.07894e-020	4.29746e-024	5.15349e-026	6.09088e-029	7.01131e-030	5.44622e-030	2.5306e-030	1.67274e-031	2.07413e-032	
0	0	0	8.26344e-012	5.118e-007	4.55294e-009	8.98088e-012	9.33549e-011	9.39636e-011	5.74446e-008	0.000165512	0.0063286	0.00135263	0.362973	0.922888	0.946845	0.509127	0.0450103	0.00231271	8.20939e-005	2.28294e-006	1.00424e-007	1.35923e-007	2.2232e-007	5.59593e-006	4.99027e-006	1.15934e-006	2.60148e-007	1.63027e-007	1.03885e-007	8.04769e-008	1.91157e-009	7.35029e-011	8.36026e-013	8.70859e-014	4.43289e-017	3.79359e-019	8.65597e-022	1.70055e-023	1.84292e-026	9.62389e-029	1.05162e-030	4.25043e-032	4.46847e-033	2.35247e-033	3.51549e-034	
0	0	0	0	4.69584e-006	2.05425e-007	6.48693e-010	2.58373e-009	4.43597e-009	2.31596e-007	0.000213312	0.000475981	5.37072e-005	0.0160382	0.0195158	0.0512644	0.488962	0.94954	0.996556	0.999891	0.999996	0.999974	0.999971	0.999986	0.999972	0.999995	0.999998	0.999997	0.999968	0.999986	1	1	1	1	1	1	1	1	1	1	1	1	1	1	1	1	


1	0.571719	0.0240609	0.00648067	0.00202901	0.00030915	1.11854e-005	3.19253e-007	1.91441e-008	3.35615e-009	8.18014e-011	2.08527e-013	2.38601e-016	1.5469e-019	1.76364e-021	4.38501e-023	8.32887e-026	1.49755e-026	1.79602e-027	5.1792e-029	6.48327e-030	1.22259e-029	4.15974e-031	5.71051e-032	2.19411e-031	1.52399e-032	1.01573e-032	2.26473e-033	2.96501e-033	4.70219e-035	1.67117e-037	3.8662e-039	1.46724e-040	2.05658e-042	1.2513e-043	1.05434e-044	2.74891e-046	2.32287e-047	8.65609e-050	1.31295e-051	3.35941e-054	2.91548e-055	3.41507e-055	1.08513e-055	1.55821e-056	1.41008e-057	
0	0.000800481	6.69881e-006	1.40468e-007	8.72186e-008	1.87637e-007	2.77875e-008	2.99699e-010	8.01285e-012	4.13532e-010	9.70655e-014	2.13641e-015	8.25539e-017	2.92524e-020	8.24574e-023	2.02523e-023	8.14778e-023	2.90465e-023	1.93832e-026	1.25074e-030	2.13845e-033	6.47452e-031	6.54797e-031	7.12286e-031	6.98246e-032	3.37572e-031	4.09329e-028	3.77185e-027	6.71384e-028	1.04892e-028	3.14233e-031	9.35356e-034	1.23567e-035	1.66044e-035	3.34348e-037	8.22852e-041	2.06493e-045	1.7588e-049	3.11497e-054	2.84601e-056	2.24618e-059	1.4913e-058	1.07188e-059	1.30874e-059	2.58257e-061	1.94959e-062	
0	0.427481	0.975077	0.990511	0.996434	0.999572	0.999789	0.999874	0.999738	0.977529	0.236077	0.00645266	1.9126e-005	1.86373e-007	1.53488e-009	3.08411e-011	3.22529e-012	6.0095e-012	4.34697e-013	7.33762e-014	3.61485e-015	5.40926e-014	4.45355e-014	1.11071e-014	2.82911e-014	4.06867e-016	1.30743e-014	5.84651e-014	6.04013e-013	6.6298e-015	3.50857e-016	2.15779e-018	4.46701e-020	1.30277e-021	3.34142e-023	5.7062e-025	2.43501e-027	1.84878e-029	1.2216e-031	5.67643e-034	8.40624e-037	7.24446e-037	9.01506e-037	7.51274e-038	4.83459e-039	3.92889e-040	
0	0	0.000854837	0.0030054	0.00153452	0.000114436	0.000197109	0.000124178	0.000261108	0.0224662	0.763902	0.993035	0.999234	0.996145	0.970881	0.37356	0.00397692	0.000325519	3.38614e-006	1.43701e-008	8.14374e-010	1.31793e-007	3.23915e-006	4.46987e-005	0.000240132	4.7025e-005	0.000157476	0.000250745	0.000792949	2.05652e-005	1.93813e-007	4.93294e-011	3.01428e-011	3.08568e-012	9.78384e-015	2.69596e-016	6.21005e-020	2.70767e-022	5.15362e-026	5.42106e-029	1.35868e-032	2.99023e-034	2.19282e-036	7.49103e-038	3.22565e-039	2.55006e-042	
0	0	1.87043e-007	2.83875e-006	2.345e-006	4.58159e-006	3.13038e-006	1.19079e-006	4.47385e-007	4.9624e-006	2.11965e-005	0.000512396	0.000747173	0.00385341	0.0285474	0.624722	0.995219	0.952524	0.00206657	7.15454e-005	1.61189e-007	5.53104e-008	1.28633e-008	1.17718e-007	0.00011167	0.000268405	0.0953202	0.698032	0.564023	0.00384835	1.00491e-005	3.95937e-008	2.04438e-010	1.13223e-011	1.7203e-013	3.9525e-017	3.00807e-020	3.09561e-024	1.62768e-026	4.84703e-031	2.38987e-034	1.85159e-034	1.28754e-036	5.25368e-039	7.86695e-042	1.86621e-042	
0	0	0	4.30201e-009	7.63979e-009	6.38168e-009	2.62624e-010	1.64356e-010	1.30999e-010	6.22078e-009	5.34337e-009	4.49902e-009	6.28589e-008	1.32179e-006	0.000571594	0.0017079	0.000803751	0.0471376	0.997659	0.935855	0.986709	0.90612	0.901527	0.970218	0.681713	0.918796	0.881222	0.298646	0.431926	0.995726	0.996178	0.996964	0.881452	0.972598	0.981917	0.102659	0.00109577	4.69131e-005	1.90531e-007	1.81932e-009	6.36915e-012	3.24494e-014	1.71298e-015	1.22977e-016	1.62132e-017	3.32855e-019	
0	0	0	4.83652e-011	2.28488e-011	2.03597e-011	9.54698e-012	1.46849e-012	3.75491e-013	2.81185e-014	1.6193e-011	1.07088e-012	6.4276e-013	4.27989e-011	1.98951e-008	9.4e-006	1.91737e-007	1.31381e-005	0.000268483	0.0640147	0.012353	0.0873805	0.0974485	0.0273873	0.29963	0.0802293	0.0194599	0.000858416	0.00091356	0.000392014	0.00380437	0.00302949	0.118536	0.0271945	0.0177972	0.89681	0.993412	0.995481	0.987643	0.998318	0.996632	0.689082	0.731546	0.149306	0.16464	0.184838	
0	0	0	0	1.03092e-011	1.28768e-011	2.06676e-012	8.42194e-013	4.41297e-013	3.1805e-014	1.03738e-013	7.89569e-015	2.08684e-016	1.07808e-013	3.37922e-012	2.87933e-009	4.5153e-009	3.99146e-008	2.17935e-006	5.8651e-005	0.000937984	0.00649912	0.00102099	0.00234952	0.0183054	0.000659591	0.00384037	0.00221229	0.0023446	1.33381e-005	7.20644e-006	6.14791e-006	1.12337e-005	0.000207817	0.000285591	0.000531313	0.00549187	0.0044718	0.0123571	0.00168235	0.00336819	0.310918	0.268454	0.850694	0.83536	0.815162	


1	0.99677	0.999501	0.968208	0.998549	0.999912	0.993472	0.994261	0.995066	0.537371	0.0949441	0.00599817	0.00011089	5.05215e-006	6.71721e-008	1.30967e-008	1.52781e-009	3.68058e-009	2.48552e-010	2.42786e-011	2.08714e-012	2.58746e-012	4.60684e-013	6.42496e-014	4.97092e-015	5.42143e-016	9.76661e-017	9.66398e-017	9.16536e-017	1.9246e-017	3.60488e-018	1.92092e-018	3.16636e-020	1.08427e-021	1.83517e-022	1.28831e-022	3.0615e-023	4.51744e-024	1.90577e-024	2.80933e-025	1.23955e-025	5.07524e-025	4.85874e-025	7.50161e-025	5.68441e-025	3.3644e-025	
0	0.000820394	0.000444525	0.0317718	3.35416e-005	6.6448e-005	0.00650852	0.00562315	0.00468067	0.421079	0.858943	0.184097	0.0114841	0.000118989	1.58158e-006	3.94567e-008	7.64477e-009	9.99599e-008	2.92711e-009	6.50455e-011	1.51695e-012	8.37806e-013	1.07115e-013	1.06635e-014	3.32271e-016	7.8905e-018	1.995e-017	3.65624e-017	2.20876e-017	7.07903e-017	5.98558e-018	1.65725e-019	8.82399e-022	8.44147e-023	6.2261e-025	3.80715e-024	1.65245e-026	2.9407e-027	2.30284e-028	2.90234e-028	2.88535e-028	1.63027e-026	9.06069e-028	1.58988e-025	3.939e-029	7.22576e-028	
0	0.00240937	4.46405e-005	2.01274e-005	0.00139326	1.46407e-005	1.9372e-005	0.000115404	0.000253415	0.0415364	0.0443492	0.741622	0.223772	0.00909479	0.000298792	6.34448e-005	6.14173e-007	4.3135e-009	3.43556e-009	1.22077e-010	7.84239e-012	3.21601e-011	2.14543e-013	3.06741e-014	8.76173e-014	1.54664e-016	4.43667e-018	8.96891e-018	1.83012e-017	5.38322e-019	9.36222e-019	4.76504e-020	1.89753e-021	6.67826e-023	2.49318e-023	3.54821e-027	3.65765e-027	5.87356e-028	8.63769e-030	7.97424e-030	2.49279e-031	2.07802e-030	3.75299e-029	1.24406e-028	1.08605e-027	1.03825e-029	
0	0	9.73516e-006	9.73546e-008	2.38545e-005	7.29268e-006	3.88057e-009	1.03411e-008	1.50951e-008	1.33515e-005	0.00176391	0.0682775	0.76448	0.990267	0.812845	0.392984	4.43019e-005	1.84204e-008	7.06482e-010	1.68752e-012	7.24685e-012	7.91247e-011	6.73479e-012	2.39667e-011	8.57855e-011	2.16815e-011	4.88835e-014	7.2937e-016	1.67168e-016	8.75859e-019	6.05124e-021	1.24952e-020	2.71969e-020	2.13168e-021	2.74946e-021	4.00611e-024	1.12827e-025	5.20483e-026	1.6937e-028	4.03421e-029	5.47001e-031	3.27301e-035	1.79675e-031	2.52654e-032	1.20798e-027	2.12175e-030	
0	0	2.07315e-012	1.05071e-008	1.72153e-011	1.06424e-008	1.74635e-008	1.0881e-010	4.24472e-012	4.01938e-013	3.64711e-010	4.6526e-006	1.29246e-005	0.000381091	0.00805824	0.0454407	0.0096232	4.35722e-005	4.69818e-010	7.91111e-014	1.48585e-017	8.24374e-016	6.93837e-015	4.39991e-016	2.73985e-013	2.21255e-012	1.12667e-012	4.07434e-015	3.41043e-017	5.27004e-021	5.02499e-023	5.61398e-025	2.86397e-025	1.4098e-024	3.46075e-025	1.31187e-025	7.28243e-028	3.17197e-030	8.2792e-029	2.61646e-032	2.26711e-032	2.33283e-033	5.62445e-036	1.70339e-035	7.31373e-037	4.0108e-030	
0	0	0	3.33474e-009	2.68552e-012	7.71735e-010	3.05412e-010	2.80111e-012	6.56804e-013	1.64476e-010	1.63279e-010	4.3054e-007	0.000140261	0.000132884	0.17877	0.513749	0.973573	0.957498	0.136114	0.00262655	1.88563e-005	3.69518e-008	3.36964e-010	4.11731e-012	6.10483e-014	1.30381e-011	2.34976e-011	1.60763e-011	2.80506e-012	1.10063e-010	1.36169e-011	2.73475e-011	2.98282e-014	2.36342e-015	3.57903e-016	5.92321e-018	1.24211e-020	2.75576e-023	9.6863e-027	2.87171e-030	2.09079e-033	3.21953e-034	8.99844e-036	1.16045e-033	7.52317e-037	4.269e-031	
0	0	0	2.04858e-019	3.20529e-011	2.96962e-013	2.42331e-013	1.83295e-013	7.81422e-015	1.84021e-015	1.13917e-013	1.63737e-013	3.08116e-011	1.67481e-007	2.59471e-005	0.0266189	0.00114071	0.011343	0.85218	0.930315	0.911724	0.0269671	0.000560711	2.15973e-005	1.35275e-006	1.0906e-006	9.0162e-009	4.21911e-011	1.34224e-012	7.97568e-012	1.09801e-010	1.13142e-009	9.25005e-010	3.17404e-010	2.59179e-010	1.81386e-009	1.85826e-009	2.06977e-009	1.98879e-009	2.37129e-009	4.54675e-009	1.21197e-010	3.04669e-011	2.82572e-011	3.42262e-011	2.40045e-011	
0	0	0	0	4.5588e-011	5.5506e-012	7.7891e-012	5.34021e-012	1.77098e-012	1.2034e-012	9.68186e-013	3.42923e-012	1.00647e-009	3.61538e-007	1.15489e-006	0.0211443	0.0156178	0.0311157	0.0117061	0.0670589	0.0882574	0.973033	0.999439	0.999978	0.999999	0.999999	1	1	1	1	1	1	1	1	1	1	1	1	1	1	1	1	1	1	1	1	


1	0.633808	0.224361	0.13382	0.317475	0.120171	0.00144507	8.14655e-006	4.24081e-007	1.57973e-008	2.26378e-010	8.61197e-012	2.83707e-013	4.88482e-015	1.69594e-016	1.38577e-017	9.75655e-019	9.02392e-020	1.15367e-020	4.99946e-021	2.39846e-021	4.07637e-022	1.41856e-022	8.80547e-024	3.72507e-025	1.33046e-026	3.48715e-027	2.7706e-028	2.4056e-029	1.94405e-030	3.31468e-031	2.01974e-031	8.40385e-033	2.03116e-034	2.28509e-036	8.7035e-037	1.98283e-037	7.53886e-038	4.33605e-039	1.15155e-039	1.33127e-040	2.67488e-040	8.0781e-040	6.86456e-040	4.16621e-040	3.09198e-041	
0	0.364221	0.167088	0.275218	0.627473	0.800659	0.019366	0.000445447	6.94625e-005	1.02901e-006	8.9011e-008	6.29359e-009	1.94998e-010	2.02531e-011	5.05176e-013	7.45057e-014	8.99684e-015	8.87321e-016	8.38877e-017	6.57467e-018	7.40799e-019	1.32927e-018	8.8468e-019	7.40244e-020	6.7315e-021	3.09833e-022	3.33051e-022	2.39818e-023	2.4307e-024	4.15098e-026	5.60279e-027	3.43322e-028	4.14064e-029	3.00299e-030	6.54067e-032	5.72186e-032	5.25844e-033	4.58131e-034	7.61373e-035	9.61246e-036	1.36997e-036	3.84297e-035	2.15947e-035	9.61155e-035	8.40396e-035	2.84605e-035	
0	0.00197103	0.608056	0.556368	0.0497558	0.0786949	0.972311	0.939414	0.821681	0.0415783	0.00186539	5.43447e-005	1.8997e-006	1.86078e-008	5.71842e-012	8.22848e-014	1.80546e-012	3.42732e-011	1.94369e-014	1.36835e-015	7.55117e-019	1.12767e-019	8.25153e-019	1.10821e-020	2.6518e-023	1.40557e-024	5.37314e-021	1.96316e-020	2.33089e-021	3.24479e-023	4.9118e-025	1.4582e-027	5.78298e-031	5.12657e-032	6.86865e-035	5.21138e-034	8.12672e-035	1.21384e-036	5.60447e-037	5.76867e-038	1.39624e-038	2.84446e-034	1.33462e-034	1.88731e-035	1.37709e-037	3.28143e-037	
0	0	0.000495135	0.0345871	0.00299333	0.000347594	0.0068726	0.0599279	0.175558	0.93346	0.743488	0.69301	0.603671	0.104371	0.00129501	4.81787e-005	0.00096425	0.0243416	0.00130971	0.000435073	2.36047e-005	9.08078e-006	4.726e-006	1.07213e-006	4.63914e-008	6.86409e-011	4.28945e-009	1.51319e-007	2.48151e-007	2.93227e-007	8.68242e-008	2.40302e-009	5.19051e-012	4.51427e-013	5.05704e-016	5.90523e-018	3.07299e-021	3.39555e-025	3.356e-029	4.17984e-033	2.72078e-036	5.45647e-035	6.60214e-036	2.90391e-034	1.64255e-038	7.18991e-039	
0	0	4.20117e-008	6.68407e-006	0.00229726	0.000104599	4.70879e-006	0.000204731	0.00268883	0.0245383	0.2526	0.222177	0.123197	0.130612	0.00285988	6.95338e-005	4.25598e-005	0.000392886	0.00272299	0.0134953	0.000753306	5.30836e-005	1.08356e-006	7.84003e-008	3.29238e-008	2.83105e-012	7.11009e-011	1.70965e-008	3.58288e-007	6.26036e-008	4.47495e-008	1.04102e-009	4.31539e-012	1.95459e-014	4.83586e-017	5.94023e-020	5.21156e-022	9.30829e-026	4.73231e-030	1.85048e-033	3.91995e-037	1.01412e-036	1.8475e-036	4.98152e-037	1.86945e-037	9.61998e-041	
0	0	0	1.03039e-007	5.81303e-006	1.89734e-005	2.10775e-007	9.66276e-008	2.27174e-006	0.000255115	0.00198555	0.0846209	0.26991	0.761908	0.95049	0.808	0.965786	0.959677	0.919358	0.890514	0.614718	0.683214	0.650024	0.779308	0.560078	0.0560137	0.38396	0.96445	0.988753	0.873357	0.905214	0.611964	0.180072	0.164665	0.0156628	0.000424463	3.66961e-006	2.99016e-008	6.72951e-011	5.50738e-013	8.77995e-015	9.63375e-015	6.66485e-016	5.90231e-016	1.71378e-017	2.83466e-019	
0	0	0	3.31388e-012	8.78219e-009	3.84665e-006	1.17748e-008	5.55916e-010	1.33569e-007	0.000167674	5.97886e-005	0.000124049	0.00311678	0.00196684	0.000273083	0.000537479	0.00553426	0.0130077	0.0277426	0.00429291	0.0125081	0.0545161	0.0192915	0.0433161	0.000285052	0.000185755	0.00128882	0.0210899	0.00466904	0.120718	0.0264418	0.0712318	0.00501344	0.0319363	0.00146247	4.90175e-005	1.18121e-008	4.92453e-010	1.29584e-013	2.53577e-015	1.98775e-017	6.2495e-017	3.54213e-019	1.66254e-017	1.87186e-018	6.47261e-022	
0	0	0	0	2.50748e-009	2.58989e-008	1.40824e-009	1.21803e-011	3.31864e-011	1.36922e-009	9.00328e-007	1.28732e-005	0.000103314	0.00114214	0.0450816	0.191345	0.0276726	0.00258063	0.0488671	0.0912628	0.371997	0.262208	0.330679	0.177375	0.439637	0.943801	0.614751	0.01446	0.00657702	0.00592478	0.0683444	0.316804	0.814915	0.803398	0.982875	0.999527	0.999996	1	1	1	1	1	1	1	1	1	


1	0.868651	0.870733	0.907519	0.643132	0.722089	0.283309	0.0546199	0.00886889	0.000275221	4.81223e-006	3.68722e-009	4.80944e-012	7.94611e-014	1.11719e-015	2.7673e-017	7.8847e-017	4.65861e-016	7.28614e-017	3.30272e-018	1.48878e-019	2.74964e-019	1.20519e-018	4.53045e-020	7.56033e-022	2.0402e-022	4.0798e-022	1.6823e-022	1.91312e-023	1.11684e-023	3.67024e-024	1.34327e-024	5.05821e-026	9.04872e-027	9.31596e-028	1.1845e-027	1.13207e-028	1.53504e-029	8.32716e-030	1.13057e-030	1.81709e-031	1.95316e-030	3.1648e-030	1.4118e-030	3.23942e-031	2.10724e-031	
0	0.129722	0.00428318	0.0189366	0.293006	0.152221	0.00980569	0.002901	0.000651915	1.01034e-005	5.31909e-008	6.24721e-011	3.68459e-014	7.88131e-015	4.42921e-016	1.9436e-017	3.25738e-018	8.35487e-018	2.7708e-016	2.37822e-016	2.20352e-016	7.24768e-018	1.60529e-019	2.50941e-020	1.68695e-021	2.18849e-022	1.84626e-023	1.5252e-023	2.26208e-024	1.75444e-023	1.96148e-023	9.71108e-023	1.94047e-023	1.20643e-023	7.36596e-024	1.28363e-023	1.18757e-023	8.12828e-024	3.57618e-024	6.51704e-025	4.02318e-025	2.4806e-025	4.25083e-026	1.67787e-025	1.05856e-025	1.13001e-025	
0	0.00162657	0.124758	0.0721465	0.0384542	0.119866	0.687275	0.797049	0.851234	0.0346725	0.00396111	8.14416e-006	1.29896e-008	3.15496e-010	2.98136e-013	1.75255e-015	8.98314e-014	9.20462e-012	1.14383e-013	2.4186e-015	7.52934e-018	2.36927e-016	1.39923e-015	1.17023e-017	9.04292e-021	1.39046e-022	4.8869e-021	1.78214e-020	7.04149e-021	1.63641e-021	5.98564e-022	1.0478e-023	3.88715e-025	1.69723e-025	6.10233e-027	8.84333e-025	1.10248e-026	7.36056e-027	6.57468e-026	3.2085e-027	2.84527e-027	4.50675e-023	6.77818e-024	1.18128e-024	1.57011e-026	3.02112e-027	
0	0	0.000225779	0.00139836	0.0254075	0.00581683	0.0196092	0.145427	0.139245	0.964842	0.995491	0.997664	0.623308	0.470046	0.00736188	5.78559e-005	0.000215461	0.000170232	1.51701e-005	1.89088e-007	3.37671e-009	1.14482e-007	2.13537e-007	5.24065e-008	3.85216e-008	7.9974e-011	1.55634e-009	2.02889e-008	2.14163e-007	1.53353e-008	2.01919e-009	8.9465e-012	6.87353e-013	3.01862e-013	1.12912e-014	4.61424e-018	2.7043e-021	1.397e-023	3.51691e-027	3.88291e-029	1.9445e-031	1.25134e-028	5.79527e-025	4.03057e-026	4.4549e-027	4.47558e-029	
0	0	1.83481e-023	3.62473e-008	1.75968e-007	6.51543e-006	1.01392e-006	2.43675e-006	3.40329e-007	0.000200509	0.000543287	0.002328	0.37669	0.517767	0.262997	0.0648231	0.0254048	0.00306534	6.7562e-006	7.73786e-010	7.20063e-011	3.49966e-011	2.25574e-009	2.15707e-007	1.74518e-008	6.726e-008	7.13209e-008	1.24855e-007	1.07965e-008	3.97305e-008	5.64228e-011	4.34976e-012	6.61372e-014	2.08222e-013	1.36013e-014	2.62579e-018	7.73653e-022	4.38501e-025	5.91166e-029	1.71599e-031	1.00223e-033	1.54194e-035	5.3854e-033	2.14272e-028	2.77051e-030	1.42385e-031	
0	0	0	2.03693e-010	1.83667e-009	8.98803e-008	1.35849e-010	4.36272e-010	9.89324e-010	1.92846e-007	2.20399e-008	3.41889e-008	1.67285e-006	0.0121872	0.729486	0.914162	0.720641	0.218619	0.510133	0.119731	0.0960549	0.000577164	5.27409e-005	2.22048e-005	3.67149e-007	1.42206e-005	4.71483e-006	2.45937e-006	2.59598e-007	3.28181e-005	0.000183017	0.00867712	0.00115869	0.00652993	0.0450913	0.000807325	8.10857e-006	2.88164e-008	8.41677e-011	1.29537e-013	2.43154e-016	1.31061e-019	1.03505e-022	2.1888e-024	2.66863e-027	9.56796e-030	
0	0	0	1.30839e-030	1.55507e-012	4.58433e-012	4.94578e-010	7.57215e-012	1.20197e-012	2.27657e-013	2.24277e-011	1.27101e-013	2.54052e-013	2.64511e-009	0.000143685	0.0198312	0.246197	0.717685	0.350759	0.818022	0.61664	0.040513	0.0312154	0.000837107	1.21861e-005	5.50285e-006	2.98978e-006	3.31134e-007	4.2104e-009	6.24272e-007	2.15959e-005	0.000327181	0.00233548	0.00663867	0.0012197	0.197785	0.169954	0.131614	0.205912	0.0798308	0.141471	0.200106	0.0418556	0.0416525	0.00202148	0.000769292	
0	0	0	0	6.17996e-012	3.40613e-011	1.62015e-010	9.04577e-011	8.99208e-012	5.31045e-013	5.22356e-011	1.52383e-012	1.42203e-012	2.62068e-009	1.14475e-005	0.00112595	0.00754123	0.0604601	0.139086	0.0622473	0.287305	0.95891	0.968732	0.99914	0.999987	0.99998	0.999992	0.999997	1	0.999967	0.999795	0.990996	0.996506	0.986831	0.953689	0.801407	0.830038	0.868385	0.794088	0.920169	0.858529	0.799894	0.958144	0.958347	0.997979	0.999231	


1	0.906619	0.722561	0.807792	0.900691	0.783588	0.69333	0.794398	0.781927	0.607927	0.277186	0.0488799	0.00361503	0.000414923	3.09831e-005	2.20983e-006	2.23038e-006	6.3576e-006	4.16939e-007	3.95017e-008	3.73023e-009	1.22087e-008	5.30339e-009	5.31114e-010	1.06451e-010	1.56661e-012	1.18629e-012	1.94224e-012	2.70912e-012	1.56663e-013	7.22938e-015	2.90682e-016	1.11787e-017	1.58341e-019	4.37296e-021	3.33738e-021	1.27933e-021	8.77026e-022	1.81825e-022	7.4812e-023	1.65438e-023	2.85103e-022	1.21149e-021	1.96719e-021	1.4626e-021	5.80863e-022	
0	0.0933574	0.271756	0.0659711	0.0988149	0.211932	0.189533	0.110064	0.156204	0.0868744	0.0551484	0.00224127	0.000300947	0.000463692	1.43243e-005	2.20058e-006	2.21524e-005	0.000312571	4.71612e-006	5.92154e-007	6.34364e-008	1.85323e-007	5.1711e-007	5.72525e-008	4.86421e-010	2.59937e-011	4.26322e-011	1.54006e-010	3.82635e-011	4.29865e-012	5.46923e-013	3.54911e-014	2.535e-016	2.62103e-018	1.40816e-020	2.24485e-020	1.26894e-021	3.77594e-023	1.59799e-022	5.09723e-024	2.64709e-024	3.98088e-022	2.64232e-022	4.18138e-022	1.39591e-022	5.25891e-023	
0	2.33635e-005	0.00567843	0.119618	0.000369666	0.00446919	0.117108	0.0952462	0.0616294	0.287124	0.540119	0.0802825	0.00394511	0.000166513	3.80279e-006	1.05815e-007	2.06873e-005	0.0106525	0.000397178	5.82293e-005	4.9788e-007	2.26973e-007	1.20185e-007	1.37651e-009	4.60954e-011	4.07732e-013	3.49487e-011	9.17246e-010	4.48716e-009	2.89878e-009	4.47235e-010	6.38716e-012	1.04668e-014	1.54982e-017	2.74095e-021	5.51785e-022	4.40646e-024	2.91931e-025	7.52945e-026	5.04257e-026	4.1199e-026	1.73266e-022	1.19597e-022	3.67202e-022	4.47918e-025	3.28354e-024	
0	0	4.90042e-006	0.0066187	3.4068e-005	7.57096e-006	2.90473e-005	0.000285224	0.000205867	0.0178645	0.0941941	0.0780188	0.00503722	0.00312842	0.00847164	0.00381771	0.00373994	0.00246699	0.00211526	0.00165413	0.000136986	3.96221e-005	2.09934e-006	2.62119e-007	3.4463e-007	2.01345e-009	2.66312e-010	4.55167e-010	1.63794e-010	6.92354e-010	2.98847e-010	3.89534e-012	3.85593e-014	1.91162e-015	6.48369e-017	1.14469e-018	1.08478e-020	2.76384e-023	1.35888e-025	2.20004e-026	3.44894e-027	4.25887e-025	1.09458e-024	3.86944e-022	1.16201e-024	6.44685e-025	
0	0	1.41967e-010	9.93275e-009	6.17555e-006	6.37075e-009	8.85775e-008	5.57787e-006	3.24381e-005	0.000186573	5.7529e-005	0.00195336	7.53891e-005	3.47234e-005	2.80266e-005	0.000208911	0.00259632	2.55418e-005	4.62781e-006	1.57999e-005	3.30255e-006	2.73295e-005	1.6174e-007	4.29495e-009	1.23025e-007	3.39195e-011	2.14248e-010	2.86902e-010	5.04349e-012	1.60368e-013	1.08088e-012	2.281e-014	1.23786e-015	1.72531e-016	4.32548e-018	2.6467e-021	1.17043e-022	7.84928e-025	1.02075e-026	3.66176e-031	1.64634e-031	2.0916e-028	4.35078e-028	3.94924e-025	2.0668e-026	7.94367e-028	
0	0	0	8.21318e-008	8.45683e-005	2.75414e-006	1.91607e-007	6.39504e-007	1.44642e-006	2.34329e-005	0.0332955	0.787857	0.882613	0.591996	0.0549464	0.0012885	0.000159745	0.000740415	2.07411e-005	2.1237e-005	1.22955e-006	0.0001108	3.02786e-005	9.65872e-007	7.6347e-007	1.86482e-010	1.41271e-010	3.42842e-010	8.9705e-009	8.90258e-012	6.39746e-013	1.04974e-014	1.51067e-014	1.00701e-017	6.57789e-019	1.60023e-021	1.7724e-022	5.58286e-024	4.78732e-027	3.11832e-028	2.51885e-030	3.98288e-029	1.83226e-026	1.72337e-028	2.26634e-024	7.40365e-027	
0	0	0	3.1245e-026	1.28207e-011	2.98056e-008	3.3637e-010	1.61864e-011	4.25594e-012	6.02035e-009	4.76393e-008	0.000763034	0.104377	0.386162	0.516991	0.333642	0.0164394	0.00101623	3.53351e-006	3.85804e-009	6.3699e-008	1.75457e-008	2.09261e-007	2.44357e-006	2.88941e-006	1.44639e-006	8.64989e-008	1.90169e-008	7.22251e-010	1.39617e-011	6.22805e-015	1.76955e-015	5.24871e-017	7.44328e-017	3.48181e-018	8.72956e-022	2.96844e-024	1.19329e-025	6.07945e-028	1.38652e-030	3.05492e-031	3.24606e-033	1.44111e-032	2.93968e-029	1.84683e-031	1.02033e-027	
0	0	0	0	7.88918e-012	1.63186e-008	7.00435e-010	4.10516e-011	1.57393e-011	1.75891e-010	1.61038e-009	4.17911e-006	3.64611e-005	0.0176337	0.419514	0.661039	0.97702	0.984779	0.997454	0.99825	0.999858	0.999822	0.999967	0.999996	0.999996	0.999999	1	1	1	1	1	1	1	1	1	1	1	1	1	1	1	1	1	1	1	1	


1	0.99925	0.394354	0.68182	0.660442	0.182758	0.0122524	0.0005802	1.56964e-005	2.91653e-007	3.98522e-009	1.27922e-011	5.81824e-014	3.60492e-015	1.46909e-018	4.16404e-020	4.75443e-021	1.26973e-020	3.70208e-021	2.26822e-022	1.95729e-023	1.32035e-022	3.59988e-023	5.03855e-023	2.79165e-023	3.57107e-024	6.41391e-024	6.28468e-023	8.7068e-023	3.56367e-024	1.71124e-026	3.97478e-028	5.65329e-030	4.68222e-031	8.57997e-032	3.62703e-033	1.31214e-033	1.7979e-034	2.67449e-035	2.32212e-036	1.42789e-037	2.37991e-037	5.73162e-038	6.82402e-038	1.19935e-038	1.95821e-039	
0	0.000742991	0.605553	0.291908	0.33413	0.816997	0.987441	0.998892	0.998488	0.0145081	0.00019135	3.5187e-006	6.8493e-010	1.28804e-011	1.47822e-016	1.26474e-019	5.85895e-019	6.71308e-018	1.87966e-019	4.75424e-021	1.97695e-023	3.38629e-023	2.94986e-024	3.32854e-025	5.561e-024	3.20265e-026	6.9084e-023	3.93395e-021	3.47193e-019	1.63382e-022	1.01735e-024	3.84166e-028	9.34792e-032	1.00362e-033	4.74377e-034	2.73861e-036	2.0649e-036	5.41022e-038	8.72372e-037	1.75692e-039	1.01747e-039	2.56032e-037	2.89108e-038	2.69877e-039	1.01539e-041	4.97209e-040	
0	6.62285e-006	9.35044e-005	0.0262713	0.00537693	0.000243798	0.000306975	0.000527495	0.00149666	0.98549	0.996918	0.978334	0.772048	0.066045	0.000623362	1.45275e-006	1.02662e-007	1.56916e-007	4.66823e-007	4.00499e-009	3.54334e-010	1.22009e-008	2.54338e-009	1.59809e-009	1.14055e-008	5.47066e-011	1.28202e-010	1.5139e-009	1.07654e-007	6.75425e-009	1.14341e-011	1.81354e-014	2.76571e-017	1.16519e-019	5.55415e-021	5.16441e-025	2.27263e-028	7.57061e-031	2.24272e-035	1.79702e-038	9.81287e-043	1.19672e-042	6.20943e-039	4.79665e-040	1.25189e-042	1.1061e-044	
0	0	1.37093e-009	3.08876e-007	5.05143e-005	5.14385e-007	3.8216e-010	2.38555e-010	5.02211e-010	1.14614e-006	0.00289072	0.0216369	0.227876	0.930278	0.97673	0.929203	0.00371247	4.38253e-005	1.68747e-005	1.41929e-008	3.6952e-009	6.53276e-008	8.65604e-008	2.47954e-006	3.58517e-005	0.00150033	0.000230256	4.125e-005	4.99059e-006	2.76125e-007	1.76441e-010	4.65446e-012	4.35673e-012	6.558e-012	1.24493e-011	7.65202e-014	1.50046e-015	3.55099e-016	1.37648e-018	4.96282e-020	4.06234e-022	1.10119e-025	1.25711e-028	2.02701e-030	3.40297e-031	5.52995e-034	
0	0	4.94615e-017	2.6647e-012	2.01396e-011	6.42687e-010	4.24452e-011	2.09213e-014	5.67218e-015	5.29593e-014	1.31837e-009	2.51805e-005	7.6229e-005	0.00367178	0.0226383	0.0698883	0.964893	0.866503	0.00206117	5.5339e-006	5.26509e-009	1.23755e-009	9.68792e-010	4.75533e-010	4.67323e-006	8.06131e-006	0.0139758	0.0123266	0.00163814	1.69885e-006	1.77257e-010	2.99378e-014	3.0099e-016	9.80589e-016	2.77248e-015	2.03464e-016	7.23674e-018	2.14407e-020	3.96904e-020	1.6964e-023	1.28029e-024	1.16728e-024	2.93914e-027	2.34962e-030	1.91614e-035	4.86089e-035	
0	0	0	9.15349e-020	7.19044e-015	2.4372e-013	4.6906e-015	5.46261e-016	1.65556e-019	8.03135e-018	5.37862e-018	1.21009e-013	2.39626e-009	5.19798e-006	8.24021e-006	0.000906455	0.0313496	0.117405	0.403927	0.0290695	0.0031159	7.42062e-005	2.1215e-007	2.43709e-007	6.54081e-008	1.02328e-006	3.03454e-005	0.141997	0.0770383	0.0143725	0.000251589	6.14221e-005	2.40082e-008	2.14137e-009	1.13667e-009	4.23584e-015	2.17525e-018	7.81423e-023	7.74034e-025	3.722e-026	1.01584e-028	1.74118e-028	9.32016e-030	3.4517e-030	2.19304e-033	3.75439e-037	
0	0	0	9.68405e-024	6.7273e-021	7.68661e-018	1.76796e-017	4.01476e-019	7.76307e-020	5.26289e-023	2.47324e-021	3.00292e-019	9.40852e-016	2.17843e-011	1.57504e-007	4.17886e-007	4.52603e-005	0.0160397	0.590459	0.961793	0.972442	0.216985	0.31026	0.241673	0.0519198	0.294387	0.321861	0.170206	0.210421	0.908477	0.995664	0.990143	0.979214	0.965877	0.850741	0.903703	0.713084	0.323344	0.314637	0.146424	0.248143	0.0342123	0.00836434	0.00336104	0.000227117	0.000112925	
0	0	0	0	6.00394e-025	1.57346e-021	1.38886e-020	1.66771e-020	6.32197e-022	6.12905e-023	1.55162e-024	1.28275e-024	9.38342e-022	2.72384e-016	9.0755e-014	1.10845e-009	2.99415e-009	7.82595e-006	0.00353498	0.00913155	0.0244417	0.782941	0.68974	0.758324	0.94804	0.704104	0.663903	0.675429	0.710898	0.0771489	0.00408469	0.00979604	0.0207861	0.0341233	0.149259	0.0962968	0.286916	0.676656	0.685363	0.853576	0.751857	0.965788	0.991636	0.996639	0.999773	0.999887	


1	0.99531	0.536785	0.529971	0.927553	0.850393	0.104514	0.00897598	0.00115146	0.00039571	1.82722e-006	2.28085e-008	3.20497e-011	2.78531e-011	1.335e-013	2.00985e-015	3.18098e-018	2.02808e-020	6.22979e-022	2.27826e-023	3.29275e-024	6.25042e-024	4.05196e-025	2.30212e-026	1.94044e-026	1.4078e-028	1.27469e-028	1.82772e-028	5.96005e-028	1.09303e-029	5.49118e-031	1.27788e-032	2.62647e-034	6.76096e-036	3.16095e-037	1.92186e-038	2.02355e-039	4.9164e-040	7.17891e-041	1.41649e-041	1.518e-042	4.03283e-042	1.79734e-041	1.87473e-041	6.00499e-042	5.28763e-042	
0	0.00469036	0.463177	0.46765	0.0722875	0.149604	0.895363	0.990843	0.997203	0.0462501	0.0010522	0.00050503	2.51109e-007	2.19577e-007	1.31366e-011	4.79545e-015	6.00909e-017	2.43647e-019	1.2073e-023	2.21629e-025	4.30865e-027	2.80519e-024	3.33241e-025	1.49551e-027	1.57667e-027	3.05924e-031	5.48236e-028	8.24857e-028	5.74526e-027	9.1456e-032	2.51643e-032	9.19561e-037	4.08516e-036	4.15146e-038	1.85128e-040	2.82004e-041	2.91511e-042	2.20541e-043	2.22845e-042	4.99378e-044	2.73298e-044	1.47534e-041	3.16652e-042	3.05485e-043	1.09584e-044	5.50963e-043	
0	6.03706e-008	3.79175e-005	0.00237806	0.000155991	2.44074e-006	0.000123511	0.000180514	0.0016459	0.953245	0.997514	0.995324	0.966405	0.318281	0.0322511	0.00103539	6.74287e-006	1.03278e-007	6.78471e-011	2.05318e-014	6.17677e-017	4.64869e-016	4.40386e-017	7.27041e-019	2.52498e-018	1.65432e-020	8.90152e-020	1.02667e-019	1.03137e-018	1.49275e-020	2.10827e-024	1.64076e-028	1.43468e-031	3.25433e-035	4.39018e-039	9.05525e-042	4.93413e-046	8.64689e-046	5.10334e-049	2.90423e-046	3.65392e-049	1.24466e-045	1.99558e-043	8.88007e-044	1.31051e-047	4.08084e-048	
0	0	8.11253e-010	3.81762e-007	3.06521e-006	1.73884e-008	1.57476e-010	1.507e-009	1.23046e-009	0.000105964	0.00143132	0.0041566	0.0335309	0.623046	0.862803	0.546921	8.82237e-005	1.54493e-008	6.01394e-010	4.91885e-013	3.78867e-015	3.52222e-016	8.43899e-019	2.97976e-019	3.31619e-017	1.6679e-018	2.00696e-019	4.29951e-020	1.22678e-020	2.86972e-021	1.6496e-024	2.31491e-027	4.53209e-031	3.6939e-034	8.33884e-036	1.25331e-040	2.95025e-044	2.2311e-047	1.57177e-050	2.79502e-050	4.52757e-051	5.11293e-052	7.6663e-047	3.65542e-046	2.96672e-047	1.34075e-050	
0	0	2.36443e-013	2.71358e-009	3.01091e-007	1.53361e-007	1.04184e-011	9.2456e-011	3.9692e-011	3.18998e-006	2.61409e-007	1.4133e-005	6.36744e-005	0.0586486	0.104251	0.451088	0.00139268	4.03285e-007	1.42034e-008	6.93813e-011	1.35325e-012	4.20425e-014	5.02577e-017	4.39799e-018	2.20938e-017	5.34912e-017	1.23594e-016	4.15298e-017	3.25745e-018	6.22827e-020	1.07198e-022	1.21452e-023	3.93234e-026	6.17361e-027	8.60134e-027	1.35217e-031	1.88931e-034	3.90684e-037	1.30812e-040	8.61947e-044	9.71368e-048	2.25103e-051	9.15653e-050	2.24038e-047	5.47009e-047	2.32481e-049	
0	0	0	1.72057e-014	3.20641e-012	4.61065e-009	2.8049e-008	2.16812e-009	1.71232e-010	8.46809e-011	1.90922e-009	6.50281e-008	4.63843e-008	2.40408e-005	0.00065645	0.000921386	0.998507	0.97324	0.00403761	0.000239234	9.46874e-007	1.69886e-007	8.16089e-008	3.74416e-010	9.83628e-012	1.43817e-013	3.13688e-010	1.32901e-008	1.40954e-006	4.30636e-007	1.61914e-007	1.52763e-009	7.71043e-012	1.07258e-013	8.60456e-017	7.46228e-020	6.25077e-024	9.84317e-028	6.41503e-031	3.6059e-034	1.21123e-037	1.06758e-037	3.10391e-038	1.10399e-040	2.48312e-045	5.3396e-047	
0	0	0	2.12302e-017	1.93073e-015	1.62308e-013	2.48323e-013	9.73229e-013	2.74792e-013	3.42619e-011	2.61208e-012	4.89804e-012	1.70542e-010	1.83942e-007	3.81243e-005	2.68945e-005	5.31417e-006	0.0267463	0.99348	0.795539	0.288574	0.00974464	0.000411005	1.44139e-006	3.70037e-008	2.79474e-010	3.06923e-010	1.72777e-009	2.44311e-008	5.969e-006	2.86621e-005	8.77336e-006	8.01183e-008	2.68768e-009	4.63002e-011	1.10928e-013	2.38384e-017	1.92924e-020	4.94685e-024	1.6636e-027	1.58767e-030	1.03848e-031	1.83383e-032	1.66075e-033	7.48514e-037	7.27285e-039	
0	0	0	0	1.92459e-018	1.7349e-016	7.08635e-015	2.82464e-014	4.32316e-015	1.13713e-014	1.94653e-014	2.06456e-014	9.1607e-014	7.24478e-010	3.68422e-008	7.32437e-006	6.47824e-008	1.2741e-005	0.00248193	0.204222	0.711425	0.990255	0.999589	0.999999	1	1	1	1	0.999999	0.999994	0.999971	0.999991	1	1	1	1	1	1	1	1	1	1	1	1	1	1	


1	0.996882	0.873525	0.97744	0.994198	0.995806	0.786551	0.798796	0.435036	0.153141	0.0118673	3.22629e-005	4.1895e-007	1.12574e-007	7.12239e-010	6.07727e-012	1.58438e-013	3.44848e-014	4.74311e-015	1.95832e-015	8.47485e-017	2.01463e-016	6.59936e-017	1.17402e-017	8.55581e-019	1.44968e-020	3.98025e-022	5.54155e-023	8.9168e-023	7.85102e-025	1.48072e-026	2.69942e-028	7.59581e-030	1.60634e-031	9.78839e-033	4.51499e-034	4.17403e-035	5.99245e-036	1.61729e-036	3.26775e-037	3.22083e-038	2.19356e-037	3.34379e-037	2.38333e-037	6.55916e-037	3.74088e-037	
0	0.00311766	0.126435	0.0220504	0.00573951	0.00418646	0.213441	0.200849	0.564832	0.467515	0.945146	0.995578	0.362595	0.194748	0.0034015	2.15486e-005	2.96608e-005	9.82915e-006	1.90801e-008	1.8379e-010	3.05822e-013	1.7787e-012	1.49028e-012	5.53885e-014	9.80273e-015	5.21634e-017	5.66114e-017	2.49627e-017	7.13688e-016	3.1843e-019	7.26778e-022	3.38988e-026	7.89221e-029	4.06513e-032	1.42509e-035	1.52204e-036	7.06307e-039	2.40165e-039	2.95931e-039	1.27729e-040	4.11571e-041	7.0041e-038	6.10348e-039	4.65129e-039	1.33563e-040	6.6023e-039	
0	3.19427e-007	3.93443e-005	0.000508673	5.76301e-005	7.02015e-006	8.05472e-006	0.000354899	0.000132214	0.37934	0.0418147	0.00418542	0.637359	0.752603	0.833192	0.910571	0.843061	0.969423	0.205528	0.0971087	0.00156449	0.000690602	0.000137361	6.71678e-005	3.92239e-005	2.59486e-005	1.50332e-005	4.20452e-005	0.000115043	2.87146e-005	1.2846e-007	3.08725e-009	6.57144e-012	7.55826e-014	4.62741e-015	6.3472e-019	4.85972e-022	2.37153e-025	8.35575e-029	2.40953e-032	1.44007e-036	5.92648e-038	6.39957e-039	1.03047e-040	1.41434e-041	2.28023e-043	
0	0	2.68252e-010	6.36482e-007	4.94672e-006	1.40601e-007	2.33893e-009	1.62662e-009	5.29759e-008	4.06786e-006	0.000245946	2.19331e-005	3.27812e-005	0.0434689	0.139362	0.0393924	0.00107643	0.00256782	0.756506	0.740114	0.931886	0.810214	0.845527	0.926971	0.108215	0.13945	0.00111366	7.92971e-006	2.07239e-006	9.97238e-006	2.66991e-006	3.37944e-006	1.5933e-005	5.50104e-005	0.000181324	8.34658e-006	8.20959e-007	1.98552e-006	2.46563e-007	2.60868e-007	3.77213e-008	1.62319e-010	1.77988e-011	4.65508e-013	1.45434e-012	1.2696e-013	
0	0	1.41061e-010	8.41677e-009	1.81631e-008	2.05669e-009	3.91198e-009	1.54884e-009	9.50823e-008	1.45983e-008	0.000925696	0.000182056	1.19522e-005	0.00917786	0.0238479	0.0493652	0.143293	0.00623935	1.04753e-005	0.00197253	0.000237438	0.180806	0.130935	0.00360393	0.885909	0.619239	0.791775	0.0254761	0.0169044	1.8557e-006	4.62069e-009	3.63862e-011	8.72886e-009	2.38042e-009	3.4028e-009	3.15538e-008	5.49239e-010	4.43007e-011	4.9143e-009	1.95066e-011	6.80914e-011	8.01172e-009	1.49629e-010	1.02223e-012	5.96454e-016	5.51964e-015	
0	0	0	5.84464e-014	2.10681e-011	1.26329e-010	2.81333e-012	3.79463e-012	4.75758e-013	8.85933e-008	1.93918e-011	1.88716e-008	8.04876e-007	1.05195e-006	0.000125338	0.000526501	0.0123038	0.0208362	0.0313856	0.045668	0.00177496	4.47833e-005	0.000355581	0.00399204	0.000164836	0.0156565	0.113409	0.963252	0.356806	0.114977	0.00328873	0.0014654	5.16905e-007	3.4094e-008	8.04014e-009	5.09472e-014	1.47519e-012	1.50513e-014	1.06638e-015	3.29277e-014	8.75061e-017	1.19063e-013	4.82451e-012	4.26338e-013	4.18847e-015	3.29909e-018	
0	0	0	1.36832e-017	1.78903e-016	2.61654e-015	2.29986e-015	4.9068e-017	1.63424e-016	3.47116e-014	1.14318e-010	1.45024e-009	9.44242e-010	1.0965e-006	7.21202e-005	0.000112768	0.000231698	9.88782e-005	0.000498091	0.00224372	0.00170886	0.000860991	0.0188221	0.0617275	0.00449911	0.218981	0.0923257	0.00930571	0.597734	0.540307	0.813977	0.102169	0.190404	0.121666	0.00640627	0.00018916	3.53648e-007	1.51426e-009	4.18698e-011	2.6273e-013	2.39396e-015	1.15952e-016	9.75906e-016	7.50225e-015	1.52381e-015	2.42592e-017	
0	0	0	0	1.00519e-016	4.8887e-014	1.8861e-013	5.21258e-015	2.06033e-015	1.88347e-015	3.97182e-011	1.56351e-014	7.35444e-012	8.58135e-009	1.07302e-007	1.08549e-005	5.10207e-006	0.000824648	0.00607207	0.112894	0.0628283	0.00738325	0.00422324	0.00363851	0.00117348	0.00664728	0.00136163	0.00191619	0.0284386	0.344676	0.182731	0.896362	0.809579	0.878279	0.993412	0.999802	0.999999	0.999998	1	1	1	1	1	1	1	1	


1	0.998597	0.979369	0.9752	0.999974	0.999289	0.0729219	0.0104444	0.00481378	0.000944388	3.65472e-005	1.91047e-006	3.86707e-007	6.61683e-009	1.48643e-009	4.41408e-011	2.52748e-012	1.20064e-011	1.22348e-012	2.54668e-013	9.32589e-013	3.48888e-011	8.38365e-011	1.0878e-010	1.16309e-010	2.18973e-010	1.11864e-010	3.21883e-011	1.31275e-010	1.38764e-009	5.71652e-009	3.77981e-010	3.18033e-012	2.08842e-012	4.0542e-012	5.96215e-013	5.26016e-013	1.28138e-014	2.88989e-015	1.34026e-016	5.72851e-019	8.66155e-020	2.11848e-018	6.94e-019	7.14607e-018	1.64035e-017	
0	0.00103208	0.0195824	0.0247998	1.11718e-005	0.000708456	0.924727	0.981404	0.576483	0.95541	8.73346e-006	1.98177e-009	1.80689e-009	1.7723e-015	6.14833e-015	4.0709e-015	4.9626e-011	3.60654e-009	2.62027e-013	4.66666e-016	2.04719e-018	3.57445e-015	5.09881e-014	1.33425e-015	5.86152e-015	6.84971e-015	4.67891e-009	1.80781e-009	7.64837e-011	2.03147e-010	1.62049e-012	2.67686e-013	7.73365e-018	4.41802e-014	1.90097e-015	1.13748e-017	1.7477e-017	1.53297e-018	2.77131e-020	6.30146e-021	2.23734e-024	2.41912e-021	5.0261e-020	1.35705e-022	7.10676e-025	2.68108e-020	
0	0.000371017	0.00104794	6.82338e-007	1.51841e-005	2.71355e-006	0.0023508	0.00815124	0.418699	0.0434113	0.00336952	7.14208e-006	3.42153e-008	1.95273e-011	5.62284e-015	2.02158e-015	2.69188e-012	2.28155e-011	9.77004e-015	2.36807e-016	1.26078e-016	3.33597e-013	2.93047e-013	2.32429e-014	4.20539e-016	3.09226e-017	3.50421e-011	2.3245e-009	2.01402e-010	2.60952e-011	5.66778e-012	1.42513e-016	2.8444e-018	7.24121e-017	1.43377e-019	9.92765e-018	1.86383e-021	2.38352e-023	2.78551e-021	2.51133e-025	1.73607e-026	2.07362e-021	1.53991e-025	1.53103e-021	2.18299e-026	3.66254e-023	
0	0	7.2552e-007	1.78268e-008	2.09562e-010	3.26132e-011	1.12804e-011	4.56731e-008	4.15574e-006	0.000234794	0.996585	0.994561	0.988075	0.999212	0.0804596	1.44822e-005	2.82683e-009	1.70862e-010	1.51885e-014	3.23827e-018	6.13324e-018	3.49902e-014	1.32099e-012	4.00863e-012	1.48795e-013	1.96157e-016	3.12895e-019	1.76954e-013	5.03869e-011	1.64728e-011	1.95636e-013	8.0255e-019	2.22144e-020	5.62102e-022	3.10978e-022	4.16629e-021	1.91628e-022	7.72451e-028	3.50403e-028	2.96307e-027	2.44262e-031	3.48929e-029	1.35664e-025	1.51463e-025	5.54943e-024	1.17243e-028	
0	0	2.29574e-020	1.63435e-009	6.27215e-012	4.24042e-013	1.95904e-015	1.30394e-015	4.30953e-012	1.25372e-008	9.61352e-008	0.00543006	0.0119235	0.0007882	0.919519	0.999479	0.999919	0.965147	0.0102619	0.000599936	0.00010528	4.97109e-005	9.7427e-006	8.37615e-006	0.000147702	0.0280882	0.175549	0.0228817	0.0465088	0.170189	0.118634	0.00297744	6.48621e-006	3.80406e-006	4.57802e-006	6.41314e-010	1.09551e-011	8.32249e-016	1.50657e-018	3.20447e-022	8.09564e-027	3.63118e-030	2.82873e-030	2.38417e-029	1.56282e-027	5.75567e-026	
0	0	0	1.55913e-014	8.23018e-013	2.78111e-014	7.91191e-018	1.01707e-019	2.84596e-020	3.17009e-014	1.67734e-014	4.52282e-012	8.98038e-007	7.49464e-009	2.17561e-005	0.000506345	8.07682e-005	0.0348523	0.989707	0.998265	0.853006	0.00417892	1.26928e-005	4.27872e-007	7.39939e-007	1.77543e-005	0.000151104	3.35863e-005	0.00268181	0.309475	0.664166	0.995507	0.00146581	0.00129065	0.726809	2.87099e-005	2.28703e-005	1.38125e-006	2.59847e-009	7.42782e-010	1.97182e-013	8.42396e-020	1.08147e-018	4.18249e-023	6.83427e-024	3.40311e-024	
0	0	0	5.54567e-037	7.17103e-018	1.63954e-017	4.02921e-019	9.25958e-023	1.97694e-024	1.70439e-026	7.06474e-018	8.19473e-019	8.15315e-016	1.23046e-010	1.80567e-010	1.31828e-007	1.19936e-010	4.09903e-008	3.10463e-005	0.00113081	0.146497	0.206511	0.127759	0.00106034	0.000106317	7.44235e-005	3.62587e-009	4.14256e-010	1.10064e-008	8.57782e-005	0.0168321	0.000889095	0.998527	0.968085	0.268092	0.995823	0.980997	0.999919	0.922082	0.999917	0.999674	0.0021015	0.00193539	3.36004e-005	0.000158436	0.00033192	
0	0	0	0	6.44496e-019	3.54931e-017	1.12219e-017	2.69338e-018	4.19625e-018	1.4603e-019	1.27699e-019	1.50965e-019	3.36404e-017	8.20076e-012	1.15271e-012	8.09734e-011	3.50139e-008	1.69806e-007	5.04811e-009	3.95535e-006	0.000392079	0.789261	0.872219	0.998931	0.999745	0.97182	0.8243	0.977085	0.950809	0.52025	0.200368	0.000626798	5.52391e-007	0.0306206	0.00509395	0.00414817	0.0189802	7.96991e-005	0.0779182	8.26472e-005	0.000325995	0.997898	0.998065	0.999966	0.999842	0.999668	


1	0.998198	0.973739	0.99949	0.999966	0.999274	0.0820068	0.0487434	0.00715336	0.00100617	2.71767e-005	6.1522e-006	9.28423e-007	1.13021e-007	2.96234e-007	2.19843e-006	4.66953e-006	1.56352e-005	5.93171e-006	5.72918e-006	5.00194e-006	4.61814e-005	1.59145e-005	6.02973e-006	2.4709e-006	6.6484e-007	1.16999e-006	5.95355e-007	1.25284e-006	6.56603e-007	1.06851e-006	1.08576e-006	6.75357e-007	6.35436e-007	2.7471e-006	3.51446e-007	2.79787e-007	2.61069e-007	1.07444e-007	2.30983e-007	7.28186e-008	1.53849e-008	2.81488e-008	2.29648e-009	2.42667e-009	2.18084e-009	
0	0.00114515	0.0257917	0.00049874	2.30681e-005	0.000725939	0.917978	0.950205	0.988848	0.965763	9.02194e-005	5.15106e-007	1.24246e-008	3.9521e-012	5.7751e-012	7.96904e-010	0.000900761	0.0695555	5.99669e-006	1.81486e-008	3.48673e-010	1.55588e-007	1.31757e-007	3.86001e-010	3.6146e-010	1.42001e-010	5.48966e-005	0.000279993	2.71221e-005	1.35441e-006	7.97132e-009	6.71993e-010	3.1337e-012	2.99242e-009	7.18939e-011	6.92013e-011	4.71636e-013	1.63655e-012	4.594e-012	1.14788e-013	3.03383e-013	7.83636e-009	3.27842e-011	1.70523e-011	6.10828e-017	2.06388e-012	
0	0.000656426	0.000469723	1.10087e-005	1.0476e-005	5.13245e-007	1.56115e-005	0.00105163	0.00399814	0.0332295	0.999558	0.995336	0.993291	0.829401	0.610429	0.250912	0.190183	0.364287	0.00464005	0.000140142	3.41609e-005	0.00523174	0.0230717	0.00617655	0.000105886	1.11953e-007	4.85707e-008	1.79228e-005	2.87076e-005	2.35824e-005	4.61804e-006	8.43274e-009	2.56871e-009	8.49208e-010	1.82046e-011	1.46313e-009	2.2644e-013	7.81669e-013	5.25123e-013	2.76899e-013	9.02307e-013	3.32352e-011	4.0632e-013	4.89241e-011	1.00716e-014	1.07845e-014	
0	0	4.00764e-008	2.59218e-009	2.76407e-010	1.58942e-011	1.6559e-014	2.95039e-011	2.0729e-010	6.33986e-008	0.000324032	0.00458479	0.0066075	0.170558	0.367372	0.251121	9.77579e-005	6.80013e-005	7.65372e-005	2.33296e-006	1.77394e-007	5.3641e-007	1.5461e-006	0.00171594	0.00030917	9.35954e-007	4.74857e-011	6.29551e-011	5.2418e-009	1.35963e-008	4.49375e-009	1.75231e-010	3.08896e-012	3.41441e-013	1.43987e-013	1.72529e-016	9.3643e-014	8.39714e-019	4.06334e-018	4.10028e-018	8.0646e-018	1.27337e-017	6.74967e-016	6.69862e-017	3.63759e-014	4.18126e-019	
0	0	6.69216e-009	1.36834e-008	6.55397e-011	2.23552e-010	1.26538e-012	1.26021e-010	2.29189e-009	1.02745e-006	3.79585e-007	7.21958e-005	0.000100191	4.11562e-005	0.0198608	0.487213	0.803917	0.542605	0.0223718	0.00278324	0.000202336	3.8667e-005	1.43279e-006	5.70207e-006	4.54849e-005	3.35341e-005	2.26008e-005	1.29454e-006	1.77493e-007	7.68098e-008	6.47741e-008	4.9473e-008	1.24699e-009	2.08188e-010	1.00228e-010	1.33897e-014	1.48271e-014	3.03052e-017	9.32616e-018	9.9559e-018	1.80759e-018	7.49593e-018	1.60217e-015	1.19187e-018	4.33744e-016	2.74981e-017	
0	0	0	3.91479e-012	1.4533e-011	1.33885e-013	4.41528e-018	1.0901e-018	5.55569e-018	4.65023e-013	1.5394e-013	1.29189e-009	5.9266e-009	6.1094e-008	0.00233745	0.00228928	1.81884e-005	5.62729e-005	0.968163	0.990825	0.765949	0.0011009	3.61604e-008	3.67626e-009	2.16653e-006	2.77509e-007	4.51873e-009	8.29639e-010	9.5642e-009	1.40263e-009	2.01251e-008	1.79478e-007	1.40967e-008	1.98612e-009	9.30754e-007	7.15431e-013	1.73207e-014	5.20233e-016	2.31567e-019	1.96195e-019	1.23065e-021	3.88287e-027	4.83574e-021	4.01948e-022	4.87314e-020	2.49467e-018	
0	0	0	1.12476e-020	2.74907e-016	6.19317e-017	4.02217e-019	3.40413e-024	5.72457e-025	1.83352e-025	6.42337e-017	1.04356e-016	3.06356e-013	6.87104e-011	4.89583e-008	0.00845261	1.81632e-007	5.73401e-009	7.39449e-009	0.0018313	0.220789	0.0742247	0.0313156	0.00015198	4.61168e-006	1.48718e-005	2.65377e-010	2.05929e-014	3.46295e-014	4.74863e-012	6.42495e-012	7.03404e-010	2.10944e-005	3.83231e-006	5.75114e-008	3.19929e-006	1.34874e-006	2.06642e-005	7.29297e-005	0.000454939	0.0595708	0.000179911	8.72728e-007	7.46415e-009	1.08815e-009	1.22005e-010	
0	0	0	0	2.79039e-016	7.02879e-016	5.56271e-017	1.42133e-017	2.20987e-018	1.99311e-019	5.66017e-018	1.31162e-017	4.9148e-014	4.21958e-013	1.53215e-010	9.47647e-006	0.0048788	0.0234123	0.00473708	0.00441229	0.0130205	0.919357	0.945594	0.991944	0.99953	0.99995	0.999921	0.9997	0.999943	0.999974	0.999994	0.999999	0.999978	0.999996	0.999996	0.999996	0.999998	0.999979	0.999927	0.999545	0.940429	0.99982	0.999999	1	1	1	


1	0.965586	0.973099	0.996355	0.996355	0.998931	0.96568	0.975172	0.883569	0.449976	0.189771	0.108897	0.0299943	0.0481415	0.134186	0.22173	0.638825	0.321595	0.698886	0.676589	0.43821	0.226679	0.312094	0.0628897	0.00600119	0.00496032	0.0382832	0.256503	0.207759	0.250252	0.345265	0.152961	0.0107234	0.000544714	1.89943e-005	0.000227517	4.57025e-005	1.86953e-006	1.16627e-006	4.83313e-008	2.44645e-008	3.76909e-006	9.20483e-006	3.2026e-005	1.12988e-005	6.44008e-006	
0	0.0328739	0.00099506	0.00230543	0.000768119	0.000169409	0.00101856	0.000833948	0.000847096	0.000581298	0.00143534	0.000244171	0.000130626	0.000312089	0.000810865	0.00311504	0.00206894	0.00178529	0.00180778	0.00771615	0.0124125	0.00203898	0.0142939	0.0125067	1.55418e-005	8.38105e-005	4.42408e-005	0.000852434	1.42945e-005	0.0305788	0.00963999	0.00206502	0.000941495	0.000108478	6.32964e-008	0.000222946	4.36684e-005	7.79629e-007	1.00917e-007	4.47959e-009	5.08756e-009	2.44736e-007	3.13664e-008	3.24476e-006	7.49345e-007	1.75533e-008	
0	0.0015401	0.0258715	0.00115152	0.00282571	0.000843192	0.0331428	0.0160123	0.112935	0.0375135	0.41166	0.209468	0.0361967	0.0261781	0.00191568	0.00281456	0.316752	0.671714	0.0243441	0.012261	0.00985798	0.0750115	0.316172	0.0135897	3.63633e-005	4.26659e-005	0.00738116	0.113255	0.0253117	0.030538	0.0244514	0.000473465	0.000233997	3.78536e-006	2.19269e-009	3.45258e-005	7.56459e-008	1.89161e-009	2.92982e-009	2.15843e-011	4.28321e-011	2.08906e-006	1.19369e-007	1.69898e-006	1.12326e-008	6.50239e-009	
0	0	2.08359e-005	6.56914e-005	7.51493e-007	3.64219e-006	6.23054e-006	0.000615514	9.9311e-005	0.00504547	0.00046934	0.0146455	0.000595072	0.000216694	8.01949e-005	4.1768e-006	0.000536758	0.00169609	0.0104926	0.000572384	1.14642e-005	3.80198e-005	0.000111233	0.00100984	9.33842e-005	9.04952e-008	2.56558e-005	0.00283145	0.000859433	0.00026323	0.000463834	9.21994e-006	2.8503e-007	1.68149e-006	7.69932e-009	4.74719e-011	2.93819e-008	3.65462e-010	1.6251e-011	8.36085e-013	2.77101e-013	5.56854e-010	7.72108e-009	1.89928e-009	4.67767e-010	1.12376e-010	
0	0	1.40116e-005	0.000122074	4.78351e-005	5.19923e-005	0.000152782	0.00736646	0.00254847	0.506297	0.381652	0.654857	0.875357	0.182897	0.00293301	0.000117389	0.000190217	0.0029826	0.247031	0.283488	0.042466	0.01201	0.000182855	0.00330459	0.000516438	3.62225e-007	6.46984e-005	0.0452793	0.567626	0.344267	0.0963393	0.00207303	2.35684e-005	2.16967e-006	3.40136e-008	1.95421e-011	1.07179e-009	6.80514e-012	1.20256e-014	1.23698e-013	2.98092e-016	4.37099e-013	1.15101e-008	6.82544e-010	4.5521e-010	3.15663e-012	
0	0	0	3.42581e-008	2.21055e-006	3.40644e-007	5.75536e-009	1.97802e-008	1.02277e-006	0.000586898	0.0149928	0.00533236	0.0542259	0.734475	0.674068	0.279959	0.00335333	2.52712e-005	0.0170929	0.0183709	0.484042	0.590845	0.32223	0.736557	0.00742857	0.00335702	0.000169159	5.7556e-005	0.000950135	0.320254	0.508338	0.828118	0.8467	0.890581	0.848333	0.400673	0.00245702	0.000175993	9.13973e-007	1.10992e-008	3.12006e-010	1.42745e-011	1.95349e-014	1.84774e-010	1.07096e-009	2.88449e-012	
0	0	0	5.49542e-012	5.30232e-011	8.52369e-011	3.70892e-012	3.05093e-012	9.98473e-011	8.07216e-010	1.38144e-006	0.000106986	3.25167e-006	0.000212727	0.0190536	0.0112114	0.000119555	1.2102e-007	9.06513e-008	3.16749e-005	0.000147943	0.000361756	0.000879221	0.0041397	0.00787662	0.00124866	1.14492e-005	1.2295e-007	2.31882e-008	6.2049e-007	0.000171154	0.00036004	0.00239116	0.000568439	0.000529075	0.00486406	0.00204865	1.20204e-005	3.79424e-007	2.03211e-009	8.87755e-011	2.74252e-012	2.10502e-014	8.17795e-015	6.9059e-013	4.20262e-013	
0	0	0	0	9.75814e-009	1.40769e-007	4.82738e-008	1.52674e-008	2.47931e-009	5.78962e-008	1.86231e-005	0.00644917	0.00349715	0.00756727	0.166952	0.481049	0.0381536	0.000201502	0.000344834	0.000970967	0.0128524	0.0930151	0.0340363	0.166003	0.978032	0.990307	0.95402	0.581222	0.19748	0.0238462	0.0153311	0.0139407	0.138986	0.10819	0.151119	0.593978	0.995405	0.999809	0.999997	1	1	0.999994	0.999991	0.999963	0.999988	0.999994	


1	0.937248	0.944324	0.943177	0.803895	0.648997	0.652231	0.353391	0.204676	0.0792255	0.164273	0.163715	0.413181	0.725966	0.745099	0.823933	0.974627	0.991561	0.929246	0.966884	0.429886	0.847457	0.978586	0.945341	0.757259	0.500884	0.933386	0.975534	0.774062	0.972538	0.934156	0.62284	0.605904	0.920913	0.697918	0.946233	0.79931	0.65294	0.541351	0.50397	0.288215	0.985321	0.969432	0.981968	0.837004	0.949604	
0	0.033598	0.054112	0.0538191	0.102561	0.243827	0.346878	0.646133	0.794075	0.916265	0.829986	0.826138	0.576514	0.0776191	0.0239045	0.00572636	0.0220487	0.00735628	0.0223454	0.00264811	0.00401059	0.071246	0.0146535	0.00669856	0.0854557	0.00651821	0.0579076	0.0212144	0.219823	0.0145259	0.0124072	0.00206407	0.00882615	0.00439057	0.0268329	0.00280119	0.00437069	0.0212866	0.00365347	0.0169228	0.00270187	0.00295478	0.0232603	0.00829522	0.00723467	0.0157733	
0	0.0291541	0.00154314	0.0029938	0.0917153	0.105354	0.000743339	0.000468889	0.00124056	0.00449952	0.00520137	0.00982808	0.0101831	0.0986667	0.207423	0.155405	0.00109884	0.000136192	0.0469727	0.0289602	0.53791	0.072623	0.00540675	0.0456081	0.15363	0.46993	0.00179671	0.00155155	0.00525659	0.0107136	0.0524616	0.373284	0.350752	0.0667604	0.272924	0.0342467	0.174911	0.311081	0.36976	0.431205	0.50021	0.00339434	0.0065811	0.00929549	0.148534	0.0330643	
0	0	2.07507e-006	7.49764e-006	0.00182283	0.00162029	1.03648e-006	1.48746e-006	2.23844e-006	9.46974e-007	0.000514783	0.000304965	6.96909e-005	0.0977278	0.0217322	0.00919578	3.98282e-007	3.69657e-008	1.04269e-005	0.000621425	0.028056	0.0012555	3.40459e-005	0.00225921	0.00329926	0.0123235	3.94487e-007	1.86474e-006	1.06481e-005	9.86197e-006	0.000178618	0.00090405	0.0250642	0.000162412	0.000954043	0.00274217	0.0185353	0.00380911	0.0784547	0.0367142	0.203642	0.000203899	1.38512e-006	0.000117979	0.0070217	0.000705579	
0	0	1.84582e-005	3.02112e-006	5.60438e-006	0.000200888	0.000142707	6.07638e-007	2.26368e-007	5.83345e-007	5.00945e-006	3.06176e-006	2.24355e-005	1.38912e-005	0.00170984	0.00571395	0.00107232	1.62789e-005	4.29512e-007	8.78752e-005	0.000103952	0.00712231	0.00109172	4.07246e-005	0.000335764	0.0103414	0.0033005	2.06861e-005	1.04366e-006	2.28839e-005	2.70972e-005	0.000758945	0.00939637	0.00754757	0.00120154	0.0138899	0.00284895	0.010862	0.00676056	0.0111766	0.00522461	0.00730654	0.000157459	3.12063e-005	6.93465e-005	0.000706852	
0	0	0	1.20892e-008	3.60998e-008	8.44569e-007	3.39471e-006	1.17705e-006	7.90175e-007	3.55574e-008	3.82426e-008	4.02428e-006	8.94524e-007	3.53779e-007	0.000130295	5.37879e-006	0.00109502	2.90126e-005	9.66595e-007	2.84688e-009	8.84173e-008	0.000248561	0.000132072	7.06238e-007	1.56401e-006	9.9504e-007	0.00357868	5.34826e-005	9.40219e-006	4.88703e-008	1.65624e-007	1.3359e-008	6.62452e-006	2.20174e-005	6.6527e-006	1.14244e-005	1.71575e-006	8.41364e-006	1.8695e-005	6.82222e-006	5.13239e-006	0.000810374	2.7342e-005	1.10981e-006	1.55776e-007	1.76222e-006	
0	0	0	8.33853e-013	2.37621e-017	3.8295e-015	1.5296e-010	7.15594e-012	1.24404e-013	7.94329e-013	1.91273e-013	2.02843e-013	2.12292e-011	1.14222e-014	9.52054e-014	5.3846e-013	2.67736e-009	5.69928e-007	1.72894e-012	1.34296e-014	8.93475e-016	8.70652e-012	3.94602e-010	5.14935e-014	2.61229e-013	5.14844e-013	7.93723e-008	9.11896e-010	3.86995e-012	6.44221e-012	2.69846e-015	4.98092e-013	8.16686e-013	1.71773e-010	4.63032e-011	2.48823e-011	4.61377e-012	1.27657e-011	1.32015e-013	1.00977e-011	7.34017e-013	1.14096e-009	9.99737e-010	1.20152e-012	2.53531e-016	1.27618e-013	
0	0	0	0	1.87624e-009	5.50606e-009	8.3564e-007	3.7116e-006	4.65943e-006	8.31481e-006	1.91323e-005	7.67429e-006	2.90622e-005	5.69231e-006	1.15106e-006	1.99937e-005	5.76175e-005	0.000900502	0.00142423	0.000798189	3.27932e-005	4.72441e-005	9.57389e-005	5.16864e-005	1.81396e-005	1.69133e-006	2.98236e-005	0.00162352	0.000838028	0.00219007	0.000769094	0.000148487	5.07214e-005	0.000203517	0.000163533	7.56499e-005	2.25931e-005	1.28154e-005	1.66096e-006	5.33108e-006	6.77101e-007	9.46137e-006	0.000540821	0.000291431	0.000136366	0.000144629	


1	0.639714	0.259627	0.284013	0.0483779	0.00893356	0.00631114	8.22598e-005	1.52916e-005	1.0904e-005	4.35208e-006	1.64055e-006	2.60447e-007	3.45461e-008	1.18983e-007	4.52904e-008	3.63525e-009	8.81203e-010	1.25389e-010	1.59018e-011	2.34266e-011	2.49453e-011	6.50355e-011	2.47001e-010	1.14198e-010	1.24741e-010	2.09565e-011	5.5561e-012	7.58328e-013	3.67326e-013	2.80028e-014	1.69611e-014	9.11963e-015	8.71963e-015	3.59639e-015	1.98578e-015	1.73118e-015	4.19002e-015	1.47177e-015	3.1414e-015	2.18561e-015	1.24155e-016	8.04545e-017	1.5158e-017	1.0425e-017	2.22595e-018	
0	0.112385	0.449364	0.473592	0.301378	0.324521	0.669517	0.118467	0.0601143	0.0234862	0.0261019	0.00621017	0.000494612	0.000288791	0.000617332	0.000267022	1.90882e-005	4.66581e-006	6.38247e-007	8.08778e-008	5.21196e-008	4.82887e-008	1.83198e-008	8.12333e-008	2.41968e-007	1.07468e-007	2.54179e-008	1.91471e-008	9.87571e-009	1.22575e-009	4.46794e-011	7.93154e-012	9.60457e-013	3.38035e-013	1.24757e-013	2.02541e-014	1.54592e-014	2.25143e-015	1.96518e-015	1.14317e-015	1.03142e-015	3.99002e-016	3.3305e-016	1.74608e-016	5.92036e-017	2.73423e-017	
0	0.247902	0.215027	0.109938	0.0146208	0.00180132	0.00497542	0.000403799	0.00325252	0.0159653	0.00136188	0.00560875	0.000310742	1.39283e-006	0.00347884	0.0020183	0.00150095	8.27958e-005	3.55002e-006	1.33388e-007	8.70594e-008	3.15959e-008	6.29987e-008	2.27754e-008	4.8609e-008	3.11002e-007	7.46252e-008	9.74774e-010	3.89905e-010	2.96054e-010	1.95935e-011	3.6932e-012	1.82167e-013	1.52585e-014	3.32091e-014	1.33877e-014	9.9653e-015	2.55501e-014	2.76051e-014	3.47104e-014	5.78204e-015	6.10128e-017	7.92897e-016	4.0836e-018	4.15046e-018	4.38384e-018	
0	0	0.0759626	0.128136	0.633255	0.65407	0.049945	0.00293669	0.00266086	0.00844231	0.00406845	0.0672466	0.0168858	0.00109618	0.00379116	0.000429983	7.85133e-006	8.04125e-007	5.79714e-007	1.7021e-009	5.81819e-009	2.84245e-007	6.22519e-008	2.91284e-008	2.50991e-007	6.44625e-008	1.63141e-008	2.13538e-010	3.0144e-009	1.37195e-012	1.96394e-012	7.39917e-014	3.02182e-013	7.28827e-015	2.31884e-013	3.23928e-016	1.77375e-015	5.27156e-015	2.78899e-015	2.18477e-014	6.01984e-016	1.57298e-018	1.71143e-016	1.36573e-019	2.64826e-017	4.11488e-018	
0	0	1.97164e-005	0.00423734	0.00227015	0.00984332	0.0130108	8.47642e-005	8.74437e-005	6.12144e-005	0.000270735	9.39953e-005	0.000253535	0.000607586	0.0253528	0.104457	0.0531654	0.0123994	0.00296351	0.000405433	0.00110807	0.00194134	0.00412837	0.00677293	0.00774787	0.102134	0.0804614	0.00399586	0.000138038	6.3997e-005	9.47088e-006	4.13793e-006	2.59816e-006	2.03614e-006	4.00688e-006	2.48338e-005	4.16594e-005	2.62097e-005	0.000150953	0.000115283	6.11727e-005	7.80705e-006	1.3454e-006	6.51764e-007	5.93888e-008	4.69393e-008	
0	0	0	8.38401e-005	9.66656e-005	0.000824156	0.256069	0.875506	0.828526	0.830707	0.868198	0.894512	0.97438	0.96738	0.0786816	0.00341389	0.00257442	0.0128238	6.90594e-005	1.49414e-005	5.5996e-007	9.85867e-005	0.000111606	0.00236385	0.000871262	1.80359e-005	0.0176994	0.184742	0.0935553	0.00181421	5.22699e-006	3.46865e-008	1.84355e-008	2.36489e-007	4.75522e-008	2.62403e-009	5.34935e-007	4.32191e-007	8.45137e-008	5.57447e-006	1.71011e-006	4.88477e-006	1.00006e-006	8.98906e-008	1.23026e-008	2.52179e-009	
0	0	0	3.55116e-008	5.08926e-009	1.91359e-007	7.80687e-005	0.000310659	0.00196481	0.00385676	0.0233945	0.00036251	0.0055329	0.0138336	0.0627243	0.000903752	0.000108535	0.0162526	0.000159028	3.29168e-006	3.08291e-008	5.63767e-007	7.61971e-006	4.43223e-006	7.29305e-007	6.62168e-006	0.000108613	0.00180859	0.000905651	0.021872	4.16247e-005	2.13207e-006	6.69139e-009	5.40892e-009	1.42066e-009	2.93348e-008	1.7175e-009	2.43423e-009	6.01162e-010	8.3417e-009	2.2712e-008	4.81894e-007	2.70835e-009	5.38715e-008	3.05056e-011	1.69852e-011	
0	0	0	0	1.49232e-006	7.12821e-006	9.32224e-005	0.00220904	0.103379	0.117471	0.0766005	0.0259642	0.00214227	0.0167926	0.825354	0.88851	0.942624	0.958436	0.996804	0.999576	0.998891	0.997959	0.995752	0.990859	0.99138	0.89784	0.901731	0.809453	0.905401	0.97625	0.999944	0.999994	0.999997	0.999998	0.999996	0.999975	0.999958	0.999973	0.999849	0.999879	0.999937	0.999987	0.999998	0.999999	1	1	


1	0.978253	0.453072	0.158065	0.307036	0.575645	0.414116	0.115661	0.0449996	0.0100667	0.00863081	0.00920422	0.00642389	0.00572613	0.00389369	0.00316377	0.000225693	5.16363e-006	1.36564e-005	6.35258e-006	1.17574e-005	1.98785e-005	2.77776e-005	5.44336e-006	9.82795e-007	2.05218e-005	1.70601e-005	2.56789e-006	5.18631e-007	1.67531e-007	1.06402e-007	8.88108e-008	1.8066e-007	9.45936e-008	1.01626e-007	6.91113e-008	7.05373e-008	1.49899e-007	3.35065e-007	2.77429e-007	2.22244e-007	1.36432e-008	1.15112e-008	5.30778e-009	6.95035e-009	4.507e-009	
0	0.0216647	0.534832	0.72299	0.652078	0.317553	0.248951	0.129855	0.0602677	0.00907644	0.0417269	0.610631	0.664318	0.361446	0.453607	0.107988	0.0233402	0.000732339	0.00010915	5.11779e-006	4.20467e-007	8.19673e-006	0.000119764	2.24168e-006	4.56756e-007	2.48267e-006	1.29339e-005	8.14583e-007	5.8355e-007	7.84017e-009	1.4532e-008	7.00115e-010	4.95105e-009	4.5085e-010	1.64344e-009	3.38967e-009	8.11616e-009	1.21143e-008	6.49769e-008	5.54203e-008	4.13512e-008	1.59413e-008	1.12807e-007	1.90356e-009	4.45377e-010	5.07452e-010	
0	8.23443e-005	0.0119916	0.118371	0.0383656	0.0931325	0.0782521	0.0118708	0.00454351	0.00106451	0.000127632	0.00103326	0.00363216	0.00211838	0.0659418	0.18388	0.468746	0.28805	0.300797	0.32969	0.0203545	0.000703615	0.00106655	4.07278e-007	1.90368e-008	3.04355e-006	3.65495e-005	4.36031e-006	2.16009e-006	3.35399e-007	2.9169e-007	2.65838e-007	9.81023e-009	6.45039e-011	5.49916e-010	1.73709e-010	6.38261e-010	6.3461e-010	1.16029e-008	1.47575e-009	1.87294e-009	2.3833e-009	7.39273e-008	4.58024e-010	8.2108e-012	1.45313e-010	
0	0	0.000104882	0.000531095	0.00109544	0.00225476	0.188425	0.367978	0.467126	0.856621	0.17116	0.0145032	0.00868732	0.00252942	4.64383e-005	0.000663045	0.491907	0.704039	0.0666856	0.0105516	0.00167589	0.00236874	0.00164189	2.12203e-005	1.16509e-008	1.91415e-009	6.32146e-005	0.000488843	1.53142e-005	1.4098e-005	3.93515e-006	6.71355e-008	1.66607e-010	2.78619e-010	1.543e-012	2.48034e-012	2.87403e-013	1.0532e-013	2.06365e-012	8.97297e-013	9.73159e-013	7.16984e-010	5.47161e-011	5.85834e-009	4.40564e-013	9.56722e-014	
0	0	1.053e-008	3.61108e-005	0.00135082	0.000267329	2.49176e-005	0.001007	0.000884559	0.000993446	0.366521	0.0576809	0.0103947	0.163732	0.357004	0.607033	0.000912211	0.000549359	0.55633	0.475161	0.916249	0.950423	0.9642	0.989238	0.0399607	0.298834	0.00432265	8.11723e-005	3.53705e-006	2.6409e-006	7.20979e-006	1.93427e-006	1.25813e-005	6.25206e-006	5.58146e-006	8.91622e-006	2.17304e-005	1.19705e-005	1.37547e-005	1.08193e-005	9.49144e-006	1.62482e-007	1.34571e-009	2.66569e-009	1.98454e-008	8.06326e-010	
0	0	0	6.70229e-006	7.33136e-005	0.0110118	0.00247692	0.00776579	0.000866922	1.10538e-005	0.00648697	0.0429047	0.000256375	0.00419111	0.00258264	0.0362509	3.33278e-005	2.31616e-006	0.0593045	0.151897	0.0479965	0.0178741	0.000128138	0.00426438	0.959575	0.384123	0.0109064	5.07084e-005	5.9881e-005	3.17631e-008	1.96292e-007	3.34352e-008	1.35825e-005	1.21333e-006	3.07913e-006	2.83734e-008	7.21553e-006	7.78786e-006	6.19635e-006	1.92937e-005	1.72974e-005	8.20067e-008	6.96021e-009	1.9056e-009	6.66502e-009	4.02067e-008	
0	0	0	1.76313e-011	4.25681e-007	0.000112018	0.0631517	0.259989	0.219539	0.0125681	0.0213583	0.00233845	0.00346115	0.00129328	6.12375e-006	3.81535e-005	3.967e-005	1.1429e-006	1.03887e-006	0.00154257	0.00225022	0.011961	0.00137873	0.000483112	0.000124645	0.0372312	0.0184547	0.00575465	0.00164261	9.6701e-005	1.68973e-006	1.10438e-007	1.44928e-007	3.21626e-006	1.58426e-007	2.31521e-007	9.7029e-009	1.04296e-006	9.18996e-008	2.97678e-007	1.1017e-006	6.40562e-007	6.43826e-009	1.03339e-008	4.0146e-009	6.17682e-010	
0	0	0	0	2.79095e-007	2.36167e-005	0.00460322	0.105873	0.201773	0.109599	0.383988	0.261704	0.302826	0.458964	0.116918	0.0609835	0.0147965	0.0066205	0.0167594	0.0311466	0.011462	0.0166419	0.0314371	0.0059854	0.000338541	0.279787	0.966186	0.993617	0.998275	0.999886	0.999987	0.999997	0.999973	0.999989	0.999991	0.999991	0.999971	0.999979	0.99998	0.999969	0.999972	0.999999	1	1	1	1	


1	0.973361	0.922771	0.548146	0.449578	0.0725434	0.00982065	0.000839445	0.000470549	3.18693e-005	9.08288e-006	1.91535e-006	2.68022e-008	1.18714e-007	8.52511e-009	1.88196e-009	4.64471e-009	3.82532e-009	2.237e-010	5.46963e-011	8.04664e-013	1.87087e-012	2.9833e-012	3.32914e-012	7.37024e-013	3.72208e-014	7.98281e-014	2.66649e-014	1.93607e-014	2.47874e-015	1.29924e-015	1.78767e-017	1.15279e-017	3.93786e-018	4.04835e-019	9.95683e-019	2.02405e-019	1.14395e-020	1.16388e-020	8.99299e-022	1.68343e-022	7.16469e-021	1.41563e-021	7.90545e-021	4.85187e-021	4.60644e-021	
0	0.0249127	0.0493445	0.450705	0.549085	0.927306	0.98575	0.998661	0.816946	0.153064	0.0175195	0.00210923	4.12835e-005	0.000110198	1.65273e-007	3.6981e-009	2.56208e-009	2.67646e-009	1.63052e-010	4.14395e-011	1.09306e-013	2.59706e-013	3.82688e-014	3.9255e-013	5.11486e-014	5.66781e-016	2.08427e-014	4.47581e-014	1.13034e-013	7.03194e-015	4.05956e-015	3.46849e-017	4.42235e-017	5.85017e-017	6.7778e-018	4.57989e-019	3.84629e-020	3.65045e-021	1.3703e-022	2.75982e-022	1.96413e-023	1.0366e-021	1.93913e-022	8.19481e-022	2.9688e-021	8.81849e-022	
0	0.00172622	0.0277985	0.000174701	0.00100546	9.68291e-005	0.00442009	0.000471266	0.18257	0.843524	0.968048	0.957684	0.994752	0.30524	0.103137	0.00194697	0.0193453	0.0754372	0.00196942	6.16652e-006	2.51065e-008	9.18185e-008	2.27711e-007	6.81752e-009	5.50478e-010	2.35893e-011	9.78746e-011	1.5388e-011	1.54477e-011	5.09283e-012	4.14964e-014	8.40318e-016	5.14312e-018	1.0041e-018	3.03814e-019	1.59961e-018	7.87403e-023	2.18381e-023	5.39445e-024	1.52553e-026	3.69443e-026	5.71141e-023	1.07574e-023	3.21467e-023	3.57923e-025	4.3153e-023	
0	0	5.81823e-005	0.00090792	0.000225399	4.62813e-005	2.45496e-006	2.36436e-005	1.04834e-005	0.00157979	0.0029265	0.0240222	0.000578955	0.479832	0.0111976	0.00612312	0.014592	0.00549362	0.00271062	0.00279783	5.42063e-005	9.26713e-006	2.28687e-006	1.68539e-006	1.97915e-007	1.11567e-008	2.80773e-008	8.91395e-009	8.74525e-010	1.68809e-010	3.17983e-010	1.99649e-011	1.61507e-011	2.0193e-011	1.05749e-012	1.34647e-013	2.04369e-014	1.26751e-016	3.49379e-017	6.69395e-019	3.86113e-020	1.23554e-019	2.05081e-020	1.54976e-020	2.66844e-021	6.05653e-022	
0	0	2.83289e-005	6.37676e-005	9.31283e-005	1.62449e-006	5.22612e-008	3.3085e-007	2.07188e-006	0.00179937	0.0114862	0.0159391	0.00435543	0.202554	0.856679	0.967444	0.810884	0.692081	0.81619	0.840728	0.96111	0.906083	0.915652	0.593511	0.762592	0.722905	0.337441	0.0451674	0.0806098	0.113154	0.11707	0.161959	0.124292	0.0387295	0.0578587	0.123457	0.00533992	0.000274224	0.000160912	2.28062e-006	1.64629e-007	1.19643e-007	2.37647e-008	1.91699e-008	1.07719e-009	5.60915e-010	
0	0	0	2.57981e-006	1.33572e-005	5.5026e-006	6.67384e-006	4.6978e-006	3.45718e-007	1.99638e-007	9.61019e-006	0.000226089	0.000265595	0.0120623	2.68286e-005	0.00271617	0.0639571	0.029012	0.000543539	0.0142405	3.86528e-005	0.0693754	0.01493	0.379256	0.00677976	1.90816e-005	0.264548	0.88424	0.0733568	0.00141644	0.00180085	1.63732e-005	0.0100257	0.118499	0.00241713	1.38251e-005	0.000589645	8.15615e-006	1.36357e-007	5.22156e-007	3.87034e-009	6.03257e-008	4.54892e-010	7.15308e-010	1.07275e-009	9.06242e-012	
0	0	0	3.35112e-009	1.56138e-007	2.64925e-008	6.18375e-009	2.30748e-009	1.17615e-007	3.1193e-008	1.31536e-006	1.78572e-005	6.25594e-006	0.000198182	0.0289475	0.0204958	0.0896505	0.189814	0.165875	0.0787614	0.0264914	0.0220808	0.068386	0.0155652	0.225526	0.27299	0.378784	0.0513277	0.81407	0.784097	0.625919	0.636947	0.200276	0.0308924	0.0636852	0.135439	0.00287411	0.000122319	6.7914e-005	4.63037e-007	4.08502e-008	5.76121e-008	2.28696e-008	1.53388e-008	3.24747e-010	4.62906e-010	
0	0	0	0	6.15894e-008	8.99382e-008	2.69035e-008	9.09374e-009	8.92632e-009	2.83208e-009	1.35752e-010	6.60338e-009	3.67196e-008	4.23847e-006	1.19086e-005	0.0012735	0.00157129	0.00816191	0.0127112	0.0634664	0.0123054	0.00245185	0.00102925	0.0116661	0.0051022	0.0040856	0.0192265	0.0192653	0.0319639	0.101332	0.25521	0.201077	0.665406	0.811879	0.876039	0.741091	0.991196	0.999595	0.999771	0.999997	1	1	1	1	1	1	


1	0.99932	0.924854	0.952831	0.995039	0.952439	0.345921	0.0943004	0.0145879	0.0477909	0.0204961	0.366293	0.13615	0.0237991	0.00020793	4.30629e-006	5.37833e-006	3.19123e-005	8.50147e-007	1.85065e-008	6.43473e-009	3.47775e-008	4.88333e-008	3.16579e-008	1.70599e-008	2.68913e-008	1.1827e-008	1.31753e-008	2.26366e-008	8.71221e-009	4.59263e-009	7.88593e-010	1.03313e-010	9.1922e-012	1.924e-013	2.59433e-013	7.25259e-014	2.30734e-014	6.22456e-015	1.0705e-015	2.6983e-016	1.17635e-016	1.21917e-016	4.17623e-017	1.74448e-017	3.10473e-018	
0	0.000679628	0.0751418	0.0469835	0.00496031	0.0475611	0.654073	0.90565	0.985329	0.93964	0.691072	0.405175	0.00986013	0.00183118	3.36301e-006	5.79798e-007	0.000112734	0.0776316	0.000652175	6.92301e-005	8.49369e-007	5.65127e-007	2.98788e-007	8.2309e-009	1.3133e-010	5.17969e-010	7.10062e-008	1.17919e-006	3.16438e-006	6.94399e-006	2.42366e-006	7.06406e-008	2.66803e-010	3.71708e-012	1.24285e-015	1.05986e-013	4.32842e-016	8.3856e-018	1.33671e-016	6.17753e-019	1.92096e-018	5.37208e-015	1.70623e-016	3.1614e-016	9.33204e-019	3.50059e-019	
0	3.21541e-007	3.9157e-006	0.000185689	4.48605e-007	8.87661e-008	5.81619e-006	4.89654e-005	8.3211e-005	0.0125152	0.288365	0.173186	0.00400333	6.63888e-005	1.28867e-006	4.7856e-009	2.71158e-008	0.000279806	0.000218922	2.49237e-005	3.78269e-007	1.4743e-008	7.5775e-009	6.223e-010	4.54729e-012	7.55387e-013	1.22291e-011	2.38291e-009	9.38043e-009	4.09212e-006	6.70448e-007	1.96808e-009	5.92723e-011	3.02029e-013	7.78597e-018	6.89415e-016	3.04578e-018	3.2914e-020	9.14043e-021	4.55621e-021	3.01499e-021	1.46691e-019	1.58246e-018	3.30646e-018	4.02685e-021	7.60918e-023	
0	0	4.94478e-011	3.72368e-008	5.67908e-007	4.68324e-009	2.87216e-009	9.97665e-008	1.92251e-008	5.39443e-005	1.00252e-005	0.00374649	2.99411e-005	2.00597e-006	1.42545e-009	2.61319e-010	1.52649e-012	6.65172e-010	4.47561e-007	7.04912e-007	1.14419e-006	5.2544e-008	5.78927e-012	6.48951e-011	7.36153e-011	2.14375e-013	1.37109e-016	1.38912e-013	6.22297e-013	4.22896e-012	2.49785e-009	1.23787e-009	2.56219e-012	2.59005e-014	3.89518e-016	1.03406e-019	3.29567e-018	7.68547e-021	1.76512e-023	9.45936e-023	1.68232e-024	1.25368e-025	1.9695e-021	7.10606e-022	1.48762e-020	2.54455e-024	
0	0	1.53956e-014	1.67797e-012	3.50387e-009	3.2632e-008	2.55762e-008	2.75192e-008	5.53977e-009	1.94562e-007	5.68032e-005	0.0514849	0.809844	0.193693	0.000214638	5.50634e-007	1.1974e-007	8.09224e-008	2.94196e-010	1.52733e-010	4.06868e-009	7.48856e-006	4.70444e-006	2.90886e-005	7.75066e-005	2.69126e-006	3.41016e-006	8.73136e-006	0.000196288	6.78909e-006	7.08067e-008	9.59054e-011	4.09075e-011	5.31504e-012	6.85167e-014	3.56204e-016	3.96956e-018	2.08799e-019	3.24377e-022	1.9624e-023	7.59986e-026	2.19998e-027	1.57727e-027	4.24302e-024	8.11369e-024	3.30379e-023	
0	0	0	2.52026e-017	8.33281e-014	1.4884e-012	1.09801e-012	7.22922e-013	2.24937e-013	2.36888e-010	1.10201e-009	0.000113551	0.0400749	0.779524	0.888674	0.926997	0.864134	0.134332	0.00118195	3.1476e-006	1.22978e-007	2.30079e-008	3.85754e-008	4.7788e-007	2.4331e-005	0.00046233	0.000217898	0.000166098	1.8748e-005	8.60782e-006	1.914e-007	6.99967e-009	1.54667e-010	2.12695e-011	5.12077e-013	2.97928e-016	2.28683e-019	3.88448e-022	1.29673e-023	3.44974e-027	6.06823e-028	6.4757e-030	1.08977e-031	5.229e-027	4.01662e-027	5.74153e-027	
0	0	0	1.4905e-016	6.45037e-016	8.19339e-012	1.32503e-012	1.07277e-012	2.485e-013	2.9215e-011	9.63161e-012	8.16651e-007	3.76779e-005	0.0010772	0.110885	0.0711604	0.105807	0.529456	0.975433	0.944746	0.867771	0.00488807	0.000182059	4.1541e-005	2.78026e-005	0.00267121	0.000660192	9.08711e-005	0.000287915	0.00744995	0.025567	0.882135	0.643747	0.656102	0.988117	0.168403	0.0879765	0.0316071	0.00175984	0.000316015	3.71412e-005	3.55541e-008	4.00015e-009	6.76747e-011	5.15544e-012	9.9927e-013	
0	0	0	0	1.81917e-017	1.21791e-016	1.57368e-012	1.31772e-012	4.18212e-013	6.8332e-013	3.26081e-012	1.4825e-010	5.92154e-008	7.01632e-006	1.35153e-005	0.00183695	0.0299412	0.258268	0.0225123	0.0551556	0.132227	0.995104	0.999813	0.999929	0.99987	0.996864	0.999118	0.999733	0.999494	0.992524	0.97443	0.117865	0.356253	0.343898	0.0118829	0.831597	0.912024	0.968393	0.99824	0.999684	0.999963	1	1	1	1	1	


1	0.995167	0.966659	0.430744	0.913324	0.837861	0.791418	0.850657	0.962438	0.969098	0.975224	0.997117	0.972323	0.929378	0.693084	0.124578	0.0296682	0.00143625	0.00208247	0.000106055	0.000626142	0.0247429	0.0180344	0.456927	0.898019	0.360372	0.0754695	0.0815462	0.233321	0.037418	0.0161916	0.00224314	0.00312603	0.000601238	9.67516e-005	0.00022436	0.000126762	0.000187135	0.00010822	0.000123351	0.000219833	0.000775651	0.000789977	0.0104301	0.0450218	0.0507334	
0	0.00481128	0.0317496	0.569242	0.0865933	0.162105	0.193624	0.147017	0.0316339	0.0298443	0.0241429	0.00284126	0.0265061	0.0699533	0.305286	0.874166	0.503621	0.473953	0.993975	0.999587	0.998846	0.687107	0.188797	0.480552	0.0705625	0.47666	0.121182	0.294433	0.254432	0.553006	0.289264	0.330516	0.100691	0.0091408	0.00119155	0.00391792	0.00488731	0.00219588	0.00157226	0.000757532	0.00126839	0.0253662	0.0278502	0.236419	0.405116	0.430343	
0	2.18153e-005	0.00159128	1.36763e-005	8.29738e-005	3.41297e-005	0.0149577	0.00232347	0.00592849	0.00105191	0.000628112	2.75924e-005	0.000556578	0.000159914	3.57404e-005	0.000218445	0.462044	0.524171	0.000797671	0.000190474	0.000307599	0.287121	0.791588	0.0420502	6.27276e-006	0.000201385	0.0576693	0.0857744	0.000414024	0.0119395	0.00069004	0.000176017	0.000399627	0.000137466	1.37136e-008	0.000523128	5.52866e-007	1.06999e-006	4.58862e-007	6.30584e-008	2.44302e-007	0.0112625	9.28463e-005	0.00350093	0.000187706	3.30526e-005	
0	0	5.7549e-009	1.73891e-007	1.21996e-009	8.15939e-009	7.33222e-011	2.20116e-006	1.09998e-007	4.76694e-007	4.82202e-007	2.07628e-007	1.70318e-010	5.57982e-008	1.97421e-007	2.9723e-011	2.38526e-008	1.13179e-005	0.00220231	9.10312e-008	2.04368e-008	1.12727e-007	1.64736e-005	0.00039011	1.33803e-005	7.84327e-010	4.79158e-009	9.43818e-007	0.000578228	2.08121e-008	4.20538e-005	1.45801e-008	1.34687e-009	4.14651e-010	1.70722e-008	7.1485e-013	8.70103e-009	1.58022e-012	4.38373e-011	1.59938e-011	1.97529e-011	1.94245e-011	5.62171e-005	1.80923e-009	4.09633e-007	2.91542e-008	
0	0	3.19057e-011	5.97316e-008	2.18702e-010	9.48588e-010	2.27163e-010	1.35422e-007	8.3283e-009	5.63763e-006	6.8838e-009	1.59327e-007	2.31249e-009	6.79976e-009	3.21806e-008	6.78094e-009	9.65384e-008	2.15532e-006	0.000142175	2.87475e-006	4.70579e-008	1.457e-007	1.95944e-006	0.000229898	0.000370796	6.48508e-007	5.641e-008	1.0503e-005	3.99958e-005	2.07988e-008	3.72322e-007	2.00032e-008	1.55606e-009	3.83976e-009	5.8558e-008	5.62267e-014	6.09914e-009	8.85228e-012	4.06802e-012	1.50619e-012	7.55981e-014	1.85727e-012	3.3818e-007	3.63927e-009	2.54742e-008	5.90484e-009	
0	0	0	9.68396e-015	2.62161e-009	1.51963e-011	8.2676e-011	1.5193e-011	2.67763e-009	1.27611e-008	4.64994e-006	1.35241e-005	0.000612086	0.000475232	8.70734e-006	3.10154e-007	8.27522e-009	3.2254e-010	1.47042e-008	7.54175e-008	3.22989e-008	1.23639e-005	5.22341e-006	3.90299e-006	3.9043e-005	1.15429e-007	1.48922e-007	5.86742e-007	2.05505e-005	5.5661e-008	7.8221e-011	4.95287e-011	1.49723e-009	1.31433e-011	3.81083e-012	1.85578e-012	1.13821e-016	5.99865e-012	2.8157e-016	9.04801e-016	1.38314e-017	2.4955e-016	1.61393e-015	3.4233e-010	1.23221e-011	1.76978e-012	
0	0	0	7.68198e-022	3.78105e-018	1.71043e-012	7.78758e-015	2.6976e-014	5.54484e-016	9.18511e-012	4.27524e-012	3.87691e-008	2.13068e-006	2.96092e-005	0.00130039	0.000561083	0.000270215	7.06136e-007	3.92512e-009	9.91186e-013	2.11449e-010	1.19449e-009	6.05216e-008	4.77457e-006	4.73164e-006	0.00011041	5.23934e-005	2.23554e-006	5.13507e-008	5.49911e-008	5.62969e-011	5.95024e-013	1.5287e-013	1.14725e-011	4.57791e-013	3.16429e-015	2.76773e-015	1.56504e-017	1.38844e-015	3.56835e-018	6.503e-019	1.11151e-020	9.44858e-020	8.14343e-017	6.97698e-013	5.19748e-015	
0	0	0	0	2.47053e-017	6.94928e-012	1.5583e-012	7.85546e-013	2.00066e-013	1.44102e-011	3.83579e-012	3.02929e-008	9.33388e-008	3.66442e-006	0.000284225	0.000475992	0.00439636	0.000425541	0.000800458	0.000113092	0.00022022	0.00101662	0.00155755	0.0198417	0.0309841	0.162655	0.745626	0.538232	0.511194	0.397636	0.693812	0.667064	0.895784	0.99012	0.998712	0.995335	0.994985	0.997616	0.998319	0.999119	0.998512	0.962596	0.97121	0.74965	0.549674	0.51889	


1	0.42944	0.207454	0.282403	0.140938	0.456136	0.817448	0.932468	0.937991	0.896453	0.163182	0.0743545	0.007648	0.000136932	9.23135e-005	5.34669e-005	0.000144076	5.95039e-005	0.00161571	0.00795535	0.00201924	0.00140102	0.000533722	0.000100691	4.61709e-005	8.23471e-006	7.5052e-006	1.57925e-005	3.00976e-005	1.56075e-005	9.08416e-006	2.23034e-006	1.32754e-006	1.80001e-006	2.16243e-006	2.49762e-006	1.17115e-005	6.54382e-005	9.92711e-005	0.000552075	0.0010906	0.00292112	0.00809836	0.00819631	0.00585528	0.0334606	
0	0.555495	0.773508	0.706954	0.712653	0.39004	0.157322	0.0606664	0.0459234	0.101615	0.376107	0.767672	0.98457	0.119661	0.291969	0.52097	0.576419	0.0553158	0.308478	0.0781033	0.033958	0.216893	0.452837	0.489502	0.900421	0.7788	0.481797	0.232981	0.0774938	0.00911578	0.00118876	3.45682e-005	2.03095e-005	1.89738e-005	1.38353e-005	4.75576e-005	0.000198444	0.0010461	0.00269097	0.0202426	0.0545758	0.0623746	0.226654	0.113037	0.0870472	0.222327	
0	0.0150654	0.0187811	0.010622	0.146405	0.15305	0.00868444	0.00439901	0.0150539	0.000419138	0.460449	0.154072	0.00693733	0.880198	0.702366	0.46928	0.0102966	0.00231733	0.0405888	0.376471	0.630212	0.602848	0.406522	0.496125	0.0600364	0.0380668	0.000712887	0.0496957	0.0241788	0.00193182	0.00228728	5.01129e-005	6.78346e-005	3.66999e-006	1.10992e-007	4.78035e-005	6.87495e-005	1.32657e-005	0.00115158	0.000703402	0.0333856	0.1515	0.0028274	0.529296	0.803494	0.500271	
0	0	1.66545e-007	8.10618e-006	1.69483e-006	0.000262964	2.2887e-006	2.24468e-008	9.04829e-009	5.31889e-008	1.06096e-009	2.1343e-006	4.98391e-007	7.20324e-008	0.00515807	0.00947533	2.58992e-005	1.67464e-007	2.1509e-005	9.22593e-005	0.000538458	6.77863e-005	0.000211688	2.54252e-005	0.00058163	0.00422222	7.10709e-007	3.675e-008	4.25439e-006	2.83561e-006	7.55291e-007	2.0085e-005	2.33534e-006	7.15856e-008	3.02125e-008	1.63948e-009	2.63037e-006	1.03734e-005	1.96637e-006	5.39712e-005	5.25265e-005	2.20376e-006	0.000144902	7.98118e-007	0.00209073	0.00167972	
0	0	0.000257222	1.32117e-005	1.22962e-006	0.000511399	0.0165435	0.00246664	0.00103185	0.00150418	0.000261378	0.00388806	0.000839668	4.2775e-006	0.00041032	0.000189023	0.412841	0.942214	0.187575	0.0197986	8.77064e-005	0.00921661	0.0277467	0.000822844	2.04399e-005	5.26736e-006	0.00307657	0.0272751	0.00298539	0.00546976	0.000190746	2.74915e-006	1.9986e-008	5.17699e-007	1.06146e-010	2.00442e-009	5.97882e-009	4.03432e-009	1.30741e-009	8.17915e-008	2.92606e-007	0.0548295	0.000801934	0.000428154	6.25908e-005	0.000491567	
0	0	0	5.73027e-008	3.25242e-007	2.79282e-008	2.98932e-009	2.44365e-007	9.10461e-008	8.2656e-006	2.80302e-007	1.11887e-005	4.70434e-006	7.62541e-008	8.31834e-007	2.43592e-006	7.15668e-008	2.56712e-007	0.455611	0.00966569	0.00540162	0.000415049	3.01508e-006	0.000298575	0.000536821	6.61796e-005	4.77585e-008	1.33306e-007	7.9069e-005	2.69781e-007	1.79721e-005	4.88073e-007	1.04953e-007	2.43957e-009	5.61861e-008	4.48878e-011	9.52865e-011	1.55184e-009	9.28184e-011	7.14105e-010	3.55305e-010	3.63407e-013	0.000626351	8.28421e-008	5.96019e-005	1.05637e-006	
0	0	0	1.9105e-039	5.58661e-014	1.1027e-012	6.16856e-014	4.20711e-015	1.53235e-013	1.72828e-012	2.06131e-011	1.20768e-011	6.88181e-010	3.80663e-011	1.84083e-010	1.28351e-010	4.31797e-010	2.53394e-013	8.65299e-011	1.31193e-005	5.06606e-008	5.56387e-008	2.05612e-009	2.59028e-011	5.36365e-008	2.76091e-008	4.48392e-009	5.041e-012	3.13185e-013	7.99184e-010	7.05125e-013	1.10212e-010	1.24825e-012	5.19052e-012	5.96185e-014	6.92906e-014	3.11246e-016	4.34115e-016	3.05181e-015	4.4898e-016	2.74991e-015	6.45383e-016	1.96231e-018	1.51377e-009	1.81551e-013	2.26663e-010	
0	0	0	0	9.71713e-010	2.21236e-008	3.92086e-009	2.93293e-010	4.12537e-009	3.85742e-009	1.53212e-007	1.13209e-007	2.52916e-007	6.68933e-008	3.29314e-006	2.97873e-005	0.000273665	9.31843e-005	0.00611033	0.5079	0.327782	0.169159	0.112147	0.0131255	0.0383571	0.178832	0.514405	0.690032	0.895229	0.983464	0.996305	0.99989	0.999908	0.999975	0.999984	0.999902	0.999718	0.998865	0.996056	0.978448	0.910895	0.728372	0.760847	0.349042	0.101391	0.24177	


1	0.831448	0.996114	0.987076	0.911264	0.975638	0.998519	0.998323	0.999268	0.984368	0.995993	0.992754	0.925422	0.822221	0.311928	0.0371996	0.0140951	0.0129074	0.00174074	0.000600613	0.000380658	0.00298773	0.00294164	0.00216151	0.00138101	5.50407e-005	1.25552e-005	3.69063e-005	9.12418e-005	3.08321e-006	9.60422e-007	1.10265e-007	1.48215e-008	5.00032e-010	4.9918e-011	3.69459e-011	1.03079e-010	1.60442e-010	3.45536e-010	5.59992e-010	8.32211e-010	1.67527e-008	1.10927e-007	5.68085e-007	5.97167e-006	7.55619e-006	
0	0.158945	0.00290818	0.0115568	0.0669008	0.0174503	0.00115179	0.00140633	0.000661991	0.0154308	0.00283356	0.00355697	0.0198099	0.0683472	0.019855	0.00359709	1.0863e-005	2.22519e-005	0.000852838	0.000283479	0.000955771	0.000177368	1.08143e-005	0.00144041	0.000182521	5.54365e-006	1.58447e-008	5.20917e-007	1.34897e-007	1.16207e-006	1.73608e-007	9.155e-008	1.42172e-008	1.34133e-009	2.28676e-010	2.67507e-011	2.0587e-010	3.49425e-010	9.36249e-011	2.13307e-010	2.39483e-010	2.04104e-011	1.26036e-009	7.84228e-008	5.93901e-006	6.15034e-007	
0	0.00960724	0.000770383	0.00134189	0.0218345	0.00690267	4.64139e-005	0.000162113	1.99842e-005	0.000159908	0.00110754	0.00347935	0.00205339	0.00293082	0.00226685	7.91025e-005	2.00548e-008	5.56537e-008	4.90772e-006	1.17287e-006	1.32049e-005	7.0702e-005	8.13834e-007	6.32336e-005	0.000177032	5.6626e-007	9.89098e-011	7.17906e-010	8.40273e-008	2.02546e-010	4.61136e-010	3.05783e-010	3.21826e-009	4.39447e-012	1.7926e-011	4.39138e-013	3.43771e-011	2.84763e-010	4.67429e-011	1.03699e-009	4.08408e-010	4.24734e-013	2.89997e-010	5.19839e-011	5.00134e-006	1.07097e-007	
0	0	3.89247e-005	9.49714e-006	2.41849e-007	6.58289e-006	1.94057e-005	1.88816e-007	1.49738e-007	5.99849e-008	3.55304e-006	9.67239e-006	6.65042e-005	4.58201e-006	0.000702653	8.25875e-005	1.07491e-005	3.42206e-007	3.74279e-010	2.25434e-008	1.05433e-008	1.65558e-006	7.31399e-007	5.72475e-009	2.96568e-006	1.37774e-006	9.09013e-008	6.9696e-010	4.2357e-011	1.40531e-011	6.11663e-012	1.49165e-012	2.35822e-012	7.82885e-013	2.81482e-014	8.02404e-013	6.98119e-014	1.00891e-012	6.7774e-012	1.79647e-012	8.77563e-012	3.24603e-011	3.9212e-012	4.45175e-012	2.44917e-011	4.80554e-008	
0	0	0.000168186	1.48652e-005	1.89927e-008	2.46058e-006	0.000263178	0.000106844	4.95841e-005	3.58857e-005	5.37427e-005	1.58234e-005	0.000135284	2.43219e-006	2.80497e-006	5.41094e-007	0.000142421	0.00859626	8.14662e-005	1.53377e-006	3.20544e-010	3.59629e-007	1.63834e-006	2.70491e-009	8.23662e-009	3.0997e-009	2.31028e-006	7.07056e-006	3.20726e-006	2.59886e-007	1.47234e-009	1.86824e-012	6.70562e-015	2.41985e-013	1.88368e-016	5.27067e-014	2.75548e-016	1.38204e-015	1.58827e-014	3.93132e-015	3.49954e-014	1.12247e-009	7.79659e-010	2.13018e-010	2.94876e-013	4.90455e-009	
0	0	0	8.02827e-007	8.97632e-010	2.60915e-012	1.42775e-009	1.1472e-006	1.18193e-007	5.15469e-006	3.7053e-006	1.61087e-005	2.57229e-006	8.86645e-007	1.30134e-007	1.9311e-009	3.94197e-008	2.0519e-006	3.91956e-005	6.84963e-006	5.99838e-009	9.76687e-010	1.01651e-009	7.06171e-009	1.5382e-009	9.78836e-014	1.32902e-010	1.84596e-007	2.30084e-007	1.68945e-009	7.91962e-010	1.02467e-013	8.99513e-017	2.48949e-018	1.2412e-016	5.86257e-021	2.27196e-017	1.36549e-020	1.54169e-019	2.01404e-018	1.17741e-019	6.58201e-016	7.70112e-012	1.32443e-012	1.89279e-013	1.14533e-015	
0	0	0	1.18963e-013	1.31121e-008	4.54373e-010	2.61548e-011	2.34463e-011	1.46138e-009	3.72465e-007	4.79399e-006	0.000167138	0.0524634	0.0973375	0.0320736	0.00164014	4.05986e-005	3.7981e-006	1.66083e-007	1.02386e-007	6.60259e-008	1.22635e-006	3.52366e-007	8.30002e-007	2.27418e-006	7.10512e-009	1.5472e-009	6.16389e-009	8.19708e-007	2.67044e-009	8.69288e-012	6.30112e-013	4.19598e-014	6.46525e-016	1.23095e-016	6.20442e-021	8.68033e-023	4.70511e-019	2.19284e-022	3.15449e-021	4.29523e-022	6.6554e-023	2.9566e-017	2.14478e-015	1.44551e-013	3.88231e-016	
0	0	0	0	2.59023e-016	4.57954e-011	3.90257e-012	2.56843e-013	7.908e-014	5.80305e-011	9.46417e-009	4.59031e-007	4.72387e-005	0.00915547	0.633171	0.957401	0.9857	0.978468	0.997281	0.999106	0.99865	0.996761	0.997044	0.996334	0.998254	0.999937	0.999985	0.999955	0.999904	0.999995	0.999999	1	1	1	1	1	1	1	1	1	1	1	1	0.999999	0.999983	0.999992	


