E:\Google Drive\Progetti\MSR Action3D\Real\a06_s09_e01_skeleton3D.txt
6
TRUE
-784.684
-812.451
-790.618
-780.774
-823.223
-755.34
-798.665
-820.817
-816.118
-860.899
-836.189
-840.425
-895.239
-947.921
-895.83
-848.304
-809.571
-832.456
-887.495
-822.406

33
20
1	0.648006	0.589381	0.186064	0.00188389	5.67357e-005	4.2229e-006	3.26549e-011	2.42055e-015	2.02947e-019	1.1437e-023	5.12151e-028	2.10108e-031	1.04043e-035	4.21304e-039	1.46785e-042	2.86109e-046	2.09963e-050	5.36788e-055	4.53125e-059	8.97154e-064	1.59801e-068	3.52781e-073	6.52716e-078	1.25411e-082	1.49427e-083	2.06691e-084	1.47371e-085	6.66876e-086	2.66116e-086	2.76226e-086	3.73659e-086	1.68393e-085	4.85662e-085	
0	0.325291	0.175488	0.019246	0.000418202	3.93001e-005	4.22928e-006	1.13504e-010	1.37552e-014	3.71023e-018	2.25346e-022	1.8799e-026	2.0287e-030	1.49987e-034	5.35635e-038	1.80228e-041	3.9769e-045	2.2738e-049	1.16033e-053	3.54437e-058	1.05511e-062	1.75056e-067	3.83093e-072	1.17471e-076	1.11175e-081	2.00976e-082	1.65211e-083	2.16676e-084	6.77361e-084	1.98143e-083	3.09116e-083	3.13038e-083	5.34633e-082	4.93971e-082	
0	0.026703	0.209788	0.139786	0.00117778	2.0024e-005	9.5564e-007	6.68905e-011	4.92992e-015	9.31769e-019	1.26045e-022	9.2908e-027	1.19829e-029	4.67267e-033	4.01922e-036	4.14776e-039	1.79843e-042	1.57229e-046	4.94791e-050	1.16742e-053	2.54686e-058	2.55759e-063	9.22554e-068	2.77335e-072	3.79495e-077	5.28135e-078	3.04671e-079	7.61951e-081	1.25434e-081	1.58115e-082	5.59645e-083	5.9104e-083	5.58667e-083	7.07386e-082	
0	0	0.0203659	0.00322951	0.00060233	7.64804e-005	2.52765e-006	1.02152e-010	4.53817e-014	4.50048e-017	4.00267e-020	4.52292e-024	1.93401e-027	1.8626e-031	6.28987e-034	5.42017e-037	2.84072e-040	8.78728e-044	2.2741e-048	2.66899e-052	8.13658e-056	2.07982e-059	8.99667e-064	1.74838e-067	3.11112e-072	4.64259e-073	2.44195e-075	3.34359e-077	6.75002e-077	3.20132e-077	3.35597e-077	9.95069e-078	3.37818e-076	3.89861e-077	
0	0	0.00497651	0.651666	0.989437	0.787129	0.0286649	6.65092e-005	8.756e-010	5.64855e-012	3.11777e-015	1.95104e-018	3.39621e-018	2.38948e-019	1.43063e-018	3.49984e-018	1.33832e-018	7.21169e-021	3.74161e-024	5.09353e-025	3.22743e-026	3.0815e-028	4.81508e-030	5.2604e-033	1.27466e-037	3.74269e-039	1.72318e-042	1.27169e-045	7.4031e-049	5.22696e-051	1.26363e-052	1.35727e-054	8.64159e-053	7.4546e-055	
0	0	0	8.24537e-006	0.00648074	0.21266	0.970109	0.988611	0.652014	0.254134	0.031146	0.00484383	0.00105568	0.000189007	0.00105046	0.00738169	0.0621674	0.0879083	0.012376	0.000122052	5.5452e-006	1.89184e-007	1.87747e-009	4.22016e-011	5.19771e-014	1.25939e-015	1.62948e-017	9.03966e-019	2.49768e-020	1.41063e-022	2.87616e-025	1.36816e-028	4.34074e-029	4.56243e-031	
0	0	0	4.24107e-014	6.12153e-010	1.32483e-006	0.000235248	0.00577252	0.2117	0.535793	0.521565	0.137385	0.0875948	0.00413074	0.00229823	0.00185884	0.00416098	0.00279635	0.00388306	0.000209995	1.0105e-006	3.12263e-008	5.20712e-009	4.92873e-011	1.24763e-012	1.28643e-014	1.4201e-016	1.19202e-018	5.69973e-022	5.06283e-024	4.98813e-026	1.96593e-028	1.51783e-030	3.38916e-032	
0	0	0	0	2.12321e-009	1.7246e-005	0.000978869	0.00554961	0.136286	0.210074	0.447289	0.857771	0.91135	0.99568	0.996651	0.990759	0.933672	0.909295	0.983741	0.999668	0.999993	1	1	1	1	1	1	1	1	1	1	1	1	1	


1	0.523375	0.0558939	0.00178374	0.000155391	2.20274e-005	2.80171e-006	2.11748e-007	4.29856e-008	3.49499e-009	2.98454e-010	2.06952e-010	1.60733e-010	5.03389e-011	3.13504e-012	6.92616e-014	1.72297e-015	9.94493e-016	4.42234e-016	2.68016e-016	4.1454e-017	4.48198e-018	1.21597e-019	2.03496e-020	1.51496e-023	2.41083e-024	1.23572e-026	4.68555e-027	1.02941e-027	1.64427e-029	7.38184e-031	2.6596e-033	1.70941e-033	1.83057e-034	
0	9.84732e-005	1.66914e-005	1.305e-008	5.23497e-007	2.22343e-006	9.32486e-009	3.89911e-011	4.49626e-012	2.84838e-013	1.12701e-014	5.70128e-015	3.48786e-014	2.0069e-014	8.61635e-017	8.21148e-018	1.28495e-019	3.02943e-018	8.24316e-019	6.79427e-019	2.39045e-016	1.39443e-015	3.68428e-016	1.13094e-015	1.10461e-020	1.31589e-019	6.07923e-024	5.31549e-025	5.36089e-027	3.48241e-030	1.18286e-032	3.22341e-037	4.60168e-036	1.68222e-039	
0	0.476526	0.944014	0.99809	0.990943	0.989489	0.866224	0.710166	0.0645615	0.0886455	0.0152704	0.00984298	0.235434	0.750238	0.974	0.961933	0.872985	0.674166	0.339316	0.85322	0.902926	0.733022	0.211022	0.167328	0.000594274	0.000259582	9.42652e-007	3.87654e-008	2.00385e-009	4.62376e-011	1.43168e-012	1.27421e-014	8.73099e-014	8.23756e-015	
0	0	7.42006e-005	0.00012431	0.00889556	0.0103288	0.133714	0.288649	0.931377	0.869368	0.969394	0.926711	0.199672	0.013734	0.0199803	0.0376467	0.126684	0.320915	0.656821	0.0541779	0.0352592	0.042778	0.00186338	0.000886307	8.3499e-006	5.14461e-007	1.55142e-008	1.89203e-009	1.50723e-010	6.36651e-013	6.16795e-015	8.77801e-018	7.67724e-017	9.96294e-017	
0	0	1.49359e-006	1.85893e-006	5.22791e-006	0.000158263	5.10214e-005	0.00117058	0.00117586	0.0400402	0.00960046	0.029815	0.507581	0.117207	0.00528907	0.00040138	0.000326889	0.00490057	0.00334628	0.0908446	0.0527458	0.00843773	0.00643398	0.000714306	2.38745e-007	7.01996e-007	1.54037e-010	5.46559e-011	1.78871e-013	6.77046e-015	1.88815e-016	1.26308e-018	2.0745e-019	4.20281e-020	
0	0	0	5.43014e-010	1.35705e-008	1.78213e-007	7.69405e-006	1.44998e-005	0.00288187	0.000934551	0.00539643	0.02148	0.0517719	0.117465	0.000538797	1.66064e-005	3.63567e-006	1.83297e-005	0.000516798	0.00174941	0.00906563	0.215673	0.778612	0.827345	0.998693	0.996199	0.999019	0.966697	0.0562993	0.00030564	1.42931e-006	2.04684e-008	3.06465e-010	3.5329e-011	
0	0	0	3.84649e-012	1.32104e-012	4.08953e-011	3.76181e-009	8.84247e-008	3.33053e-006	0.00101145	0.000328316	0.0121441	0.00303273	0.00120605	0.000189935	1.73771e-006	2.18676e-008	1.29179e-008	4.75475e-007	7.67001e-006	2.96007e-006	8.90656e-005	0.00206897	0.003714	0.00070329	0.00350863	0.000974349	0.0332959	0.943249	0.993025	0.980087	0.992022	0.62395	0.192935	
0	0	0	0	1.35505e-013	3.08579e-013	5.64333e-011	1.49357e-010	1.1411e-009	1.64643e-007	1.07375e-005	6.712e-006	0.00250889	0.000150398	2.3104e-006	1.93582e-007	8.18134e-009	3.46192e-010	5.30333e-010	2.84096e-008	4.59265e-009	4.03692e-008	2.23313e-007	1.22735e-005	1.04071e-006	3.20384e-005	5.58218e-006	7.56657e-006	0.000451699	0.00666888	0.0199113	0.00797784	0.37605	0.807065	


1	0.97975	0.999909	0.99788	0.122246	0.000750335	6.13896e-006	5.4744e-009	1.21012e-010	4.51603e-013	2.17081e-015	2.7136e-017	1.12465e-019	2.20719e-023	8.16012e-026	2.38725e-027	2.42258e-029	1.69835e-031	1.35015e-035	2.90938e-036	3.44548e-037	5.08862e-038	1.17614e-039	4.06187e-041	5.14552e-043	3.61953e-043	2.09974e-044	8.6815e-046	1.29486e-046	2.65189e-047	5.63319e-048	5.42183e-048	6.48485e-048	1.83444e-047	
0	0.0201441	8.99965e-005	0.00211502	0.877557	0.998153	0.776338	0.10708	0.0228609	0.000296852	4.12779e-006	4.29671e-007	1.32366e-008	1.75419e-011	1.25631e-013	1.12837e-015	1.69925e-017	5.49932e-019	1.32173e-023	8.24721e-025	1.89122e-025	1.67495e-024	1.19274e-025	1.21904e-026	8.95855e-029	3.91798e-031	2.60698e-033	1.57375e-035	4.60644e-038	1.84839e-040	6.0957e-044	5.47734e-047	2.0362e-048	3.60295e-050	
0	0.000106376	5.41228e-007	4.67128e-006	0.000197855	0.00109665	0.223655	0.892811	0.734783	0.998025	0.916314	0.97325	0.999852	0.998118	0.958317	0.47722	0.18078	0.0483788	0.00352992	0.0010821	0.00146843	0.000207553	1.64177e-006	3.16919e-005	1.27986e-006	8.91686e-008	2.51598e-010	9.37509e-013	7.32525e-016	6.40485e-019	6.86675e-022	2.37525e-025	1.29839e-027	1.93616e-029	
0	0	1.00113e-008	1.06473e-010	9.98308e-010	3.67225e-009	1.56211e-007	0.000109535	0.242355	0.00167367	0.083682	0.0267211	0.000146225	0.00188217	0.0416832	0.522776	0.819207	0.951589	0.99647	0.994047	0.970717	0.0346232	0.000125886	6.08894e-005	1.96874e-006	5.67912e-007	3.13742e-008	1.36871e-009	2.85505e-011	2.0128e-013	6.23607e-016	2.13175e-018	1.15659e-022	9.69266e-023	
0	0	4.87504e-014	1.44999e-011	8.83963e-015	1.78407e-015	2.80463e-015	2.90245e-013	2.72213e-010	2.7342e-006	4.59559e-009	2.10317e-006	3.74379e-007	3.8565e-010	5.59144e-008	4.20951e-006	1.09019e-005	7.09671e-006	2.86823e-007	0.00376245	0.00294014	0.000247669	1.6604e-005	1.68904e-008	7.9021e-011	4.81131e-010	1.26196e-012	2.13139e-013	4.05474e-014	1.8893e-014	1.22217e-016	2.24034e-018	5.4984e-021	3.87314e-024	
0	0	0	5.89329e-014	4.05113e-014	4.57239e-013	2.33056e-013	6.76786e-012	1.98128e-007	1.63622e-006	2.19561e-008	2.63488e-005	9.54074e-007	6.33988e-010	6.36042e-010	1.11769e-007	1.5035e-006	2.53074e-005	4.43222e-008	0.00110833	0.023969	0.907067	0.90409	0.0617069	0.00281279	0.00136016	9.4173e-005	5.1451e-006	1.16731e-008	1.16309e-011	8.06734e-015	3.1582e-017	2.10829e-019	3.60192e-022	
0	0	0	1.36669e-022	3.90031e-017	1.11571e-017	5.65708e-016	5.51345e-017	3.58908e-012	2.84902e-010	8.9341e-009	5.82749e-009	1.8568e-008	2.94656e-010	7.02299e-014	1.77266e-013	1.14379e-011	2.65637e-009	9.14906e-010	3.28728e-009	7.99819e-005	0.0441469	0.0407543	0.136364	0.586257	0.204807	0.89567	0.92022	0.749594	0.296694	0.18343	0.204175	0.00396197	0.00185309	
0	0	0	0	1.35394e-016	9.93968e-018	3.44199e-016	3.21095e-016	3.77875e-013	2.17949e-009	2.51999e-008	6.24813e-008	6.84946e-008	7.24363e-009	1.65233e-009	7.21368e-010	5.00657e-010	1.7518e-008	1.20271e-008	3.96855e-008	0.000825713	0.0137081	0.0550115	0.801836	0.410927	0.793832	0.104236	0.0797746	0.250406	0.703306	0.81657	0.795825	0.996038	0.998147	


1	0.411949	0.178264	0.00780124	2.70824e-005	3.89624e-008	9.62784e-011	2.39227e-014	5.13325e-017	2.75543e-020	7.99978e-024	1.0486e-026	2.67912e-031	5.69659e-035	7.25498e-040	5.11949e-045	1.33325e-050	7.83877e-055	2.42765e-058	2.7251e-062	1.86493e-066	6.21667e-071	8.48364e-074	9.03283e-079	1.63387e-082	1.21201e-084	2.16746e-085	6.39871e-086	2.21635e-086	8.11711e-088	2.86071e-089	7.21588e-090	3.71345e-089	5.15894e-089	
0	0.111777	0.420202	0.0193683	0.000214002	4.24093e-007	1.54207e-009	1.60554e-013	1.74519e-016	4.16779e-020	7.92545e-023	4.56174e-026	2.23226e-030	1.80466e-034	1.89606e-039	7.87114e-045	5.15482e-050	2.36004e-054	1.88838e-057	5.91382e-061	1.90553e-065	4.88428e-069	2.64948e-072	4.21597e-077	6.52117e-081	7.75426e-083	1.37271e-083	1.17252e-084	2.7401e-085	2.85258e-086	1.10292e-086	3.77212e-087	1.53979e-086	3.16496e-086	
0	0.476274	0.399215	0.96453	0.0732162	0.00114385	9.41394e-007	2.43748e-009	1.82299e-012	3.18577e-014	2.90165e-016	2.52234e-018	7.4418e-021	2.99932e-023	2.14198e-025	3.28634e-028	1.77357e-031	2.96042e-034	1.04401e-037	2.96145e-040	2.29746e-042	5.67988e-045	5.98767e-046	6.71904e-050	5.77785e-054	2.60536e-056	6.30717e-060	1.7507e-062	1.59297e-064	8.17847e-067	4.68842e-069	3.00732e-070	6.87574e-068	2.47998e-069	
0	0	0.00231894	0.00809421	0.926252	0.994316	0.958295	0.490957	0.0281503	0.00246959	0.000107813	9.25163e-006	3.23488e-006	5.72124e-007	1.19998e-008	3.29568e-011	1.27456e-013	9.07694e-015	1.08261e-016	4.51042e-018	1.33991e-018	2.60591e-018	4.60235e-018	1.72296e-019	8.50206e-022	4.44095e-024	6.99616e-026	2.54607e-027	7.28513e-030	9.65423e-033	1.13244e-035	1.14182e-038	2.76979e-038	6.62993e-040	
0	0	4.6115e-007	0.00020594	0.000287443	0.00452288	0.0415735	0.506587	0.717645	0.845822	0.469461	0.315881	0.887651	0.701969	0.979839	0.99643	0.993987	0.836268	0.0565139	0.00902635	0.000220406	4.92064e-005	2.51259e-005	2.70365e-007	2.42724e-008	2.04176e-011	6.6535e-013	1.87414e-014	1.44459e-018	1.05765e-023	3.13885e-028	1.17205e-031	2.27394e-032	5.09031e-034	
0	0	0	4.52342e-008	3.1924e-006	1.70546e-005	0.000128807	0.00241473	0.237391	0.142089	0.477362	0.464282	0.104899	0.25126	0.0197246	0.00348072	0.00577616	0.116809	0.61587	0.406205	0.111774	0.0874041	0.192473	0.0329448	0.00962418	0.000568925	0.000426915	0.000127923	2.6821e-006	1.56329e-008	8.8499e-011	1.69395e-012	2.36061e-013	1.00117e-013	
0	0	0	6.04477e-012	1.05133e-007	3.61986e-008	2.1501e-006	4.0354e-005	0.0164098	0.00098262	0.0364366	0.00474703	0.00107767	0.0399735	0.000365171	8.83057e-005	0.000236789	0.046913	0.248579	0.486811	0.860822	0.870788	0.144218	0.903548	0.827861	0.978721	0.474753	0.0928692	0.00245283	2.69449e-006	5.35691e-009	1.02114e-011	1.7176e-013	1.56427e-014	
0	0	0	0	5.80279e-012	1.97244e-010	5.98785e-009	8.81902e-007	0.000403881	0.00863701	0.0166318	0.215082	0.00636863	0.00679716	7.07858e-005	7.00062e-007	1.14851e-007	9.91631e-006	0.0790367	0.0979575	0.027183	0.0417584	0.663284	0.0635074	0.162515	0.0207097	0.52482	0.907003	0.997544	0.999997	1	1	1	1	


1	0.544976	0.51288	0.179897	0.00763772	0.0031713	0.000163876	6.0523e-008	1.49689e-009	9.98601e-012	3.23927e-014	7.13656e-016	7.90612e-019	5.36716e-023	5.71277e-028	2.38067e-032	4.58962e-037	5.15456e-041	3.2103e-045	6.48267e-048	1.28343e-051	1.14989e-054	3.98494e-059	1.22191e-062	3.48942e-067	1.4226e-067	9.18469e-070	3.21515e-071	9.47349e-072	5.04085e-072	1.49533e-072	4.64791e-073	2.40144e-072	5.50903e-073	
0	0.0494638	0.0442001	0.0169081	0.000710213	6.6515e-005	4.95168e-005	6.95514e-009	2.49618e-009	5.07371e-012	4.53403e-014	1.77545e-015	3.08161e-018	5.65202e-022	2.17622e-027	1.13407e-032	4.93277e-038	3.9434e-041	7.53908e-045	4.9973e-047	1.86501e-050	1.71623e-053	2.29929e-058	5.52271e-061	2.6905e-064	1.01056e-064	1.42267e-065	9.22764e-066	3.05673e-066	3.33666e-067	7.79657e-068	2.84066e-068	2.96402e-069	1.13558e-068	
0	0.40556	0.442872	0.79372	0.907056	0.85869	0.0787212	0.00218471	0.00145812	0.0030244	0.00262049	0.00322975	0.00140768	1.47051e-006	2.49878e-008	5.47727e-010	3.31926e-012	3.47955e-014	2.71984e-017	5.48557e-018	1.65641e-019	3.68659e-020	8.70644e-023	5.85171e-025	2.90517e-028	1.80179e-029	3.94074e-033	2.01312e-035	2.84869e-037	3.08482e-039	6.22434e-041	8.89452e-043	2.62461e-041	6.00292e-043	
0	0	4.71146e-005	0.00947538	0.0845956	0.138033	0.921058	0.997557	0.936219	0.991817	0.989021	0.792822	0.866122	0.961459	0.998519	0.999524	0.999308	0.956333	0.970928	0.858976	0.790974	0.256816	0.000190923	0.00024235	4.76816e-008	7.18719e-009	4.23384e-012	7.15946e-014	2.39382e-016	5.53651e-019	1.33494e-021	2.0846e-025	1.21651e-026	2.02487e-028	
0	0	2.92315e-022	1.39611e-009	4.72707e-007	3.56439e-005	7.19825e-006	0.00020725	0.0479546	0.000526843	0.00168057	0.00823444	0.000131225	0.000132164	1.85736e-005	0.000329966	0.000681726	0.0436585	0.0289493	0.109814	0.175622	0.0230978	0.000212655	1.19427e-005	1.14552e-009	7.37468e-010	3.54483e-013	5.35312e-015	8.77001e-018	5.11908e-020	6.61607e-024	3.08528e-026	1.43086e-030	1.2344e-029	
0	0	0	3.23137e-012	4.89371e-009	3.41117e-006	5.99575e-007	5.10888e-005	0.014127	0.000772286	6.27388e-005	0.00325273	0.000452434	5.60975e-006	2.55791e-009	4.06152e-008	9.52084e-008	3.13546e-006	0.000116578	0.0311321	0.032329	0.714913	0.997228	0.724897	0.947285	0.908508	0.986771	0.678027	0.000604379	7.54442e-007	2.59297e-010	6.43228e-012	6.74334e-016	1.33859e-017	
0	0	0	6.80558e-030	7.9311e-015	2.75664e-010	4.32696e-008	2.38768e-009	0.000233354	0.00354434	0.00370307	0.0885031	0.0138635	0.00105364	1.06626e-006	6.42656e-010	2.62812e-012	4.05792e-010	2.57125e-009	5.42655e-006	0.000909259	0.00501368	0.00227214	0.268603	0.0513143	0.0855916	0.0120615	0.317997	0.972949	0.873464	0.927285	0.869464	0.881978	0.0691462	
0	0	0	0	1.3149e-015	6.50515e-012	2.19898e-009	4.07634e-009	7.83662e-006	0.000315058	0.00291214	0.103958	0.118023	0.0373479	0.00146182	0.000146019	9.90298e-006	5.47851e-006	6.1509e-006	7.22932e-005	0.000165193	0.000159458	9.63306e-005	0.0062456	0.00140108	0.00590067	0.00116767	0.00397585	0.0264462	0.126535	0.0727148	0.130536	0.118022	0.930854	


1	0.889709	0.151647	0.132914	0.00213394	1.44799e-005	2.53312e-008	3.55865e-014	1.00821e-018	1.3992e-023	6.75218e-028	2.64144e-032	7.21073e-037	1.31718e-041	8.97864e-048	2.55349e-054	1.95128e-060	9.51746e-065	4.75404e-069	1.31755e-072	2.03948e-076	4.31667e-081	7.35979e-086	2.71507e-090	1.86802e-095	2.68378e-096	5.01566e-098	9.74576e-099	9.10042e-099	2.2892e-099	1.03904e-099	1.64525e-100	7.27909e-099	5.05524e-099	
0	0.101211	0.842465	0.344219	0.00378726	5.57131e-005	3.22124e-008	4.63914e-012	1.35532e-014	6.63557e-017	2.79411e-019	8.09746e-022	4.52435e-024	9.78827e-028	8.43765e-033	1.15572e-037	3.65281e-042	7.05793e-045	4.29128e-048	2.02233e-049	4.62133e-051	4.10525e-053	5.66839e-055	1.92029e-057	1.37262e-059	4.18243e-060	7.38975e-062	4.47019e-063	6.00285e-064	1.07768e-064	3.84302e-065	5.8909e-066	1.06787e-063	1.11661e-064	
0	0.00908	0.00588209	0.522398	0.985835	0.933674	0.0086776	2.29681e-005	3.51393e-007	2.99661e-009	3.11461e-011	2.75734e-013	3.48579e-014	7.5896e-017	2.29787e-020	3.65047e-024	1.33901e-027	2.28717e-029	1.86417e-033	6.05515e-035	8.60523e-037	6.10352e-038	2.09559e-039	1.80649e-042	2.12668e-045	1.24552e-047	3.82908e-050	3.74836e-052	2.57675e-054	1.94168e-057	1.61214e-060	7.54806e-063	1.20218e-061	2.87097e-063	
0	0	6.28218e-006	0.000468825	0.00820239	0.0661362	0.984747	0.995664	0.974458	0.738499	0.288258	0.189606	0.259785	0.0367023	5.64368e-007	3.6999e-012	1.00772e-015	4.8459e-018	7.56695e-020	9.63591e-022	1.4061e-024	1.6042e-025	3.31259e-027	2.25329e-028	1.05572e-029	2.94958e-032	3.86693e-034	4.31546e-036	1.11874e-038	4.23766e-041	1.45915e-043	4.55809e-046	5.27437e-047	7.62359e-049	
0	0	1.23029e-009	1.22127e-008	4.06106e-005	0.00011882	0.00656916	0.000578162	0.000222549	0.0338765	0.0788349	0.00237134	0.142323	0.645165	4.51872e-005	7.27668e-012	2.74171e-017	7.67145e-020	4.74554e-021	9.73833e-024	2.30662e-025	1.68725e-028	8.49745e-031	4.54913e-028	7.68262e-032	8.77197e-032	3.79447e-036	1.53663e-037	6.41921e-040	2.00714e-042	3.70433e-043	1.77902e-047	6.74293e-047	1.2825e-050	
0	0	0	3.94894e-007	3.69063e-007	4.18578e-007	6.01967e-006	0.00373495	0.0253085	0.22762	0.630738	0.807381	0.597453	0.317108	0.999949	0.999992	0.999884	0.860122	0.602752	0.289252	0.0199953	6.00745e-005	4.18154e-007	1.28446e-009	2.79013e-012	5.70005e-015	6.08349e-018	3.51539e-020	3.13e-023	4.5185e-027	1.16938e-030	8.44217e-034	1.02457e-034	1.43038e-036	
0	0	0	9.12516e-026	1.54908e-011	1.33508e-012	3.97386e-013	2.59473e-011	9.23574e-006	3.58404e-006	0.00213313	0.00027633	0.00033245	0.000878352	4.81527e-006	8.00568e-006	0.000114998	0.139749	0.378097	0.220366	0.0153477	2.29754e-005	1.67461e-007	5.53832e-009	1.76987e-012	7.49044e-014	1.14273e-016	3.98558e-019	3.59696e-022	4.36185e-025	1.86465e-028	7.7798e-032	2.50552e-035	1.76093e-036	
0	0	0	0	9.34118e-013	1.28935e-012	4.88552e-013	2.27635e-011	1.53479e-006	1.10004e-006	3.59445e-005	0.000364911	0.000107248	0.000146966	7.59266e-008	1.38433e-007	6.81167e-007	0.000128333	0.0191509	0.490382	0.964657	0.999917	0.999999	1	1	1	1	1	1	1	1	1	1	1	


1	0.821695	0.411093	0.0103395	8.2446e-005	6.30743e-006	6.95212e-008	4.45305e-013	4.27612e-017	5.29337e-020	3.09804e-023	2.14144e-026	1.0676e-029	1.19864e-033	9.12513e-038	4.64705e-042	9.4724e-047	8.95564e-051	3.68156e-055	1.0547e-057	1.70491e-060	1.19926e-063	8.44505e-067	1.03308e-069	2.23813e-074	2.4209e-075	6.37002e-077	6.47789e-078	1.07875e-078	2.05716e-079	4.38441e-080	1.17899e-080	1.55947e-080	1.82601e-080	
0	0.17819	0.588891	0.989623	0.973681	0.427671	0.00567584	6.33272e-006	9.29957e-010	9.10422e-011	2.00024e-012	1.89591e-014	1.69363e-013	1.37499e-014	7.59608e-015	1.4915e-015	5.32997e-017	3.86865e-019	2.93738e-022	1.36901e-021	8.04184e-022	1.73659e-022	4.94206e-023	2.07383e-024	4.98967e-028	3.9097e-030	1.92214e-033	1.10738e-036	2.46145e-040	3.34901e-043	2.85498e-045	2.58936e-047	6.44412e-047	4.63181e-048	
0	0.00011513	1.5898e-005	3.75558e-005	0.0262368	0.572319	0.994189	0.999701	0.533598	0.794116	0.340331	0.491554	0.970833	0.990707	0.998572	0.998192	0.997179	0.911264	0.134762	0.121168	0.122736	0.55688	0.167141	0.155773	0.000666564	4.11514e-006	5.95474e-008	2.10257e-009	4.59063e-012	2.76911e-015	6.21163e-019	1.47235e-023	3.71024e-025	1.32111e-027	
0	0	9.65483e-009	5.09187e-012	5.30869e-010	3.71149e-006	0.000135521	0.000292185	0.466401	0.0960176	0.651433	0.464556	0.00151797	0.00835477	0.00136852	0.00179951	0.00281917	0.088734	0.865233	0.871237	0.863593	0.374321	0.0493631	0.114082	0.00308304	0.00022682	1.80479e-005	3.88204e-006	3.76516e-007	1.27076e-008	1.92445e-010	4.14597e-013	6.28512e-017	3.55411e-018	
0	0	3.75155e-017	1.76874e-013	1.72544e-015	4.64038e-012	2.07563e-009	3.11022e-008	4.1901e-007	0.109866	0.00244369	0.0389508	0.018615	8.36799e-005	5.87158e-005	8.0647e-006	1.46104e-006	2.09743e-006	5.47785e-006	0.00756832	0.0100389	0.0188122	0.0160049	0.000244878	2.53733e-006	3.85053e-007	3.75908e-009	1.20491e-008	2.30267e-010	4.25721e-011	2.59315e-012	9.65338e-015	1.79224e-015	8.95046e-020	
0	0	0	3.24283e-019	4.39528e-017	2.07814e-018	8.6621e-016	1.46411e-013	7.24973e-011	4.16752e-009	0.00579259	4.4721e-005	0.00842822	0.000781702	4.05513e-007	1.35837e-008	6.61707e-009	1.86171e-008	1.31707e-008	2.75275e-005	0.00362496	0.0119953	0.0559767	0.452496	0.452507	0.958799	0.230984	0.0029655	1.37596e-008	3.74709e-013	8.34524e-016	4.43571e-016	8.84687e-019	1.82455e-017	
0	0	0	5.34867e-027	3.33395e-022	6.07504e-019	2.06424e-020	6.83148e-019	3.21679e-014	1.02869e-011	5.50104e-009	0.004895	0.000592166	7.1696e-005	4.38825e-007	7.83284e-010	2.6728e-012	7.49036e-012	9.8937e-012	3.99765e-009	6.48346e-006	0.0379916	0.710979	0.269783	0.543381	0.0350264	0.767342	0.969779	0.715587	0.393143	0.147986	0.16882	0.0230103	0.0044859	
0	0	0	0	2.65163e-027	4.69292e-024	1.1244e-021	3.86743e-024	3.16573e-020	1.65959e-015	1.63511e-013	7.28276e-009	1.3848e-005	8.23405e-007	3.79342e-008	2.67437e-010	3.90891e-013	4.0887e-015	6.25152e-015	2.63285e-013	4.31946e-011	1.65875e-007	0.000535349	0.00762091	0.000360171	0.00594321	0.00165622	0.0272519	0.284413	0.606857	0.852014	0.83118	0.97699	0.995514	


1	0.909031	0.955691	0.114475	0.00666199	0.00217132	0.000242309	3.37394e-008	2.41628e-012	6.4149e-016	9.78757e-019	8.22658e-022	2.22131e-024	4.12845e-027	6.882e-030	6.39669e-033	6.49995e-036	7.76753e-039	6.9746e-042	3.9117e-045	7.72247e-049	1.88661e-053	2.67481e-058	2.66798e-061	1.765e-066	4.7673e-067	1.48771e-068	7.46833e-070	1.72902e-070	6.9381e-071	2.78866e-071	2.97061e-072	1.39616e-071	9.23277e-072	
0	0.0909417	0.0443074	0.885523	0.959115	0.255481	0.0172105	0.000200254	7.28586e-009	2.73887e-010	2.48951e-011	1.55847e-013	2.03216e-013	4.04406e-014	2.077e-013	2.06633e-013	1.23111e-013	4.1054e-015	9.30327e-017	1.80101e-018	1.85258e-020	6.77709e-024	1.15007e-027	4.67185e-030	6.00536e-036	5.97163e-039	5.95991e-044	7.34151e-049	7.30058e-052	1.31691e-053	3.23726e-055	7.9997e-058	4.07564e-057	1.19118e-058	
0	2.72693e-005	1.40216e-006	2.21679e-006	0.0342228	0.742008	0.97096	0.483997	0.0236072	0.00199274	0.000134124	0.000117976	3.58197e-006	1.14317e-008	1.42213e-008	6.41212e-009	4.63017e-010	7.46239e-011	3.59681e-013	5.51828e-016	1.67308e-017	1.63392e-020	1.60467e-024	9.76891e-028	1.80185e-033	5.2598e-037	5.11998e-041	3.57889e-043	1.1665e-045	1.59031e-049	1.52542e-053	4.87374e-059	5.49416e-059	3.89889e-061	
0	0	3.55926e-009	5.61753e-011	9.76941e-009	0.000334391	0.0115824	0.515648	0.967925	0.996428	0.661136	0.940269	0.582701	0.0617844	0.00691585	0.00641635	0.0258913	0.0188106	0.00524691	1.78558e-005	4.02293e-009	4.62897e-012	7.80823e-015	1.76531e-016	9.04894e-020	2.76581e-022	3.52953e-025	1.34743e-027	1.66144e-031	1.65376e-035	9.62461e-040	1.83219e-044	8.40175e-048	1.66626e-051	
0	0	1.60981e-008	3.01524e-012	1.5705e-011	5.0283e-006	4.28894e-006	0.000154234	0.0084663	0.00148595	0.338281	0.030842	0.0441994	0.345363	0.00112396	6.32606e-005	0.000237807	0.0143765	0.0412433	0.0267885	0.00127207	2.84778e-006	2.35432e-008	3.00016e-008	3.60172e-010	3.13519e-009	3.36682e-010	7.1985e-012	1.96063e-015	1.55383e-018	1.09512e-021	3.10095e-024	2.98227e-028	9.08252e-030	
0	0	0	5.30741e-010	4.73964e-010	5.21101e-009	2.47422e-008	4.47073e-008	1.10696e-007	7.02236e-005	1.98758e-005	0.0169478	0.0806991	0.0888397	0.878601	0.880678	0.0944229	0.012925	1.60084e-005	0.0124049	0.479979	0.214139	0.13379	0.0230185	1.29326e-005	4.01258e-006	1.36637e-008	1.68555e-010	4.22717e-013	1.33992e-015	3.46624e-018	1.1209e-020	5.57685e-020	2.28749e-023	
0	0	0	8.59673e-015	2.35849e-011	8.51632e-010	5.33752e-009	8.67111e-008	1.16468e-006	2.16452e-005	0.000232167	0.00146221	0.272104	0.398234	0.069154	0.0983692	0.870098	0.599172	0.00658393	0.000384115	5.50682e-005	0.623959	0.737673	0.386465	0.61622	0.0207056	0.0221856	0.000785238	3.02219e-007	1.31088e-010	1.89518e-014	1.0395e-017	7.21265e-019	7.96606e-022	
0	0	0	0	5.92619e-015	2.00934e-012	2.64587e-011	3.99615e-010	1.20946e-007	1.04281e-006	0.000196417	0.0103608	0.0202923	0.105779	0.044205	0.0144728	0.0093499	0.354716	0.94691	0.960405	0.518694	0.1619	0.128537	0.590517	0.383767	0.97929	0.977814	0.999215	1	1	1	1	1	1	


1	0.718504	0.994141	0.944447	0.0786075	0.0166925	0.00252644	2.67739e-006	6.32399e-010	2.09345e-013	4.5835e-016	3.1016e-019	8.33564e-022	9.21464e-025	9.59936e-027	1.1237e-028	6.84784e-031	8.07028e-034	4.5249e-037	1.08522e-039	2.12739e-043	9.25441e-047	3.37937e-050	3.53096e-054	1.56394e-058	1.17442e-059	8.97069e-062	1.67015e-063	2.71555e-064	7.54996e-065	1.37476e-064	3.94263e-064	1.32535e-062	1.95528e-061	
0	0.281491	0.00478981	0.0555443	0.921132	0.854058	0.938154	0.342509	0.000447854	1.67302e-005	9.58721e-007	1.33247e-008	5.16325e-009	2.06516e-010	2.42239e-009	7.0302e-009	4.26018e-009	1.9752e-010	1.68821e-012	1.35729e-013	9.79395e-015	1.53631e-016	8.2809e-019	3.99838e-022	4.08398e-027	1.82653e-030	2.82768e-035	3.89674e-039	5.56351e-042	2.80444e-044	7.48643e-046	2.0289e-048	8.92676e-047	5.93576e-048	
0	5.0471e-006	0.00106952	8.32006e-006	0.000260798	0.129248	0.0587367	0.655722	0.696105	0.960772	0.520886	0.640318	0.948279	0.0593122	0.0494191	0.29979	0.68883	0.457326	0.012424	0.000986426	2.56174e-005	3.95541e-006	2.43365e-006	1.55033e-008	1.10854e-010	8.43328e-012	2.23395e-014	7.05483e-016	3.50728e-019	1.82968e-022	4.48554e-025	2.36635e-027	2.5568e-027	4.52416e-029	
0	0	5.10421e-008	1.34181e-007	4.77112e-009	9.81637e-007	0.000363858	0.00167894	0.303387	0.0289571	0.475612	0.351274	0.0228945	0.91824	0.281166	0.0893836	0.0458699	0.28116	0.971914	0.979879	0.993879	0.971709	0.846923	0.99559	0.998343	0.996836	0.999524	0.999539	0.999315	0.998929	0.982197	0.963717	0.152863	0.344264	
0	0	1.21578e-010	2.79167e-007	3.22311e-008	6.71284e-007	0.000218966	6.85757e-005	5.45691e-005	0.0102539	0.00253603	0.00813221	0.0217256	0.000545188	0.667703	0.555106	0.0646453	0.000985121	0.00017598	0.0025443	0.000908356	0.00144348	0.00161223	2.83078e-005	2.19433e-006	2.64338e-005	1.45745e-006	9.2444e-005	0.000215909	0.000630117	0.0162432	0.00126216	0.689897	0.00256183	
0	0	0	1.22427e-013	1.52129e-009	1.58768e-009	3.69232e-009	1.85359e-005	2.4736e-006	2.97838e-007	0.000965402	1.52124e-005	0.00704785	0.0217702	0.00153284	0.0556881	0.200373	0.258658	0.0144488	0.0148426	0.00171568	0.000773171	0.0013129	0.0013821	0.000798517	0.00291033	0.000273081	2.70203e-006	7.42442e-010	7.55861e-009	6.74168e-008	3.16985e-005	2.28991e-005	0.0402467	
0	0	0	1.15216e-018	1.52901e-013	2.49175e-011	1.93995e-011	1.00698e-009	4.33559e-007	4.96332e-009	1.67784e-008	1.43885e-005	2.43055e-007	5.80129e-006	1.78471e-005	7.22608e-006	9.40443e-005	0.000281795	0.000518037	0.00109518	0.00327635	0.024502	0.130251	0.000749712	9.12072e-005	4.3049e-006	2.16551e-005	2.99192e-006	3.05114e-008	6.21603e-010	1.09833e-009	5.83992e-008	7.09427e-007	2.52607e-006	
0	0	0	0	1.99608e-016	5.98451e-011	2.13917e-011	4.9378e-011	2.12711e-006	4.01319e-007	1.87194e-007	0.000246629	5.23278e-005	0.000126992	0.00016111	2.50424e-005	0.000188135	0.00158861	0.000519352	0.000652728	0.000195149	0.00156873	0.0198986	0.00224991	0.000765576	0.00022249	0.000179442	0.000362944	0.000469415	0.000441295	0.00155966	0.0349888	0.157216	0.612925	


1	0.893322	0.999808	0.997664	0.489314	0.0618675	0.0082608	4.4124e-005	1.11204e-008	9.93362e-011	2.79845e-013	8.09937e-016	5.56211e-018	5.37935e-022	3.47344e-023	1.22999e-024	2.59091e-026	2.36938e-028	4.59993e-031	5.59088e-034	6.8793e-037	1.73125e-039	3.55751e-044	2.88564e-047	5.71208e-051	2.23347e-051	3.00228e-053	1.06996e-053	4.82293e-054	3.00826e-054	2.00577e-054	2.20508e-054	1.19825e-054	6.51606e-054	
0	0.0617666	0.000128147	0.002104	0.0313696	0.409677	0.0005806	7.53176e-008	4.99298e-015	1.13704e-013	1.98625e-018	1.84719e-019	8.36806e-020	4.28812e-021	1.9098e-023	1.07827e-027	2.93903e-030	2.46088e-031	3.68276e-036	4.62472e-037	1.11795e-036	1.20689e-039	1.73984e-044	1.63622e-046	9.0238e-055	9.64212e-052	9.84907e-058	2.60295e-056	3.0269e-056	1.06561e-055	6.82335e-057	6.03133e-058	1.2252e-054	8.57021e-060	
0	0.0449112	6.36185e-005	0.000231934	0.479301	0.524586	0.191104	0.0693428	1.97507e-007	4.8738e-009	1.46474e-011	1.54957e-015	1.26963e-015	8.3831e-019	7.18693e-019	1.36118e-020	2.94476e-022	1.25989e-024	8.80298e-030	3.29976e-033	9.07162e-034	1.16095e-035	4.37261e-041	7.80084e-043	7.92123e-047	1.26349e-050	6.62881e-057	9.50802e-060	9.19071e-061	2.10645e-059	9.05164e-060	1.50709e-061	2.90437e-055	2.8766e-059	
0	0	2.83438e-007	9.27195e-009	1.58962e-005	0.00386957	0.800043	0.759444	0.985448	0.173727	0.830813	0.204173	0.00488655	1.24741e-009	3.80726e-009	1.77243e-008	6.96872e-008	3.54189e-008	1.27512e-010	6.13244e-015	1.78032e-018	1.88789e-019	5.0354e-026	5.06486e-031	1.91274e-034	3.00116e-040	2.836e-045	1.84838e-048	4.37706e-052	2.70252e-057	3.24108e-061	8.47665e-066	2.56005e-065	4.86301e-057	
0	0	5.54925e-018	4.04693e-010	1.2279e-010	8.37521e-008	1.15524e-005	0.171163	0.0125213	0.825408	0.166451	0.694489	0.94315	0.0321136	0.0859606	0.207291	0.237251	0.272839	0.170114	0.141432	0.0803127	0.0719629	0.00290665	0.000333865	2.25704e-006	2.54919e-007	1.86892e-010	2.40214e-011	2.345e-014	9.44558e-017	3.31881e-019	5.45639e-021	2.99059e-024	3.41373e-026	
0	0	0	9.10483e-018	6.96164e-014	1.03702e-013	3.48765e-012	5.66622e-006	0.0020305	0.000853855	0.00268221	0.101323	0.0519576	0.967885	0.481694	0.754084	0.744676	0.72172	0.827728	0.858534	0.91966	0.927828	0.997092	0.999615	0.999715	0.999952	0.998756	0.991095	0.032091	0.00307517	2.35176e-006	2.46563e-006	6.13659e-011	1.299e-011	
0	0	0	7.74043e-037	3.89803e-022	5.77266e-020	2.30902e-018	1.06233e-016	2.49092e-008	1.12824e-005	5.45384e-005	1.49727e-005	4.74472e-006	1.75521e-006	0.432327	0.0367987	0.0178079	0.00529005	0.00215521	3.26853e-005	2.67946e-005	0.00020943	1.01532e-006	5.07151e-005	0.000283105	3.62975e-005	0.00124359	0.00890074	0.967867	0.938141	0.703109	0.958909	0.000107506	0.000113723	
0	0	0	0	1.96535e-021	7.49716e-019	2.59254e-018	7.55543e-019	2.47716e-014	6.18354e-009	4.91025e-008	1.42637e-008	6.37179e-007	1.19133e-009	1.89063e-005	0.0018265	0.000265932	0.000151479	3.08749e-006	1.75737e-006	1.07035e-007	5.24397e-008	2.99034e-010	1.12996e-007	1.48835e-009	1.16058e-005	1.04418e-008	4.7491e-006	4.19785e-005	0.058784	0.296888	0.0410888	0.999892	0.999886	


1	0.815442	0.99887	0.995125	0.0773824	0.000360871	1.43819e-005	1.63383e-008	2.08563e-012	1.03711e-015	6.01787e-019	1.05657e-021	2.23907e-024	1.34983e-027	8.73229e-030	5.93397e-032	3.08001e-034	5.03244e-037	7.86629e-040	8.68302e-043	1.50733e-045	2.15151e-048	1.36926e-051	8.57477e-055	9.2488e-059	2.50968e-058	1.92907e-060	6.3242e-060	7.61931e-060	2.87546e-059	1.6431e-059	2.50482e-059	1.35095e-059	7.61173e-060	
0	0.183301	0.00110583	0.00483816	0.912384	0.990971	0.0112992	3.96201e-005	7.06872e-012	2.11981e-015	6.40607e-020	1.23155e-023	4.81215e-023	2.66307e-023	2.27626e-024	2.64829e-027	1.83563e-030	4.34733e-033	3.93051e-038	1.29521e-040	3.87068e-040	1.90228e-041	1.4632e-043	8.97683e-044	1.10628e-049	1.21651e-049	1.92239e-056	9.97302e-059	3.60577e-061	1.13068e-061	4.28397e-062	7.87395e-064	8.05012e-059	1.54494e-064	
0	0.00125735	2.3996e-005	3.67634e-005	0.0102335	0.00866803	0.988637	0.963003	0.160117	0.00586688	0.0035113	0.000227795	7.37267e-005	2.35529e-007	8.17394e-007	1.25086e-006	2.29044e-006	1.12145e-006	6.35558e-009	7.4727e-012	9.88337e-013	5.70788e-013	6.04387e-016	8.96805e-018	6.89474e-020	3.06852e-022	5.33121e-026	1.46624e-027	7.26658e-030	1.14238e-032	9.96217e-036	4.7565e-040	6.86064e-042	1.32822e-044	
0	0	2.05542e-009	1.09348e-009	2.45865e-010	3.16817e-009	4.8953e-005	0.025714	0.837853	0.878616	0.939367	0.722551	0.0903881	2.81094e-006	1.61184e-007	4.37827e-007	1.68913e-006	2.12251e-006	6.90398e-007	1.89565e-010	2.86066e-015	5.59239e-016	1.09555e-017	8.79263e-021	1.28768e-021	5.23889e-025	1.48673e-028	7.05151e-030	3.35182e-033	3.09053e-035	2.59483e-038	1.9599e-041	2.72591e-046	2.07042e-045	
0	0	4.28227e-008	3.884e-010	5.53756e-009	1.79262e-007	3.82147e-007	0.0112428	0.00192452	0.115427	0.0567951	0.273193	0.904138	0.897512	0.96486	0.986886	0.98024	0.993396	0.487044	0.775434	0.989047	0.986996	0.824108	0.939904	0.0536409	0.0295768	1.73615e-005	6.02761e-006	6.90842e-009	6.54587e-011	5.74859e-014	1.35626e-016	1.29543e-019	2.09107e-023	
0	0	0	3.61002e-013	9.81144e-016	1.38591e-015	9.41933e-013	1.35121e-007	0.00010486	8.92029e-005	0.000297126	0.00401676	0.00540015	0.102484	0.000955875	0.00898676	0.019364	0.00602523	0.512885	0.224392	0.0108975	0.0130032	0.175891	0.0600922	0.946334	0.970294	0.999919	0.937117	0.000185944	3.84562e-007	8.50302e-012	1.50517e-013	2.1059e-020	8.10739e-022	
0	0	0	1.13062e-020	8.50399e-018	3.89849e-023	2.71065e-021	3.02326e-017	1.62058e-008	1.6775e-007	2.9117e-005	1.2151e-005	1.71414e-007	1.31653e-006	0.0341834	0.00409871	0.000388112	0.000575094	7.01076e-005	0.000173743	5.56244e-005	5.89597e-007	1.07171e-006	3.50301e-006	2.51949e-005	1.65767e-005	6.33138e-005	0.0624985	0.975955	0.264414	0.0432941	0.0318441	1.10838e-006	2.30199e-007	
0	0	0	0	1.05753e-017	1.39297e-019	6.09213e-020	1.68747e-019	1.00884e-014	1.33692e-011	1.03333e-010	1.35106e-008	6.02655e-009	2.4166e-010	7.76906e-008	2.67118e-005	3.4878e-006	3.21264e-007	1.15691e-007	3.14965e-008	3.79777e-008	7.14606e-009	2.82245e-010	7.17054e-009	5.05775e-010	0.000112958	6.8215e-007	0.000378535	0.0238587	0.735585	0.956706	0.968156	0.999999	1	


1	0.724187	0.989201	0.992378	0.684753	0.332895	0.112808	0.464291	0.724575	0.928286	0.977849	0.984418	0.990176	0.797174	0.155844	0.0300727	0.00359758	0.000402798	6.55918e-005	0.000103059	9.46644e-005	0.00115729	0.0274701	0.00479075	0.00319378	0.000284258	7.57988e-006	2.07105e-006	7.21675e-007	4.36568e-008	9.52019e-009	1.10845e-008	3.12915e-007	1.42926e-007	
0	0.00439295	0.000652722	0.000663419	0.00126316	0.001932	0.0028357	4.20215e-005	0.00231457	0.00120325	0.00122754	0.00173535	2.6449e-005	2.15252e-005	4.04515e-006	3.12105e-007	3.02347e-008	1.08129e-007	8.28162e-009	7.30185e-010	1.41758e-008	4.48784e-007	1.69883e-006	1.43978e-006	1.26048e-006	7.73049e-007	3.65084e-008	1.35139e-007	3.11911e-007	1.86187e-008	2.80868e-009	4.25773e-010	6.54776e-009	2.21534e-009	
0	0.27142	0.0101223	0.00677174	0.312967	0.62032	0.679096	0.101045	0.0187677	0.0421753	0.00818254	0.00838808	0.00657782	7.14153e-005	0.00268076	0.000280914	6.33999e-006	2.64616e-006	8.31005e-009	5.16931e-008	7.77803e-007	2.76208e-005	3.62791e-005	2.61711e-006	2.17663e-006	4.83842e-007	1.16538e-008	6.29403e-008	8.40643e-009	1.17886e-010	1.40922e-010	3.25195e-012	1.54626e-007	2.79353e-010	
0	0	7.14165e-006	2.4728e-005	0.000242218	0.0220524	0.173887	0.0267408	0.000185094	0.00120339	0.000462353	0.000180519	0.00170606	0.00460804	9.18906e-005	1.12359e-006	9.63591e-008	4.90388e-009	1.62573e-009	1.05184e-011	4.86235e-011	1.05852e-007	3.4413e-007	2.00236e-007	2.1963e-010	2.1869e-009	9.68025e-012	5.10543e-011	6.69133e-011	6.86663e-012	3.51105e-012	3.06462e-013	2.38183e-012	3.31135e-011	
0	0	1.72263e-005	0.000162269	0.000773794	0.0227989	0.0312003	0.404641	0.00777245	0.00107045	0.000280266	4.51875e-005	0.00127218	0.195944	0.841095	0.968895	0.990989	0.978588	0.19245	0.146051	0.383202	0.575791	0.514716	0.595079	0.00826807	0.00083406	1.15737e-005	1.60681e-006	1.85959e-009	3.47505e-013	1.26237e-015	1.34224e-014	2.72022e-014	1.59284e-010	
0	0	0	1.00392e-009	1.01944e-006	1.11715e-006	0.000172825	0.00321232	0.246268	0.00692121	0.00743371	0.000276532	7.3127e-007	5.77775e-005	7.96995e-005	0.000742957	0.0054059	0.0209341	0.795316	0.745928	0.116913	0.226241	0.191217	0.150046	0.981153	0.983909	0.995551	0.817433	0.0656993	0.000231327	4.54325e-007	1.14067e-008	9.92889e-011	2.62869e-011	
0	0	0	4.11536e-013	3.77792e-011	1.53971e-010	4.33728e-008	7.69176e-007	2.86937e-005	0.00937373	0.00231268	0.00247175	6.9584e-006	6.85005e-007	1.3003e-007	4.66746e-008	5.1869e-008	2.16721e-006	0.000377779	0.000835112	0.000293605	0.000110352	0.000602888	2.81092e-005	9.61684e-006	9.05472e-005	2.72275e-005	0.00580816	0.00146973	3.43094e-005	3.47929e-007	1.46069e-009	1.62098e-011	1.04365e-013	
0	0	0	0	9.69242e-012	1.05512e-008	2.72821e-008	2.64957e-005	8.80033e-005	0.00976708	0.00225186	0.00248469	0.000234206	0.00212301	0.000204764	6.59042e-006	1.43566e-006	7.0344e-005	0.0117908	0.107083	0.499497	0.196673	0.265956	0.250052	0.00737197	0.0148806	0.00440228	0.176755	0.93283	0.999734	0.999999	1	1	1	


1	0.984909	0.972168	0.959158	0.833077	0.767927	0.881725	0.935753	0.932303	0.991375	0.977869	0.985648	0.966741	0.804527	0.696696	0.844676	0.869721	0.946245	0.538876	0.562119	0.914343	0.987869	0.984265	0.938682	0.75746	0.933351	0.800651	0.936492	0.968255	0.977394	0.984041	0.936185	0.985607	0.588177	
0	0.014857	0.00909974	0.0299068	0.16412	0.230714	0.108176	0.0275034	0.000706324	0.000490485	0.0038583	0.00215022	0.0162587	0.155685	0.29786	0.140953	0.114329	0.0317903	0.0407366	0.0356504	0.042185	0.0107543	0.00353674	0.0344594	0.00167492	0.0183075	0.0082521	0.00535233	0.0179103	0.0161986	0.0113666	0.006966	0.0136706	0.0126919	
0	0.000233811	0.0186565	0.0106068	0.00277363	0.0013476	0.0100227	0.0367295	0.0668537	0.00812576	0.0182588	0.0121877	0.016999	0.0397854	0.00544054	0.0143626	0.0159411	0.0219591	0.419973	0.401739	0.0433974	0.00137255	0.0121981	0.0268565	0.240777	0.044595	0.188856	0.0498982	0.00855002	0.00564692	0.00421565	0.0561579	0.000401237	0.365279	
0	0	7.56632e-005	0.000316331	7.3934e-006	8.02214e-007	7.37583e-005	1.3725e-005	0.000134826	6.35034e-006	1.30472e-005	1.05447e-005	1.0377e-006	1.49154e-007	1.27833e-006	8.45845e-006	9.0772e-006	5.07833e-006	0.00041304	0.000457438	1.72884e-006	2.4882e-008	1.24505e-007	4.06761e-008	8.64385e-005	1.11461e-005	0.00201239	0.000320194	1.22659e-005	7.51746e-006	5.43794e-006	0.000565718	5.67634e-007	0.0338434	
0	0	5.74054e-007	1.16316e-005	1.96179e-005	9.48844e-006	1.52802e-006	2.05138e-007	2.42994e-006	2.45166e-006	1.06657e-006	3.22331e-006	2.57835e-007	2.35896e-006	1.66935e-006	5.11391e-008	1.10075e-007	4.51073e-007	1.2743e-006	3.434e-005	7.18593e-005	1.76684e-006	9.64325e-008	2.29253e-006	1.35548e-006	0.00373523	0.000222846	0.00793297	0.00517325	0.000666815	0.00026684	0.00010557	0.000278686	4.29699e-006	
0	0	0	5.21642e-009	2.57981e-006	4.633e-007	2.11433e-007	5.68962e-009	6.39353e-010	1.42611e-008	5.84604e-008	4.12537e-009	7.06949e-008	9.20271e-009	1.40412e-007	1.61496e-008	2.66675e-009	1.32238e-009	1.1298e-009	2.05397e-007	9.40234e-007	2.59855e-006	5.65146e-009	1.58009e-009	3.11129e-009	8.21087e-008	5.41936e-006	1.59482e-006	9.5298e-005	1.11776e-005	2.27471e-005	9.01971e-008	7.08706e-006	8.74302e-008	
0	0	0	2.82185e-015	2.80084e-012	2.67647e-010	1.6142e-013	8.98278e-015	6.69108e-015	1.63389e-013	1.02878e-012	6.49106e-012	5.76256e-012	3.22013e-012	4.73368e-010	4.47082e-012	1.83134e-014	5.58692e-014	3.63141e-017	1.89336e-014	1.12331e-011	5.15547e-010	1.72667e-012	6.5437e-015	1.74361e-015	7.5494e-013	7.70313e-012	3.25902e-010	1.75608e-009	1.16396e-012	5.70367e-012	4.15838e-013	3.46504e-013	5.52003e-015	
0	0	0	0	5.60991e-010	7.60519e-007	7.63753e-007	6.399e-008	4.28084e-009	3.5495e-010	3.18948e-010	1.10797e-009	1.19969e-010	3.18841e-009	5.67682e-010	6.39237e-009	1.9204e-009	7.13287e-010	4.34886e-011	1.94652e-011	2.55592e-008	2.51928e-007	1.27168e-007	3.53286e-008	1.87236e-009	1.15741e-008	3.49199e-008	2.30258e-006	4.20922e-006	7.49286e-005	8.17544e-005	1.97938e-005	3.53041e-005	3.52859e-006	


1	0.365232	0.189559	0.0297197	0.0169582	0.00557151	0.00210159	0.000975782	0.00252881	0.00101644	0.00117126	0.000114592	1.44925e-006	1.20639e-006	6.25035e-008	5.91962e-009	2.39959e-010	5.60369e-011	6.07236e-010	3.31798e-011	7.60006e-012	6.99513e-015	9.54236e-017	2.63672e-017	8.0256e-019	9.37269e-019	5.46257e-019	4.82084e-019	8.08284e-019	1.87886e-018	5.40597e-019	1.52742e-019	2.47747e-020	2.97053e-020	
0	0.500873	0.743458	0.965507	0.869919	0.453418	0.387335	0.3699	0.824838	0.282275	0.612459	0.0747203	0.015763	0.0294018	0.00712476	0.00409171	0.00321348	0.00415116	0.266293	0.262254	0.0760809	0.000491295	1.54618e-005	1.62689e-005	9.40381e-007	8.37395e-007	3.9082e-007	1.29966e-007	1.3896e-008	2.16368e-008	7.4964e-009	1.85597e-009	1.9682e-010	2.55575e-010	
0	0.133894	0.0322367	0.00077176	0.0942281	0.515186	0.590099	0.582041	0.139074	0.686047	0.0373122	0.0772221	0.000401103	0.00349241	2.03203e-005	3.34971e-006	6.07642e-007	1.61864e-006	0.00218045	0.000405196	0.00213848	2.26804e-006	1.02731e-006	6.69718e-007	6.372e-009	1.41057e-007	6.25334e-009	5.82447e-008	2.58315e-007	8.71657e-006	6.09448e-006	2.64852e-007	4.27632e-006	4.82782e-009	
0	0	0.0342193	0.00227012	0.0168075	0.00749177	0.00555096	0.044432	0.00429588	0.0176819	0.0165306	0.00236003	0.00011823	0.00152721	0.00026611	0.000104295	4.8339e-005	3.8739e-006	0.11008	0.00623286	0.000887805	7.24148e-007	1.8025e-007	1.73519e-007	1.40183e-009	1.13407e-007	1.58259e-008	8.38503e-009	5.70307e-009	3.15856e-007	5.17418e-007	5.178e-008	1.25046e-008	2.7307e-008	
0	0	0.000526879	4.15123e-005	0.000414909	0.0170742	0.0114844	0.00169046	0.0120788	0.00120672	0.00445651	0.00113403	1.62844e-005	2.64243e-006	2.23828e-007	3.28454e-008	1.68315e-008	4.5768e-008	7.39067e-007	0.000614027	7.117e-005	1.89578e-006	3.34594e-008	1.62389e-008	4.00421e-009	1.22273e-008	8.28817e-008	3.82437e-007	5.85446e-007	1.06864e-005	9.95775e-005	3.76435e-005	6.1644e-005	3.09882e-006	
0	0	0	0.00168941	0.00118481	0.000209397	0.000350711	0.000142148	7.77313e-006	8.26859e-005	5.04194e-005	2.40929e-006	4.08422e-006	6.50257e-006	3.09983e-006	2.5759e-006	1.31994e-006	5.7482e-007	2.42199e-006	8.30105e-007	1.46961e-005	2.96349e-009	8.16697e-010	6.20649e-010	5.75252e-013	4.90018e-010	2.38479e-011	1.39231e-010	3.72118e-009	2.6404e-008	4.62082e-008	4.63355e-006	3.04004e-007	3.21593e-005	
0	0	0	3.25589e-007	7.902e-005	0.000187314	2.28019e-005	0.000514414	0.0169499	0.0109341	0.324692	0.839943	0.969166	0.874648	0.984705	0.991462	0.993808	0.990897	0.390163	0.718035	0.917278	0.999133	0.998775	0.95864	0.991608	0.150376	0.00813757	0.0006088	9.0355e-006	1.54389e-008	5.89813e-010	9.79961e-008	2.87995e-009	3.02664e-008	
0	0	0	0	0.000408205	0.000861759	0.00305596	0.000304707	0.000227082	0.000756234	0.00332737	0.00450311	0.0145297	0.0909202	0.00788025	0.00433595	0.00292818	0.00494552	0.231281	0.012458	0.00352918	0.000370765	0.00120825	0.0413426	0.00839116	0.849623	0.991862	0.999391	0.99999	0.99998	0.999894	0.999957	0.999934	0.999965	


1	0.772182	0.503287	0.24484	0.0466365	0.00061341	7.93516e-005	2.42398e-007	1.55752e-010	3.48853e-013	6.25997e-017	2.72614e-020	2.63634e-022	2.028e-023	4.92919e-025	1.91831e-026	1.89706e-028	8.77755e-030	4.88627e-032	1.60097e-033	2.99541e-034	2.62856e-036	4.01894e-038	2.65472e-039	1.00312e-042	1.59472e-041	5.38999e-042	8.98879e-042	6.62213e-041	4.01461e-040	1.42534e-039	2.39066e-040	2.32122e-040	8.43588e-041	
0	0.221188	0.105803	0.213378	0.150123	0.00390779	0.0013108	1.29497e-005	1.93505e-009	1.47797e-011	1.1538e-015	6.10863e-019	4.53187e-021	5.47757e-023	4.6644e-024	4.56794e-025	9.85807e-027	2.36594e-029	2.48852e-032	4.9297e-035	3.17405e-036	2.25688e-037	1.18742e-038	1.85832e-041	5.59054e-045	9.65299e-044	1.86474e-044	1.18743e-043	3.98447e-042	5.80342e-041	1.20668e-040	1.36791e-041	8.56652e-040	1.09951e-041	
0	0.00663018	0.389725	0.520675	0.416161	0.0397234	0.000573427	0.00042325	9.07656e-006	4.94874e-006	2.51607e-008	1.9358e-009	6.9267e-009	2.38152e-008	6.87502e-008	3.25345e-007	2.52634e-007	2.12383e-008	3.40522e-011	1.40718e-011	8.51429e-012	4.93158e-012	2.59242e-010	1.60872e-011	2.17421e-013	6.34968e-013	2.13352e-014	9.28121e-015	1.44368e-015	2.61942e-016	3.38799e-017	3.43303e-018	6.36415e-017	7.71916e-020	
0	0	0.00113173	0.0194418	0.386513	0.955551	0.934	0.358488	0.000205324	2.74824e-005	4.13853e-008	1.06065e-010	1.17156e-008	5.84043e-008	5.14012e-008	1.16356e-008	1.22308e-008	3.61101e-008	3.23568e-011	2.31339e-012	1.1436e-010	2.59293e-009	1.22152e-008	1.19357e-007	4.40134e-010	2.76718e-009	1.64007e-011	4.63772e-013	9.91503e-015	1.79085e-015	1.08252e-016	6.37312e-020	1.03174e-017	1.92379e-020	
0	0	5.30679e-005	0.000914434	0.000423377	0.000199192	0.063883	0.641035	0.999743	0.999922	0.999708	0.999858	0.979259	0.809337	0.797442	0.8918	0.936321	0.962361	0.988929	0.833825	0.939299	0.998777	0.999435	0.997168	0.999962	0.920838	0.844	0.83863	0.634928	0.273437	0.116819	0.0295284	0.000447149	0.000774458	
0	0	0	0.000747691	8.45632e-005	4.10115e-006	0.000153117	4.10467e-005	4.28549e-005	4.56337e-005	0.000292082	0.000141967	0.0207302	0.189617	0.187634	0.0910676	0.0610838	0.0318234	0.0110437	0.162635	0.00302631	0.000732704	0.000547722	0.00219238	3.72591e-005	0.0336028	0.147544	0.11967	0.0255446	0.00807256	0.0242068	0.0329571	3.86734e-006	0.00279424	
0	0	0	3.05261e-006	3.66245e-005	8.8936e-008	2.62396e-008	3.64807e-008	1.06648e-007	6.64797e-008	1.88996e-007	5.90303e-008	1.05797e-005	0.00102235	0.0146794	0.016383	0.00244067	0.00575242	2.53227e-005	0.00350755	0.0562583	0.000202274	4.38183e-006	0.000638577	2.21835e-007	0.0455194	0.00313222	0.018746	0.174028	0.0163805	0.00431432	0.0016421	3.41729e-005	0.000125924	
0	0	0	0	2.2198e-005	1.54391e-006	3.92148e-007	1.82281e-008	2.83871e-010	1.48883e-009	9.54084e-011	2.72455e-009	4.70161e-008	2.34125e-005	0.000244571	0.000748613	0.000154749	6.34606e-005	2.40109e-006	3.18112e-005	0.00141605	0.000288112	1.27418e-005	8.97242e-007	5.01519e-008	4.03031e-005	0.0053235	0.0229532	0.1655	0.70211	0.854659	0.935872	0.999515	0.996305	


1	0.841724	0.867342	0.278306	0.236529	0.203982	0.0786602	0.00687509	8.06412e-005	1.64638e-006	1.8324e-007	3.24789e-009	1.09928e-010	8.03171e-013	5.76082e-015	7.17696e-017	6.17066e-019	2.45495e-021	2.97126e-023	4.52548e-025	4.07831e-027	4.84523e-029	2.73842e-031	3.15749e-033	1.97061e-035	4.27749e-036	2.73239e-037	1.99225e-038	1.16466e-038	6.53955e-039	1.75859e-038	2.98278e-039	2.28435e-038	8.81391e-039	
0	0.123269	0.128978	0.720936	0.498575	0.0940419	0.0080642	0.00493974	5.71587e-005	5.42144e-006	1.90382e-006	5.07298e-008	2.43571e-008	9.16455e-009	7.11223e-009	4.18912e-009	1.17755e-009	1.60476e-010	4.33129e-011	2.88487e-011	8.29554e-012	7.97406e-013	2.66363e-014	1.53497e-014	2.33401e-016	9.41102e-017	4.16034e-018	2.65713e-019	5.32462e-020	1.73259e-021	3.17648e-022	4.57597e-023	9.24508e-024	1.12189e-023	
0	0.0350073	0.000910792	8.48641e-006	0.264667	0.654382	0.849725	0.347704	0.00488219	0.000165206	3.13957e-006	4.51528e-008	1.80113e-009	2.07166e-010	6.58382e-011	5.37541e-011	1.94576e-011	7.44649e-012	6.57556e-013	4.01606e-012	1.20626e-011	4.48797e-012	4.66988e-014	2.55517e-014	1.20772e-016	1.27923e-016	1.2477e-018	1.92717e-019	5.55652e-020	1.13154e-020	5.94097e-021	4.20059e-025	1.69638e-022	5.61354e-027	
0	0	0.00189372	0.000375333	8.77295e-005	0.0370171	0.0311439	0.105718	0.0378228	0.0185424	0.0163556	0.00230048	0.00323811	0.00181171	0.000111276	1.10661e-005	4.69755e-007	1.08289e-007	2.90685e-008	4.65558e-009	9.64229e-010	3.50272e-010	8.2916e-011	7.63029e-011	1.81212e-011	6.70838e-012	7.7032e-013	9.16466e-014	5.41698e-015	9.30671e-016	7.88809e-016	3.48456e-017	2.22995e-017	2.48445e-018	
0	0	0.000875824	5.50504e-006	4.09906e-005	0.0105037	0.032273	0.533264	0.953863	0.966784	0.824435	0.962243	0.91159	0.249878	0.0294024	0.00937646	0.0020311	0.000261267	0.000141266	0.000540761	0.000601562	0.000436109	0.00047493	0.0006289	0.00202906	0.00152039	0.00432041	0.0108796	0.00252583	0.0010767	0.00101853	1.80952e-005	3.07008e-005	3.78319e-007	
0	0	0	0.000368929	1.64989e-005	7.39552e-007	5.07774e-005	0.000904553	0.000464636	0.0109902	0.154297	0.00152154	0.0412825	0.723044	0.939512	0.900728	0.945067	0.971411	0.935486	0.0406605	0.0108068	8.46173e-005	1.67502e-006	0.00021689	1.39784e-006	0.000166295	1.32235e-006	2.30312e-006	4.1719e-005	7.56215e-006	3.63825e-006	6.03775e-006	2.93147e-007	5.19126e-006	
0	0	0	1.76964e-008	8.1898e-005	6.95018e-005	8.26218e-005	0.000592142	0.00282497	0.00348407	0.00478568	0.033571	0.042931	0.0141877	0.0273999	0.0854127	0.0497035	0.0235896	0.0570886	0.935856	0.910196	0.993269	0.959207	0.810939	0.946621	0.75085	0.742132	0.727294	0.246214	0.0865955	0.102694	0.00134528	0.00366981	2.15011e-005	
0	0	0	0	9.16849e-007	3.28056e-006	2.80357e-007	2.26114e-006	5.15148e-006	2.71525e-005	0.000121132	0.000364388	0.000958292	0.0110788	0.00357398	0.0044719	0.00319782	0.00473849	0.00728411	0.0229425	0.0783954	0.00621033	0.040316	0.188215	0.051349	0.247463	0.253546	0.261824	0.751219	0.91232	0.896284	0.998631	0.996299	0.999973	


1	0.574706	0.196164	0.0671837	0.00428418	0.00026687	6.96862e-005	3.81793e-006	1.9066e-008	6.5093e-011	8.23507e-014	2.22236e-016	1.20543e-018	7.561e-022	8.90036e-025	1.39458e-027	2.6956e-030	7.52141e-033	1.11119e-035	5.02056e-038	3.30121e-041	1.64357e-043	1.97382e-047	1.8569e-049	1.92151e-053	3.57075e-054	1.37891e-056	4.60932e-058	4.65776e-058	9.45298e-059	1.66871e-059	3.75423e-060	2.23939e-060	1.54045e-060	
0	0.425144	0.803826	0.932742	0.993394	0.967263	0.372395	0.0956389	0.00202886	2.85834e-005	4.1455e-007	5.86382e-009	1.47546e-009	4.79064e-013	2.97995e-015	2.82215e-017	3.42143e-019	2.76142e-021	7.154e-026	5.07925e-027	2.70973e-029	2.07056e-029	3.86015e-032	5.86185e-034	1.14942e-036	9.31578e-038	7.00021e-041	6.46759e-043	8.94896e-045	1.7615e-047	4.1583e-049	1.61772e-050	6.57451e-050	1.30276e-051	
0	0.000150136	1.03546e-005	7.43864e-005	0.00232164	0.032469	0.627303	0.853848	0.984519	0.210844	0.00331783	0.00101236	4.72134e-005	1.59732e-009	1.56081e-012	1.76229e-015	3.27243e-018	7.0549e-021	1.04751e-026	1.96294e-030	3.36669e-032	5.17879e-030	1.45978e-033	2.91879e-036	2.16829e-037	2.52944e-041	1.67188e-041	2.59379e-043	3.98919e-046	5.65911e-050	2.07081e-052	4.08744e-054	1.18185e-053	1.58467e-054	
0	0	1.81596e-008	1.68263e-007	3.6722e-007	9.64353e-007	0.000231936	0.0504176	0.0133298	0.789068	0.98999	0.978931	0.980283	0.830166	0.0279964	1.79235e-005	5.17139e-008	1.25147e-009	9.85903e-011	2.66424e-013	3.15878e-018	1.28535e-022	2.81035e-028	5.01275e-029	1.9302e-032	1.50497e-034	2.52812e-038	8.9037e-041	7.39584e-044	3.36005e-047	9.33179e-051	4.2648e-054	3.64331e-057	3.64663e-055	
0	0	4.45985e-015	2.50477e-010	9.54717e-010	1.35436e-009	1.62799e-008	9.1206e-005	8.65197e-005	5.68591e-005	0.00661508	0.0197788	0.0192987	0.169673	0.971892	0.997483	0.980251	0.930949	0.958033	0.596056	0.887731	0.0612441	3.3961e-005	2.8173e-005	1.69565e-009	2.3561e-010	9.60579e-014	1.19792e-015	1.50525e-016	4.10413e-018	4.00915e-020	1.93249e-022	1.71668e-024	3.26974e-025	
0	0	0	1.99924e-015	9.82357e-014	2.04431e-013	1.01267e-011	1.1121e-007	2.69892e-005	2.00633e-006	7.68316e-005	3.28659e-005	0.000290941	4.45081e-005	0.000101352	0.00216499	0.0191025	0.0637877	0.0394632	0.0283563	0.000971047	0.0123142	3.29878e-005	2.4939e-005	1.96685e-007	2.11355e-008	2.5929e-011	8.24908e-014	2.57502e-017	7.48552e-021	1.81489e-022	2.05272e-024	2.83611e-027	1.32327e-027	
0	0	0	1.35655e-018	1.73307e-014	2.75294e-013	3.24572e-013	1.18531e-009	8.98524e-006	1.53349e-007	7.04712e-008	0.000245054	7.95828e-005	0.000117189	1.06649e-005	0.00033444	0.000646454	0.00526238	0.00250232	0.375586	0.111208	0.926338	0.999921	0.995653	0.999969	0.956835	0.998146	0.976914	0.0921201	0.000970167	5.77116e-006	5.51754e-006	2.17942e-009	5.33747e-010	
0	0	0	0	1.93537e-019	2.86771e-016	1.9388e-014	4.54151e-015	2.7932e-012	1.29186e-008	1.55506e-010	1.05001e-009	2.10789e-007	5.50194e-008	3.50607e-008	2.57913e-009	8.94729e-008	6.29307e-007	1.31455e-006	1.83975e-006	8.96491e-005	0.000104023	1.25326e-005	0.00429436	3.12061e-005	0.0431649	0.00185381	0.0230864	0.90788	0.99903	0.999994	0.999994	1	1	


1	0.928578	0.153675	0.0475866	0.144428	0.130327	0.714283	0.991441	0.985922	0.949089	0.134718	0.0308187	0.00214454	1.36494e-005	2.20184e-010	3.56733e-014	1.5457e-017	1.53929e-019	2.62607e-020	1.61466e-020	7.80934e-022	2.40307e-022	3.17332e-024	1.51508e-025	1.15213e-026	6.8994e-028	4.39689e-028	1.69529e-028	1.28846e-028	3.5376e-029	1.40899e-029	4.78864e-030	2.68332e-030	4.68257e-029	
0	0.0678287	0.846006	0.95178	0.810695	0.803577	0.273703	0.00357844	0.0103421	0.00462674	0.000570863	0.000320049	4.5844e-006	4.18298e-009	7.07833e-014	3.81103e-017	1.98754e-020	5.48475e-023	7.00575e-025	1.51172e-023	8.95632e-026	3.7462e-025	9.46777e-026	1.54022e-029	1.92914e-028	2.38159e-028	6.173e-028	5.73921e-028	5.38495e-029	1.6883e-030	5.39539e-031	2.87428e-029	1.54743e-029	1.20292e-028	
0	0.0035935	0.00031898	0.000633289	0.0448768	0.0660709	0.0109443	3.15137e-005	0.000746806	0.000907084	0.00036007	1.35436e-005	4.81993e-007	1.53124e-010	2.09605e-013	7.46143e-018	6.94845e-022	4.7863e-023	4.46764e-027	9.93764e-026	4.6881e-025	1.46978e-024	1.41775e-027	1.91942e-029	2.62837e-030	4.18424e-030	2.64524e-032	4.18239e-030	4.81014e-030	5.09528e-033	1.79981e-032	4.86841e-034	2.24208e-029	5.38156e-032	
0	0	4.9497e-007	8.13659e-009	2.25134e-007	3.37331e-006	0.000915283	1.53387e-005	3.18394e-008	4.07997e-005	4.27473e-008	1.34516e-006	1.35055e-007	1.57607e-012	2.72213e-018	7.77838e-020	9.36132e-024	2.23266e-028	4.95176e-027	2.46949e-029	6.98097e-032	1.48242e-026	5.7515e-028	1.1974e-032	3.48115e-033	9.85269e-036	1.14158e-033	1.68612e-037	1.90764e-035	2.04122e-034	5.91259e-038	1.8443e-037	1.74848e-038	8.24836e-034	
0	0	1.49482e-009	1.23112e-009	5.02606e-007	2.20585e-005	0.00015403	0.00461682	5.57707e-005	0.00496228	0.00293238	0.00592437	0.0137585	0.0610689	2.09904e-006	1.03245e-011	3.26051e-016	4.21026e-020	2.25509e-021	3.40952e-023	7.66866e-027	7.02419e-030	8.16325e-029	2.29624e-030	1.65892e-033	6.03144e-035	2.84291e-035	3.17698e-037	8.43012e-037	6.04128e-036	5.8302e-039	6.9585e-038	5.29793e-039	2.82005e-034	
0	0	0	3.95733e-012	1.12069e-010	3.46316e-009	4.12869e-007	0.000316769	0.00292236	0.0401416	0.860755	0.906309	0.970657	0.935463	0.999997	0.999997	0.99999	0.998748	0.971377	0.796188	0.870924	0.0382514	0.0001304	1.16706e-005	2.31357e-007	2.22716e-009	1.20823e-011	2.19248e-013	7.25984e-017	4.91648e-022	3.83758e-026	2.37061e-030	6.83251e-033	1.09989e-034	
0	0	0	7.37759e-021	4.64636e-015	1.80118e-013	2.16574e-012	2.76875e-009	6.36327e-006	6.00159e-005	0.000485624	0.0300385	0.00145207	0.000899794	3.52011e-007	1.96963e-006	8.90786e-006	0.00117699	0.0257367	0.15786	0.0290242	0.0546341	0.00217789	4.77491e-005	1.92624e-007	8.26565e-009	3.59902e-011	6.30221e-013	2.00509e-015	2.8004e-018	2.67555e-021	5.87365e-024	1.54029e-027	3.00209e-029	
0	0	0	0	2.98593e-014	1.30305e-012	5.34102e-011	6.97469e-009	4.2235e-006	0.00017295	0.000177624	0.0265746	0.0119829	0.00255495	1.87205e-007	7.46494e-007	1.26114e-006	7.50795e-005	0.00288597	0.0459516	0.100051	0.907114	0.997692	0.999941	1	1	1	1	1	1	1	1	1	1	


1	0.646802	0.44872	0.306953	0.428178	0.553683	0.474236	0.0578934	0.000223794	3.473e-007	4.03402e-010	6.80309e-013	1.21405e-015	1.13006e-017	3.16813e-020	3.83747e-023	6.94425e-026	1.12835e-028	4.87325e-031	1.10225e-033	4.68851e-036	8.36159e-039	1.46089e-041	9.85783e-044	3.04052e-047	4.60683e-047	1.00409e-047	9.56724e-048	5.91952e-047	4.29603e-046	1.48926e-045	4.58125e-045	2.92355e-044	7.534e-044	
0	0.332573	0.0810514	0.004642	0.00764547	0.0251426	0.0929878	0.0323787	0.000403695	3.72795e-006	4.52599e-009	1.00341e-011	4.31981e-015	3.90647e-018	7.87495e-021	1.38555e-023	6.14552e-026	2.37753e-028	6.98516e-030	4.90111e-033	1.22073e-035	3.98274e-038	4.57077e-041	1.92683e-043	2.27766e-047	8.28097e-048	1.41233e-048	1.41945e-048	3.30626e-047	4.94502e-045	5.72865e-044	1.88495e-044	2.42781e-043	1.18104e-043	
0	0.0206258	0.470144	0.673705	0.168479	0.00468162	0.078728	0.0194956	0.00556214	1.38625e-005	1.87452e-007	2.48124e-010	2.76205e-013	1.42703e-018	4.11563e-021	4.45394e-023	2.13171e-025	1.52653e-028	2.3288e-031	1.05131e-033	1.66431e-037	9.07599e-040	1.19892e-042	1.82107e-046	2.65123e-046	4.67554e-049	4.05171e-048	2.42547e-049	2.32266e-049	1.34654e-048	3.4952e-046	1.67255e-044	1.95641e-045	8.24987e-042	
0	0	2.81377e-005	0.000111381	1.52526e-005	2.2242e-006	1.70802e-008	2.77618e-006	2.06559e-006	8.3124e-009	1.16762e-010	1.64452e-012	2.1986e-016	1.4397e-018	4.4825e-023	1.25602e-026	9.97262e-029	2.45028e-031	2.33655e-033	1.35371e-036	6.32012e-040	2.64829e-044	8.42113e-045	1.76422e-048	1.50085e-051	9.46883e-050	9.92874e-052	7.50469e-051	2.38555e-051	1.52288e-052	1.79368e-051	3.74642e-047	3.46354e-049	6.06361e-047	
0	0	5.63204e-005	0.0145888	0.395681	0.416413	0.352776	0.174947	0.0112708	0.000202177	2.62502e-006	7.32431e-009	6.84945e-010	2.17415e-012	1.83253e-013	9.95973e-015	3.62048e-016	2.23144e-017	1.12966e-020	3.23812e-023	1.5285e-024	5.02786e-025	3.06667e-027	6.99913e-029	1.24333e-031	2.96477e-033	1.72278e-036	9.21338e-039	9.52078e-041	1.29425e-043	5.58326e-046	7.6107e-049	2.19636e-045	2.84229e-047	
0	0	0	2.21445e-010	1.89887e-006	7.75862e-005	0.00126781	0.710192	0.0660587	0.00983247	5.4592e-005	5.12333e-006	2.23848e-008	2.90733e-008	9.74328e-011	2.12459e-013	9.68181e-016	1.88779e-017	2.13567e-015	1.98033e-016	8.70265e-018	9.55809e-021	3.91212e-023	4.49866e-023	2.21489e-025	7.7434e-027	1.52785e-028	1.20943e-029	2.06666e-030	5.19458e-030	2.31696e-031	9.24062e-034	7.84196e-036	8.77924e-038	
0	0	0	2.34647e-040	6.37603e-016	8.5213e-012	7.45806e-010	4.56919e-007	3.4044e-005	2.75841e-005	1.79798e-006	7.96721e-009	1.54433e-009	6.44793e-011	7.72574e-012	3.06387e-015	9.79361e-018	6.33517e-020	2.21529e-021	1.52894e-020	2.39846e-021	6.50566e-023	5.82393e-026	7.58149e-027	1.72654e-028	1.19994e-029	3.10005e-032	1.02635e-033	1.01828e-034	7.42346e-035	3.98469e-035	7.24232e-037	2.80162e-039	4.94294e-041	
0	0	0	0	1.2886e-011	8.2883e-008	4.10539e-006	0.0050898	0.916445	0.98992	0.999941	0.999995	1	1	1	1	1	1	1	1	1	1	1	1	1	1	1	1	1	1	1	1	1	1	


1	0.994788	0.987841	0.995999	0.999024	0.997623	0.989469	0.303827	0.00146034	5.12608e-007	2.55641e-010	1.00303e-013	3.96213e-017	1.3902e-021	7.77327e-027	3.05208e-032	9.81482e-038	9.85186e-043	7.25402e-048	1.31082e-051	7.09632e-056	6.78459e-060	4.78235e-064	5.59128e-068	4.61234e-072	7.74759e-073	3.8294e-074	3.20535e-075	2.62099e-075	8.6898e-076	9.67264e-076	1.67508e-075	2.92283e-074	8.38177e-073	
0	0.00504236	0.0120298	0.00345131	0.000940774	0.00220127	0.00995139	0.00893389	0.0024617	5.74211e-007	7.78387e-010	2.62735e-013	2.31938e-017	7.3843e-022	2.01741e-028	2.84697e-034	2.22276e-039	6.54508e-043	1.67981e-047	2.88803e-052	3.42226e-057	3.07036e-061	2.02451e-065	1.82882e-068	1.77831e-071	1.21737e-072	5.02388e-073	4.66111e-074	8.29688e-075	5.854e-076	6.1086e-077	7.90771e-077	2.02222e-077	7.71204e-073	
0	0.00016943	0.000128629	0.000549082	1.74309e-005	5.4867e-006	2.86992e-005	0.000203101	1.26923e-005	4.37013e-009	1.57198e-011	2.92104e-014	8.74817e-020	3.74375e-023	2.38346e-028	4.87613e-034	1.45591e-039	1.72048e-044	3.38488e-047	1.07821e-051	8.73387e-058	3.05804e-064	1.30155e-067	6.13935e-071	1.9838e-074	9.58346e-075	2.60998e-075	1.7538e-075	1.02267e-075	6.96484e-077	3.83258e-078	1.59244e-077	2.95554e-079	6.01902e-074	
0	0	2.19589e-007	1.3233e-007	9.93174e-007	1.14147e-006	1.34371e-007	8.35168e-006	1.51895e-007	2.56361e-009	4.83916e-013	5.82837e-015	1.83481e-019	5.50087e-024	6.67196e-030	8.5645e-036	1.56903e-041	1.69253e-046	3.17831e-051	1.7358e-052	6.90082e-057	2.45364e-061	7.00172e-066	2.16811e-070	1.95046e-075	4.46064e-076	4.1604e-078	3.84226e-077	1.66025e-076	5.1404e-077	8.41944e-078	6.98238e-079	4.12196e-078	7.70338e-080	
0	0	1.13493e-007	1.11243e-007	1.66761e-005	0.000163966	5.47933e-005	0.000188785	2.31168e-005	6.26361e-007	7.90582e-009	3.79865e-010	2.28931e-011	8.38223e-015	8.30155e-018	2.26012e-021	2.08535e-025	5.3241e-029	1.30214e-035	7.36013e-039	1.5585e-041	8.14031e-042	4.85374e-044	4.01038e-047	1.36411e-050	4.06414e-052	2.334e-055	2.46958e-057	6.33448e-059	1.14997e-061	3.02689e-063	7.90515e-066	1.22702e-064	1.79325e-067	
0	0	0	4.32908e-011	2.80444e-009	5.53054e-006	0.000495837	0.615617	0.173872	0.715189	0.23608	0.285933	0.850235	0.238593	0.000158318	1.68569e-008	6.73672e-012	9.02321e-016	1.25585e-019	4.23763e-023	3.97811e-027	1.0468e-028	2.3491e-031	1.75451e-033	1.53756e-036	6.72689e-039	2.31519e-042	1.08522e-045	2.71688e-049	3.3502e-052	4.04209e-055	2.98582e-058	4.91764e-059	1.64479e-061	
0	0	0	2.67864e-017	5.85034e-013	2.45067e-011	1.94571e-008	0.0712218	0.672512	0.237798	0.733827	0.544337	0.113679	0.756677	0.999754	0.999936	0.999891	0.99851	0.999268	0.907145	0.886821	0.0121817	0.000502547	0.000172458	9.02031e-007	2.09187e-007	1.29091e-009	2.64854e-011	1.76431e-013	2.4637e-016	1.32212e-019	3.28474e-022	4.15713e-024	1.75636e-024	
0	0	0	0	5.7495e-019	6.33269e-014	9.6729e-013	2.67728e-007	0.149658	0.0470112	0.0300934	0.16973	0.0360859	0.00472981	8.79552e-005	6.36632e-005	0.000109283	0.00148972	0.00073205	0.0928545	0.113179	0.987818	0.999497	0.999828	0.999999	1	1	1	1	1	1	1	1	1	


