E:\Google Drive\Progetti\MSR Action3D\Real\a09_s03_e02_skeleton3D.txt
9
TRUE
-1103.42
-1062.3
-1106.81
-1104.36
-1067.66
-1118.86
-1041.74
-1063.72
-1014.3
-1169.22
-1185.31
-1190.29
-1186.94
-1176.58
-1185.95
-1133.12
-1091.38
-1140.55
-1147.5
-1146.65

44
20
1	0.583108	0.0742839	0.0499333	0.0850073	0.0100895	0.00911003	0.000290376	9.97651e-005	1.99831e-006	2.10002e-009	1.18852e-011	7.86469e-014	3.58318e-016	1.36233e-017	5.4685e-021	4.06428e-023	1.0364e-024	1.99868e-026	5.58457e-028	1.43399e-029	8.64565e-031	3.74119e-032	1.13927e-033	1.59304e-034	8.47545e-036	1.50542e-037	9.15972e-039	1.65099e-040	8.7751e-042	1.07156e-042	2.77248e-043	2.25784e-044	9.9201e-046	4.97923e-047	4.4631e-048	1.36306e-048	3.85142e-048	3.42363e-048	4.06914e-048	1.0889e-047	6.1084e-047	1.43243e-046	2.93098e-045	3.27082e-045	
0	0.304577	0.123128	0.44713	0.334761	0.0583051	0.122482	0.0101901	0.00305534	8.26086e-005	6.78163e-007	3.24217e-009	3.92484e-011	1.11119e-013	3.13174e-014	4.5719e-017	2.10073e-018	9.64972e-020	1.40502e-021	1.3979e-023	2.97326e-025	5.38731e-027	2.51123e-028	1.83969e-030	4.43195e-031	3.2276e-032	9.85068e-034	2.95283e-035	2.70305e-036	1.75192e-037	1.05354e-037	7.4611e-038	3.55897e-039	2.70963e-040	4.73593e-042	2.34787e-043	1.19854e-044	1.74806e-044	2.23609e-044	2.81183e-044	1.70863e-043	3.10064e-042	1.36795e-041	3.1631e-040	1.23851e-039	
0	0.112315	0.462914	0.152285	0.291066	0.297325	0.125092	0.00269956	0.00217782	2.20059e-005	3.45731e-008	7.40613e-010	3.376e-011	3.09133e-014	1.42195e-015	1.27505e-018	4.01439e-020	1.78058e-021	1.08547e-022	5.645e-024	2.04468e-025	7.67706e-027	5.55733e-028	8.32367e-030	2.62908e-030	1.68526e-032	8.40121e-035	3.71068e-036	3.36562e-037	8.36185e-039	5.46114e-038	1.21931e-038	2.14245e-039	2.08883e-041	1.74797e-042	3.69273e-044	1.51401e-044	2.47737e-045	2.18473e-045	1.12572e-045	5.44782e-045	5.13789e-043	6.82356e-043	1.48504e-040	5.19531e-040	
0	0	0.00587052	0.347602	0.233031	0.0317762	0.713344	0.725782	0.0728699	0.0011103	8.87702e-006	3.40987e-009	9.06944e-012	7.95965e-014	2.90283e-014	9.15839e-018	1.30861e-018	4.64644e-020	4.32033e-021	9.7696e-024	4.89177e-025	6.75218e-027	2.4645e-029	3.33103e-031	4.12139e-031	1.20959e-031	3.64878e-034	7.75354e-036	9.1329e-037	2.89762e-038	7.86427e-039	3.84225e-039	1.09559e-039	3.77216e-040	1.09695e-042	4.10236e-043	1.15423e-045	1.58467e-044	7.46579e-046	2.75051e-045	2.19825e-043	3.5903e-043	6.76297e-042	2.40652e-041	2.85367e-040	
0	0	0.333804	0.000154665	0.0560446	0.601865	0.0276485	0.259493	0.919153	0.00607264	0.000143602	1.1553e-006	3.96131e-010	1.76102e-015	5.16374e-015	6.17153e-018	8.0795e-020	2.53401e-021	7.40797e-022	8.7334e-024	3.3734e-024	1.41229e-024	1.46061e-026	1.23163e-029	2.73424e-030	6.8024e-032	2.51214e-035	7.78406e-039	8.45092e-038	2.15959e-040	1.21266e-038	4.09793e-038	3.61125e-040	1.90561e-040	1.49734e-043	4.81653e-045	2.67971e-047	5.47506e-046	8.95411e-048	4.68451e-049	1.96722e-045	2.95219e-042	1.12419e-043	1.99986e-039	3.5511e-041	
0	0	0	0.00289527	1.03776e-005	0.00063884	0.00230328	0.00154487	0.00264332	0.992669	0.958945	0.304722	0.136604	0.000188687	0.00408115	1.88356e-005	0.000120512	0.000702786	8.21051e-005	1.01455e-005	1.34273e-006	6.36544e-007	1.06857e-008	9.93443e-012	3.83396e-012	1.21862e-013	2.04791e-015	1.84514e-017	3.91104e-018	5.33395e-020	1.85913e-019	2.66183e-018	5.34618e-020	6.6198e-021	5.7225e-023	5.20049e-025	3.20328e-027	2.92611e-029	4.12674e-032	7.16202e-035	1.33577e-035	4.35487e-036	2.41821e-036	3.38422e-036	2.81318e-037	
0	0	0	1.28667e-011	1.04022e-006	3.55404e-010	1.20427e-007	9.03386e-009	2.29884e-007	3.88744e-005	0.0405749	0.694477	0.855332	0.97958	0.932288	0.999274	0.992018	0.97224	0.982144	0.978523	0.982476	0.986372	0.898115	0.926621	0.226308	0.00814045	0.000238265	6.52388e-005	3.65818e-005	1.6504e-005	5.8279e-006	3.25522e-005	2.74855e-006	8.38024e-007	1.6727e-006	2.36247e-008	4.55325e-010	4.02881e-013	4.42691e-016	1.47565e-018	3.8108e-021	9.19632e-023	6.54846e-025	1.95459e-026	4.00001e-028	
0	0	0	0	7.8723e-005	5.54054e-007	2.02886e-005	4.5721e-007	1.00081e-006	2.45969e-006	0.000326608	0.000800034	0.00806392	0.0202309	0.0636305	0.000706799	0.00786118	0.0270567	0.0177742	0.0214668	0.0175223	0.013627	0.101885	0.0733786	0.773692	0.99186	0.999762	0.999935	0.999963	0.999983	0.999994	0.999967	0.999997	0.999999	0.999998	1	1	1	1	1	1	1	1	1	1	


1	0.313811	0.0152789	0.0856011	0.0134787	0.000578488	0.000168315	1.05576e-005	9.57453e-007	2.41001e-007	5.3535e-010	3.64822e-012	2.37959e-014	5.54502e-016	6.99536e-018	4.17529e-020	2.33633e-022	1.2024e-024	6.54142e-028	4.14445e-030	1.74813e-033	2.33711e-036	1.82122e-038	2.0582e-040	1.76482e-041	4.50173e-043	6.86486e-046	9.72559e-049	1.98864e-049	8.06421e-051	3.64644e-051	3.79721e-051	1.68005e-052	2.08985e-054	4.41356e-056	5.4172e-058	7.54897e-060	8.11609e-060	3.16741e-061	8.87116e-063	1.98979e-064	5.77974e-065	2.29361e-065	6.28969e-066	1.07223e-066	
0	3.06911e-007	1.64674e-006	0.000981034	4.94309e-007	1.45334e-008	9.22837e-007	9.41568e-009	1.57592e-011	7.86477e-010	3.1718e-009	5.08254e-011	2.30581e-013	5.37187e-014	1.11115e-015	1.18363e-018	8.59573e-021	3.07857e-024	7.92e-026	2.8743e-028	9.22545e-030	2.35759e-032	2.70378e-035	1.53468e-037	5.13417e-036	6.39913e-037	1.54348e-038	1.76425e-042	1.66471e-041	3.38198e-042	5.82333e-042	1.24002e-041	2.99976e-039	5.36572e-039	2.49128e-038	6.13519e-038	2.03968e-041	1.95134e-043	3.93692e-048	2.20084e-052	2.02657e-055	7.68725e-059	1.95129e-060	6.65368e-065	5.04823e-068	
0	0.686188	0.984255	0.905702	0.985747	0.998501	0.991799	0.992818	0.998271	0.350913	0.0119634	0.000368147	5.52743e-006	2.17392e-008	6.14656e-009	2.73037e-010	2.46607e-011	1.4329e-012	1.03524e-014	4.29579e-016	4.01717e-018	3.0749e-019	7.75908e-020	1.50377e-021	9.67204e-022	1.33571e-022	6.89804e-025	7.35406e-028	1.88617e-027	3.10574e-029	6.23192e-028	3.55609e-027	4.02848e-028	2.45357e-028	1.01772e-030	2.65268e-032	1.01652e-034	1.03385e-034	2.42783e-036	9.49887e-039	2.11433e-039	9.89067e-039	3.05112e-039	1.12643e-038	4.53543e-039	
0	0	0.000463946	0.007712	0.000703998	0.000919222	0.00802204	0.00716037	0.00169924	0.648521	0.855179	0.33427	0.856423	0.204846	0.541289	0.0504413	0.199329	0.522998	0.000569409	4.14762e-006	1.28067e-009	1.26225e-011	4.56698e-013	1.0396e-015	3.31483e-016	8.83651e-017	3.53302e-019	7.17476e-021	8.97918e-019	3.08965e-019	1.04908e-016	7.90226e-015	2.62262e-016	2.22803e-016	5.85698e-019	7.52299e-021	1.50396e-024	6.45831e-027	4.00584e-030	7.08283e-033	3.47751e-035	6.85073e-037	1.58327e-038	5.32446e-040	1.85905e-040	
0	0	1.0284e-006	2.79038e-006	6.57596e-005	1.174e-006	7.94883e-006	1.04749e-005	2.6936e-005	0.000564623	0.132857	0.664816	0.142382	0.771478	0.458248	0.947898	0.80047	0.475539	0.999217	0.986075	0.999926	0.999771	0.935053	0.769731	0.715487	0.0513855	0.000268296	4.39413e-007	1.24095e-005	1.3479e-005	0.00014201	0.0109635	0.0487578	0.229778	0.160429	0.0253886	2.54791e-005	7.39829e-007	6.2443e-011	5.09551e-015	1.4437e-017	2.08573e-019	1.65146e-021	7.32657e-024	6.80771e-026	
0	0	0	1.34097e-006	6.42013e-007	7.95132e-009	3.32826e-008	9.10833e-010	4.97356e-009	1.19249e-007	2.36531e-008	0.000546057	0.00118918	0.0236547	0.000304494	0.00165008	0.000201057	0.0014616	0.000213711	0.0139206	7.42842e-005	0.000229117	0.0649461	0.230224	0.284373	0.946846	0.998941	0.994491	0.847968	0.840529	0.637702	0.694817	0.949328	0.762106	0.839446	0.974121	0.996228	0.477297	0.0626411	0.00154977	8.66289e-006	2.94257e-007	3.04468e-008	5.65548e-011	9.23091e-012	
0	0	0	4.27392e-010	3.37799e-006	1.69642e-007	5.92146e-008	3.10687e-009	7.29091e-010	5.75984e-011	4.3145e-012	5.14139e-010	1.85201e-007	2.13592e-005	0.000158325	1.01905e-005	2.03569e-007	1.295e-006	1.06343e-008	2.40033e-007	4.71345e-008	3.5559e-009	8.07933e-007	4.47788e-005	0.000137166	0.00176662	0.000790188	0.00550669	0.15187	0.159176	0.353205	0.255568	0.000924011	0.00809286	0.000120975	0.000487404	0.00374215	0.519531	0.931616	0.979406	0.966113	0.741286	0.530698	0.0330079	0.0299387	
0	0	0	0	3.74337e-009	1.79017e-007	1.49494e-006	9.47705e-007	1.95294e-006	2.14113e-007	2.29659e-010	1.10932e-012	3.05872e-010	1.62016e-009	5.19806e-008	4.0609e-007	1.92073e-008	1.27719e-009	5.23844e-010	4.24031e-010	1.39254e-009	1.61547e-010	3.8252e-009	6.53318e-007	2.3562e-006	2.21393e-006	7.08671e-007	1.4207e-006	0.000150097	0.000281123	0.00895093	0.0386514	0.000990365	2.33131e-005	3.4692e-006	3.05641e-006	4.58189e-006	0.00317184	0.00574276	0.0190438	0.0338784	0.258714	0.469302	0.966992	0.970061	


1	0.934236	0.99334	0.994858	0.999886	0.997313	0.99736	0.901661	0.99185	0.714434	0.0187054	0.00388104	1.3696e-007	5.25342e-009	4.40901e-010	3.08004e-011	2.08072e-012	3.39791e-013	8.83476e-015	2.44261e-016	1.63998e-017	2.87281e-017	7.64389e-018	2.74769e-019	4.83815e-020	2.9824e-021	6.65654e-024	1.29659e-025	1.40286e-026	1.72269e-027	6.81418e-029	1.37414e-029	4.52677e-030	1.35169e-030	1.41297e-031	1.49031e-032	7.07662e-034	1.33824e-034	9.71192e-036	1.97609e-036	3.0962e-036	6.55756e-036	5.17222e-036	8.09547e-036	1.64141e-035	
0	0.0653505	0.000698198	0.00438445	0.000110768	0.000656338	0.00230437	0.0974924	0.00726797	0.263725	0.00565646	0.000284313	1.46974e-009	1.04428e-010	1.13978e-009	6.79153e-011	8.72196e-012	6.7789e-011	1.20711e-012	1.10976e-013	1.15961e-015	2.86575e-016	1.65655e-018	1.15379e-021	7.54068e-022	5.74249e-022	2.87099e-024	5.45518e-026	1.46608e-027	5.9812e-029	9.04198e-031	7.26552e-030	1.3594e-032	1.88708e-030	1.08033e-032	1.72803e-034	4.32029e-036	2.2138e-036	1.33389e-038	1.14923e-038	7.94597e-037	3.42982e-039	1.91883e-036	8.39173e-039	4.6541e-039	
0	0.00041346	0.00594805	0.000644692	2.11869e-006	0.00203066	0.000331791	0.000846606	0.000880925	0.0210994	0.966067	0.0295518	8.53047e-005	1.83181e-008	1.04783e-007	1.98072e-009	1.84725e-008	2.05096e-009	3.87995e-012	4.32758e-014	4.23877e-015	4.95809e-015	2.02856e-015	2.30782e-019	1.29156e-019	3.96172e-023	3.79755e-026	7.49815e-028	1.78853e-026	2.09299e-029	2.33838e-029	5.79049e-030	1.00708e-031	2.34757e-034	4.52255e-033	4.60424e-036	2.26987e-037	8.63398e-039	3.83943e-041	4.25736e-042	3.77289e-040	2.78221e-039	1.18475e-039	8.67543e-038	4.41514e-040	
0	0	1.34454e-005	0.000112314	7.43793e-007	9.46945e-008	4.22607e-006	1.73869e-007	7.43573e-007	0.000741928	0.00942194	0.960813	0.999862	0.520089	0.84853	0.0468551	0.448445	0.0784216	4.93832e-005	2.61875e-006	8.0255e-008	2.27614e-007	3.46226e-006	9.38527e-008	5.86061e-007	1.63196e-008	8.06496e-012	3.5039e-013	4.70918e-012	9.36293e-013	2.60049e-011	3.13957e-012	3.89667e-012	8.16496e-014	5.29041e-014	1.09926e-016	1.29997e-018	9.16359e-024	1.68609e-026	2.08303e-029	2.05774e-033	1.22679e-035	2.79477e-039	2.73435e-040	7.00994e-039	
0	0	3.48473e-012	1.13123e-009	1.8149e-007	3.01902e-009	2.75154e-011	3.79241e-009	4.61411e-010	3.57032e-009	0.000144167	0.000955388	5.17807e-005	0.147346	0.124765	0.849516	0.541817	0.883354	0.132002	0.0213321	0.0688337	0.0953755	0.500321	0.0113363	0.00030468	1.09888e-006	7.05799e-011	4.13726e-014	2.50485e-013	2.09764e-013	1.40405e-014	4.12951e-012	1.39485e-013	6.49019e-013	2.00283e-013	2.29304e-017	2.92363e-022	3.01642e-023	9.03136e-028	8.11099e-031	1.66652e-032	6.90597e-035	8.86324e-039	5.88747e-041	1.18352e-043	
0	0	0	4.74824e-007	3.5856e-009	4.52279e-012	3.2667e-011	7.39194e-011	2.93114e-012	3.04359e-009	5.40783e-006	0.00451483	1.05186e-006	0.332565	0.00436633	0.100135	0.00721933	0.0374732	0.867916	0.948554	0.926633	0.881131	0.417478	0.97101	0.90183	0.791353	0.916193	0.268039	0.0242355	0.0350557	6.1189e-006	3.04097e-006	5.32355e-005	0.000683613	0.661898	0.927237	0.0566533	0.00387892	1.75755e-006	2.63985e-009	3.9348e-011	8.61395e-014	1.66547e-014	1.3577e-018	3.01189e-021	
0	0	0	2.99774e-017	5.59052e-008	1.30846e-010	6.70783e-012	3.39248e-014	2.65377e-014	4.00525e-015	2.76062e-013	5.86823e-009	1.7208e-008	1.97828e-007	0.000814541	2.31549e-005	3.63025e-005	0.000101239	1.78875e-005	0.0288137	0.00107993	0.00500082	0.0460819	0.0170076	0.0374485	0.192265	0.0825466	0.728417	0.0759865	0.0663338	0.000129554	7.31347e-007	9.22237e-007	4.15473e-006	0.00121412	0.0347754	0.93947	0.930459	0.957249	0.942897	0.149321	0.00353611	0.000558701	5.02499e-006	1.91759e-007	
0	0	0	0	8.49801e-009	2.54593e-008	2.42977e-008	2.05816e-008	4.92359e-009	4.15345e-009	2.35821e-009	1.34579e-008	1.21947e-007	3.13647e-008	0.0215241	0.00347055	0.00248222	0.00065028	1.49628e-005	0.00129796	0.00345359	0.018492	0.0361161	0.000646292	0.0604164	0.0163807	0.00126082	0.00354378	0.899778	0.89861	0.999864	0.999996	0.999946	0.999312	0.336888	0.0379874	0.00387692	0.0656624	0.0427494	0.0571028	0.850679	0.996464	0.999441	0.999995	1	


1	0.757385	0.112412	0.209874	0.0262365	0.0137392	0.0042323	6.38659e-005	8.29977e-006	9.69426e-007	2.11747e-008	6.14308e-010	2.34897e-011	4.28509e-013	4.71927e-015	2.92853e-016	2.06593e-018	2.68656e-020	2.31944e-022	4.48369e-025	1.85695e-027	2.17291e-030	1.71613e-032	3.0599e-034	1.7116e-036	1.19526e-038	4.59263e-040	9.1364e-042	5.34154e-043	3.31233e-044	5.51846e-045	6.4043e-046	2.28738e-047	4.24741e-049	2.05835e-051	9.26678e-053	1.8176e-053	7.65267e-053	2.0182e-052	3.17684e-053	5.45589e-053	5.21426e-052	1.35224e-051	6.96956e-051	1.31496e-050	
0	0.215872	0.282096	0.765151	0.933976	0.496955	0.863089	0.225668	0.0245741	0.00302178	0.000136796	2.29067e-006	5.73584e-008	3.65461e-009	3.92314e-011	8.73588e-012	2.46847e-013	4.23823e-015	8.3109e-017	1.55405e-019	1.27704e-021	3.9875e-024	8.29517e-027	2.43341e-028	1.81206e-030	2.89312e-032	1.66747e-034	6.89017e-036	2.69359e-037	4.02185e-038	5.462e-039	1.27416e-039	1.14011e-040	6.9327e-043	1.10979e-044	1.00237e-045	2.3675e-047	6.20605e-047	1.65974e-047	1.10462e-047	4.7439e-047	8.05043e-047	2.83519e-046	1.49922e-045	5.60224e-045	
0	0.0267429	0.6052	0.0142516	0.0397498	0.488001	0.120935	0.749321	0.931617	0.169925	0.0226189	0.000438175	7.21427e-007	3.89732e-010	8.27438e-011	7.33563e-012	1.43406e-013	2.14322e-015	1.11664e-015	7.02121e-019	5.14347e-020	5.93579e-022	3.76014e-025	3.42714e-028	1.33052e-030	1.4648e-032	4.5244e-035	2.10195e-038	6.3827e-038	7.45259e-040	6.59436e-040	4.23193e-040	9.818e-042	1.2231e-041	6.75623e-046	2.95515e-046	2.95948e-049	4.51659e-047	1.69487e-048	2.99388e-050	2.69811e-046	1.30425e-044	5.6626e-044	4.17955e-043	2.33587e-043	
0	0	0.000291713	0.0107235	3.61796e-005	0.00130268	0.0117431	0.0248838	0.0435251	0.799544	0.894699	0.227501	0.0021981	1.16344e-005	7.0973e-006	1.59297e-006	4.53768e-007	5.60376e-007	6.61063e-007	1.2254e-007	4.40005e-008	1.98756e-008	4.11343e-011	2.80003e-013	1.72457e-014	1.76828e-015	2.72416e-016	3.29585e-018	7.45367e-020	1.2733e-021	4.25327e-023	4.62331e-023	2.30888e-024	4.4095e-024	8.15843e-026	1.30941e-026	2.3508e-028	7.50527e-028	2.0341e-030	7.73063e-033	8.37099e-032	4.44092e-033	5.87132e-032	1.43711e-032	3.13856e-035	
0	0	5.77605e-008	6.82836e-008	9.1544e-007	1.33718e-006	3.23944e-007	6.274e-005	0.000273876	0.0273148	0.0710432	0.737119	0.137236	7.92812e-005	1.45252e-005	3.90154e-007	2.99169e-007	2.63445e-007	3.36242e-007	2.93858e-007	4.77146e-008	1.7735e-007	1.62033e-009	1.26154e-011	8.56841e-014	1.85218e-015	2.53038e-017	7.37777e-019	5.94875e-021	3.69088e-023	2.73084e-023	5.50942e-024	2.4801e-025	1.07036e-025	3.74536e-027	9.86449e-028	9.01243e-028	8.97031e-028	2.81036e-030	3.32004e-034	5.15585e-034	7.44057e-033	1.48767e-033	7.13788e-032	5.77261e-035	
0	0	0	1.31126e-007	2.3725e-007	2.68468e-008	1.6744e-007	3.19462e-007	1.29785e-006	0.00019241	0.0114347	0.0349189	0.853579	0.959419	0.997336	0.960603	0.997603	0.999144	0.992778	0.99949	0.995336	0.998221	0.993935	0.982297	0.820794	0.697236	0.683468	0.877499	0.844394	0.334086	0.408515	0.323168	0.497754	0.964905	0.95653	0.449091	0.356588	0.20382	0.00995375	0.00024014	0.000141178	1.27041e-005	1.18467e-005	3.35993e-006	1.46903e-007	
0	0	0	1.63096e-008	2.75503e-011	8.76414e-011	6.68999e-008	2.96194e-010	1.00731e-009	8.71928e-007	6.61087e-005	1.55627e-005	0.00670642	0.000861805	0.00026384	1.4412e-005	0.00153037	0.000190041	0.00705194	0.000346957	0.00435303	0.00175585	0.00450456	0.00894825	0.176397	0.297316	0.274325	0.0332397	0.00459079	0.000468639	0.000331865	1.3899e-005	0.262903	0.0293075	0.0312815	0.542795	0.554561	0.284282	0.00105309	1.08163e-005	7.56142e-007	1.46255e-008	7.23409e-008	2.73906e-009	5.59242e-010	
0	0	0	0	7.35711e-009	2.5513e-009	3.05174e-009	1.80702e-010	3.05746e-010	3.39588e-009	1.04742e-006	5.07668e-006	0.000279864	0.0396284	0.00237844	0.0393804	0.0008658	0.000665234	0.000168725	0.00016295	0.000310466	2.28871e-005	0.00156026	0.00875475	0.00280943	0.00544795	0.0422073	0.0892618	0.151015	0.665446	0.591153	0.676818	0.239343	0.00578746	0.0121887	0.00811386	0.088851	0.511898	0.988993	0.999749	0.999858	0.999987	0.999988	0.999997	1	


1	0.916114	0.903396	0.644184	0.558893	0.585758	0.74903	0.182656	0.0919499	0.00383307	1.61962e-006	1.63863e-009	3.98908e-013	1.98012e-016	5.34083e-017	2.20737e-017	1.17779e-019	2.93923e-021	1.05815e-022	7.15463e-025	1.47662e-026	7.53953e-029	3.62899e-031	1.78992e-034	2.41474e-036	5.95471e-039	1.23015e-042	2.68034e-046	7.67792e-047	2.3147e-049	8.12378e-049	1.26282e-049	1.32525e-050	2.69034e-052	2.03877e-057	7.45411e-060	1.88565e-062	1.41946e-063	8.31394e-065	1.16678e-065	9.30872e-066	1.30719e-064	3.10719e-064	1.95635e-064	9.94997e-064	
0	0.0233705	0.00195947	0.352188	0.379644	0.0384405	0.139098	0.00354725	0.00589248	0.000254258	1.23024e-008	1.62563e-010	2.24575e-013	4.22321e-016	4.61359e-018	1.51171e-019	3.86299e-021	8.81075e-023	8.38002e-024	1.41244e-024	5.76219e-027	4.82415e-029	1.19743e-030	6.15076e-033	1.4344e-034	1.00731e-036	7.86523e-040	2.23368e-042	7.14969e-044	3.26667e-046	5.50068e-047	9.78211e-050	3.11363e-050	4.25973e-052	1.46909e-055	1.83766e-057	1.06358e-057	1.09362e-057	4.99466e-058	4.89619e-058	2.72935e-059	4.38629e-060	6.11409e-060	4.38572e-061	2.76223e-062	
0	0.060516	0.0681765	0.0032947	0.0614615	0.222551	0.105248	0.767306	0.853216	0.200658	0.000210647	2.8589e-007	1.9991e-011	1.9173e-015	8.68775e-016	1.44463e-016	3.65807e-018	1.94683e-019	8.35243e-020	3.34526e-022	1.95676e-023	3.83056e-025	3.18007e-028	3.61843e-032	1.05895e-034	8.0958e-037	1.61238e-041	2.08831e-044	8.88615e-044	6.61667e-047	2.85745e-046	1.68072e-047	3.20525e-049	7.31524e-050	6.24085e-056	5.47225e-058	3.20015e-061	2.95307e-059	1.15412e-060	7.3145e-060	3.53352e-058	2.42519e-057	4.46574e-057	2.98505e-057	1.36379e-057	
0	0	0.0264682	0.000322756	1.10363e-006	0.153251	0.00657394	0.0464908	0.0489312	0.793646	0.977388	0.0124457	0.00503201	5.98083e-008	1.00419e-005	5.35027e-007	3.87378e-006	6.85976e-007	2.48097e-008	3.25135e-009	1.50101e-009	2.45014e-009	5.30632e-011	6.42897e-016	7.62652e-016	1.62356e-018	4.48558e-023	6.68284e-028	2.40849e-027	1.8935e-031	3.84915e-028	1.18612e-028	1.39499e-029	5.37745e-031	2.5201e-036	4.71085e-040	9.14301e-044	5.68312e-047	1.39388e-051	9.0815e-056	2.22186e-057	2.83461e-058	8.1672e-059	1.91717e-057	4.58013e-059	
0	0	1.27772e-021	8.76204e-006	1.90618e-009	4.24397e-011	4.84503e-005	2.26892e-007	1.05403e-005	0.00160879	0.0223991	0.985453	0.994744	0.381202	0.941782	0.799121	0.999218	0.995949	0.88388	0.940585	0.996225	0.997807	0.511163	0.00423846	0.0172225	0.00176911	2.7951e-006	5.49738e-009	5.7061e-008	2.72562e-009	5.91185e-008	1.03857e-007	5.01724e-007	5.80344e-007	6.3629e-009	3.38739e-011	6.51711e-015	1.4734e-020	3.22367e-025	2.90805e-029	4.57706e-034	7.17604e-038	6.77476e-041	3.74423e-045	2.56389e-048	
0	0	0	2.56096e-006	2.60703e-008	2.5465e-013	1.72178e-006	7.883e-011	4.41689e-009	1.44399e-007	1.58314e-007	0.0021009	0.000223953	0.618798	0.00243768	0.188849	0.00018215	0.00398508	0.116109	0.0588635	0.00372714	0.0021911	0.488829	0.995694	0.976922	0.994471	0.998451	0.999131	0.828039	0.98635	0.096543	0.0618236	0.795583	0.968096	0.999981	0.997133	0.972049	0.00361627	2.20639e-005	1.08573e-007	7.68214e-012	6.65072e-015	5.89351e-017	8.34114e-022	2.2324e-024	
0	0	0	1.61089e-027	2.35242e-007	3.03168e-009	8.90344e-010	4.07665e-009	4.82233e-011	4.72797e-012	8.42688e-013	1.89653e-012	5.97153e-008	2.39515e-007	0.0480047	0.00387523	2.67841e-005	9.11667e-007	9.48931e-006	0.000519407	4.11093e-005	4.43419e-007	5.25643e-006	6.02209e-005	0.00455513	0.00361281	0.00154186	0.000850277	0.140716	0.0107408	0.0771554	0.000739429	0.00157083	0.0199879	1.65189e-005	0.00283632	0.0277518	0.995727	0.943885	0.936025	0.974832	0.375836	0.609353	0.0101493	0.000642073	
0	0	0	0	1.21674e-008	8.73871e-008	1.18738e-007	2.88027e-008	3.74894e-008	1.12044e-008	3.51171e-011	1.95197e-011	3.30156e-007	1.24857e-008	0.00776534	0.00815418	0.000568719	6.43371e-005	1.75873e-006	3.21373e-005	6.70197e-006	1.14401e-006	2.68735e-006	7.25557e-006	0.00130067	0.000146989	4.31595e-006	1.89054e-005	0.0312456	0.00290931	0.826302	0.937437	0.202846	0.0119154	2.30942e-006	3.04203e-005	0.000199004	0.000656679	0.056093	0.0639746	0.0251682	0.624164	0.390647	0.989851	0.999358	


1	0.895868	0.962103	0.92155	0.486087	0.948125	0.469125	0.688622	0.725543	0.655132	0.353924	0.0519521	0.000188937	3.34855e-007	2.02619e-007	7.45707e-009	4.03272e-010	4.72184e-011	3.83672e-012	1.35682e-014	1.09388e-016	3.06463e-018	1.22105e-020	1.02757e-022	5.96551e-024	3.04825e-025	1.61096e-027	8.99202e-030	8.35422e-031	1.81001e-032	9.58335e-033	3.45132e-033	1.14091e-034	1.44652e-035	8.00215e-038	4.45214e-039	1.54738e-040	3.24033e-040	8.7354e-041	3.08594e-041	1.65454e-040	2.41359e-039	1.18689e-038	3.82573e-037	1.16036e-036	
0	0.0834434	0.0329023	0.0779921	0.51284	0.0362833	0.529713	0.15165	0.0687356	0.0251473	0.0379145	0.038212	4.18848e-006	2.68161e-007	1.85939e-008	8.88024e-009	1.16914e-010	3.05782e-011	2.21832e-011	1.51622e-014	1.3892e-016	2.9766e-018	2.20492e-020	1.4315e-021	4.77339e-023	7.71333e-024	1.92945e-025	1.44644e-027	1.5377e-028	7.09399e-030	2.82431e-031	1.11988e-031	6.23818e-033	3.08678e-033	1.38341e-035	1.51767e-035	2.39148e-037	4.61308e-037	1.16366e-037	5.28166e-038	1.32526e-037	2.09729e-036	2.82933e-036	1.3655e-035	6.93907e-035	
0	0.0206885	0.00486415	0.000236511	0.00104298	0.0151517	0.000634516	0.15396	0.201852	0.25899	0.00894153	0.0195973	3.5596e-006	1.20009e-008	4.47331e-008	3.87539e-009	8.25933e-011	3.22537e-010	6.67006e-010	2.8246e-011	5.27081e-013	5.20175e-014	1.08113e-017	3.2729e-020	1.08678e-022	7.14393e-024	2.3095e-026	4.69314e-028	3.00277e-030	1.05308e-031	3.3816e-032	4.46565e-032	1.6572e-034	4.60699e-033	3.16572e-036	3.43102e-037	3.39745e-038	4.49629e-038	1.45234e-039	5.31755e-040	2.21717e-037	3.70553e-037	7.5328e-036	9.93086e-036	1.07311e-036	
0	0	0.000128978	0.000220405	3.033e-005	0.000422526	0.000469261	0.00573579	0.00363475	0.0548936	0.0954454	0.00931816	1.05754e-005	6.45089e-009	6.97938e-008	4.6588e-008	5.02533e-009	3.40367e-008	5.752e-009	1.92016e-010	4.17271e-013	1.03336e-014	2.82316e-017	5.79782e-020	3.13179e-022	1.26278e-024	1.36343e-025	5.10063e-027	9.03648e-029	1.32513e-030	4.27136e-032	4.50054e-031	2.63961e-034	2.72445e-035	7.12018e-036	9.93224e-038	4.25621e-038	2.10143e-038	4.94724e-041	3.07092e-040	3.04607e-038	1.76784e-039	5.36658e-036	1.89617e-037	7.34857e-038	
0	0	1.2372e-006	1.0572e-006	2.88498e-008	7.43923e-007	5.84899e-005	2.44861e-005	6.13517e-006	0.000238844	0.450918	0.000284655	4.90973e-006	2.04958e-011	5.31854e-009	1.69167e-010	5.85506e-009	1.24695e-010	3.97551e-010	4.22417e-013	7.47898e-013	6.09295e-015	3.23078e-018	3.19008e-022	1.62888e-021	1.42252e-026	1.12424e-028	3.99903e-031	1.33222e-028	8.29779e-033	1.59864e-032	1.49785e-033	3.96277e-034	3.33991e-038	2.26018e-038	3.09115e-039	5.70783e-042	2.23521e-039	9.64435e-045	7.29478e-045	5.87549e-041	2.97466e-041	1.59765e-039	1.01233e-037	1.53855e-040	
0	0	0	1.07688e-009	7.6562e-008	1.63228e-005	7.50431e-009	8.65547e-006	0.000227855	0.00557604	0.0504319	0.703548	0.405787	4.1219e-005	0.000800893	4.3699e-005	5.45219e-005	5.30381e-005	8.68213e-007	7.61451e-009	3.97322e-011	2.68858e-011	1.2796e-013	3.60833e-017	2.63817e-019	1.33433e-021	5.66213e-026	7.3926e-029	6.2095e-029	1.8292e-031	1.27046e-029	1.46082e-029	1.10232e-032	2.14357e-034	8.17686e-039	2.98475e-040	2.72021e-041	3.38161e-042	2.90849e-042	8.63571e-046	1.12797e-042	1.07684e-038	4.84231e-041	2.68929e-035	1.00866e-036	
0	0	0	2.01995e-022	1.81292e-013	1.57398e-011	4.09794e-009	1.51578e-012	7.11648e-009	2.23904e-005	0.00242177	0.176893	0.593242	0.978011	0.903775	0.948562	0.996553	0.950621	0.97555	0.989147	0.996692	0.990488	0.970715	0.897254	0.625741	0.0212001	6.06188e-005	1.84497e-006	1.27092e-006	1.93231e-007	1.47197e-007	6.12247e-008	2.07179e-008	7.40151e-009	6.22525e-009	5.55919e-011	3.47064e-013	1.33318e-017	6.155e-021	1.68412e-023	8.21789e-027	5.59651e-030	1.96757e-032	5.87871e-035	1.01009e-036	
0	0	0	0	1.02782e-012	4.66138e-012	4.23149e-009	1.78694e-010	4.32429e-010	1.18705e-008	2.46803e-006	0.00019492	0.000759252	0.0219471	0.0954236	0.051394	0.00339218	0.0493254	0.0244493	0.0108532	0.00330812	0.00951229	0.029285	0.102746	0.374259	0.9788	0.999939	0.999998	0.999999	1	1	1	1	1	1	1	1	1	1	1	1	1	1	1	1	


1	0.739598	0.133302	0.965937	0.768805	0.0890544	0.631706	0.182186	0.0148364	0.00134899	1.77645e-005	4.06773e-007	2.47557e-010	8.87919e-014	2.27929e-016	3.62067e-020	3.97207e-023	3.16112e-027	3.12216e-030	4.48591e-033	5.02146e-036	2.22914e-038	1.17805e-041	3.48733e-046	2.26799e-048	3.90213e-050	6.0303e-053	5.08739e-056	2.30676e-056	2.12915e-058	4.26274e-058	5.5075e-058	1.75437e-058	4.70933e-060	2.84038e-062	2.70724e-063	3.10915e-065	9.04174e-066	3.82792e-067	2.80938e-068	3.78754e-068	4.99105e-068	3.72579e-068	6.25827e-068	4.58197e-068	
0	0.260213	0.865031	0.00348646	0.231165	0.909582	0.365817	0.815215	0.984324	0.0447727	0.000808361	4.25962e-005	3.71853e-009	1.81446e-014	4.81468e-017	1.98719e-020	9.44511e-024	6.18087e-028	1.88007e-030	2.33148e-033	1.4448e-035	7.02638e-037	1.36748e-040	1.10419e-045	2.82705e-048	7.22317e-051	5.10386e-055	3.03161e-058	2.15578e-057	3.24977e-060	3.32289e-058	1.2587e-057	6.60094e-059	2.54756e-060	1.61334e-063	7.33253e-065	2.4622e-067	2.70896e-067	7.71717e-070	7.14488e-071	5.23695e-069	4.14876e-068	1.16111e-069	5.90641e-067	7.38632e-069	
0	0.000189593	0.00166737	0.0288686	2.11178e-006	0.00136361	0.00243408	0.00259959	0.00083912	0.953783	0.733286	0.303906	0.00269027	2.91707e-008	2.76776e-009	1.89924e-012	1.23444e-013	6.90246e-016	6.50908e-019	2.16756e-020	6.52162e-023	1.56374e-024	1.58819e-028	2.74891e-034	1.18172e-036	5.13184e-039	6.53183e-042	6.7847e-046	1.93052e-046	6.87443e-050	9.02285e-049	1.19476e-047	4.02144e-049	4.31514e-051	1.01235e-053	8.96871e-057	1.40036e-059	1.21128e-062	4.50801e-067	1.88121e-071	1.01666e-072	9.27348e-071	7.05533e-070	4.29744e-070	6.1055e-070	
0	0	1.12455e-008	0.00170802	2.74872e-005	3.73243e-009	4.26391e-005	1.218e-007	2.44481e-008	9.55117e-005	0.265656	0.22224	0.985978	0.987765	0.0514153	0.000117518	5.5342e-006	9.32478e-009	4.45579e-012	5.04397e-014	1.33176e-016	7.71025e-019	6.00546e-021	5.67635e-024	8.06134e-025	1.47564e-025	4.72207e-027	5.05641e-028	7.58335e-026	6.74583e-026	6.97738e-024	3.25441e-023	4.36682e-022	4.08568e-023	1.61387e-022	7.20387e-024	7.15989e-026	5.44061e-030	4.34781e-033	5.30755e-035	3.02439e-038	1.78579e-041	3.54285e-044	3.30123e-047	2.22942e-048	
0	0	1.41387e-016	1.83262e-012	1.32765e-007	1.97743e-009	1.52004e-012	6.99461e-009	1.90237e-011	9.63137e-009	0.000232021	0.473228	0.0107652	0.0121646	0.948585	0.999841	0.999629	0.999995	0.646236	0.703218	0.596115	0.311545	0.00106323	2.1166e-007	1.15091e-010	3.95156e-013	2.96205e-016	5.52045e-020	1.37712e-018	1.4088e-019	1.08243e-018	1.46546e-016	1.73706e-017	3.22445e-017	3.38552e-018	1.84443e-021	9.7313e-026	3.5833e-029	4.66994e-034	1.07984e-037	1.69911e-037	1.39691e-039	2.11648e-042	1.60251e-044	4.41943e-048	
0	0	0	1.70161e-016	7.21734e-012	1.73033e-013	7.95905e-011	1.10692e-015	4.41826e-014	3.36906e-014	3.54423e-011	0.000583609	0.00056696	6.16013e-005	6.72434e-008	4.1539e-005	0.000365519	4.73497e-006	0.353764	0.295465	0.403871	0.688437	0.998781	0.999823	0.998817	0.31517	0.0487437	0.000428898	0.000491509	1.11477e-005	1.11556e-006	2.19473e-007	0.0001335	0.000201869	0.027341	0.328741	0.0829568	0.000213299	2.36949e-008	2.53596e-012	1.82164e-016	1.15047e-019	8.30641e-023	2.53789e-026	3.17201e-029	
0	0	0	3.28679e-022	5.9545e-017	1.19809e-015	9.33596e-015	2.24573e-014	2.59021e-017	3.91122e-017	3.35394e-018	3.3263e-013	3.66445e-008	8.85204e-006	7.71781e-009	1.44266e-010	1.50301e-010	1.51884e-008	4.27701e-010	0.00131659	1.37045e-005	1.71767e-005	0.000155562	0.000176896	0.00118319	0.684823	0.950662	0.998518	0.91208	0.988311	0.566092	0.458896	0.760862	0.985887	0.970409	0.665363	0.912131	0.958785	0.964872	0.920374	0.563651	0.105035	0.0193292	0.000529349	2.43621e-005	
0	0	0	0	8.29676e-022	1.97908e-018	3.86774e-016	1.5337e-016	1.01769e-016	5.38739e-018	6.02342e-020	4.68007e-019	1.65952e-012	1.14675e-011	3.38877e-009	2.82551e-012	7.5129e-014	1.45446e-013	5.08249e-013	3.63391e-009	9.14292e-008	2.06956e-009	1.55652e-009	1.03159e-009	5.89064e-008	7.70208e-006	0.000593918	0.00105306	0.0874285	0.0116777	0.433907	0.541103	0.239004	0.0139113	0.00225038	0.00589535	0.00491237	0.0410021	0.0351282	0.0796264	0.436349	0.894965	0.980671	0.999471	0.999976	


1	0.468108	0.0276493	0.959972	0.803619	0.0495195	0.354496	0.00724524	0.000419259	2.73804e-007	2.51158e-010	1.53908e-013	1.29848e-015	1.99398e-018	1.47735e-019	2.93738e-021	4.32692e-023	6.06769e-026	2.37848e-028	9.42605e-031	2.07844e-033	2.21026e-035	1.02968e-037	1.73216e-041	2.02228e-043	4.41976e-046	1.9545e-048	6.55487e-051	6.54681e-052	3.57044e-054	6.47347e-054	2.8349e-054	1.98131e-055	1.93648e-058	2.43768e-060	1.12186e-061	2.64304e-063	1.37981e-063	1.15635e-064	8.33955e-066	1.34398e-065	4.76704e-065	4.66118e-065	2.67541e-063	2.06104e-063	
0	0.531891	0.972251	0.0112321	0.196371	0.950406	0.644154	0.992024	0.998496	0.000239985	1.31714e-006	1.12169e-010	6.82522e-013	4.18876e-018	5.09928e-018	6.59559e-020	2.86433e-021	4.2196e-024	1.49324e-027	4.17705e-031	1.03862e-033	3.74157e-035	1.66371e-038	2.232e-044	1.17809e-044	7.11543e-048	9.46719e-052	1.80316e-053	7.40247e-052	7.81772e-056	4.67735e-053	3.42426e-053	8.75915e-057	4.58109e-059	8.13871e-064	1.20694e-064	1.35369e-067	3.56376e-066	1.1758e-067	4.45322e-068	2.04532e-065	5.4293e-065	3.7285e-066	1.05063e-062	4.89508e-064	
0	1.67861e-006	9.9759e-005	0.0287861	7.91013e-007	7.45974e-005	0.00134887	0.000731136	0.00108428	0.999718	0.969528	0.0732005	0.0118224	9.92372e-005	0.00380173	0.00351246	0.0611441	0.37032	0.0164926	9.97099e-005	2.08889e-007	9.15998e-009	6.6776e-013	3.64726e-018	2.25643e-022	1.00716e-025	9.59473e-030	4.73468e-033	2.97261e-033	5.80535e-035	3.21908e-034	2.85819e-032	6.29622e-035	5.89911e-037	1.32371e-039	6.35203e-043	3.78939e-047	4.09348e-050	3.68951e-055	2.62271e-059	4.73882e-061	3.18385e-063	1.46479e-064	5.55262e-065	1.73751e-066	
0	0	4.73461e-009	4.54677e-006	1.14892e-007	1.7693e-010	5.00495e-008	1.50695e-009	3.26616e-008	4.19982e-005	0.0303599	0.915379	0.319421	0.0159183	0.0275208	0.333035	0.902897	0.628473	0.195559	0.118015	0.00376666	0.00190066	2.8133e-006	1.94706e-009	2.12283e-013	1.30816e-018	4.17163e-022	1.1779e-025	1.8106e-027	4.82993e-029	2.59026e-029	1.67628e-027	6.8008e-029	5.08881e-033	9.6483e-034	4.97481e-037	8.91011e-040	4.22874e-044	6.1816e-049	2.08957e-053	8.24144e-057	3.85458e-059	3.15858e-061	6.36506e-063	2.39983e-065	
0	0	1.42992e-011	5.07224e-006	8.85424e-006	8.04506e-011	3.74988e-007	8.10045e-011	6.39412e-010	6.35385e-009	0.000110603	0.0114176	0.668635	0.968324	0.016869	0.00734471	0.0221617	0.000645509	0.787061	0.845317	0.895428	0.779085	0.961284	0.998791	0.744456	0.00395933	0.000151781	2.93348e-006	3.54321e-006	4.76446e-007	3.65204e-007	1.67211e-007	2.31881e-005	8.75249e-008	9.33066e-006	8.54081e-006	6.39642e-007	1.67877e-010	4.54523e-014	6.98013e-018	9.99241e-022	1.26686e-024	1.60211e-027	3.90147e-030	6.8323e-032	
0	0	0	6.7806e-013	8.0815e-008	1.17655e-008	2.8336e-010	4.84091e-010	1.97913e-012	6.73821e-014	5.56187e-010	2.72813e-006	0.000121087	0.0156434	0.95164	0.397131	0.00927094	0.000301465	0.00066025	0.0338085	0.100472	0.217659	0.0375142	0.00109621	0.255538	0.9897	0.398619	0.0107932	0.099833	0.00372129	0.015424	0.060651	0.0894555	0.976176	0.540435	0.341458	0.00093352	0.000124272	2.43579e-007	2.64112e-011	1.04433e-011	9.60105e-012	1.02045e-013	3.36314e-013	2.54513e-016	
0	0	0	6.87975e-015	3.72082e-012	2.12773e-013	2.81594e-011	7.43972e-015	1.65654e-014	1.41195e-016	6.7514e-016	2.06411e-009	1.43963e-008	1.49964e-005	0.000168137	0.25877	0.0039536	0.000249084	0.000224977	0.0027581	0.000331619	0.00135545	0.00118344	0.000107809	4.71243e-006	0.00631478	0.599124	0.672484	0.00265501	0.000379038	1.13044e-005	0.00330181	0.000823061	0.00236298	0.439162	0.177429	0.115259	0.0153537	7.93269e-005	1.93874e-007	2.43705e-008	1.0241e-009	5.84269e-010	1.8268e-011	1.41673e-013	
0	0	0	0	8.99244e-015	5.58189e-014	4.15729e-011	2.46303e-014	1.95437e-015	2.65502e-018	3.4034e-020	1.06684e-015	6.14222e-011	5.72835e-008	6.40716e-007	0.000207015	0.000572122	1.15749e-005	2.13742e-006	1.56209e-006	1.73989e-006	6.79885e-007	1.56351e-005	4.71506e-006	1.56968e-006	2.5703e-005	0.00210461	0.31672	0.897508	0.995899	0.984564	0.936047	0.909698	0.021461	0.0203941	0.481105	0.883806	0.984522	0.99992	1	1	1	1	1	1	


1	0.619128	0.695493	0.994107	0.996057	0.645497	0.952479	0.369571	0.220009	0.00709565	8.47009e-006	2.96773e-009	9.1337e-011	5.66399e-013	1.4857e-015	7.96324e-019	1.51987e-021	5.80548e-025	2.87065e-028	1.54472e-031	4.17009e-035	7.17884e-038	1.19418e-040	3.30228e-044	3.44082e-046	1.38631e-048	3.19171e-052	6.44564e-056	2.44869e-059	1.03239e-062	6.44707e-064	7.42748e-066	9.83343e-068	4.05497e-071	1.21202e-074	1.48707e-076	3.46247e-078	4.16187e-079	1.67446e-080	9.4425e-082	1.1677e-081	1.40094e-080	7.05219e-081	1.32562e-078	8.63773e-078	
0	0.380871	0.303651	0.00145498	0.0036597	0.3545	0.0471616	0.630422	0.778675	0.677273	0.844711	0.00279276	0.00119647	3.52141e-006	8.59645e-007	8.18239e-009	1.52953e-009	3.66661e-011	3.05981e-014	4.71077e-018	5.2689e-021	3.38634e-023	1.88655e-026	2.58933e-031	1.0889e-033	1.79668e-036	1.75832e-041	2.69334e-046	4.63982e-048	7.4885e-052	1.63823e-051	1.17121e-051	7.6928e-055	3.5335e-057	8.4629e-062	1.65209e-065	1.93352e-070	2.56427e-073	6.58379e-078	3.10667e-081	8.93448e-082	1.11816e-081	8.86807e-083	3.96106e-079	3.40616e-080	
0	3.80591e-007	0.000856496	0.0011489	5.15871e-007	9.99577e-007	0.000358875	7.42425e-006	0.00131573	0.315584	0.133252	0.995585	0.647641	0.365297	0.0105567	0.00210058	0.00052707	4.85471e-005	3.79228e-005	3.05131e-006	1.77515e-007	3.45406e-008	1.36858e-010	1.64291e-012	1.8396e-014	7.85292e-017	1.73423e-019	5.28569e-023	4.59706e-026	3.13571e-028	7.05175e-030	1.46804e-029	3.34937e-030	1.97709e-032	8.93564e-034	7.50203e-035	2.17078e-036	4.44326e-039	9.36735e-043	2.06664e-046	1.19278e-048	6.77823e-049	2.9294e-050	2.43108e-050	1.74175e-051	
0	0	1.51612e-009	0.00328868	0.000279239	5.49506e-007	2.41826e-007	3.41024e-008	2.06837e-009	4.95123e-007	5.93386e-005	6.00364e-006	0.292626	0.432612	0.00187119	3.29821e-006	6.48496e-007	1.62391e-008	1.41914e-009	4.10248e-008	2.7617e-010	1.27401e-011	5.72468e-010	4.09772e-012	2.85138e-012	6.0263e-013	5.96716e-014	1.6162e-015	1.64179e-017	2.22463e-019	5.59914e-020	9.59323e-023	5.87218e-023	3.38603e-025	3.48677e-026	2.62552e-027	1.68909e-027	1.57365e-029	4.39805e-030	2.99352e-031	4.44299e-033	5.23478e-034	1.00256e-035	4.41533e-036	4.69535e-036	
0	0	1.51446e-010	5.10012e-009	3.44598e-006	2.36827e-006	6.04803e-009	2.39277e-007	1.29966e-008	4.744e-005	0.0219691	0.000610003	0.0582507	0.187817	0.987506	0.99732	0.994041	0.999825	0.0115075	5.49241e-005	4.70626e-007	5.77397e-009	3.88505e-012	1.74638e-014	5.58707e-016	1.38824e-016	9.32572e-019	5.29259e-019	6.50779e-017	1.44489e-018	6.89979e-018	7.56603e-017	1.83481e-019	1.10684e-021	6.09107e-025	5.59888e-029	1.26209e-032	1.379e-031	7.27897e-035	5.99622e-034	4.49001e-033	5.54123e-034	1.76009e-036	4.2967e-035	6.81657e-037	
0	0	0	1.87079e-012	2.31182e-012	1.3469e-010	2.98571e-008	2.5274e-012	3.46729e-011	2.49856e-011	4.561e-008	0.00100642	0.00014387	0.000866228	2.1668e-005	0.000573833	0.00543159	0.00011787	0.988455	0.999357	0.999962	0.99994	0.994718	0.993097	0.955534	0.0181358	0.000382982	1.10419e-007	2.40118e-011	4.50314e-015	1.00502e-017	4.21892e-020	2.15955e-016	5.70345e-018	4.56333e-018	4.39804e-018	1.37016e-018	5.46537e-021	1.38657e-024	5.52144e-029	5.63004e-032	1.57976e-033	2.6414e-035	1.32397e-036	6.55983e-037	
0	0	0	3.66607e-016	2.13068e-014	1.5454e-014	2.96275e-012	6.22082e-013	3.27277e-015	5.05597e-014	7.14543e-011	1.79655e-008	0.000141338	0.0132971	4.14143e-005	1.8121e-006	1.39991e-007	8.13813e-006	8.62437e-008	0.000126316	2.2098e-005	4.08668e-005	0.0050705	0.00619364	0.0430271	0.967214	0.983665	0.988975	0.999886	0.980682	0.998842	0.996037	0.973003	0.997898	0.985615	0.897275	0.0481305	0.000117457	3.49821e-007	2.95162e-009	1.14711e-011	2.22121e-013	3.23461e-016	2.1263e-017	8.05114e-019	
0	0	0	0	1.13147e-013	8.37077e-016	2.92346e-012	9.20215e-012	1.60006e-013	2.26363e-014	2.65746e-016	1.873e-012	1.1978e-006	0.000106392	2.58017e-006	4.85333e-008	6.10679e-009	4.06113e-007	1.79983e-008	0.000458539	1.51366e-005	1.92136e-005	0.000211763	0.000709588	0.00143935	0.0146501	0.0159522	0.0110253	0.000114111	0.0193179	0.00115828	0.0039627	0.0269972	0.00210153	0.0143852	0.102725	0.95187	0.999883	1	1	1	1	1	1	1	


1	0.999199	0.96806	0.951261	0.999949	0.993131	0.952212	0.624663	0.993415	0.963907	0.630971	0.455559	0.149479	0.00675234	0.005243	0.000747325	0.0034169	0.00111488	0.000873194	0.000266036	0.000136445	9.46954e-005	5.37288e-005	1.75277e-005	2.87112e-005	5.06521e-005	3.2439e-006	1.1967e-006	1.41653e-006	3.10217e-006	1.02576e-006	2.80073e-008	1.90301e-009	5.3814e-010	1.86908e-011	2.52264e-011	2.77951e-012	4.97186e-010	1.39805e-010	2.87627e-011	8.93651e-011	6.92813e-010	2.20805e-009	1.74555e-009	5.26834e-009	
0	3.66589e-005	0.0319096	0.0487364	1.22226e-005	0.00680534	0.00195453	0.216977	0.00564316	5.57523e-005	0.113427	1.76654e-005	1.40033e-006	1.0585e-008	0.00202181	4.38506e-006	3.81812e-006	6.90992e-008	0.000127015	4.19525e-006	0.000763099	2.67556e-005	8.73264e-008	1.65849e-010	1.08023e-005	5.9623e-007	1.51668e-007	4.26115e-013	6.96209e-010	3.66727e-011	1.03701e-010	2.2012e-011	3.70187e-011	6.62859e-011	6.97231e-014	6.27395e-014	2.01712e-017	7.28915e-011	7.59131e-015	1.30524e-016	1.82107e-010	9.4205e-011	7.11273e-010	2.82865e-012	1.08936e-013	
0	0.000764317	3.02338e-005	2.4186e-006	3.90566e-005	6.39431e-005	0.0458333	0.158044	0.00084385	0.000261122	0.189705	0.000773882	4.85114e-007	1.08576e-009	3.56575e-005	3.67832e-007	0.000610833	1.71076e-005	1.42751e-005	2.42355e-009	1.52059e-007	1.16601e-005	1.39426e-006	1.4208e-010	8.42505e-008	3.63856e-007	9.61459e-010	2.99484e-012	1.16671e-008	5.38046e-012	3.7143e-011	3.88007e-011	1.26593e-014	1.62259e-011	3.29831e-017	2.97216e-014	3.05472e-020	2.66499e-012	6.13892e-017	3.10462e-017	1.42748e-013	1.99266e-013	4.71361e-013	2.51337e-012	3.18167e-015	
0	0	6.81332e-009	4.0124e-011	2.30738e-010	2.71443e-009	7.5684e-009	0.000315377	9.75081e-005	0.035729	0.00558837	0.138801	0.00839256	1.97497e-005	1.74166e-005	7.9032e-008	0.000128354	0.656332	0.0591852	0.000966649	2.40341e-007	1.15406e-007	1.54834e-010	1.01299e-010	1.73884e-014	8.42481e-010	2.54621e-012	1.95329e-011	1.3e-012	2.02114e-010	3.4711e-012	5.43243e-014	1.96593e-016	1.29731e-016	3.45806e-017	2.36285e-019	6.04755e-019	2.6096e-020	9.02395e-018	5.37026e-020	8.38999e-020	5.57924e-018	1.57228e-015	1.63401e-016	1.01859e-015	
0	0	2.64608e-019	4.70906e-012	5.7026e-014	1.91568e-013	1.31424e-012	2.13326e-012	9.4319e-007	4.67969e-005	0.0603098	0.404394	0.840505	0.992216	0.991577	0.994312	0.995576	0.342496	0.939519	0.515695	0.988941	0.998255	0.478811	0.643569	0.484477	0.215217	0.00885223	0.00111223	0.0080344	0.501168	0.912545	0.99833	0.986021	0.989563	0.957031	0.984575	0.0336725	0.0127938	6.2574e-006	4.03589e-009	3.31439e-011	6.30815e-013	5.35525e-015	5.32376e-018	2.55426e-019	
0	0	0	4.26597e-017	1.241e-014	1.18507e-016	7.52971e-018	6.40382e-018	4.5236e-014	6.81871e-011	1.4171e-009	0.000454359	0.00154951	0.000670739	0.000961398	0.00492947	0.000184754	2.31695e-005	0.000264015	0.483066	0.0101031	0.00157072	0.521119	0.356319	0.515337	0.780152	0.991097	0.29822	0.00252358	0.00617962	0.00227877	0.000247205	0.0139627	0.0104274	0.0429677	0.0154147	0.966282	0.656327	0.668226	0.00013038	6.10633e-007	2.19789e-007	3.67655e-009	2.20741e-012	2.02919e-014	
0	0	0	1.17637e-036	3.60667e-018	5.68072e-017	5.2951e-020	4.14069e-021	8.96303e-021	2.29436e-016	2.89413e-015	1.38175e-014	7.16135e-005	0.00034139	8.84448e-005	9.24008e-007	3.32187e-005	4.44172e-007	5.27929e-011	1.04349e-006	1.19907e-005	5.35856e-007	1.7791e-006	8.98146e-005	6.61721e-005	0.00455035	4.26333e-005	0.700665	0.0159185	0.201137	0.0422796	2.79627e-006	1.24463e-008	8.12999e-006	1.00988e-006	5.29872e-006	4.56501e-005	0.313035	0.331318	0.989218	0.216023	0.00109652	2.67783e-005	6.95706e-008	3.41473e-008	
0	0	0	0	3.65139e-021	1.23877e-018	1.67784e-016	8.21119e-016	1.59265e-015	9.64735e-016	6.26541e-014	5.52939e-014	5.85381e-009	2.08757e-007	5.52255e-005	5.91327e-006	4.64136e-005	1.71652e-005	1.76098e-005	2.58453e-007	4.37863e-005	4.02719e-005	1.22497e-005	4.67952e-006	8.05531e-005	2.88903e-005	5.16726e-006	1.17277e-006	0.973522	0.291512	0.0428956	0.00142022	1.67609e-005	1.70595e-006	8.86351e-009	4.72708e-006	7.97907e-009	0.0178438	0.000449921	0.0106518	0.783976	0.998903	0.999973	1	1	


1	0.997191	0.995585	0.996667	0.999915	0.989991	0.889599	0.266767	0.921391	0.628961	0.217484	0.557714	0.776658	0.850165	0.597002	0.865122	0.224736	0.00137734	0.00263761	0.00792234	0.070638	0.0858277	0.517657	0.185283	0.380276	0.895916	0.91114	0.605694	0.542038	0.0522149	0.038016	0.0545999	0.0918766	0.137553	0.280655	0.230227	0.297194	0.166376	0.218958	0.048546	0.0183886	0.0379109	0.0133574	0.0166219	0.00865319	
0	0.000729237	0.00441106	0.00332268	7.31564e-005	0.00996114	0.110165	0.730816	0.0752689	0.000868253	0.568741	0.00167234	3.5406e-005	2.00276e-005	0.227414	0.0210877	0.00484465	3.36654e-006	0.00178269	2.43458e-005	0.241805	0.0282896	0.0012604	2.01299e-005	0.307356	0.017385	0.0222789	1.25562e-006	0.0197772	2.27625e-006	1.80063e-005	0.000320338	0.00137953	0.0441669	0.00106615	0.00383125	6.73612e-007	0.0276147	1.04291e-006	1.39806e-006	0.0165665	0.00036846	0.000663064	4.07537e-005	2.47476e-007	
0	0.00207934	3.92888e-006	1.03531e-005	1.2257e-005	4.83226e-005	0.000236822	0.00241714	0.00333937	0.369382	0.213151	0.320377	0.143946	0.00875062	0.112358	0.0211524	0.721649	0.96333	0.967273	0.7639	0.331638	0.740716	0.0421881	6.7235e-005	0.000140463	0.031486	0.00202627	0.00346892	0.0042808	5.77578e-005	0.00010575	0.000188135	2.17512e-005	0.00300174	0.00013159	0.000267818	2.55506e-005	4.98987e-005	4.15176e-006	6.26537e-006	1.83801e-005	2.30398e-006	1.28989e-005	2.21515e-006	1.36677e-007	
0	0	2.04577e-009	8.94131e-013	1.01568e-011	4.59634e-011	7.64541e-011	2.13304e-010	3.81924e-007	0.000785943	0.000269086	0.11942	0.0765222	0.00400811	9.30149e-005	0.000600102	0.000347999	0.0329942	0.00915671	0.19774	0.0102691	0.0555134	0.000180526	8.33725e-006	8.20005e-010	3.33443e-009	1.28317e-006	4.99645e-006	4.93025e-007	2.2199e-007	3.56803e-008	1.5942e-006	2.14787e-008	3.10901e-009	3.83318e-007	1.4859e-008	1.4733e-006	3.58371e-011	4.13094e-010	1.95187e-010	2.17908e-011	9.10118e-011	1.88738e-010	1.57852e-010	4.42839e-011	
0	0	1.89548e-008	2.20747e-010	1.30377e-010	9.15557e-011	1.8324e-009	1.23173e-009	1.1102e-007	1.96119e-006	0.000354612	0.000806094	0.00263219	0.00735209	0.000584291	0.00123411	1.7705e-005	6.02197e-006	0.0138701	0.0120948	0.282535	0.028481	0.042085	0.00406166	0.000795107	0.000137037	0.000121346	5.05951e-006	7.28768e-006	2.04386e-006	1.00596e-007	8.43646e-007	2.3724e-006	6.0947e-007	4.72498e-005	7.74609e-006	1.19359e-006	2.66388e-009	1.04756e-009	3.00717e-011	7.32722e-011	5.20138e-010	2.47224e-011	1.18203e-010	1.5533e-011	
0	0	0	2.35713e-011	1.24466e-013	1.94919e-015	9.32461e-016	2.04792e-017	4.63123e-014	1.0602e-012	1.67578e-010	1.1122e-005	0.000147542	8.90821e-005	5.02196e-008	1.11323e-006	8.41421e-009	3.71809e-012	1.47186e-006	0.00763623	0.000395555	0.000456532	0.297973	0.789954	0.293339	0.0419821	0.0571845	0.0467268	5.45443e-005	2.49763e-007	5.47095e-009	6.98608e-011	9.06627e-008	2.72777e-009	1.05613e-006	2.4765e-007	0.000103047	2.62485e-009	4.41109e-010	2.27638e-014	6.49152e-018	9.59823e-015	1.35019e-015	7.02347e-016	6.36345e-015	
0	0	0	2.50819e-021	1.77807e-012	8.3964e-015	4.42158e-018	3.1601e-020	5.50793e-020	7.82701e-016	2.31918e-017	5.64582e-014	5.90422e-005	0.129574	0.0281554	0.00235408	3.44796e-006	6.94776e-009	1.61553e-013	4.94765e-009	6.31177e-007	1.24806e-008	3.90441e-006	0.000167338	9.92387e-005	0.000959893	1.5233e-005	0.338551	0.275315	0.903567	0.81836	0.00580457	5.373e-006	1.05893e-007	8.85084e-010	1.20212e-010	4.09911e-009	1.20433e-008	1.99934e-008	1.37737e-007	5.84212e-010	1.15635e-013	2.75748e-017	3.5903e-019	3.01479e-017	
0	0	0	0	3.11252e-015	2.43165e-013	5.98738e-013	3.15226e-013	1.59465e-012	5.20715e-012	3.06399e-012	1.08232e-011	4.57639e-009	4.11712e-005	0.0343931	0.0884489	0.0484006	0.0022888	0.00527876	0.0106823	0.0627186	0.0607156	0.0986523	0.0204384	0.0179941	0.0121343	0.00723253	0.0055476	0.158527	0.0441553	0.1435	0.939085	0.906714	0.815278	0.718099	0.765666	0.702674	0.80596	0.781037	0.951446	0.965027	0.961718	0.985967	0.983335	0.991346	


1	0.956146	0.998012	0.949477	0.9942	0.997909	0.978652	0.921971	0.989503	0.84943	0.830925	0.938869	0.884879	0.964872	0.869767	0.985411	0.810153	0.287874	0.322843	0.346112	0.290582	0.01866	0.00650243	0.0046181	0.000503552	0.000101644	5.40582e-005	8.89439e-006	3.41052e-006	2.66251e-006	1.05964e-007	9.37543e-008	2.98783e-007	7.76828e-006	1.96278e-005	0.000335953	0.000467457	0.0120725	0.00645847	0.0086508	0.0540849	0.44931	0.687452	0.864862	0.973159	
0	0.00713665	4.85264e-005	0.0491487	0.00465015	0.000183319	0.0168399	0.0040625	0.000701537	0.00332539	0.000514786	0.000187926	0.00128031	0.0104214	0.00930616	0.000289888	0.00273837	0.0071383	0.00089505	0.00100268	0.000188273	6.43912e-006	2.71484e-006	1.94385e-006	8.82594e-007	1.05612e-006	1.79592e-006	2.9731e-007	2.91554e-008	3.86005e-008	1.18635e-010	4.36144e-011	6.37313e-010	1.90562e-007	4.33321e-008	8.58297e-006	1.43435e-005	0.0014752	0.00314399	0.0384077	0.23663	0.0218682	0.186944	0.000869763	0.00719335	
0	0.036717	0.000306598	0.000598778	0.00110221	0.0017487	0.00434734	0.0734931	0.00913588	0.146925	0.15166	0.0439585	0.00195081	0.00909459	0.0937797	0.0108107	0.178945	0.702312	0.65658	0.0363536	0.00592545	0.00038319	1.27837e-006	3.35176e-006	5.85258e-007	3.13231e-006	2.29262e-007	6.72322e-008	6.89304e-008	4.04067e-008	6.98545e-010	2.24174e-009	6.89063e-010	1.30239e-006	4.25404e-008	1.78168e-005	1.58221e-006	0.000640028	2.50847e-005	0.000439713	0.0247818	0.0178968	0.0345046	0.0192808	0.00116663	
0	0	8.05612e-005	3.11733e-007	5.5788e-007	1.57253e-005	5.65944e-007	0.000221487	0.000199439	6.73918e-005	0.00254303	0.000117985	0.000454065	2.25907e-007	0.00327851	2.89025e-005	0.00019798	0.00212494	0.0104745	0.184499	0.0424108	0.000731494	1.94578e-007	1.19351e-010	1.26868e-008	1.23124e-010	5.87244e-009	4.16522e-011	1.32613e-010	9.86974e-012	3.56614e-011	1.19545e-012	4.37599e-011	8.6338e-011	6.00489e-009	1.99152e-009	2.75658e-007	4.95039e-007	4.66295e-008	5.51163e-007	0.00469032	0.000203123	0.00143209	0.000124759	6.93165e-007	
0	0	0.0015524	1.11491e-005	1.5423e-008	4.28437e-005	9.44994e-007	0.000145237	0.000390132	0.000236949	0.0143186	0.0166578	0.0969807	3.88062e-005	0.00383032	1.62809e-005	0.00297051	0.000323107	0.0092043	0.43183	0.658551	0.979999	0.416809	0.00186709	0.00342978	0.000250195	8.37552e-006	8.89781e-009	3.41147e-010	7.10645e-012	4.15258e-010	3.11143e-011	1.85907e-010	1.22177e-009	1.06761e-008	1.96543e-008	3.92622e-007	1.75307e-007	1.52017e-007	2.48196e-010	2.19118e-006	0.000274192	4.17578e-005	0.00118037	1.41273e-006	
0	0	0	0.000763597	1.4645e-005	2.2272e-008	6.26341e-006	2.26984e-008	6.60231e-008	3.29201e-006	1.93925e-006	0.000205449	0.0139369	0.0146784	0.000116164	4.42449e-006	2.63534e-006	1.64872e-006	3.04633e-006	0.000201542	0.00234141	0.000217893	0.576659	0.991131	0.839874	0.984433	0.971481	0.991969	0.242453	0.0918658	0.00248569	9.47948e-006	9.91449e-005	0.000223234	0.000626364	0.0543701	0.503103	0.027919	0.00145087	0.000214085	7.71814e-007	1.354e-008	7.2529e-007	1.49604e-008	4.90971e-005	
0	0	0	1.62658e-009	1.43453e-007	2.63773e-009	2.88706e-011	4.38962e-010	5.86045e-011	8.54738e-010	9.27161e-009	4.11459e-009	4.19404e-006	3.42359e-005	5.51554e-005	3.57208e-007	5.95712e-009	2.48607e-009	4.0199e-011	6.13185e-009	7.57648e-008	8.77439e-009	2.64707e-007	7.22376e-005	0.000140715	5.54349e-005	0.000465343	0.000195528	0.00917259	0.00281303	0.000114067	5.72176e-006	6.08922e-008	2.90454e-007	2.32488e-007	2.56419e-006	0.000243553	0.000390402	1.51664e-005	5.66867e-006	1.43754e-007	7.86804e-010	1.21178e-010	9.0054e-011	5.74419e-010	
0	0	0	0	3.26163e-005	0.000100828	0.000152908	0.000106468	7.02258e-005	1.20302e-005	3.68038e-005	3.80285e-006	0.000513911	0.000860432	0.0198667	0.00343869	0.00499279	0.000226082	9.2691e-007	1.70794e-007	1.13457e-006	1.95952e-006	2.54987e-005	0.00230625	0.15605	0.0151553	0.0279891	0.0078262	0.748371	0.905318	0.9974	0.999985	0.9999	0.999767	0.999354	0.945265	0.49617	0.957502	0.988906	0.952281	0.67981	0.510448	0.0896252	0.113682	0.0184295	


1	0.957946	0.548747	0.6247	0.714681	0.446509	0.545048	0.280083	0.247651	0.201137	0.156847	0.364712	0.181535	0.245161	0.765499	0.966207	0.885822	0.970154	0.980665	0.949584	0.841979	0.743787	0.686936	0.490692	0.75049	0.980467	0.984539	0.930734	0.865282	0.845137	0.534273	0.52761	0.638015	0.95374	0.944199	0.990857	0.701615	0.983121	0.862373	0.864606	0.985828	0.953797	0.988541	0.835902	0.843378	
0	0.0224413	0.44551	0.307123	0.086318	0.530362	0.324066	0.719226	0.714329	0.749798	0.840335	0.443999	0.489991	0.0323543	0.194505	0.0171217	0.101337	0.0204909	0.00848887	0.0166251	0.0235218	0.0115961	0.028944	0.00355963	0.0550333	0.0111101	0.00173181	0.00135448	0.0571416	0.0149548	0.308894	0.386078	0.274778	0.0419844	0.0147983	0.00151411	0.00194901	0.00380873	0.00322051	0.00127932	0.0121211	0.0396169	0.00987073	0.158385	0.0353739	
0	0.0196122	0.00570285	0.0679087	0.148771	0.0225093	0.127468	0.000481613	0.0345332	0.0471396	0.00251972	0.169303	0.32016	0.600105	0.0215712	0.0101619	0.00139491	0.0034533	0.000584742	0.00417255	0.00084575	0.0008884	0.265775	0.481893	0.187865	0.0036903	0.0112174	0.0627359	0.0738152	0.12093	0.15307	0.0804012	0.0851484	0.00365354	0.0406945	0.00708916	0.295355	0.00951665	0.13139	0.111708	0.00110153	0.00654556	0.00150102	0.00566098	0.118281	
0	0	2.08789e-005	3.03166e-005	0.0495989	0.000286915	0.00299652	3.83197e-006	0.00348077	0.00167853	4.32613e-006	0.0219426	0.00782628	0.102615	3.71594e-005	0.000521126	1.69894e-006	4.01125e-005	7.10705e-008	1.6353e-007	6.20115e-009	4.65127e-007	0.000898211	0.0207087	0.00015549	6.10666e-005	2.4143e-006	0.0049313	0.00172896	0.0143513	0.0023399	0.00493808	1.91085e-005	1.28867e-005	1.32201e-005	4.37438e-005	0.00100587	3.22624e-005	0.00276498	0.0201785	1.9909e-006	4.55427e-006	8.85364e-007	1.69928e-005	0.00288014	
0	0	2.01542e-005	0.000237944	0.000629804	0.000289938	0.000408197	0.000173525	1.48672e-006	0.000242925	0.000151735	4.87436e-006	0.000439193	0.0197503	0.0115637	0.00364494	7.64641e-005	3.41193e-006	9.68762e-006	4.01547e-007	7.70714e-006	1.32338e-007	4.45616e-006	0.000865555	0.00352081	0.000485663	2.64279e-005	4.32662e-005	0.00198083	0.00461699	0.00121006	0.000950368	0.00185382	0.0003584	7.26685e-005	0.000346534	4.40055e-005	0.00344709	0.00022605	0.00222257	0.00091546	1.73404e-005	2.38271e-005	1.50896e-006	7.20124e-005	
0	0	0	1.378e-007	1.12428e-006	4.29393e-005	6.51742e-006	2.27537e-005	4.17617e-007	3.3404e-006	0.000140107	1.34e-005	4.47814e-005	1.27288e-005	0.00680055	0.00156545	0.0097517	0.0045112	0.00531729	0.000862825	0.00196158	0.000318895	5.17331e-005	4.1281e-006	0.000148202	0.000166756	3.85177e-006	1.20415e-007	3.87617e-005	5.96724e-006	0.000212412	5.01751e-006	0.000117648	9.70101e-005	7.91453e-005	1.65921e-006	1.59841e-007	8.8317e-007	3.66031e-007	9.49435e-007	1.90288e-005	3.45839e-006	4.8247e-008	8.38849e-007	6.63218e-009	
0	0	0	5.55237e-014	9.94917e-015	3.19651e-012	1.11413e-015	5.2917e-012	3.24688e-013	6.21402e-012	8.99732e-012	8.99054e-011	8.24914e-013	3.20058e-010	4.23749e-006	6.81171e-009	1.28821e-008	1.46353e-006	7.5653e-006	2.22836e-005	2.35245e-006	5.17789e-007	1.79099e-012	6.58042e-012	5.18109e-011	5.47889e-010	3.93856e-011	2.1535e-013	2.91982e-014	9.98749e-012	3.50204e-012	1.55529e-012	1.51886e-009	6.93151e-009	1.76857e-009	5.71553e-012	2.0124e-011	1.36023e-012	1.08635e-013	2.77161e-014	1.37023e-009	7.33607e-013	5.5749e-012	5.92012e-015	8.40168e-016	
0	0	0	0	1.07796e-008	1.7193e-007	6.38684e-006	8.9681e-006	4.13521e-006	1.23235e-006	1.9219e-006	2.57753e-005	3.55274e-006	1.72676e-006	1.91004e-005	0.000777635	0.00161589	0.00134593	0.00492726	0.0287323	0.131682	0.243409	0.0173901	0.00227638	0.00278725	0.00401865	0.00247923	0.000200576	1.27153e-005	3.81284e-006	1.26421e-006	1.693e-005	6.81837e-005	0.000153305	0.000143488	0.000147982	3.1285e-005	7.34241e-005	2.45848e-005	5.1881e-006	1.32512e-005	1.52362e-005	6.27867e-005	3.29357e-005	1.45429e-005	


1	0.194092	0.00639165	0.00502184	0.000941156	0.000142536	0.000357873	1.1516e-005	4.05788e-007	2.95108e-007	6.21497e-008	9.77818e-009	1.65678e-009	6.89848e-010	9.65585e-010	1.0026e-009	3.97751e-010	2.2322e-010	3.18848e-012	3.67157e-013	8.87299e-014	1.35371e-015	5.73316e-016	2.3209e-016	2.02441e-016	4.29645e-017	3.08313e-017	4.85859e-018	7.85888e-018	4.94023e-018	1.30553e-017	9.5232e-018	2.50664e-018	1.32721e-018	1.93892e-019	3.34505e-020	4.53848e-021	1.40689e-022	3.27792e-022	2.30157e-022	3.26711e-023	1.52664e-023	4.40919e-024	1.24752e-024	3.9262e-024	
0	0.0890403	0.0218954	0.00409391	0.00213548	0.000461889	0.00132548	0.000132218	5.08826e-006	6.42839e-006	2.46623e-006	1.15544e-006	6.38598e-008	1.99419e-008	1.47257e-008	1.3006e-008	4.31523e-009	3.4003e-009	9.39696e-011	2.33207e-011	1.20037e-011	1.81818e-012	5.71696e-013	4.81406e-013	3.41251e-013	6.11578e-014	1.33925e-014	8.70542e-016	2.65417e-016	7.59713e-017	8.34277e-017	3.28452e-016	8.64989e-017	1.32009e-017	2.90547e-018	5.39502e-019	4.02552e-020	1.81027e-021	6.75527e-022	1.63498e-022	1.85537e-023	8.5007e-024	2.11017e-024	4.31439e-024	6.46488e-024	
0	0.716867	0.019295	0.0641186	0.00106989	9.49054e-005	0.000971441	1.67481e-005	4.48792e-007	2.76176e-007	2.12592e-005	3.63711e-007	5.05731e-009	9.11474e-010	1.99254e-008	4.36809e-006	6.17869e-007	1.31685e-007	3.32641e-010	2.28227e-013	3.45597e-013	1.12225e-016	9.94045e-014	8.11175e-015	2.66066e-014	3.07063e-015	4.64898e-014	1.57329e-016	1.214e-014	5.3913e-015	6.2794e-015	1.19438e-013	9.64144e-016	5.64008e-017	7.94458e-019	1.25929e-020	4.55331e-022	5.72724e-022	5.83361e-022	1.10081e-022	3.37529e-023	7.37803e-022	6.00557e-023	2.69365e-023	1.50308e-023	
0	0	0.952411	0.13465	0.00731702	0.00516987	0.00274911	8.35818e-005	1.31974e-006	5.94074e-007	3.69779e-005	1.17337e-005	2.33326e-006	8.13548e-008	1.50551e-007	2.98673e-006	7.0724e-006	1.60603e-007	1.1637e-010	4.36469e-013	5.30216e-013	5.92597e-015	7.62773e-013	6.40023e-014	1.6462e-013	3.37925e-015	2.51689e-016	4.83781e-017	2.05887e-015	6.78235e-016	7.92812e-014	1.40895e-012	1.64408e-014	4.04302e-017	1.76612e-018	1.76044e-021	4.40239e-023	9.27226e-025	3.06861e-023	2.70543e-024	1.45389e-025	5.01677e-023	4.64446e-025	1.02924e-022	3.19954e-022	
0	0	7.42397e-006	0.792114	0.971524	0.00211213	0.0490305	0.000976974	1.51498e-006	2.23829e-007	1.7353e-007	1.77897e-006	8.68522e-009	5.95293e-006	1.34199e-006	4.14902e-005	1.08784e-005	6.79895e-006	5.65861e-007	1.27311e-008	1.32217e-009	1.17956e-012	1.52958e-013	1.49834e-012	6.67791e-013	5.24268e-013	1.49689e-012	6.69494e-013	1.88572e-012	3.62745e-011	1.94426e-012	1.86998e-011	6.09739e-012	1.00924e-012	4.06808e-012	5.54056e-012	1.90455e-013	6.4499e-014	7.04164e-014	3.07707e-013	4.16168e-014	8.42173e-015	2.49265e-015	1.71144e-016	2.70486e-016	
0	0	0	2.22294e-006	0.01687	0.991672	0.63992	0.91511	0.990472	0.835226	0.944342	0.921871	0.990772	0.033782	0.596201	0.181941	0.548507	0.290152	0.0241913	0.0376646	0.166724	0.911803	0.920447	0.0788523	0.417109	0.0682741	0.00175644	2.30482e-005	1.25383e-005	2.04091e-007	1.03726e-006	4.93357e-007	5.62025e-008	5.78171e-008	6.67596e-010	2.00362e-011	9.7584e-014	4.63009e-016	6.304e-016	9.85386e-017	2.52716e-014	8.20789e-015	1.72174e-015	2.09509e-015	1.02595e-015	
0	0	0	1.47224e-009	0.00014268	3.88144e-006	0.00327198	0.000599871	0.00018177	0.0865053	0.000845822	0.0573344	0.000153747	0.907603	0.0619426	0.0689678	0.00472232	0.311112	0.841019	0.711645	0.234092	0.0513618	0.0133116	0.615781	0.0279657	0.469065	0.308033	0.425892	0.00113	0.000267356	5.59052e-008	6.49627e-009	1.64223e-008	8.24122e-008	1.19022e-007	1.57913e-007	1.33062e-008	3.89961e-010	9.36156e-013	1.40292e-014	7.44767e-016	4.06237e-018	1.23579e-016	9.88596e-020	2.83606e-018	
0	0	0	0	1.17473e-007	0.000343085	0.302373	0.0830686	0.00933702	0.0782611	0.0547509	0.0207797	0.00907196	0.0586089	0.341855	0.749042	0.446752	0.398728	0.134789	0.25069	0.599184	0.0368348	0.0662411	0.305367	0.554926	0.462661	0.690211	0.574085	0.998857	0.999732	0.999999	1	1	1	1	1	1	1	1	1	1	1	1	1	1	


1	0.193036	0.0221686	0.330422	0.506099	0.128855	0.698036	0.309924	0.0862791	0.01416	0.00210288	0.00118095	0.00651148	0.0157535	0.011362	0.000345034	0.00033844	9.05581e-005	1.58042e-005	5.77893e-006	3.54952e-007	5.17731e-008	1.09886e-007	6.50113e-008	5.57168e-007	1.14404e-007	9.34892e-008	1.81434e-008	6.56077e-008	2.95366e-008	5.47497e-008	7.01492e-008	5.53943e-008	3.64468e-009	2.98693e-009	6.11649e-010	2.32038e-010	5.58549e-011	6.69753e-011	1.10974e-010	1.80599e-011	1.33739e-011	4.10358e-012	4.20889e-012	5.43301e-012	
0	0.801682	0.93585	0.581616	0.266259	0.797795	0.215299	0.456611	0.630877	0.843151	0.97475	0.537366	0.879593	0.170981	0.798348	0.501859	0.843842	0.916009	0.0623863	0.00487183	0.000147883	3.13408e-006	3.25763e-007	4.77585e-009	3.90174e-009	1.00958e-009	1.47582e-009	2.09472e-010	1.66614e-008	3.47194e-009	1.78781e-007	4.23154e-006	4.80589e-008	2.60182e-009	2.31523e-011	1.64115e-012	8.57954e-013	1.36077e-012	1.65218e-012	2.38598e-012	2.48091e-011	5.50047e-010	1.6106e-010	1.05545e-009	3.70907e-009	
0	0.00528211	0.0417879	0.0545236	0.142564	0.0309331	0.00898083	0.00288472	0.0357239	0.024739	0.00725211	0.44101	0.0230104	0.237739	0.0155598	0.493387	0.0123731	0.00893018	0.267271	0.033589	0.00320259	3.00211e-005	2.78793e-006	1.49969e-006	1.02458e-007	9.75894e-010	1.14652e-009	4.95508e-011	9.48334e-011	2.70185e-009	6.92658e-010	6.80322e-007	1.49026e-007	7.53774e-009	9.98667e-010	6.14937e-011	5.67862e-012	2.90567e-012	8.3956e-013	1.28679e-013	1.38929e-012	4.56517e-010	8.0722e-011	1.5035e-010	8.24463e-010	
0	0	0.00019237	0.0277578	0.000788341	0.000207631	0.0395561	0.048272	0.00117892	0.000573765	0.00455862	0.00672923	0.000264984	0.000187389	0.0330275	0.000472476	0.122479	0.0311674	0.661728	0.85523	0.994923	0.974217	0.0451494	0.000948408	0.0030713	0.000144073	9.49248e-005	7.1214e-008	1.73398e-009	3.43187e-012	4.27771e-012	2.09551e-009	5.29328e-008	6.68119e-008	5.47e-009	1.39444e-009	3.02272e-012	2.81063e-012	2.06078e-014	3.12186e-015	1.73859e-013	1.05546e-013	6.58472e-010	1.95768e-011	2.59686e-012	
0	0	1.31203e-006	0.00568101	0.0670579	0.000199878	0.00336509	0.000953728	0.000554448	0.000708003	1.35715e-005	0.00132515	0.0402816	0.424793	0.0268082	0.000514946	0.017892	0.0417212	0.00571055	0.054646	0.000469985	0.0133758	0.934408	0.949217	0.354227	0.102523	0.0438166	0.26746	0.242489	0.560847	0.083844	0.0440164	0.00288036	7.84109e-005	3.01058e-005	9.96108e-006	1.05399e-005	9.5211e-007	9.66646e-007	3.13134e-006	8.52751e-008	2.00311e-009	2.53954e-010	1.04361e-011	2.6525e-011	
0	0	0	2.56339e-007	0.017208	0.0381356	0.00134408	0.00434919	0.00421064	8.09802e-005	2.15341e-007	6.36007e-005	0.0229849	0.0683501	0.0160601	2.2119e-005	1.89299e-005	0.000137266	4.13099e-005	0.0472285	5.58709e-005	0.0106734	0.013154	0.0401842	0.211949	0.00663642	1.34144e-005	0.00953823	0.00622438	0.0270245	0.430287	0.0922104	0.00135144	7.56847e-007	9.11738e-006	5.83675e-008	1.30419e-006	4.41092e-008	6.31733e-008	8.6293e-008	9.99651e-009	1.06594e-010	5.05248e-012	2.0259e-010	2.9902e-012	
0	0	0	1.12655e-008	2.48036e-005	0.00340734	0.0179437	0.0959272	0.045263	0.00621929	2.96395e-005	9.46951e-007	0.000479121	0.00272452	0.0118798	3.29496e-007	3.38784e-006	1.03163e-005	1.42725e-005	2.07854e-005	0.000171532	0.000438296	0.00169128	0.000779805	0.338584	0.413309	0.00952089	0.00122785	0.00134491	0.000148769	0.0136686	0.00068748	0.0274637	0.00208368	0.000326189	6.10188e-005	1.52955e-005	1.19257e-006	4.13133e-008	9.28654e-009	2.9936e-009	1.19553e-011	1.04516e-012	8.61087e-013	7.33058e-013	
0	0	0	0	5.65737e-008	0.000466003	0.0154753	0.0810787	0.195913	0.110368	0.0112932	0.0123246	0.0268747	0.0794719	0.0869541	0.00339965	0.00305276	0.00193371	0.00283252	0.00440789	0.00102914	0.00126279	0.00559436	0.00886871	0.0921686	0.477387	0.946554	0.721774	0.749942	0.41198	0.4722	0.863081	0.968304	0.997837	0.999635	0.999929	0.999973	0.999998	0.999999	0.999997	1	1	1	1	1	


1	0.991234	0.608611	0.540864	0.901679	0.467954	0.787169	0.319568	0.173502	0.120531	0.000308533	0.00028448	3.16802e-005	1.69749e-006	8.35102e-007	1.0231e-008	8.33595e-009	9.40316e-010	2.26174e-010	3.65296e-011	3.06946e-012	8.57022e-013	4.62148e-014	3.99483e-016	9.56524e-017	1.10517e-017	9.38962e-020	9.16354e-021	3.79327e-021	3.28547e-022	5.15256e-022	1.92405e-022	1.85816e-023	2.65077e-024	7.2382e-027	4.3134e-027	1.92248e-028	2.2364e-028	6.87268e-030	1.04829e-029	5.81734e-029	3.88156e-029	1.80483e-028	2.48538e-028	6.03431e-028	
0	0.00824087	0.391362	0.221077	0.0792516	0.528543	0.174691	0.678231	0.825973	0.257306	0.000205552	0.000128438	0.000172213	2.04206e-006	3.2103e-006	6.78562e-010	3.97057e-009	7.90098e-011	1.20623e-010	3.56697e-010	1.2352e-010	6.07979e-010	8.56651e-011	2.91654e-013	6.02098e-013	2.65737e-013	4.17227e-016	4.96956e-017	3.34847e-018	2.6322e-020	6.88353e-020	7.14067e-022	1.25632e-022	5.63241e-023	2.87746e-025	1.29519e-025	2.3773e-026	8.2842e-027	1.15608e-028	2.43694e-029	9.63029e-029	6.62295e-030	4.94092e-029	7.47793e-029	2.51097e-029	
0	0.000524628	2.2068e-005	0.238053	0.000311498	0.000195017	0.0376683	0.00187313	0.000462833	0.622067	0.998935	0.389203	0.0218184	0.00142368	0.00491178	0.00109775	0.00936804	0.0110494	0.0205779	0.000797047	0.0046811	0.00276737	8.06471e-005	2.0378e-006	1.80278e-006	2.27337e-006	6.61805e-007	7.88302e-009	4.14519e-009	4.64837e-011	3.13451e-012	5.69888e-013	2.03076e-013	9.45892e-014	1.12898e-014	2.63418e-015	3.23261e-018	3.93162e-019	3.64458e-024	1.22491e-025	7.22606e-027	7.45332e-029	8.8321e-030	7.82071e-031	2.93223e-031	
0	0	5.10313e-006	1.79912e-006	0.0168676	0.00105619	0.000111385	0.000167399	1.77137e-005	4.51086e-006	5.40307e-005	0.0706146	0.0161806	0.000525229	0.00036123	2.22164e-006	2.9001e-005	7.87577e-005	0.000703123	0.0182033	0.010919	0.010406	0.000604535	4.2492e-006	4.07816e-006	2.09356e-007	2.18117e-008	1.34649e-008	1.70019e-009	2.67203e-011	3.37862e-011	8.73546e-013	2.34726e-013	7.83028e-014	8.14626e-016	2.54841e-015	7.4464e-016	3.52688e-016	2.19727e-017	9.47559e-018	1.72206e-017	1.39331e-018	3.15712e-018	4.91979e-019	1.94569e-019	
0	0	1.67783e-007	4.44684e-006	0.00189006	3.17727e-005	5.25794e-005	3.26939e-006	2.26117e-006	5.8545e-005	0.000495959	0.539714	0.0713588	0.154693	0.035941	0.0145762	0.00890031	0.00282841	0.00113911	0.000655926	0.000897588	0.000974205	0.00269518	0.002096	0.000962815	0.00133688	0.00108671	0.00133606	0.000484811	0.000635124	0.000156817	0.000242737	7.95007e-005	2.14631e-005	1.24643e-005	1.9159e-005	1.46021e-005	7.02552e-006	1.61431e-007	2.04762e-007	6.17337e-009	6.37342e-010	8.6488e-011	1.39721e-011	2.83625e-012	
0	0	0	1.05818e-008	3.09184e-008	0.00222003	0.00023308	0.000156756	4.08305e-005	1.90907e-006	2.47909e-008	2.51883e-005	0.889855	0.000343948	0.331226	7.22823e-006	0.0127964	4.42779e-005	0.000127763	0.00216011	0.00368731	0.111229	0.0515951	1.05503e-005	0.00786407	0.000268009	3.79583e-007	1.16025e-006	7.76622e-005	3.47417e-008	0.00197053	3.13045e-006	6.00699e-006	1.00797e-005	1.29738e-009	2.4912e-007	5.01324e-008	1.04733e-007	5.67084e-009	1.0775e-010	1.3866e-007	3.42169e-009	4.40071e-009	6.36045e-010	1.14734e-010	
0	0	0	8.07875e-010	2.08411e-009	1.27468e-007	5.93451e-005	1.59401e-007	8.35865e-007	3.05313e-005	9.84684e-007	3.02209e-005	0.00058098	0.841095	0.577854	0.983767	0.957146	0.984729	0.969783	0.864866	0.963415	0.836859	0.606035	0.981697	0.575707	0.786282	0.967985	0.947668	0.892455	0.948686	0.567941	0.951957	0.93846	0.932906	0.996563	0.876639	0.557517	0.245513	0.00154175	0.000859178	4.82845e-005	6.55961e-006	9.28151e-007	1.79558e-007	2.04426e-008	
0	0	0	0	1.96461e-010	3.22515e-010	1.57566e-005	7.65886e-007	1.2504e-006	2.03305e-007	1.36426e-009	1.39021e-007	2.7872e-006	0.00191553	0.0497021	0.000549272	0.0117602	0.00127034	0.00766916	0.113317	0.0164004	0.0377649	0.338989	0.0161904	0.41546	0.212111	0.0309267	0.0509949	0.106983	0.0506784	0.429932	0.0477975	0.0614545	0.0670621	0.00342445	0.123341	0.442469	0.75448	0.998458	0.999141	0.999952	0.999993	0.999999	1	1	


1	0.985869	0.986392	0.99436	0.773599	0.986434	0.897277	0.397825	0.658023	0.698598	0.929105	0.78498	0.259292	0.000954413	0.000321746	1.39358e-005	6.21345e-008	3.06351e-009	6.9761e-012	2.38128e-014	5.89437e-017	2.05215e-019	9.09047e-022	1.67293e-024	1.39445e-025	2.47549e-027	5.33735e-030	9.10561e-033	9.61394e-033	1.38067e-034	6.18665e-034	1.13445e-033	1.47879e-034	1.56082e-035	4.54574e-039	9.37644e-041	2.19743e-043	8.20428e-044	1.87954e-044	5.8367e-045	9.96894e-046	1.15217e-045	5.87853e-046	4.00599e-046	1.04654e-045	
0	0.0140504	0.0136077	0.00563678	0.2264	0.0135649	0.102723	0.602139	0.341917	0.292166	0.0706349	0.205996	0.000309261	8.66158e-005	3.74314e-006	1.17121e-006	2.7152e-009	8.40196e-010	2.21589e-010	2.17231e-013	5.87252e-016	4.99493e-018	3.09567e-022	1.37374e-024	7.30674e-027	5.88362e-027	4.54311e-030	5.39555e-033	1.02528e-034	1.72524e-035	2.53188e-037	7.61154e-035	3.16242e-035	2.33501e-035	4.78319e-039	5.01038e-039	2.68579e-042	3.49424e-041	1.36643e-043	1.14867e-044	6.02548e-045	9.34402e-046	6.11229e-046	6.59063e-047	8.53506e-048	
0	8.0106e-005	4.87171e-008	2.77727e-006	9.55643e-007	5.64116e-007	4.1849e-007	3.54773e-005	5.9469e-005	0.00923364	0.000197606	0.00212822	4.7671e-006	3.51952e-007	4.95863e-007	1.05507e-008	1.00794e-010	1.58346e-009	3.74955e-012	5.14347e-013	7.42582e-018	5.3711e-020	2.82955e-025	8.49185e-028	1.94107e-030	3.59869e-029	6.68481e-031	2.54684e-033	3.96643e-037	8.74365e-038	7.63611e-040	2.82477e-037	2.85279e-039	6.58598e-037	3.39174e-041	4.29744e-042	5.30018e-043	1.7985e-043	5.84838e-045	1.60297e-046	2.8457e-047	2.02802e-049	2.19232e-047	1.27625e-050	1.2443e-051	
0	0	2.85049e-008	1.78809e-008	2.49751e-009	1.10607e-007	5.44281e-008	3.03532e-008	6.77196e-007	2.7913e-006	1.2206e-005	3.3663e-007	8.59212e-006	2.95967e-011	4.75572e-009	8.23738e-011	2.28558e-012	2.03746e-014	2.57527e-014	4.50737e-016	8.80823e-018	1.25601e-021	3.82636e-023	1.49067e-027	2.89079e-030	5.46666e-035	6.68698e-035	5.71093e-037	8.34495e-036	1.58584e-040	4.37128e-040	1.93096e-042	1.37365e-041	6.627e-043	1.18782e-043	5.37523e-046	1.72735e-045	2.34997e-046	2.21326e-046	2.83724e-048	1.40165e-050	1.16837e-050	1.70129e-051	5.42171e-051	1.50398e-052	
0	0	3.79686e-011	3.1471e-010	1.03452e-010	2.94952e-009	2.48411e-009	1.97188e-008	2.06529e-008	3.20678e-007	4.05463e-005	5.40201e-005	0.000742966	7.81819e-008	2.83047e-007	4.12326e-010	1.66555e-011	1.51003e-013	9.63576e-018	1.89363e-018	4.39364e-020	2.82346e-020	6.71856e-023	2.09166e-027	4.5131e-027	1.85148e-028	3.57565e-032	3.18691e-036	1.82517e-035	4.07144e-038	7.25086e-036	2.01105e-035	2.15088e-036	4.7852e-038	1.6693e-042	4.25179e-045	1.57798e-049	1.06435e-048	9.75416e-050	3.03914e-050	2.10019e-051	2.60335e-052	1.32759e-053	3.13782e-052	4.93716e-053	
0	0	0	1.02966e-013	7.01828e-014	7.54037e-015	3.62992e-012	1.01763e-013	3.37709e-012	5.91596e-009	9.32169e-006	0.00682357	0.739187	0.841077	0.963959	0.990713	0.999985	0.999698	0.999528	0.990269	0.999838	0.99982	0.992041	0.756405	0.835212	0.0319196	0.000208664	2.0764e-006	2.09041e-005	1.28368e-006	1.99246e-006	7.31093e-006	3.39198e-005	1.78763e-005	5.28531e-006	2.16437e-007	1.31916e-010	7.58685e-014	5.26617e-018	3.05614e-021	9.88231e-026	1.59003e-029	1.64995e-032	3.26076e-036	2.42273e-038	
0	0	0	1.1693e-012	6.51062e-012	1.98438e-014	1.09696e-012	1.58541e-014	9.71171e-012	2.03646e-011	3.66595e-010	1.82057e-005	0.000447515	0.157879	0.00067253	0.00853956	2.00288e-006	0.000268955	0.000470487	0.00972711	0.000159326	0.000176863	0.0079547	0.243594	0.157052	0.965536	0.999132	0.999276	0.543966	0.983773	0.143659	0.12091	0.933217	0.973605	0.999953	0.993571	0.99951	0.268193	0.117365	0.00394516	2.62254e-006	3.18053e-008	2.62888e-010	2.45252e-013	5.70086e-015	
0	0	0	0	6.62259e-013	3.50947e-012	5.98194e-012	1.26478e-011	2.33217e-011	6.14465e-012	1.87837e-011	2.10352e-009	7.73245e-006	2.97776e-006	0.0350427	0.000732811	1.32758e-005	3.28547e-005	1.05399e-006	4.11428e-006	2.83365e-006	2.78908e-006	4.48075e-006	1.47399e-006	0.00773567	0.00254471	0.000659555	0.000721948	0.456013	0.0162259	0.856339	0.879082	0.0667488	0.0263773	4.21857e-005	0.00642871	0.000490398	0.731807	0.882635	0.996055	0.999997	1	1	1	1	


1	0.965079	0.891435	0.923499	0.458036	0.938201	0.950522	0.963291	0.798625	0.780864	0.987983	0.350297	0.869049	0.101886	0.109816	0.0054597	0.00082146	0.000121976	3.03131e-007	4.08224e-009	1.04661e-011	1.83059e-012	3.59524e-014	5.67076e-016	5.04022e-017	2.94864e-018	1.79393e-020	3.20666e-021	1.03873e-022	1.31633e-023	1.26529e-023	8.43278e-024	2.00781e-025	3.13623e-027	2.8624e-029	3.99708e-030	1.36275e-030	4.68221e-031	3.79868e-031	1.50211e-030	1.35512e-030	8.08483e-031	1.49017e-030	1.75247e-029	5.42801e-029	
0	0.0349136	0.108561	0.076218	0.541892	0.0616389	0.0492122	0.0351144	0.201356	0.215179	0.0104345	0.648975	0.0511863	0.366164	0.00960173	0.00973187	4.6388e-005	1.45939e-005	3.46423e-006	6.5338e-008	1.05063e-010	7.28708e-012	3.84652e-014	9.18695e-015	2.83344e-017	3.30366e-018	4.36019e-020	4.36083e-020	3.30144e-023	6.48548e-023	4.18279e-025	4.14625e-024	1.36125e-025	4.49601e-027	9.31978e-029	3.06351e-028	8.66656e-028	2.43238e-027	4.80432e-027	1.64247e-026	2.67799e-026	5.50975e-026	2.09861e-025	1.81349e-025	1.41617e-024	
0	7.03166e-006	3.74061e-006	0.000283373	7.1601e-005	0.000160303	0.000265688	0.00159449	1.90397e-005	0.00395683	0.00147618	6.15249e-005	0.00013794	0.000140779	0.00226721	1.35946e-006	1.00512e-005	6.26397e-007	5.48617e-007	5.70847e-010	5.70398e-011	1.08838e-012	3.01217e-018	8.56453e-019	8.66539e-019	3.00079e-020	1.75403e-022	4.81133e-024	9.27079e-025	6.53825e-027	2.75492e-027	8.91315e-029	1.38229e-026	1.45309e-027	2.56904e-031	1.55929e-029	2.88009e-031	2.09898e-028	1.30382e-030	6.78705e-029	4.8831e-027	1.78306e-028	1.09971e-026	6.18654e-028	2.43033e-027	
0	0	1.38283e-010	3.31008e-011	2.44384e-009	2.42217e-009	2.98882e-011	3.10379e-010	5.5571e-008	5.41308e-010	7.13632e-008	6.65517e-008	2.28722e-010	2.71529e-010	2.00037e-009	5.91268e-007	1.4621e-012	1.03714e-009	2.68691e-013	8.70928e-011	1.93417e-015	4.92976e-015	1.23911e-018	1.6088e-022	3.24896e-025	2.88667e-023	5.30358e-025	1.06473e-026	2.47143e-031	3.40404e-030	3.98147e-031	5.84562e-031	2.14792e-034	2.11262e-031	4.96063e-033	4.32174e-037	1.94635e-032	7.46005e-037	6.06916e-033	6.54112e-035	1.40171e-033	3.18513e-030	7.12867e-033	1.38214e-029	8.52595e-033	
0	0	1.04339e-008	1.63494e-011	5.89164e-010	2.91904e-008	1.26345e-009	4.65475e-009	1.47794e-007	1.68749e-009	1.54294e-005	1.0363e-007	3.73944e-008	3.52475e-011	1.1654e-007	9.30653e-007	2.2585e-009	1.07543e-011	5.0009e-013	1.18593e-012	1.30385e-014	4.8746e-016	2.48571e-017	9.79451e-022	1.55695e-023	2.70188e-026	4.67006e-027	4.3157e-029	6.86619e-029	2.44621e-030	3.15965e-030	5.89881e-030	1.57532e-034	9.68028e-034	1.34476e-034	2.45424e-037	7.16376e-035	4.67101e-037	7.5647e-035	4.90286e-037	2.62845e-033	7.73601e-031	1.41243e-032	2.58416e-030	8.12617e-032	
0	0	0	4.15726e-013	1.41243e-015	2.65834e-010	3.47332e-012	3.09676e-011	1.43683e-011	1.03738e-006	8.59252e-005	0.000248159	0.0707646	0.000232519	0.00669367	4.07551e-005	0.00190921	8.72383e-005	4.58099e-007	2.56446e-009	3.72371e-011	2.48269e-010	2.65511e-012	4.66813e-016	2.65e-017	3.25256e-020	1.2744e-025	6.31975e-029	1.11413e-030	3.44305e-032	1.04193e-029	1.56106e-030	2.5966e-032	2.11402e-035	2.96524e-038	1.53265e-037	1.82123e-040	3.92684e-039	5.72818e-042	5.06525e-040	1.43323e-040	9.77236e-036	1.48101e-034	1.2516e-032	2.68466e-032	
0	0	0	3.64777e-018	8.53016e-017	2.35855e-019	1.64783e-013	3.46023e-016	5.27702e-015	1.09184e-012	4.68588e-006	0.000416785	0.008553	0.52508	0.508546	0.568169	0.940578	0.971099	0.988349	0.971038	0.976222	0.931151	0.69478	0.74959	0.175923	0.00880786	8.40111e-005	2.65263e-006	1.1907e-006	9.64253e-007	2.67229e-007	2.08109e-007	2.37781e-007	6.6725e-008	1.1556e-007	7.67517e-009	7.09169e-011	1.39057e-014	8.176e-018	2.06689e-020	9.02003e-024	5.96812e-027	1.33945e-029	1.35579e-032	2.00952e-034	
0	0	0	0	3.3439e-015	8.43507e-016	1.54574e-012	1.09446e-013	2.98292e-014	2.82968e-014	1.3519e-007	1.26311e-006	0.000309093	0.00649683	0.363075	0.416596	0.0566344	0.0286768	0.011646	0.0289616	0.0237782	0.0688492	0.30522	0.25041	0.824077	0.991192	0.999916	0.999997	0.999999	0.999999	1	1	1	1	1	1	1	1	1	1	1	1	1	1	1	


1	0.389314	0.809516	0.669757	0.240256	0.862899	0.800312	0.870701	0.827162	0.353148	0.105405	0.0144802	0.0170702	0.00113926	0.0009072	3.88001e-005	1.12609e-006	6.55564e-009	5.77442e-011	3.18754e-013	3.19194e-015	6.81612e-017	2.04034e-018	1.46119e-020	1.66729e-020	4.97642e-021	1.08512e-021	7.21543e-023	8.80803e-024	5.85688e-025	1.89104e-025	3.35169e-026	2.16459e-027	9.52262e-029	1.31834e-030	6.98431e-031	1.8141e-031	6.17636e-031	1.02969e-030	1.54446e-030	1.74986e-029	8.20874e-029	5.82153e-028	2.95042e-027	5.66741e-027	
0	0.253153	0.178602	0.329887	0.0305149	0.0313743	0.118775	0.116016	0.0481738	0.147718	0.891116	0.415265	0.464361	0.0965886	0.475553	0.300695	0.12163	0.00830892	2.69068e-005	1.13991e-007	8.1836e-010	1.27805e-011	1.55785e-013	5.16504e-016	1.27688e-016	1.7476e-017	1.82724e-018	3.84757e-020	1.31234e-020	3.06379e-021	3.56689e-021	9.73036e-021	1.87643e-022	7.20008e-024	5.22216e-026	4.04001e-027	4.38736e-029	1.04012e-029	1.79934e-029	7.74436e-029	2.49946e-028	7.85161e-028	4.52673e-027	2.10394e-026	1.68635e-025	
0	0.357533	0.0117193	0.000350568	0.729229	0.102894	0.0807898	0.0118714	0.12463	0.490765	0.00233275	0.569913	0.498803	0.767962	0.0131034	0.00229431	0.00207325	0.00833897	1.39403e-005	1.7237e-008	1.61936e-012	8.01824e-012	1.37856e-013	4.98445e-015	1.56758e-017	4.04063e-018	4.60465e-020	1.73582e-018	3.49468e-020	9.96618e-021	6.99405e-022	1.82299e-022	3.23087e-024	6.69999e-025	2.79501e-027	5.95342e-027	1.64634e-027	2.66221e-028	5.54313e-028	1.09874e-026	1.93336e-027	1.63503e-028	9.15141e-029	1.78889e-027	1.89166e-026	
0	0	9.21384e-005	2.4475e-006	5.20031e-007	0.000366667	7.84621e-006	1.99153e-007	2.32881e-006	0.000238168	1.67827e-006	9.61587e-007	0.00940222	0.0405978	0.000114496	8.29307e-005	3.59922e-009	6.54267e-009	1.10576e-008	2.7767e-011	8.99012e-015	3.93683e-018	1.04314e-015	3.0784e-017	3.13515e-019	1.82403e-022	1.58078e-022	7.58022e-023	4.41604e-022	5.95091e-022	2.83043e-023	3.47036e-025	6.09098e-026	2.71825e-029	8.90471e-029	1.41267e-030	5.92318e-029	2.50792e-031	3.50115e-030	5.34422e-030	4.32347e-030	1.91693e-030	4.23534e-032	1.8722e-032	5.71519e-029	
0	0	7.09082e-005	2.12958e-006	2.6473e-008	0.00246666	0.000101329	0.00141186	3.11366e-005	0.00813118	0.00070914	7.77285e-006	0.00108139	5.07477e-005	0.016137	3.84339e-006	2.12075e-006	1.16337e-005	0.000116644	4.03536e-007	7.33275e-009	9.85072e-010	3.88935e-014	6.09106e-018	2.21172e-017	7.503e-019	2.01384e-020	4.62026e-023	5.8802e-023	3.2648e-025	1.74295e-024	4.64983e-026	3.76095e-025	1.41812e-025	6.98738e-029	1.88248e-028	2.33238e-029	1.80343e-028	3.39456e-031	2.55945e-030	8.22246e-027	9.38929e-029	2.53732e-028	3.59006e-030	1.95771e-030	
0	0	0	1.50757e-006	4.72238e-010	9.76178e-011	1.30826e-005	8.65218e-009	8.37864e-008	8.97784e-009	0.000435414	9.91952e-007	4.08504e-006	1.53674e-007	9.00359e-007	4.96209e-005	2.12375e-007	4.1651e-011	3.37156e-012	2.24151e-010	2.6034e-012	8.72817e-015	2.22575e-011	3.87528e-015	1.09461e-015	2.02337e-018	4.28555e-020	3.61098e-023	6.83925e-023	1.29437e-025	3.58487e-025	2.68185e-026	1.47032e-029	5.11933e-030	1.185e-029	4.59584e-033	9.51054e-032	9.73324e-034	3.29577e-030	3.20748e-032	2.27429e-034	9.0215e-029	1.39991e-031	4.21076e-030	1.50496e-031	
0	0	0	9.87879e-040	2.23046e-013	8.30043e-016	1.48481e-016	4.17847e-012	3.70288e-015	1.15007e-011	1.01048e-011	3.42023e-007	7.4621e-008	1.54258e-009	1.67315e-009	1.52098e-010	4.93958e-007	2.49958e-008	1.06294e-009	1.22488e-010	3.41374e-011	1.08764e-012	1.35345e-013	1.80242e-015	1.59675e-017	2.95253e-020	2.45246e-022	3.03208e-025	5.24851e-027	3.26488e-028	6.97328e-030	6.80799e-030	1.7957e-030	6.69938e-033	7.30337e-034	6.21944e-035	3.42515e-038	1.79006e-037	3.89895e-039	1.3545e-035	3.43041e-037	8.37948e-040	1.67577e-033	4.50058e-037	3.57996e-035	
0	0	0	0	3.27524e-008	1.28766e-008	1.36559e-009	5.11462e-008	4.87587e-009	4.79779e-008	9.28267e-008	0.000331945	0.00927779	0.0936615	0.494184	0.696835	0.876293	0.98334	0.999842	0.999999	1	1	1	1	1	1	1	1	1	1	1	1	1	1	1	1	1	1	1	1	1	1	1	1	1	


1	0.994454	0.992381	0.851148	0.974991	0.99564	0.970041	0.999323	0.996963	0.996566	0.99866	0.951034	0.772357	0.611972	0.467734	0.0328421	0.0131309	0.00153847	5.38644e-005	4.10238e-006	2.17663e-007	4.98139e-008	1.90129e-008	3.68139e-010	2.16212e-011	9.23968e-014	2.69611e-016	3.36408e-018	5.73879e-019	1.49392e-020	5.43023e-020	3.42773e-020	1.18014e-021	2.3799e-023	3.71286e-026	2.78144e-027	5.75326e-028	6.56113e-028	8.311e-028	1.22382e-027	1.32554e-026	5.77334e-025	4.70636e-024	5.70315e-022	1.83358e-020	
0	0.00454735	0.000809	0.147338	0.0212809	0.00098786	0.0295821	0.000566881	0.00233675	0.00199455	0.0005434	0.0474121	0.0702501	0.0656707	0.00145196	0.000101378	0.000126636	1.01558e-005	6.04202e-007	1.95415e-006	7.52389e-009	2.21905e-009	2.31896e-009	1.08095e-010	5.29022e-012	6.95016e-015	7.75166e-017	2.32091e-018	9.8322e-021	4.08023e-022	2.14924e-022	4.41765e-023	1.1033e-022	4.00146e-025	1.09164e-026	9.36347e-028	2.9613e-027	4.193e-028	5.46099e-027	9.46661e-027	1.37631e-027	1.8133e-027	3.92366e-025	1.32129e-024	8.54323e-022	
0	0.000998532	0.00680743	0.00143271	0.00370946	0.00336854	0.000363176	9.60844e-005	0.000700279	0.00142175	0.000239053	0.00141562	0.146908	0.00821042	0.000485502	2.97221e-005	8.11517e-006	2.10258e-007	2.2845e-010	7.1712e-010	9.65045e-012	6.52593e-012	4.21376e-010	7.54486e-013	1.10357e-013	1.74859e-016	8.681e-020	3.79848e-020	1.83366e-020	9.3059e-023	3.78764e-021	5.91827e-023	4.81389e-025	1.19498e-027	2.03842e-029	6.13488e-031	1.1187e-029	2.90379e-031	1.04893e-028	6.06201e-029	4.61183e-030	9.96209e-028	9.23139e-029	2.61999e-024	1.02931e-022	
0	0	2.61528e-006	7.87243e-005	1.83411e-005	2.35634e-006	1.32775e-005	1.02131e-005	1.4673e-007	1.05164e-005	0.000520755	7.98349e-005	5.51833e-005	0.0640246	0.138699	0.486613	0.587593	0.649454	0.0456222	0.00104171	4.06605e-005	1.84115e-007	4.58889e-008	1.11613e-010	1.96959e-013	1.83538e-016	1.50286e-019	4.99005e-022	1.00901e-020	6.67955e-022	1.20382e-022	7.00775e-022	1.06969e-024	1.67406e-026	1.56987e-029	1.21054e-031	1.93303e-033	9.11908e-031	7.23565e-032	3.59119e-030	5.46002e-029	4.08735e-029	2.72864e-029	1.52081e-027	1.7087e-025	
0	0	2.82764e-007	2.48706e-006	1.01912e-007	7.63237e-007	8.40907e-008	3.96558e-006	5.57475e-008	7.30596e-006	3.56407e-005	4.09891e-005	2.57088e-007	0.000415934	0.0163396	0.00537007	0.0300008	0.135986	0.861165	0.644415	0.724969	0.874554	0.000262222	2.05245e-007	2.79891e-010	1.78618e-012	1.72377e-015	5.34676e-019	1.81245e-022	1.4651e-024	4.81675e-025	6.0213e-024	2.66806e-024	2.23811e-025	1.53057e-028	5.47759e-030	1.49153e-032	3.80012e-031	3.98153e-034	2.01093e-032	4.47169e-029	6.13015e-029	5.63956e-028	4.43247e-028	4.00749e-027	
0	0	0	3.51139e-011	8.04773e-011	1.26514e-010	9.23746e-011	5.07114e-010	2.65037e-009	2.34405e-010	1.02967e-006	2.29539e-007	7.122e-008	1.10205e-011	6.99981e-005	7.23214e-005	0.000172961	0.000424041	0.000391712	0.0180498	0.00493896	0.0112864	0.000297407	1.04282e-008	9.1289e-011	5.89331e-015	9.43882e-017	9.77008e-021	2.03262e-022	4.49258e-027	2.37049e-026	1.78335e-026	1.69179e-028	2.25888e-028	1.89038e-031	8.45438e-033	6.65148e-034	2.09127e-035	5.40249e-036	6.55698e-039	4.47894e-033	2.74733e-030	9.04298e-030	3.75248e-029	9.94515e-031	
0	0	0	2.20681e-017	4.41244e-015	5.01482e-012	4.62942e-014	4.91437e-013	4.24128e-012	2.48006e-009	1.42921e-007	1.69774e-005	0.0104231	0.00175854	0.0268599	0.00127937	0.0375542	0.00194126	3.36294e-005	2.65014e-005	0.00101369	0.00830905	0.044596	0.00016179	0.000234342	7.99524e-007	2.23231e-010	1.6045e-013	1.47157e-013	5.95214e-016	1.65116e-013	2.26987e-013	1.46161e-014	8.16159e-017	4.09871e-020	1.64662e-022	1.27362e-024	1.02589e-028	2.4641e-031	2.32771e-035	9.77662e-038	1.77354e-033	3.16858e-033	2.61496e-029	1.78124e-029	
0	0	0	0	7.75511e-019	3.11359e-018	8.94528e-014	1.65702e-015	5.39012e-016	6.78143e-014	1.10264e-009	6.38519e-008	5.44899e-006	0.247948	0.348359	0.473692	0.331414	0.210645	0.0927325	0.336461	0.269037	0.10585	0.954844	0.999838	0.999766	0.999999	1	1	1	1	1	1	1	1	1	1	1	1	1	1	1	1	1	1	1	


