E:\Google Drive\Progetti\MSR Action3D\Real\a10_s01_e02_skeleton3D.txt
10
TRUE
-661.195
-649.482
-667.693
-660.128
-672.448
-670.339
-660.557
-676.509
-665.669
-516.157
-570.363
-684.291
-693.128
-693.238
-666.981
-659.067
-671.636
-693.553
-684.05
-680.274

26
20
1	0.710111	0.633481	0.3348	0.151605	0.0790683	0.027896	0.0189395	0.00129703	4.42053e-005	8.09467e-007	3.33121e-009	4.2894e-011	5.80985e-013	1.75611e-013	6.03442e-015	2.57547e-015	1.66128e-015	2.2028e-015	3.59554e-016	4.4181e-016	6.25384e-016	9.89829e-016	1.57117e-015	1.43635e-015	4.7275e-015	8.86504e-014	
0	0.265603	0.297987	0.29953	0.281507	0.25244	0.187415	0.439254	0.0401312	0.00245805	0.000187179	5.9847e-006	1.60838e-007	1.66568e-009	3.43413e-010	3.27861e-011	2.1882e-011	4.11879e-012	4.1202e-012	5.06517e-013	5.84668e-013	6.19296e-013	8.01519e-013	1.35064e-012	2.40995e-012	5.0546e-012	4.73611e-011	
0	0.0242859	0.0394444	0.363597	0.153644	0.0596285	0.0120504	0.00633386	0.0016956	0.000102147	5.43127e-006	9.77831e-008	2.96325e-009	2.42016e-010	3.92279e-011	3.90729e-012	2.27653e-012	7.59212e-013	1.48446e-011	5.72705e-012	1.5444e-011	5.07515e-011	3.54894e-011	2.21227e-011	7.07653e-012	6.93019e-012	2.67342e-011	
0	0	0.0150524	0.00201581	0.180023	0.105632	0.192959	0.442392	0.0495863	0.00911692	0.000129199	3.37117e-006	2.40233e-007	1.41889e-009	1.57999e-010	7.59364e-011	1.42676e-011	2.86738e-012	2.51901e-013	3.47879e-014	1.30114e-013	1.29629e-013	1.00477e-011	6.25064e-011	2.65457e-011	2.55641e-010	1.82373e-008	
0	0	0.014035	4.9237e-005	0.23322	0.500489	0.576052	0.0734713	0.906876	0.881841	0.0663089	0.0025131	7.70304e-006	2.35909e-008	2.6523e-010	7.60267e-012	1.79885e-012	2.51063e-013	8.25176e-011	1.81667e-012	2.33284e-014	3.89411e-014	1.47658e-012	5.53463e-014	7.04141e-016	2.52139e-012	1.03725e-007	
0	0	0	7.99972e-006	6.32737e-007	0.00274268	0.00362023	0.0195798	0.000410769	0.106437	0.933063	0.996634	0.998134	0.997159	0.923748	0.980954	0.271941	0.16553	0.0685116	0.00046458	6.68089e-007	8.77547e-010	5.32793e-013	6.02838e-015	1.87343e-013	3.40658e-014	1.23151e-011	
0	0	0	4.38046e-013	2.34143e-010	1.02974e-010	2.86388e-007	1.15033e-006	1.20317e-007	6.01311e-007	0.000133761	0.000331132	0.00118175	0.00231664	0.0299858	0.00495322	0.583236	0.133349	0.0201054	0.000529008	1.51902e-006	4.59624e-009	1.31081e-012	9.9918e-016	1.90969e-017	2.20783e-016	4.11603e-017	
0	0	0	0	7.693e-008	9.10582e-009	6.49796e-006	2.80562e-005	3.19427e-006	8.38707e-007	0.000171434	0.000512391	0.000676442	0.00052469	0.0462665	0.0140929	0.144823	0.701121	0.911383	0.999006	0.999998	1	1	1	1	1	1	


1	0.491858	0.206331	0.540224	0.0807554	0.0343238	0.0163465	0.00133491	9.34334e-006	9.47233e-008	7.89182e-010	7.33139e-012	2.16423e-014	1.51211e-015	4.20142e-016	2.20684e-018	2.85375e-019	4.79149e-020	2.91494e-020	5.99217e-021	3.18835e-021	1.41967e-021	1.23387e-022	1.2262e-024	1.93331e-025	1.74396e-026	5.17466e-027	
0	0.000408417	4.14354e-005	0.000565071	0.00631455	0.00118809	5.03988e-005	2.34748e-007	4.62392e-010	5.95295e-009	9.93319e-012	3.18905e-014	1.90127e-017	1.08876e-017	1.55051e-018	5.06709e-019	2.28912e-020	4.02726e-020	3.58487e-021	8.8587e-022	3.27461e-023	2.24542e-024	4.41648e-027	1.62116e-029	2.40964e-031	2.11723e-031	6.67199e-030	
0	0.507734	0.793555	0.459142	0.912909	0.96439	0.983526	0.998229	0.999927	0.993146	0.907298	0.401058	0.022982	0.002387	0.000435615	2.49376e-005	8.4529e-006	5.91527e-007	6.51314e-006	1.18931e-006	1.42324e-007	1.56996e-008	4.47521e-009	5.21991e-011	5.39974e-013	9.19542e-014	6.36465e-013	
0	0	7.10092e-005	6.66601e-005	1.82363e-005	9.33195e-005	7.11803e-005	0.000434592	6.3358e-005	0.0068485	0.0926968	0.598794	0.976723	0.988948	0.966985	0.992978	0.378321	0.00244715	0.000158485	2.07306e-007	4.90426e-011	1.66906e-012	1.10373e-012	3.52971e-013	5.34587e-014	2.02483e-015	1.65183e-016	
0	0	1.37834e-006	1.27475e-006	2.30043e-006	4.94055e-006	6.38234e-006	8.36964e-007	3.1915e-007	5.32817e-006	4.63628e-006	0.000148072	0.000294463	0.00866388	0.0316356	0.00698366	0.620828	0.955456	0.925887	0.0502799	0.00024549	8.45214e-007	7.78191e-010	8.00802e-014	4.41976e-017	2.49675e-016	9.33228e-017	
0	0	0	1.19705e-006	3.82827e-008	1.695e-008	1.6823e-008	9.41114e-008	6.84924e-011	1.58805e-009	7.00813e-008	6.10761e-009	9.4087e-008	8.86466e-007	0.000943921	1.31705e-005	0.00083488	0.0420905	0.0733034	0.947021	0.960413	0.953337	0.305367	0.0094813	0.0015029	2.7174e-006	1.3072e-008	
0	0	0	9.18262e-011	9.7585e-008	1.04667e-008	1.27948e-009	2.54655e-010	4.68338e-011	3.94147e-014	4.27891e-013	1.09109e-010	2.1864e-011	8.83663e-011	2.29209e-007	6.43251e-007	7.36951e-006	5.42799e-006	0.000629186	0.0026901	0.039108	0.0439912	0.692185	0.986472	0.98592	0.898577	0.0507378	
0	0	0	0	5.47344e-011	4.62846e-009	1.82658e-009	9.47042e-010	1.02743e-010	1.23574e-011	9.43968e-013	1.76633e-012	9.3389e-013	4.01749e-012	1.47963e-010	1.412e-009	2.35828e-008	2.17677e-008	1.50193e-005	7.39709e-006	0.000233328	0.00267079	0.00244756	0.00404702	0.0125776	0.10142	0.949262	


1	0.993114	0.978884	0.999801	0.997341	0.988519	0.949472	0.966485	0.978063	0.312307	0.12568	0.00157113	0.000133861	6.56082e-005	0.000315946	2.17098e-005	0.000109426	9.38137e-006	7.39449e-005	1.79219e-005	8.86968e-006	2.45772e-006	2.3663e-007	5.10475e-008	7.72617e-009	2.70348e-008	2.14631e-007	
0	0.00678857	0.0211113	0.00010117	0.00265267	0.0114712	0.0504826	0.0307594	0.0212024	0.676167	0.5096	0.0577274	0.0290329	0.0264172	0.0851631	0.00438559	0.0104866	0.00213597	0.000285539	2.41509e-006	1.38995e-009	1.01658e-010	1.73006e-010	4.28032e-011	6.66203e-012	1.56274e-011	4.33905e-009	
0	9.73381e-005	4.99553e-006	9.55711e-005	6.53048e-006	9.77032e-006	4.49797e-005	0.00275578	0.000734121	0.0115258	0.364355	0.939956	0.959466	0.906884	0.513208	0.159432	0.022036	0.000151037	0.0462141	0.000438658	5.70305e-007	3.33027e-010	7.28655e-013	3.1358e-013	3.34589e-013	5.0009e-013	1.90626e-012	
0	0	3.74781e-009	1.99479e-006	6.79499e-009	1.03956e-009	1.36595e-009	1.17935e-007	8.14655e-008	4.22072e-007	0.000365028	0.000745922	0.0113675	0.0666245	0.399261	0.836064	0.414713	0.00270926	0.0460627	0.0106478	0.000366615	7.37104e-006	7.43161e-009	9.93859e-011	9.25394e-011	6.69582e-012	3.30953e-016	
0	0	3.28426e-013	6.67577e-013	2.95251e-009	1.42333e-010	4.04802e-011	1.54656e-012	5.89932e-010	2.43045e-011	5.65031e-013	4.65363e-010	2.07152e-009	1.47519e-007	2.11727e-005	7.22301e-005	0.478839	0.00245795	0.00046523	1.20289e-005	1.47029e-006	2.18612e-008	7.11841e-010	1.6272e-012	2.07383e-014	2.10682e-011	1.01258e-012	
0	0	0	1.029e-010	3.66137e-009	5.85587e-009	7.86827e-009	2.75361e-009	3.26642e-011	4.06739e-010	2.14457e-010	9.26534e-010	5.69663e-009	8.32517e-006	0.00202086	4.58147e-006	0.0736311	0.978357	0.0253216	0.00512684	0.00161898	0.000189231	7.86311e-008	3.258e-011	2.09889e-013	3.19879e-015	1.25071e-013	
0	0	0	4.1517e-018	9.84245e-012	1.24109e-010	1.35306e-010	7.11896e-010	2.5101e-012	2.69518e-014	8.42314e-013	1.22546e-014	3.81711e-013	8.39655e-012	8.69035e-006	2.40765e-006	8.67291e-006	0.0137085	0.106179	0.255842	0.593732	0.879982	0.885879	0.845085	0.877142	0.110885	0.00144731	
0	0	0	0	5.52797e-012	4.81764e-011	1.48604e-010	6.26936e-010	2.63097e-010	5.96298e-011	1.67029e-011	1.84374e-012	3.39247e-012	2.45436e-011	1.2376e-006	1.78229e-005	0.000175704	0.000470398	0.775398	0.727912	0.404271	0.119819	0.114121	0.154915	0.122858	0.889115	0.998552	


1	0.780912	0.181626	0.845839	0.241883	0.0490053	0.00396427	0.00309955	5.47822e-005	2.93248e-007	2.26523e-008	1.14571e-009	2.10272e-011	2.9179e-013	3.81094e-014	4.23602e-015	1.10137e-015	2.32413e-017	2.20971e-018	4.1375e-019	5.307e-019	2.14019e-019	7.71123e-020	1.75449e-020	5.41217e-021	1.84206e-021	1.09802e-020	
0	0.163787	0.199433	0.146848	0.213609	0.073937	0.0123433	0.0100767	0.000126347	1.8199e-006	1.03821e-007	1.14985e-008	6.4466e-010	3.87183e-011	2.04501e-011	1.02401e-011	5.94361e-012	1.45507e-013	1.31344e-014	1.9933e-015	9.30559e-016	1.60259e-016	4.68743e-017	2.48162e-017	7.05727e-018	8.89076e-018	1.94308e-016	
0	0.055301	0.577375	0.00633919	0.543179	0.676485	0.754676	0.552809	0.930731	0.124617	0.0116624	0.00272609	9.01087e-005	1.5211e-006	1.54626e-007	1.05331e-008	5.50596e-010	7.37825e-012	1.11769e-012	6.819e-015	3.82827e-017	5.31367e-019	1.35616e-018	1.93922e-019	2.96069e-021	1.45093e-018	5.11507e-015	
0	0	0.0415651	0.000932493	0.00132807	0.200566	0.228758	0.429222	0.0676563	0.871153	0.487751	0.653069	0.324767	0.233618	0.177974	0.0852036	0.00994628	0.00750184	0.000843665	2.28277e-005	4.93195e-008	3.89913e-011	6.10115e-014	3.50875e-017	4.0624e-021	1.00918e-021	9.46509e-017	
0	0	4.27386e-007	3.42603e-005	8.99214e-007	5.94079e-006	0.000237162	0.00461737	0.00141067	0.00400386	0.49994	0.322703	0.650866	0.730704	0.542811	0.156866	0.00262869	0.00158612	0.00200044	2.1345e-005	2.0502e-008	1.58328e-011	1.24453e-014	9.76525e-018	1.98484e-021	6.98943e-024	2.83091e-021	
0	0	0	7.53433e-006	5.05627e-007	3.06964e-007	2.09025e-005	0.000174283	1.92211e-005	0.000163768	0.000572953	0.0210489	0.0231844	0.0344348	0.260559	0.711199	0.699835	0.935341	0.952964	0.701556	0.0463662	0.00113979	2.82242e-005	9.57756e-007	5.47998e-008	7.70861e-009	1.39541e-008	
0	0	0	4.74398e-009	2.73575e-008	6.65296e-010	2.84555e-009	7.97458e-007	1.93586e-006	6.00442e-005	7.30869e-005	0.000450027	0.00108173	0.00122943	0.0175044	0.0442077	0.000600289	0.0251905	0.0124522	0.0125355	0.00194133	5.74939e-005	6.80377e-007	3.64807e-008	5.25368e-010	9.14726e-011	2.53515e-010	
0	0	0	0	8.51765e-008	1.0934e-008	1.69e-009	1.80212e-007	2.24497e-008	9.1494e-009	4.60802e-007	2.98479e-006	1.15233e-005	1.12374e-005	0.00115245	0.00252408	0.28699	0.0303808	0.0317396	0.285865	0.951692	0.998803	0.999971	0.999999	1	1	1	


1	0.386371	0.211776	0.0294056	0.0854298	0.242272	0.424022	0.706639	0.292696	0.0411579	0.019052	0.000331402	8.78794e-006	6.47994e-007	1.61278e-006	1.34187e-008	2.6286e-007	5.36501e-008	2.24683e-008	1.55727e-008	6.45274e-009	2.04847e-009	3.85457e-010	5.37475e-011	1.7821e-011	8.55533e-012	5.33558e-011	
0	0.595718	0.424653	0.970056	0.585928	0.202379	0.029257	0.0526596	0.00382248	0.000836881	0.00012998	1.91892e-006	3.19628e-007	4.50729e-008	5.51018e-007	1.86968e-009	7.96705e-009	1.26225e-007	3.19366e-008	8.39285e-008	4.8856e-007	2.66217e-006	1.5292e-006	4.41119e-007	7.69079e-007	1.8642e-007	5.19574e-008	
0	0.0179114	0.363464	0.000473007	0.328629	0.550671	0.543571	0.226072	0.699306	0.77724	0.35388	0.0146127	0.00266259	0.000568329	0.00134694	5.09783e-005	0.000307384	2.44514e-005	2.70486e-006	4.44499e-008	1.55581e-010	2.83435e-010	1.03116e-008	6.50001e-009	6.71499e-010	8.14707e-008	1.05253e-005	
0	0	0.000106966	6.52894e-005	1.28097e-005	0.00467787	0.0031484	0.0146293	0.00417464	0.180758	0.626845	0.985048	0.997184	0.990837	0.952728	0.998616	0.59467	0.139415	0.90912	0.0303704	3.53387e-005	3.60102e-008	3.27631e-011	3.19477e-012	3.91713e-012	1.61236e-012	8.10212e-009	
0	0	1.5157e-022	6.62126e-009	2.26729e-009	9.94276e-009	1.60652e-006	1.24211e-007	1.84866e-007	7.42842e-006	9.13734e-005	6.09834e-006	0.000143756	0.0085912	0.0447491	0.00133124	0.376269	0.433002	0.0366318	0.0218322	4.75416e-005	7.26187e-008	3.44753e-013	2.25974e-016	4.17751e-015	1.80181e-015	1.28508e-016	
0	0	0	2.11638e-008	3.65139e-010	1.30923e-010	1.84319e-008	1.25411e-008	6.46051e-010	4.0615e-008	1.31088e-006	8.97239e-009	6.85945e-008	3.02013e-006	0.00117244	6.99678e-007	0.0287341	0.408087	0.0158881	0.778844	0.698877	0.668937	0.00162466	2.95959e-006	1.42445e-007	4.3084e-011	2.38617e-014	
0	0	0	4.44266e-029	2.4457e-008	1.28036e-008	4.69286e-009	6.01977e-009	2.3174e-010	4.85804e-012	8.67567e-011	4.364e-010	6.80992e-012	2.17617e-011	9.38894e-007	5.26619e-007	5.80048e-006	0.0193589	0.00590326	0.0181899	0.117331	0.106545	0.89573	0.906373	0.633857	0.237547	0.09086	
0	0	0	0	8.62601e-011	1.3824e-009	6.01705e-010	3.05076e-010	1.38319e-010	1.47554e-011	6.92776e-011	1.83204e-010	1.6494e-011	5.94453e-011	5.99607e-008	3.29941e-007	1.34154e-005	0.000113272	0.0324537	0.150764	0.183709	0.224515	0.102644	0.093624	0.366142	0.762452	0.909129	


1	0.858243	0.768911	0.926442	0.698496	0.643971	0.605005	0.564204	0.288083	0.028967	0.00450337	0.000453058	3.71461e-005	4.95717e-006	1.63631e-006	1.1138e-006	1.78895e-006	8.13642e-007	4.34375e-007	1.51834e-008	2.7638e-009	3.61415e-010	8.82951e-011	2.72976e-011	7.76677e-012	1.61906e-011	4.25095e-010	
0	0.136153	0.104141	0.07274	0.294665	0.276226	0.242868	0.367397	0.641686	0.488405	0.654	0.0513303	0.00528968	0.000532716	0.000189687	4.6092e-005	0.000269548	2.50465e-005	2.75558e-006	5.69829e-008	2.3637e-009	1.05673e-010	1.90479e-011	2.0766e-012	3.06121e-013	8.93661e-012	1.53139e-009	
0	0.00560481	0.126771	0.000708494	0.00682282	0.0791661	0.150404	0.0570164	0.0689336	0.362598	0.166926	0.0137337	0.0048386	0.00185473	0.000461035	0.000120241	0.000123084	0.000247232	2.0147e-005	7.51518e-008	7.03715e-011	2.74761e-013	3.57835e-013	7.8605e-014	1.87139e-015	2.17399e-014	3.84989e-010	
0	0	0.000176989	0.000108709	1.62132e-005	0.000636972	0.00166026	0.0102054	0.000595744	0.117644	0.153599	0.468003	0.496741	0.67432	0.886759	0.0659629	0.331179	0.12088	0.0024112	4.01689e-006	1.32128e-009	6.39888e-013	1.77159e-015	2.16267e-015	4.57266e-016	2.72294e-016	4.91256e-013	
0	0	1.21766e-008	3.87404e-007	1.83922e-007	2.60603e-007	6.23997e-005	0.00117458	0.000658661	0.00237872	0.00660948	0.43708	0.175684	0.0367422	0.0179778	0.0622206	0.00298093	0.00508141	0.0101389	9.36465e-007	3.15901e-010	3.66856e-014	5.6573e-018	1.06363e-019	1.93556e-019	1.45596e-017	2.87997e-016	
0	0	0	1.30597e-008	4.89146e-009	3.50041e-009	1.14152e-007	2.24123e-006	4.32567e-005	7.36602e-006	0.0143624	0.0294001	0.317402	0.285568	0.0926247	0.867041	0.200798	0.00679853	0.209138	0.000658974	5.15509e-008	3.94072e-012	2.57432e-015	8.42741e-018	1.13594e-018	1.70485e-018	3.5777e-018	
0	0	0	3.64321e-024	3.26854e-013	2.99825e-012	3.08105e-012	2.3646e-011	1.0315e-010	1.35148e-007	4.14171e-010	3.06339e-007	7.77568e-006	0.0009708	0.0017132	0.00442494	0.441972	0.429247	0.0851755	0.00219145	4.75454e-006	6.23055e-009	8.11336e-013	5.05207e-016	3.756e-017	6.03774e-018	1.91152e-020	
0	0	0	0	4.29573e-012	3.29725e-012	1.66195e-012	3.76092e-011	5.29741e-011	2.09672e-009	2.2617e-009	1.29054e-007	3.24798e-007	6.87576e-006	0.00027337	0.000183575	0.0226756	0.43772	0.693113	0.997144	0.999995	1	1	1	1	1	1	


1	0.994311	0.512942	0.991653	0.815675	0.531768	0.464937	0.823615	0.0972362	0.0114208	0.000650725	1.43341e-005	1.37708e-006	5.15494e-008	2.48493e-008	4.25251e-009	4.86044e-010	8.27491e-011	1.39122e-010	2.00397e-011	1.12561e-011	3.54419e-012	1.43545e-013	1.07316e-014	1.85288e-015	3.867e-015	2.44044e-014	
0	0.00568548	0.487038	0.00690593	0.184318	0.461966	0.525687	0.143447	0.902482	0.868974	0.0367454	0.000937712	3.11862e-005	4.8806e-007	1.92981e-008	1.21488e-009	6.22119e-011	4.58644e-012	9.40389e-010	1.32369e-011	1.95673e-013	2.66421e-014	7.90838e-015	6.62527e-017	2.18476e-019	3.58696e-016	6.05162e-013	
0	3.52606e-006	2.05458e-005	0.00144075	6.77704e-006	0.00626604	0.00937449	0.0329316	0.000281432	0.119605	0.962496	0.998532	0.992903	0.995934	0.810459	0.320435	0.00854844	0.00179529	0.00162933	1.79408e-005	3.27067e-008	4.39156e-011	1.40441e-015	2.47437e-019	3.27499e-020	4.58781e-022	8.27647e-018	
0	0	1.54237e-010	4.93833e-007	1.20266e-007	9.85151e-010	9.19716e-007	6.58318e-006	3.62979e-008	6.55539e-008	0.000108034	0.000515849	0.00706293	0.00405071	0.189456	0.661642	0.465062	0.188902	0.013153	0.00103168	2.17805e-005	2.55817e-007	1.04502e-010	1.05614e-012	7.25821e-013	2.08042e-014	3.71432e-018	
0	0	3.6797e-017	4.86488e-015	2.87504e-010	9.00283e-010	2.78996e-011	1.75826e-009	3.47248e-012	1.68437e-013	1.15585e-013	1.38095e-007	1.23239e-006	1.43054e-005	8.48427e-005	0.0179229	0.526211	0.484403	0.016029	2.6369e-005	1.96081e-008	2.29985e-010	6.56535e-013	4.85355e-016	2.13096e-017	1.12496e-015	2.32795e-016	
0	0	0	1.12654e-017	2.72257e-016	1.13263e-013	2.34006e-013	5.48896e-014	6.19059e-014	1.69174e-013	2.21849e-015	3.34167e-015	3.48613e-011	1.02477e-009	2.95288e-007	1.30459e-007	0.000178252	0.324829	0.961133	0.474351	0.0520519	0.00610375	5.23534e-007	8.87152e-012	1.22332e-015	1.01233e-018	4.50318e-018	
0	0	0	3.64638e-023	1.15637e-018	5.10317e-017	1.08995e-014	5.35477e-014	1.45647e-016	6.35862e-017	1.22465e-016	3.69586e-019	8.57179e-017	5.41757e-015	1.76677e-010	5.24339e-010	3.40759e-008	6.99236e-005	0.00804933	0.524196	0.870342	0.839117	0.936145	0.861986	0.56913	0.0651069	0.00746952	
0	0	0	0	2.81668e-023	1.39415e-019	7.40024e-018	2.92322e-015	2.70496e-016	5.64867e-018	2.00108e-019	1.40234e-019	9.2451e-021	1.17487e-018	3.14309e-015	3.0065e-012	3.61901e-011	1.41542e-009	5.88341e-006	0.000376776	0.0775847	0.154779	0.0638542	0.138014	0.43087	0.934893	0.99253	


1	0.997706	0.827679	0.999948	0.927057	0.937808	0.956504	0.978733	0.193599	0.0941912	0.0715579	0.00514902	0.000319625	5.34475e-006	1.90177e-006	4.6807e-008	5.44095e-009	1.99348e-010	6.79502e-011	5.4541e-012	6.29863e-012	5.69595e-012	2.68977e-011	4.27586e-011	8.0094e-012	1.13284e-011	3.36043e-010	
0	0.0022936	0.172313	4.82027e-005	0.0729428	0.0618131	0.0431431	0.0211908	0.806376	0.870164	0.172537	0.0879282	0.00748763	2.30468e-005	2.65452e-007	7.42927e-008	8.40161e-010	3.90263e-013	8.6864e-011	2.5987e-014	4.59877e-016	5.40265e-016	4.74608e-013	5.08264e-013	1.11579e-015	3.28901e-012	2.64996e-009	
0	1.1222e-008	8.14145e-006	4.14972e-006	6.36638e-009	0.000378511	0.00035244	7.53269e-005	2.47537e-005	0.0356443	0.740821	0.900281	0.968376	0.759873	0.657859	0.986378	0.163151	0.0120142	9.82018e-006	5.86848e-010	8.71186e-015	7.65858e-020	2.49496e-020	8.88175e-017	1.10048e-016	1.31426e-018	3.76895e-013	
0	0	1.18525e-010	1.85738e-008	6.67102e-011	1.88197e-008	2.70462e-007	4.47437e-007	1.99292e-010	4.84305e-007	0.0150636	0.00663796	0.023808	0.239996	0.318213	0.0120849	0.826695	0.166362	0.000458623	8.2347e-007	1.51867e-009	3.58952e-012	3.86877e-017	4.29875e-021	1.52022e-019	2.5588e-021	2.53016e-019	
0	0	1.57701e-013	1.0632e-007	3.81016e-010	1.21337e-012	1.47649e-008	1.40194e-008	1.05692e-011	9.6286e-009	2.03162e-005	3.88564e-006	8.33479e-006	0.000102432	0.0239224	0.00144331	0.0101033	0.819324	0.587368	0.885326	0.98203	0.970214	0.00800136	3.67969e-005	1.5112e-007	1.39438e-010	2.91217e-013	
0	0	0	1.57983e-015	7.05961e-008	1.3292e-007	3.44536e-007	6.19437e-008	3.53295e-008	5.34467e-008	1.5436e-008	1.48286e-007	8.12771e-009	3.76349e-009	3.17359e-006	9.37003e-005	4.40109e-005	0.00229212	0.412156	0.105552	0.00823493	0.0036174	0.799706	0.0287692	1.78123e-006	3.66509e-008	2.00576e-006	
0	0	0	2.50103e-018	4.19894e-013	5.98175e-009	1.0888e-008	2.39455e-007	5.91203e-010	6.74792e-008	2.60381e-007	2.37901e-009	2.81013e-009	8.22176e-011	1.61765e-008	4.96772e-009	6.88284e-006	7.55772e-006	6.57451e-006	0.00863651	0.000874785	9.4581e-005	0.000182356	0.00443205	0.000101216	1.08807e-008	6.21132e-009	
0	0	0	0	5.78275e-019	1.3468e-011	2.72227e-010	7.6396e-010	4.92734e-010	1.01977e-010	1.30326e-008	2.71874e-009	1.5851e-010	2.25449e-011	4.42936e-010	1.42645e-010	1.19362e-007	4.91746e-007	5.79718e-007	0.000484937	0.00886071	0.0260743	0.19211	0.966762	0.999897	1	0.999998	


1	0.998562	0.974118	0.999736	0.996623	0.984931	0.967532	0.990297	0.619574	0.157261	0.0181751	0.00577302	0.00105188	4.16795e-005	4.62272e-006	3.11194e-006	1.24922e-007	6.24576e-009	3.88998e-009	3.33068e-010	6.2004e-011	7.92415e-012	1.60441e-012	4.15596e-013	4.39099e-014	3.95244e-013	1.26132e-011	
0	0.00143677	0.0258708	5.01411e-005	0.00336179	0.0149603	0.032217	0.00926256	0.380406	0.775435	0.0861609	0.637251	0.749471	0.0316563	0.000431738	0.00248936	8.8279e-005	3.10817e-007	5.7275e-008	8.53545e-012	2.37269e-015	1.75766e-016	1.49563e-015	3.54386e-016	7.65631e-018	1.36615e-014	1.44496e-011	
0	1.11547e-006	1.12225e-005	0.000177034	6.60508e-007	0.000108362	0.000249722	0.000416504	1.91448e-005	0.0673042	0.895468	0.343886	0.246463	0.96816	0.992975	0.569774	0.205894	0.22602	0.0427191	0.00210083	9.28306e-006	3.32187e-008	4.56386e-013	1.31391e-017	9.1454e-020	2.63449e-020	9.60352e-016	
0	0	1.01441e-008	3.70658e-005	1.4152e-005	4.47059e-007	8.38423e-007	2.34964e-005	8.76443e-008	6.40914e-008	0.000192764	0.00344581	0.000640605	2.1396e-005	0.00624899	0.109833	0.0133154	0.0163258	0.0224515	0.131083	0.195986	0.148434	0.247986	0.206816	0.353558	0.0468126	0.00046993	
0	0	3.28817e-010	1.16362e-011	6.51634e-008	2.60794e-008	3.32493e-008	7.91019e-009	6.2996e-008	5.0906e-009	2.90394e-006	0.00964372	0.00233636	0.000111906	0.000338847	0.317894	0.779354	0.0340219	0.000640761	1.42289e-006	4.21552e-007	2.48979e-007	7.16722e-006	2.79703e-005	4.09608e-006	0.0777775	0.254928	
0	0	0	3.86219e-011	5.0579e-013	5.59067e-010	1.60183e-010	2.00489e-009	1.18166e-011	6.2e-008	1.78372e-008	7.70651e-009	3.68209e-005	8.33501e-006	8.17869e-007	6.14884e-006	0.00133665	0.723297	0.92818	0.531879	0.0668871	0.00600936	3.39902e-006	3.65832e-010	1.79078e-009	9.30804e-010	0.00452697	
0	0	0	2.4474e-016	2.00753e-014	4.94194e-015	8.89836e-014	2.06563e-014	6.64388e-014	8.1403e-014	1.11032e-010	9.92125e-011	4.94191e-009	8.03419e-009	8.34539e-008	6.54634e-008	1.12347e-005	1.98471e-005	0.00101123	0.0105151	0.00023439	1.43784e-005	8.66001e-006	1.0768e-007	1.56249e-010	2.46912e-011	1.60396e-007	
0	0	0	0	5.49116e-012	5.82355e-012	7.52514e-011	5.21317e-011	3.45929e-012	1.3347e-013	5.86648e-011	1.93187e-011	9.85869e-012	1.97194e-008	3.11399e-007	2.85116e-008	3.77241e-007	0.000314538	0.00499719	0.324421	0.736883	0.845542	0.751995	0.793156	0.646438	0.87541	0.740075	


1	0.632881	0.0904735	0.673481	0.0034514	2.33784e-006	7.58682e-011	3.42852e-013	3.4744e-016	3.98728e-021	5.19999e-025	2.09479e-028	3.16428e-033	5.28757e-038	1.5964e-041	3.88438e-045	1.04602e-047	1.0554e-050	1.70741e-052	1.00536e-056	5.88614e-060	2.40606e-062	6.8224e-064	4.60218e-067	2.72067e-070	4.2626e-072	5.19796e-074	
0	0.36682	0.909466	0.326519	0.996546	0.999997	1	0.995445	0.349176	6.45478e-005	2.29446e-011	4.82271e-017	2.05401e-026	9.82354e-036	1.19756e-043	1.8947e-049	7.40929e-052	4.08586e-051	2.00617e-053	1.80377e-058	5.83706e-062	8.1805e-065	4.44397e-066	4.69664e-071	5.20975e-075	1.56324e-075	4.81886e-074	
0	0.000299625	6.09902e-005	3.46025e-007	2.29313e-006	5.39185e-007	2.15471e-007	0.00455508	0.650824	0.999935	0.945289	0.176611	5.52955e-005	1.34029e-011	3.16996e-018	9.12991e-023	2.78171e-029	2.94295e-036	4.32498e-040	1.03437e-049	1.85804e-059	3.4443e-069	6.93753e-069	6.06308e-074	3.48666e-078	1.33636e-075	8.79568e-074	
0	0	3.10956e-010	2.86952e-012	1.35996e-014	6.47941e-014	2.90381e-016	3.36148e-012	1.24089e-010	8.83634e-008	0.0547106	0.823381	0.99994	0.999945	0.997828	0.998191	0.000309076	1.8474e-008	3.0859e-014	3.26732e-023	7.78073e-033	7.69835e-043	7.44101e-051	6.91948e-059	1.05546e-065	2.30521e-070	1.74101e-075	
0	0	7.07046e-021	6.3738e-012	1.35841e-016	1.20879e-020	4.35681e-021	7.49909e-023	6.03022e-019	1.47726e-017	1.61884e-012	7.3292e-006	4.22956e-006	5.46336e-005	0.00217212	0.00180939	0.99969	0.994798	0.472419	0.00119423	4.3155e-007	1.54048e-011	2.83229e-016	2.39153e-022	1.54209e-028	1.50586e-032	4.74915e-037	
0	0	0	4.36046e-015	1.08458e-015	2.1831e-019	5.40839e-025	3.22251e-025	1.15927e-026	1.99469e-026	5.25082e-021	5.11241e-016	2.20693e-015	1.26504e-014	1.0476e-010	1.32204e-010	5.652e-007	0.0052016	0.527581	0.998806	0.999997	0.999989	0.0866925	1.65289e-005	2.5928e-009	3.65356e-016	2.27331e-023	
0	0	0	3.54362e-038	5.12651e-020	2.2998e-022	7.33908e-027	4.88447e-029	2.07894e-032	1.16067e-036	9.13246e-036	1.92318e-028	1.25449e-023	3.81145e-025	3.04164e-021	4.81245e-016	1.12453e-014	5.4841e-012	8.11682e-009	1.78835e-007	2.82759e-006	1.09757e-005	0.913307	0.999979	0.999993	0.0161618	1.03582e-008	
0	0	0	0	4.89112e-022	1.08563e-023	3.2502e-027	6.38655e-030	9.20992e-031	7.64795e-034	1.11452e-034	6.82949e-028	5.08945e-024	5.90617e-024	3.25061e-022	2.54843e-018	3.32529e-017	8.94798e-015	2.06326e-009	1.23412e-011	4.19331e-010	1.86452e-009	1.00739e-007	4.54922e-006	7.16924e-006	0.983838	1	


1	0.928708	0.836081	0.999775	0.206582	0.0240758	0.00012994	3.92285e-005	1.05046e-007	6.78769e-011	2.43945e-014	2.56302e-018	8.78182e-023	1.11322e-026	8.56583e-030	2.51153e-031	2.26864e-032	5.27969e-034	2.02292e-035	3.06788e-039	9.83232e-042	8.13267e-043	1.58183e-043	2.919e-046	5.7233e-049	2.59595e-050	2.82751e-050	
0	0.0712321	0.163836	0.000225022	0.793417	0.975888	0.999869	0.993194	0.999962	0.996528	0.000215581	1.75354e-008	7.2422e-015	1.17804e-021	3.77694e-028	1.13489e-031	4.41412e-035	4.72199e-035	9.3677e-037	1.44783e-042	5.10486e-045	3.16393e-047	2.80199e-046	8.49929e-051	2.0772e-055	1.05688e-052	2.60417e-048	
0	5.9661e-005	8.31974e-005	2.04388e-007	1.13128e-006	3.62457e-005	8.99912e-007	0.00676636	3.75929e-005	0.0034722	0.99978	0.999815	0.980115	0.11555	0.010755	0.430652	0.0176235	0.000977772	1.99939e-006	1.59811e-012	9.0593e-019	2.00196e-025	2.48358e-029	5.35633e-035	1.1049e-040	1.62306e-044	1.09911e-045	
0	0	6.33774e-012	4.56757e-012	1.85993e-016	3.03824e-014	5.20142e-015	1.1164e-013	4.50109e-012	5.49306e-012	4.63116e-006	0.000182073	0.0198839	0.884444	0.988711	0.541492	0.177745	0.00271965	6.41871e-007	1.20141e-013	2.64508e-020	1.01354e-026	6.96744e-035	5.30123e-039	2.47549e-042	3.00558e-046	4.74365e-050	
0	0	1.81516e-009	4.15108e-009	3.85473e-012	5.61858e-012	2.03655e-011	6.00166e-012	4.76794e-010	9.34894e-011	4.38468e-008	2.72298e-006	1.19337e-006	5.41404e-006	0.000532085	0.0278509	0.803818	0.992333	0.307939	0.000512584	2.72503e-007	3.41161e-011	7.95668e-015	1.33395e-020	1.46546e-026	1.07671e-030	4.6418e-033	
0	0	0	1.58216e-009	8.40291e-014	1.21964e-017	9.46957e-020	5.27926e-016	3.70263e-021	2.69423e-017	3.52806e-015	7.13229e-014	3.85912e-013	9.08825e-010	1.54402e-006	5.07767e-006	0.000814433	0.00396925	0.692058	0.999487	0.999998	0.999994	0.00369148	1.66016e-008	5.24909e-013	1.50447e-020	1.10148e-027	
0	0	0	7.70643e-023	2.20652e-014	8.10937e-020	6.03749e-025	1.88031e-024	8.79994e-024	7.15101e-028	6.87065e-026	5.29878e-023	2.65003e-020	3.32438e-021	3.12259e-015	6.66788e-009	9.38246e-008	7.91576e-008	3.08726e-009	6.20173e-008	1.33308e-006	3.76159e-006	0.996297	0.999705	0.999495	0.934793	8.6428e-005	
0	0	0	0	1.5155e-014	1.00476e-015	2.65121e-018	4.01537e-019	1.14802e-021	1.56467e-024	2.40892e-024	1.76223e-022	2.92778e-021	4.36819e-020	5.56446e-016	1.80167e-011	3.80209e-010	4.56088e-009	4.83649e-009	1.66756e-009	8.83006e-008	1.81652e-006	1.16516e-005	0.000295231	0.000504529	0.0652069	0.999914	


1	0.951549	0.981199	0.996825	0.986197	0.9902	0.99228	0.985503	0.956858	0.711788	0.176256	0.0688947	0.00985719	0.00177594	0.00118733	0.000181575	0.0013568	0.0013826	1.69976e-005	5.2121e-006	1.40381e-005	8.32766e-006	5.12649e-006	3.21201e-006	5.84835e-007	3.11414e-007	1.94009e-005	
0	0.044229	0.00482834	0.00305281	0.00801058	0.00174528	0.00181335	0.0076515	0.00170791	0.00125565	0.00196267	0.00176934	0.00127231	0.000158453	0.000368994	8.18999e-005	9.63654e-005	7.312e-005	8.10051e-009	2.00978e-008	4.65141e-008	1.10089e-008	2.68195e-008	3.40993e-008	3.07524e-008	9.03664e-009	4.05609e-008	
0	0.00422209	0.0139124	5.86571e-005	0.00578104	0.00797269	0.00565907	0.00664484	0.0406877	0.225051	0.253133	0.417369	0.876925	0.883488	0.877192	0.895653	0.94542	0.0888323	3.98733e-006	3.48022e-009	4.46759e-010	2.04933e-010	2.02861e-009	1.32008e-009	2.10616e-010	5.07077e-009	4.16954e-006	
0	0	3.78945e-005	3.07174e-006	8.26005e-006	6.82541e-005	0.00021527	3.45401e-005	6.99803e-005	0.000642994	0.00112485	0.0121538	0.0064771	0.0947101	0.116354	0.0485617	0.0401362	0.728496	0.00404267	5.46466e-005	4.88946e-007	3.03093e-010	1.55038e-013	5.74183e-013	5.76765e-013	1.30165e-011	9.92139e-010	
0	0	2.27637e-005	5.75178e-005	2.82987e-006	1.3347e-005	3.23391e-005	0.000166311	0.000676498	0.060475	0.518761	0.480218	0.0926283	0.0188231	0.00318205	0.054866	0.00241231	0.180027	0.99541	0.729325	0.106843	0.0023767	2.46076e-005	5.96884e-008	5.03991e-011	5.6864e-014	3.23123e-010	
0	0	0	2.92006e-006	1.80012e-008	3.2913e-010	1.05984e-009	5.91977e-008	1.81865e-007	0.000787308	0.0487588	0.0159841	0.0126587	0.000925748	0.00153283	0.00049769	0.00957294	0.000743867	0.000434924	0.270282	0.554407	0.107837	0.00333229	0.000573897	0.000125017	5.8516e-007	3.57878e-009	
0	0	0	1.22437e-011	1.00076e-010	2.99286e-013	1.35608e-012	1.04731e-012	1.73734e-011	1.08381e-010	4.4438e-007	0.000464901	3.66781e-005	7.39178e-005	0.000166063	2.98676e-005	0.000623573	0.000134138	5.58588e-007	1.75765e-005	0.00146846	8.7116e-005	3.39708e-006	4.10625e-007	1.02454e-006	8.55759e-007	1.60963e-009	
0	0	0	0	2.33538e-007	3.5911e-008	5.19092e-009	1.19093e-009	1.03367e-009	1.92156e-009	3.8022e-006	0.00314597	0.000144374	4.4777e-005	1.69344e-005	0.000128238	0.00038219	0.00031114	9.11066e-005	0.000315799	0.337267	0.889691	0.996635	0.999422	0.999873	0.999998	0.999976	


1	0.991775	0.982566	0.832308	0.950061	0.959186	0.933736	0.969888	0.953303	0.972068	0.981555	0.938798	0.985832	0.990762	0.994919	0.956873	0.952582	0.979689	0.701446	0.596846	0.397863	0.181507	0.225339	0.290551	0.241351	0.435178	0.942664	
0	0.00639228	0.0170639	0.0300018	0.0456737	0.0404273	0.065891	0.027993	0.0451815	0.0261934	0.0141169	0.0583714	0.010295	0.00522484	0.00166131	0.0374518	0.00858254	0.0125215	0.26192	0.215046	0.144275	0.0527251	0.0802076	0.072658	0.00960889	0.00643665	0.0244324	
0	0.00183322	0.000367762	0.137663	0.00234384	0.000216015	0.000106148	0.000374774	0.000474725	0.00098669	0.00305465	0.00137867	0.00251394	0.00283344	0.00198255	0.00401495	0.0377025	0.00347973	0.0336551	0.182667	0.446398	0.756243	0.668452	0.590801	0.652482	0.21922	0.00445685	
0	0	4.32531e-008	2.00797e-005	2.81859e-007	5.5149e-009	1.776e-009	1.91499e-008	2.05211e-007	7.79836e-007	8.76594e-006	5.64309e-006	0.000140231	6.02022e-005	2.62383e-005	4.34545e-006	0.000521721	5.08842e-007	2.26411e-005	0.00042476	0.000554044	0.00163056	0.00226309	0.0106138	0.0445513	0.189618	8.18285e-005	
0	0	2.69299e-006	7.33839e-006	0.00192119	5.93853e-005	1.04588e-005	6.19074e-007	9.74834e-007	7.72276e-007	4.36435e-007	6.73553e-006	1.40032e-006	2.56259e-006	9.77076e-006	1.84834e-005	0.000121694	0.000646674	1.1075e-005	0.000382536	0.00354027	0.0021192	0.0178381	0.031757	0.0506029	0.142915	0.00647816	
0	0	0	2.21856e-009	8.63645e-008	0.000109915	7.97589e-005	2.07119e-005	9.32907e-006	3.20392e-006	5.3448e-007	5.42507e-007	5.42385e-007	2.80568e-007	2.23657e-007	1.12141e-005	1.473e-006	1.33789e-005	1.42514e-005	2.52601e-007	2.31607e-006	1.5806e-006	1.70734e-005	0.000109781	0.000192864	0.00653409	0.0188419	
0	0	0	4.96359e-015	1.97955e-011	1.32613e-006	7.31118e-006	1.94606e-008	1.04258e-010	8.78428e-013	3.48995e-013	1.2258e-013	3.99442e-013	4.76594e-011	1.32309e-010	1.08749e-010	1.71925e-011	1.30108e-005	1.00533e-010	5.84091e-010	1.55076e-010	8.25818e-012	1.21883e-011	3.29006e-010	5.02021e-008	7.73887e-009	3.12148e-009	
0	0	0	0	4.3355e-009	1.77804e-007	0.000169822	0.00172243	0.00103027	0.00074751	0.00126394	0.00143893	0.00121636	0.00111645	0.00140122	0.00162616	0.000488334	0.00363597	0.00293066	0.00463313	0.00736684	0.00577328	0.00588279	0.00350923	0.00121114	9.80782e-005	0.0030448	


1	0.708932	0.570959	0.448763	0.334627	0.135157	0.0127502	0.0191796	0.00450945	0.00170808	0.00127442	0.000126227	0.00065768	0.000481475	0.000102792	0.000148668	4.61678e-005	5.59453e-006	1.76522e-006	8.87997e-007	3.70579e-007	1.88379e-007	1.20695e-007	5.19627e-008	1.30814e-007	2.97249e-008	2.14629e-009	
0	0.153285	0.389112	0.213124	0.285376	0.116664	0.0305143	0.0204806	0.00957194	0.0100125	0.00866037	0.00133448	0.0191244	0.101	0.0664415	0.0427625	0.0297184	0.0123608	0.0095546	0.00483643	0.00123518	0.00040931	6.82681e-005	7.46427e-006	4.27475e-006	3.18227e-006	1.65972e-006	
0	0.137783	0.0359826	0.29136	0.308711	0.611126	0.821307	0.567221	0.730802	0.631859	0.679603	0.807457	0.472285	0.0239408	0.00204331	0.000710459	0.0415157	0.000191989	0.000585279	0.000361592	0.000221014	6.69973e-005	5.62062e-006	1.6747e-007	1.47227e-007	1.6215e-007	1.15756e-007	
0	0	0.00370284	0.0458436	0.0263352	0.0357297	0.0241847	0.0691519	0.0304431	0.0397472	0.139176	0.136997	0.135606	0.0344755	0.000398066	0.00563914	0.00945493	8.54027e-006	0.0127899	0.0080803	0.00182613	0.000654627	1.70399e-005	4.40045e-007	1.09861e-006	1.23418e-007	5.7936e-009	
0	0	0.000243901	0.000907513	0.044752	0.0918968	0.0883152	0.261949	0.0353085	0.0526461	0.0853913	0.0392961	0.137456	0.151787	0.187623	0.0369408	0.177232	0.0215214	0.000846562	0.00789151	0.00995363	0.0118886	0.00407619	0.0003566	0.000410325	0.000136568	1.93424e-005	
0	0	0	1.73765e-006	0.000196943	0.00736406	0.00596173	0.0221326	0.158487	0.178464	0.0334051	0.00326162	0.07312	0.176794	0.0124725	0.081223	0.00116921	0.00498778	0.0722911	0.0101574	0.000554597	0.000164021	0.000187668	0.000121621	1.89472e-005	5.82748e-005	3.60358e-005	
0	0	0	1.5136e-008	9.92023e-007	0.00204488	0.0161721	0.0256983	0.00841794	0.0195306	0.00220914	1.86014e-005	0.00211328	0.0696597	0.192155	0.0103847	0.00164641	0.0547474	0.000112919	0.00165428	8.5015e-005	2.60869e-006	1.54194e-006	6.69077e-006	3.70297e-005	9.33132e-006	7.23792e-007	
0	0	0	0	2.36356e-007	1.79538e-005	0.000794988	0.0141867	0.0224602	0.0660322	0.0502802	0.0115087	0.159638	0.441862	0.538764	0.822191	0.739217	0.906176	0.903818	0.967018	0.986124	0.986814	0.995644	0.999507	0.999528	0.999792	0.999942	


1	0.991044	0.720742	0.898822	0.574968	0.105489	0.00236944	2.7694e-005	2.40629e-007	1.06892e-009	4.14253e-011	8.55258e-012	2.80804e-012	7.88674e-013	1.2211e-013	1.28127e-013	2.00389e-013	2.60658e-013	9.81422e-014	5.76551e-014	1.07863e-013	1.56318e-013	9.45449e-014	1.13829e-014	1.6438e-014	5.77439e-015	1.49232e-015	
0	0.00699097	0.131917	0.0109783	0.0822582	0.0520025	0.00314315	1.79171e-005	5.1995e-007	1.6025e-009	1.36561e-010	6.25385e-010	4.68813e-010	2.18758e-010	2.04897e-011	1.11752e-011	7.96558e-011	4.38707e-012	2.72032e-013	6.14109e-015	9.86224e-016	9.10031e-016	1.76215e-015	2.78476e-016	2.75022e-016	3.76322e-016	8.23728e-016	
0	0.00196534	0.145198	0.0894106	0.159992	0.342477	0.145904	0.00202231	3.93239e-005	2.13819e-007	8.01204e-009	7.9158e-010	1.37547e-011	3.92007e-012	2.28805e-012	2.31503e-014	2.78936e-011	3.07949e-011	3.09727e-012	1.31246e-012	1.68926e-012	8.85647e-013	1.82843e-013	1.53887e-015	5.97376e-017	6.00418e-018	2.37061e-016	
0	0	0.00213997	0.000334921	0.182742	0.499937	0.848533	0.997433	0.999583	0.999596	0.965094	0.881844	0.326206	0.10856	0.0020643	0.000185125	1.17648e-005	1.31677e-005	1.89889e-007	3.84253e-009	6.14632e-011	7.29784e-013	4.70153e-015	3.19263e-018	4.6185e-019	6.55564e-020	7.92975e-017	
0	0	2.49361e-006	0.000442483	3.36807e-005	8.55535e-005	4.77041e-005	0.000498516	0.000376664	0.000403656	0.0349053	0.118109	0.672945	0.877988	0.99166	0.79119	0.930679	0.15182	0.00118952	0.000161574	1.09788e-005	1.26954e-006	5.55839e-008	4.64052e-009	2.81521e-008	5.41512e-009	1.20922e-011	
0	0	0	1.16531e-005	3.83498e-006	7.7633e-006	2.49786e-006	8.81176e-007	5.74619e-007	3.79624e-007	8.90845e-007	4.66096e-005	0.00075383	0.0131641	0.00590453	0.166212	0.0277622	0.310338	0.71659	0.706719	0.426475	0.287298	0.16722	0.121078	0.129094	0.0306717	8.39035e-005	
0	0	0	1.82959e-009	1.13102e-006	2.80302e-008	6.28599e-009	4.39891e-010	9.83177e-009	1.26808e-009	6.72419e-010	6.48629e-007	9.32432e-005	0.000258349	0.000194555	0.041929	0.00061712	0.155337	0.0592326	0.0139993	0.0362861	0.0130279	0.113109	0.441249	0.307963	0.565643	0.149386	
0	0	0	0	1.00649e-006	6.65413e-007	1.14477e-007	3.53532e-009	1.59172e-009	2.71078e-010	3.69123e-010	5.37247e-009	1.14506e-006	2.94052e-005	0.000176434	0.000484384	0.0409301	0.382493	0.222988	0.279121	0.537228	0.699673	0.719671	0.437672	0.562943	0.403685	0.85053	


1	0.604492	0.251794	0.161661	0.119648	0.100034	0.00871295	0.00812412	0.00402229	0.00042775	0.000198796	0.000190719	9.59259e-005	6.28465e-005	1.93303e-005	3.05592e-006	8.85326e-008	1.33599e-009	1.02585e-010	3.77099e-012	8.76499e-014	2.2951e-015	6.82927e-017	6.5549e-018	5.6637e-019	6.04685e-019	5.13597e-018	
0	0.387645	0.740309	0.829155	0.862789	0.290401	0.0122782	0.00363547	0.00108563	6.71762e-005	2.07529e-006	1.12986e-006	3.81202e-006	3.59386e-006	2.77025e-007	2.95601e-006	4.489e-009	1.40403e-009	1.26531e-009	1.4472e-010	3.47273e-012	1.12398e-013	4.0439e-015	1.27195e-015	5.58677e-017	1.6388e-017	3.35033e-017	
0	0.00786293	0.00740626	0.00479509	0.0109984	0.606867	0.973024	0.832821	0.969163	0.979365	0.375757	0.233107	0.0628771	0.011903	0.0011019	3.95119e-005	2.40819e-006	2.9603e-007	4.6147e-010	6.20947e-013	1.76931e-014	1.81286e-016	9.18181e-018	1.16549e-018	1.24928e-018	8.37782e-019	7.99632e-017	
0	0	0.000323685	0.00263947	0.00615262	0.00180736	0.00302565	0.113131	0.0110243	0.0105065	0.298589	0.235929	0.253867	0.317148	0.257126	0.213527	0.0260437	0.0196547	0.0400478	0.0926691	0.0254506	0.000699223	1.9429e-005	2.07871e-007	2.31663e-009	1.38037e-010	1.45374e-010	
0	0	0.000166164	0.00174265	0.000176496	0.000814433	0.00294343	0.0420983	0.013886	0.00947196	0.324639	0.451246	0.426041	0.479076	0.585705	0.0474477	0.22703	0.0903152	0.0151798	0.0272489	0.0112021	0.000873121	2.17744e-005	6.56906e-007	1.39529e-007	9.97565e-009	7.63242e-009	
0	0	0	5.73439e-006	0.000233219	9.26357e-006	4.55332e-007	0.000172488	0.00078296	0.000136463	0.000633148	0.0777659	0.243614	0.118077	0.0068702	0.724966	0.000272606	0.0048351	0.610453	0.13364	0.00374115	2.34112e-005	1.96546e-006	1.87182e-007	1.12467e-009	1.59453e-009	8.22801e-010	
0	0	0	1.15364e-006	1.04522e-006	6.21911e-005	1.25741e-005	1.1652e-005	3.21904e-005	2.43843e-005	0.000180981	0.0017594	0.0134762	0.0736318	0.148912	0.0133916	0.74637	0.872953	0.10494	0.159896	0.0497316	0.00210695	3.94252e-005	9.35677e-007	8.01064e-008	6.69709e-009	1.26542e-008	
0	0	0	0	5.35481e-007	4.70595e-006	2.27756e-006	5.08218e-006	3.22353e-006	4.42416e-007	3.43277e-007	9.92076e-007	2.57229e-005	9.77392e-005	0.000265312	0.000622149	0.000281258	0.0122422	0.229379	0.586546	0.909875	0.996297	0.999917	0.999998	1	1	1	


1	0.805377	0.27206	0.978629	0.846877	0.618977	0.395178	0.58261	0.260419	0.0277449	0.0134677	0.0311358	0.0114547	0.0037225	0.000530493	0.0046284	0.0176618	0.0006668	0.000713876	6.7388e-006	1.72195e-007	3.70091e-009	7.43454e-010	1.65206e-010	1.38399e-010	1.00311e-010	1.02094e-010	
0	0.194492	0.72718	0.0213463	0.153118	0.380875	0.604494	0.407521	0.739344	0.968679	0.674624	0.72517	0.537736	0.495274	0.500955	0.438699	0.318959	0.0764814	0.00498409	2.32753e-006	1.40067e-009	1.38613e-011	1.66086e-011	3.80248e-012	1.15481e-013	7.74756e-012	2.4004e-009	
0	0.000131967	0.000759207	1.41407e-005	5.14967e-006	0.000147957	0.000327352	0.00985454	0.000213573	0.00357054	0.311693	0.183388	0.433146	0.483015	0.492865	0.176011	0.0243443	0.00596269	9.39583e-007	1.28717e-008	2.58087e-013	1.24213e-015	1.21462e-015	9.15985e-016	2.95663e-015	9.43007e-017	7.44773e-015	
0	0	1.09755e-008	1.08126e-005	9.218e-009	7.58118e-009	5.52671e-007	1.46916e-005	2.26105e-005	5.73394e-006	0.000212108	0.0591723	0.00948328	0.00957783	0.0040071	0.200874	0.036368	9.38134e-005	0.00223207	4.20767e-006	8.43433e-010	8.18588e-014	5.97742e-018	6.8019e-019	1.54093e-016	5.9552e-017	6.87976e-019	
0	0	1.30721e-013	3.08264e-010	1.19642e-007	3.4561e-009	2.67029e-010	1.7532e-008	1.12645e-006	2.15365e-007	2.78427e-006	0.00113375	0.00810855	0.00730677	0.000979709	0.166712	0.0164346	0.000468428	0.0285189	0.00031563	6.55301e-007	6.89732e-010	6.7674e-012	1.05516e-013	9.27849e-015	1.46622e-015	5.34933e-017	
0	0	0	1.08484e-013	1.46841e-012	2.81788e-011	5.85736e-013	3.32705e-012	1.89709e-012	1.03081e-008	5.745e-009	1.88988e-007	7.11747e-005	0.00110333	0.0006181	0.0129675	0.536889	0.458368	0.227057	0.000840642	7.52975e-007	1.66807e-010	1.26351e-014	1.79555e-016	3.09049e-016	6.3999e-018	1.29306e-019	
0	0	0	7.95187e-013	1.01172e-012	3.45195e-010	1.4153e-011	4.20802e-013	1.75904e-013	3.36028e-011	2.36081e-011	1.32644e-010	1.24808e-008	9.14165e-007	4.35776e-005	3.12795e-006	0.0491693	0.457149	0.407502	0.990931	0.994278	0.994439	0.622592	0.271693	0.16715	0.00044789	4.55458e-007	
0	0	0	0	4.39741e-013	4.14783e-013	3.44132e-011	1.07338e-010	4.42356e-011	3.05817e-012	6.89271e-012	6.59108e-011	1.30513e-010	9.0273e-009	3.52391e-007	0.000104405	0.000174011	0.000810353	0.328991	0.00789912	0.00572045	0.00556075	0.377408	0.728307	0.83285	0.999552	1	


1	0.744507	0.27269	0.165452	0.193975	0.154001	0.0843932	0.114229	0.280583	0.429977	0.501709	0.784511	0.55676	0.412915	0.0998911	0.0975694	0.0932086	0.0215855	0.0436443	0.00404609	0.000565729	0.000100832	3.80766e-005	6.43698e-005	5.87269e-005	6.29255e-005	0.000216743	
0	0.252566	0.725964	0.834477	0.702642	0.802569	0.849371	0.78436	0.635929	0.518938	0.329951	0.036234	0.0328927	0.100901	0.185019	0.0026347	0.100048	0.160157	0.0597072	0.0197919	0.00719674	0.00290974	0.000743486	0.00175155	0.00133177	0.000385728	0.00107324	
0	0.00292783	0.00134634	7.06302e-005	0.103383	0.0433726	0.0661265	0.101356	0.0831095	0.0507005	0.166833	0.14645	0.266996	0.334704	0.703598	0.837635	0.0375219	0.193009	0.000425699	5.86957e-006	4.94517e-006	6.74887e-008	9.07838e-007	9.59633e-007	5.56224e-007	8.94191e-006	0.000370824	
0	0	8.508e-008	3.70422e-008	2.26482e-009	5.50089e-005	7.29096e-005	7.7472e-006	6.51222e-005	6.50584e-007	8.75477e-005	0.000642834	0.000349754	0.00733872	0.00524341	0.000200594	0.662443	0.010563	0.00379085	6.78268e-005	8.82789e-008	1.24948e-010	6.54131e-014	2.63669e-012	7.91386e-012	3.07111e-012	5.94895e-010	
0	0	4.74803e-009	1.22588e-008	1.37597e-009	2.85796e-006	3.60712e-005	4.29465e-005	0.000308083	0.000314917	0.000128919	0.00459608	6.73911e-005	8.58618e-005	2.9091e-005	5.2648e-005	0.0053861	0.00118141	0.21156	0.00827101	1.49747e-005	3.34043e-009	8.7702e-014	4.86572e-013	5.62083e-012	1.79238e-011	1.71109e-010	
0	0	0	3.1482e-013	9.25036e-012	8.83836e-013	4.25832e-009	3.81366e-006	5.54775e-006	6.76527e-005	0.00128957	0.0275584	0.142915	0.14214	0.00361278	0.0610036	0.000261599	7.80362e-005	0.0041674	0.000186271	3.74067e-007	2.16114e-010	1.24706e-012	9.66897e-015	4.23199e-015	2.05107e-014	6.40444e-014	
0	0	0	2.0254e-018	5.16437e-016	1.14336e-013	8.4332e-014	1.40983e-011	4.48736e-009	1.69e-008	2.6995e-008	1.9421e-006	1.2196e-005	0.00184903	0.002269	0.00077406	0.0961322	0.552425	0.0896609	0.00598399	0.000129233	5.7697e-007	7.01147e-011	7.74309e-014	5.0377e-015	5.85132e-016	1.1554e-017	
0	0	0	0	4.63293e-014	1.49168e-012	2.11459e-011	6.92607e-010	3.91161e-007	9.40585e-007	4.18636e-007	5.92485e-006	7.83296e-006	6.5553e-005	0.000337391	0.00013024	0.00499904	0.0610021	0.587043	0.961647	0.992088	0.996989	0.999218	0.998183	0.998609	0.999542	0.998339	


1	0.965466	0.946787	0.973442	0.95047	0.923821	0.898147	0.748009	0.839421	0.786465	0.196072	0.05342	0.00160051	5.5686e-005	7.10884e-006	9.97852e-007	1.02595e-006	6.80179e-007	1.3666e-006	4.22303e-007	3.51084e-007	1.01525e-006	1.83349e-006	3.56815e-006	2.55159e-006	8.06682e-006	4.28882e-005	
0	0.0333018	0.0480969	0.0261128	0.0493814	0.0760582	0.101831	0.250005	0.153954	0.196578	0.462481	0.82578	0.153106	0.021099	0.00338676	0.00364636	0.056192	0.00614093	0.00087393	4.92996e-005	5.92376e-006	3.13205e-006	6.27711e-007	2.02e-007	1.20146e-006	4.30876e-006	7.60352e-006	
0	0.00123192	0.00510656	0.000426946	0.000147578	0.000119757	2.13121e-005	0.00198567	0.00650307	0.0159182	0.33959	0.113056	0.827857	0.861326	0.871535	0.886991	0.880471	0.00477957	6.19289e-005	5.25565e-007	3.07226e-008	2.7489e-008	1.13417e-007	5.20999e-007	1.47747e-006	2.17693e-005	1.49051e-005	
0	0	6.83334e-008	1.8001e-005	2.88356e-008	2.11805e-009	1.10843e-009	1.56665e-010	7.08351e-009	1.26523e-008	4.14966e-008	3.30415e-007	9.45144e-008	2.36325e-006	2.51496e-005	9.96093e-005	0.0208374	0.00102823	3.51209e-006	1.29634e-007	9.60507e-009	1.71012e-009	4.76994e-010	1.11446e-008	3.67186e-008	1.57619e-008	7.05264e-010	
0	0	9.88961e-006	1.2593e-007	1.31137e-006	1.30534e-006	8.15407e-007	2.02805e-007	0.000122575	0.00103841	0.00185008	0.00771496	0.0174346	0.117516	0.125035	0.108106	0.0057798	0.656233	0.00655776	2.99146e-006	6.58747e-010	1.81656e-012	7.11602e-012	4.66035e-011	2.90638e-011	5.05376e-009	3.52559e-005	
0	0	0	3.58046e-007	1.13695e-010	1.85609e-011	3.63794e-011	4.08026e-011	2.32177e-011	1.06593e-007	7.40393e-006	2.82939e-005	1.11606e-006	9.2628e-007	1.049e-005	0.001152	0.0293435	2.62401e-005	0.180355	0.0243331	0.00221566	0.00022508	6.86637e-007	1.14147e-009	2.83182e-011	5.92856e-013	1.61034e-013	
0	0	0	9.60397e-041	4.80014e-013	3.14595e-015	9.69523e-015	7.4063e-014	1.28954e-014	2.86902e-015	1.80441e-011	5.13178e-010	1.15649e-009	5.40797e-011	7.84307e-011	2.75961e-008	1.64813e-005	0.000664883	9.94754e-006	2.89436e-005	1.40568e-006	1.62449e-008	3.22048e-010	9.85847e-013	1.5516e-012	6.12407e-014	7.03968e-018	
0	0	0	0	4.23134e-009	9.00217e-010	1.36437e-010	6.00192e-011	1.30827e-011	1.79357e-011	3.3108e-008	2.88537e-007	5.89596e-007	1.24411e-007	2.22421e-007	4.11419e-006	0.00735881	0.331126	0.812136	0.975585	0.997777	0.999771	0.999997	0.999996	0.999995	0.999966	0.999899	


1	0.864288	0.987892	0.560317	0.970407	0.973125	0.280102	0.0441915	0.0372201	0.027874	0.00702623	0.000213232	5.84111e-005	9.03957e-006	2.4528e-006	1.94439e-006	2.30797e-006	6.49698e-008	1.41398e-007	9.36058e-009	3.37596e-009	1.83305e-009	1.021e-009	1.0001e-009	2.12905e-010	9.31963e-010	3.55357e-008	
0	0.135615	0.0120108	0.428655	0.028434	0.00343379	0.000673654	0.00404714	4.34051e-005	0.000118205	0.000311469	7.98456e-007	1.47249e-006	4.89492e-007	2.14877e-007	5.53209e-008	1.52331e-008	4.49046e-009	5.87555e-009	5.15901e-009	1.05047e-008	3.1708e-008	3.18489e-009	3.39762e-010	9.33761e-010	1.39993e-010	1.54857e-011	
0	9.65081e-005	4.58581e-005	0.0110276	0.000124312	9.48295e-006	3.79569e-006	9.43364e-007	1.06724e-006	1.6037e-007	1.79709e-006	9.88816e-008	2.61922e-008	8.71532e-009	4.91854e-009	9.31288e-009	3.44509e-009	1.50626e-011	4.9796e-009	4.38325e-010	2.08925e-010	3.85223e-010	2.1796e-010	2.01771e-010	2.65819e-010	2.92469e-010	4.11536e-013	
0	0	4.34922e-005	1.11574e-006	0.000506475	0.000469641	0.000309897	1.16671e-005	4.51802e-006	2.76139e-007	4.15061e-009	4.43751e-009	5.5726e-011	1.57082e-011	5.1259e-011	1.74778e-010	4.09581e-009	5.52438e-011	1.20585e-012	2.32564e-012	1.44429e-012	6.49187e-013	4.41153e-012	2.84768e-012	3.15706e-012	9.77955e-011	7.40601e-011	
0	0	8.0302e-006	1.86078e-008	0.000528383	0.0229598	0.718753	0.948175	0.954505	0.867997	0.310522	0.0046499	0.00088869	0.000639432	0.00158616	0.000327464	5.4719e-005	0.000144171	5.33058e-006	3.19816e-008	1.59345e-010	1.93471e-013	2.65747e-014	2.66877e-014	1.7047e-014	4.33913e-013	9.10131e-010	
0	0	0	1.55053e-010	2.13964e-011	1.80859e-006	0.000157638	0.00357398	0.0082167	0.103684	0.658615	0.981931	0.947209	0.932866	0.973537	0.0849878	0.017091	0.000320873	0.000844348	4.87588e-006	2.57969e-009	6.68828e-013	1.11107e-017	8.69508e-020	1.05222e-019	3.54429e-018	9.86342e-015	
0	0	0	1.84759e-015	8.37341e-014	1.26631e-013	1.21863e-009	1.0361e-007	9.02492e-006	0.000325402	0.023521	0.013197	0.0518009	0.0664107	0.0216604	0.913731	0.0613278	0.000953782	0.205843	0.0363063	0.000657312	7.89324e-006	9.75949e-009	4.56257e-011	7.56323e-013	1.69464e-014	2.23097e-016	
0	0	0	0	3.27251e-016	2.29708e-014	5.5229e-014	7.76261e-011	1.41481e-009	7.84566e-007	1.70671e-006	8.21207e-006	4.11592e-005	7.47171e-005	0.00321354	0.000952023	0.921524	0.998581	0.793307	0.963689	0.999343	0.999992	1	1	1	1	1	


