E:\Google Drive\Progetti\MSR Action3D\Real\a12_s03_e03_skeleton3D.txt
12
TRUE
-1081.75
-1097.72
-1051
-1057.82
-1072.5
-1059.03
-1096.7
-1094.86
-1080.32
-1064.28
-1080.54
-891.531
-1084.47
-1100.17
-1092.75
-1043.95
-938.405
-928.218
-1025.22
-984.856

35
20
1	0.76825	0.436715	0.623861	0.405816	0.317576	0.592018	0.324909	0.163595	0.211035	0.412184	0.347624	0.179143	0.265488	0.0560401	0.0176003	0.00108692	0.000110418	0.000400049	5.91511e-005	7.62556e-006	8.80356e-007	5.12507e-007	2.4235e-007	1.08562e-008	6.09508e-009	1.67835e-009	9.34209e-010	8.89145e-011	1.13246e-011	5.80022e-013	3.54214e-014	1.54844e-015	1.83331e-016	1.31675e-017	9.36402e-019	
0	0.210989	0.401938	0.133681	0.23576	0.202767	0.234179	0.0962395	0.0212509	0.0703786	0.284043	0.47003	0.340756	0.371973	0.131124	0.0480607	0.00634549	0.000913238	0.00397352	0.00192914	0.00108857	0.000201783	0.000144271	6.16509e-005	1.34819e-005	9.6753e-006	6.08257e-006	1.41464e-005	2.94793e-006	9.38778e-007	1.13641e-007	1.72553e-008	2.00125e-009	8.0725e-010	2.27358e-011	1.39903e-012	
0	0.0207615	0.152799	0.238169	0.00964566	0.0870322	0.0307093	0.0153911	0.0205261	0.00677193	0.0361804	0.0621598	0.0123527	0.19862	0.125102	0.0129558	0.00159923	0.000355521	0.00285674	0.000360187	8.18821e-005	1.04548e-005	1.00221e-005	1.79297e-005	1.67799e-006	8.34633e-006	2.63063e-006	1.99527e-005	2.36903e-006	3.37653e-007	5.04029e-009	7.93144e-010	7.62552e-011	3.8473e-011	4.96083e-012	8.8137e-013	
0	0	0.00854367	0.00419377	0.33873	0.0467234	0.142435	0.270068	0.0629275	0.673707	0.262824	0.119107	0.46691	0.124813	0.341259	0.0787825	0.00225047	4.58268e-005	0.000496919	0.000777407	0.00285308	0.000247039	0.000124511	6.19063e-006	6.52977e-008	9.88296e-007	7.18606e-008	3.55711e-006	3.6522e-007	8.76004e-007	1.84737e-008	2.08226e-010	4.12738e-011	2.40836e-011	2.01682e-012	1.11823e-013	
0	0	4.31488e-006	9.44393e-005	0.0100203	0.345364	0.000514047	0.293305	0.731574	0.0357741	8.86828e-005	0.000151656	0.000490237	0.037657	0.344727	0.173348	0.510951	0.599014	0.314909	0.000578165	1.29359e-005	1.83317e-008	3.21868e-005	2.13405e-007	4.89255e-010	2.10651e-005	3.62659e-007	0.000381819	8.68477e-008	1.61321e-007	8.41004e-011	8.26009e-011	2.69374e-013	1.98796e-011	1.71833e-015	3.11018e-015	
0	0	0	5.85479e-007	2.80212e-005	0.000536553	0.000121442	8.64213e-005	0.000125835	0.00233163	0.00432125	0.000177528	0.000123935	0.00139579	0.00174613	0.669237	0.474469	0.396238	0.103418	0.255781	0.456648	0.0960223	0.187043	0.0518468	0.00200349	0.000405133	0.00136892	0.0135963	0.000675948	1.37448e-005	9.35614e-007	1.90473e-008	4.90166e-009	1.28909e-008	6.10539e-011	4.2636e-012	
0	0	0	9.91197e-015	1.43673e-009	1.00011e-007	8.77202e-008	8.99057e-009	1.05691e-008	3.65247e-008	7.58516e-007	3.75397e-007	2.93753e-008	2.76653e-008	2.76754e-008	4.60219e-006	0.00148598	0.00169485	0.0525731	0.00302703	0.00122687	0.0035043	0.00721018	0.0334023	0.00169638	0.000159266	4.82071e-005	0.000189668	8.55415e-005	1.39119e-006	1.65887e-006	2.16873e-006	1.636e-006	5.62478e-007	1.57029e-006	1.94819e-006	
0	0	0	0	5.3413e-009	2.48e-007	2.30189e-005	1.33329e-006	1.19753e-007	1.40411e-006	0.000357827	0.000749093	0.000224232	5.47447e-005	2.26619e-006	1.17506e-005	0.00181154	0.00162842	0.521373	0.737488	0.538081	0.900013	0.805435	0.914665	0.996285	0.999396	0.998574	0.985795	0.999233	0.999983	0.999997	0.999998	0.999998	0.999999	0.999998	0.999998	


1	0.49836	0.161616	0.689586	0.110738	0.0159431	0.0271399	0.00153495	0.000112431	3.64286e-005	0.000239031	8.74632e-005	3.10405e-005	1.18487e-005	4.01954e-007	8.69252e-008	5.76009e-010	2.00804e-012	1.45202e-013	3.79105e-014	1.25606e-015	7.26597e-016	2.69558e-016	4.0797e-016	7.96612e-017	1.99753e-017	2.59912e-017	4.01056e-019	8.10565e-019	3.41244e-020	5.50031e-020	4.16887e-020	6.10308e-021	1.90388e-021	1.80957e-022	1.18825e-022	
0	0.00174055	0.00021132	0.000213399	7.99581e-006	2.07111e-005	0.00011235	1.5671e-006	1.1006e-009	6.83248e-008	3.33083e-008	1.12064e-009	4.58415e-010	5.1304e-009	1.99511e-010	3.52377e-010	1.23021e-013	2.96854e-017	1.75404e-015	1.01277e-015	1.10415e-016	3.51863e-019	3.86307e-020	2.21311e-020	8.06597e-021	8.03632e-021	3.39697e-022	8.18295e-023	7.8136e-022	1.00273e-022	2.28265e-022	6.91948e-023	1.15832e-023	1.1513e-023	5.91787e-027	1.79913e-024	
0	0.499899	0.836013	0.309917	0.884863	0.983878	0.971852	0.998123	0.999464	0.994649	0.949423	0.957321	0.49414	0.807735	0.931676	0.990765	0.995992	0.996565	0.99625	0.794637	0.415216	0.0554558	0.0899316	0.118588	0.0312537	0.519743	0.476936	0.930484	0.902904	0.96428	0.798076	0.711753	0.731495	0.939259	0.253163	0.127881	
0	0	0.00213647	0.000132916	0.00434937	5.90672e-005	0.00060058	0.000256573	0.000222	0.004981	0.0473834	0.0136847	0.0116506	0.000332804	0.00288939	0.00419925	0.00335084	0.00338282	0.00367448	0.205275	0.584572	0.94267	0.817809	0.549411	0.177216	0.0949441	0.192703	0.0491427	0.0282363	0.00756172	0.0264507	0.00486286	0.0520033	0.0363013	0.0352466	0.0048279	
0	0	2.32637e-005	7.72862e-005	2.79383e-006	8.24188e-005	1.11794e-005	6.85759e-006	4.50677e-006	3.15127e-006	1.30334e-005	3.29338e-005	1.99329e-005	3.45885e-005	8.23589e-007	6.56496e-005	2.45419e-005	1.47239e-006	1.8931e-005	1.04735e-005	0.000200687	0.0014099	0.0919028	0.298767	0.00547902	0.060422	0.00694989	0.00291793	0.00574747	0.00194168	0.00366516	0.00670392	0.00378578	0.00583816	0.00717157	0.0523351	
0	0	0	7.28964e-005	5.84589e-006	1.95066e-007	0.000200908	3.66888e-006	1.57049e-007	1.28262e-007	3.18828e-006	2.82616e-006	7.96607e-007	3.43367e-008	3.24798e-009	8.97397e-009	3.31859e-007	2.55816e-007	1.21577e-005	6.72681e-005	8.94224e-006	0.000455918	6.66883e-005	0.0307434	0.735263	0.134136	0.104283	0.000457527	0.0442888	0.0103725	0.163321	0.213747	0.190628	0.0140432	0.672066	0.767862	
0	0	0	2.07354e-009	3.30378e-005	1.37037e-005	3.05309e-005	2.826e-006	8.80999e-007	3.5014e-007	8.38508e-005	0.0182779	0.451231	0.110696	0.00786212	5.0451e-005	7.4683e-008	1.33875e-010	5.52688e-009	4.08277e-006	2.05398e-006	8.53094e-006	0.000288974	0.0024191	0.0506238	0.158469	0.143213	0.00321951	0.00899856	0.0146093	0.00789968	0.0627184	0.0210276	0.00434423	0.0304694	0.0447788	
0	0	0	0	2.27402e-008	2.89545e-006	5.20338e-005	7.04071e-005	0.000195957	0.000329828	0.00285495	0.0105929	0.0429272	0.0811902	0.0575711	0.00491939	0.000632219	5.04991e-005	4.45732e-005	5.95307e-006	2.46852e-007	2.09949e-007	1.04094e-006	7.02914e-005	0.000164727	0.032286	0.0759154	0.0137779	0.00982445	0.001235	0.000586693	0.000214614	0.00106042	0.000214149	0.00188436	0.00231576	


1	0.996851	0.999496	0.999694	0.876304	0.968094	0.99952	0.994369	0.997823	0.994593	0.871626	0.82591	0.257202	0.746125	0.411872	0.00801169	0.000185126	8.11029e-006	3.34978e-005	5.63157e-006	1.09843e-006	8.05432e-008	2.99555e-009	2.14408e-010	8.59415e-012	3.73948e-013	8.3764e-016	2.29753e-018	3.07655e-019	2.56402e-019	2.53441e-020	7.87222e-022	1.78808e-024	2.04825e-025	3.92037e-026	4.31796e-027	
0	0.00314223	0.000472214	0.00030398	0.123694	0.0317272	0.0004716	0.00563066	0.00217688	0.00540665	0.128242	0.171368	0.741385	0.178333	0.537753	0.943214	0.859072	0.168723	0.111544	0.858418	0.797243	0.468386	0.952004	0.0315699	0.00359443	0.000535279	1.47247e-005	7.11099e-007	2.47311e-008	1.39005e-009	1.51357e-011	1.74618e-013	3.65531e-016	1.06425e-015	1.32321e-016	2.04923e-017	
0	6.63305e-006	3.03701e-005	1.4743e-006	2.65693e-006	0.000178824	8.02713e-006	2.69538e-007	3.48054e-007	4.22503e-007	0.000132316	0.00271734	0.00141174	0.0754531	0.0502614	0.0487688	0.140733	0.830677	0.547031	0.0871959	0.0996115	0.245229	0.0473817	0.952548	0.825542	0.99794	0.99751	0.998193	0.625875	0.597282	0.0222909	0.0008273	3.11456e-005	4.49713e-005	3.78425e-006	2.53512e-005	
0	0	1.11801e-006	7.90843e-008	1.36307e-010	1.40601e-008	1.58112e-008	1.2417e-011	1.62038e-010	7.129e-010	2.14063e-007	4.81924e-006	4.73433e-007	8.86415e-005	0.000113655	5.27334e-006	9.96846e-006	0.000591955	0.34136	0.0540957	0.103136	0.286312	0.00057769	0.0158815	0.170861	0.00149023	0.00247503	0.00180585	0.374113	0.401768	0.939477	0.9078	0.999128	0.878676	0.946568	0.909842	
0	0	7.40367e-013	2.87688e-009	2.14038e-010	3.43997e-011	5.12228e-013	3.3874e-012	1.43034e-014	4.34278e-015	5.30018e-014	5.93859e-011	1.23431e-009	1.85433e-009	4.31353e-008	6.96053e-010	6.13498e-011	1.16628e-011	5.85564e-008	7.09143e-007	1.31369e-007	1.97474e-007	3.12632e-005	1.33204e-007	1.21066e-007	3.46248e-005	2.93995e-009	6.07796e-008	7.5151e-008	0.000867908	0.000336628	0.0618533	0.000374189	0.108933	0.00143876	0.00746386	
0	0	0	7.6655e-007	3.82143e-008	3.10353e-008	2.90688e-008	6.33083e-010	1.29914e-012	4.51386e-014	5.33168e-013	5.52272e-012	2.88139e-010	2.74485e-011	1.65076e-010	2.67786e-008	1.20025e-010	1.1236e-010	3.12884e-005	0.000279415	1.2214e-006	5.8686e-005	4.20221e-006	2.79244e-008	1.77248e-006	2.57341e-007	1.65466e-008	3.28244e-010	1.1879e-005	7.6305e-005	0.0378488	0.0213288	0.000174588	0.0120588	0.0300288	0.0690347	
0	0	0	1.70087e-017	1.72338e-007	5.68486e-008	6.24585e-007	6.30357e-009	8.24537e-011	3.71755e-012	7.16345e-011	8.4385e-010	5.40949e-010	1.182e-010	1.44508e-013	4.53692e-014	5.396e-013	2.06124e-014	3.03071e-010	4.02241e-006	2.12901e-006	1.06796e-005	2.95553e-007	1.38482e-007	8.40954e-008	2.29968e-010	1.54533e-010	7.72432e-014	9.17303e-011	1.82352e-006	4.27246e-005	0.00756181	0.000213713	3.20183e-005	0.0217991	0.00785115	
0	0	0	0	1.48609e-008	4.55746e-008	2.21063e-008	8.60574e-009	4.77464e-010	4.25319e-011	1.77243e-010	1.04746e-009	1.20229e-009	2.18472e-009	8.35329e-010	1.01844e-011	6.43508e-012	4.18146e-013	1.73298e-011	7.99563e-007	4.90218e-006	3.29858e-006	8.35671e-007	5.96347e-007	5.01172e-007	4.27997e-008	8.37751e-010	1.71019e-011	2.52652e-011	3.6397e-006	4.13343e-006	0.000628644	7.84778e-005	0.000255204	0.000161864	0.00578323	


1	0.323966	0.227481	0.180999	0.0528747	0.00827095	0.132492	0.00175377	4.46644e-005	1.15271e-005	0.000257473	0.00174375	0.000425849	0.000417037	9.1237e-006	1.15611e-007	1.35595e-009	6.23074e-011	1.12332e-011	4.23291e-012	3.86192e-013	2.02706e-014	1.8169e-015	6.65386e-017	2.27915e-018	1.79423e-019	9.98634e-021	2.20249e-021	8.9222e-023	3.68442e-024	1.74918e-025	4.52102e-027	1.0226e-027	7.92805e-029	1.86685e-030	5.18261e-032	
0	0.546194	0.758757	0.816611	0.302377	0.0155108	0.29058	0.0424078	0.00409328	0.00233871	0.0254332	0.167762	0.34845	0.407183	0.0476871	0.000206848	3.16291e-006	6.16404e-008	1.87086e-008	4.49429e-009	1.5147e-009	1.47313e-010	2.56838e-011	1.10309e-012	4.96828e-015	1.48049e-015	2.8971e-017	4.38715e-017	8.36396e-019	4.60012e-020	6.56803e-022	1.2526e-023	1.47616e-024	6.8891e-026	1.92953e-026	5.18986e-028	
0	0.12984	0.0133836	0.0021469	0.633641	0.830553	0.368	0.927111	0.990547	0.987092	0.598483	0.735451	0.581157	0.446221	0.876861	0.0221655	0.00851203	0.000570792	1.08385e-005	2.98045e-007	3.723e-008	4.20578e-012	9.79012e-012	4.69828e-014	3.80816e-017	1.46641e-015	2.58616e-018	5.51781e-017	1.09902e-020	1.89216e-020	1.75063e-023	5.19872e-025	4.19895e-026	4.60375e-026	5.13674e-029	1.21541e-029	
0	0	0.000378259	0.000242406	0.0110909	0.145551	0.206235	0.0283521	0.0048412	0.0105407	0.375531	0.088964	0.0691391	0.136823	0.0723754	0.965195	0.784443	0.200489	0.00371423	0.000528267	4.62389e-005	2.15634e-007	2.75381e-007	1.29585e-009	5.28714e-013	2.54875e-013	4.02684e-015	1.02582e-014	1.14094e-017	9.89778e-020	4.94611e-022	9.21614e-024	2.29307e-024	8.52839e-024	9.33956e-026	9.09841e-027	
0	0	1.27492e-008	4.1847e-007	1.60152e-005	0.000113029	0.00223093	0.00037201	0.000473066	1.49934e-005	0.000238657	0.00517908	0.000249693	0.00902438	0.00298273	0.0122597	0.20633	0.78237	0.0206352	0.000144248	1.25045e-005	2.07667e-007	1.54765e-007	5.47005e-009	6.88066e-013	8.64259e-014	3.90264e-015	5.1451e-015	1.03373e-018	3.0009e-021	3.96134e-023	2.2778e-025	1.73358e-024	2.45824e-025	6.87655e-026	1.87671e-028	
0	0	0	2.07872e-007	1.15355e-007	1.83557e-006	0.000281517	3.11579e-006	6.47178e-007	1.40438e-006	4.09953e-005	0.000532882	0.000135598	0.000109406	7.6782e-005	0.00013344	0.00066796	0.0154928	0.182106	0.14095	0.153714	0.0560719	0.05087	0.0154165	0.000348028	0.000158502	1.07141e-005	1.63571e-005	8.09968e-007	8.14652e-008	2.6368e-008	1.74418e-008	3.32566e-007	3.56809e-006	6.21367e-006	4.52459e-006	
0	0	0	9.9698e-011	1.10691e-010	4.7471e-010	0.000179508	2.25938e-007	6.89197e-009	9.33621e-007	2.14159e-006	6.84963e-006	3.97829e-006	4.661e-006	6.34275e-006	3.9254e-005	4.31068e-005	0.00107584	0.791136	0.141296	0.532259	0.137101	0.00062964	4.42549e-005	1.82186e-006	6.27181e-007	2.37251e-008	1.58392e-008	1.52848e-008	2.48094e-009	3.75496e-010	2.60066e-011	2.8346e-009	2.5336e-009	4.35824e-008	4.744e-008	
0	0	0	0	4.78309e-010	5.18481e-010	1.38166e-006	1.38145e-007	1.20038e-009	9.05566e-010	1.37421e-005	0.000360585	0.000438399	0.000216918	1.95893e-006	4.67941e-008	1.50501e-007	1.05241e-006	0.00239834	0.717081	0.313968	0.806827	0.9485	0.984539	0.99965	0.999841	0.999989	0.999984	0.999999	1	1	1	1	0.999996	0.999994	0.999995	


1	0.917211	0.894773	0.0619651	0.0300906	0.0808245	0.089333	0.0319491	0.00455114	0.000278977	0.000873527	0.00237939	0.00118065	0.00113686	5.74276e-005	5.30397e-006	4.81229e-007	4.08585e-008	7.36061e-007	3.9092e-006	8.5015e-007	8.34238e-007	3.34738e-007	9.05237e-008	2.94579e-008	5.13394e-009	2.77045e-010	4.90441e-011	1.71654e-011	1.08595e-011	2.00061e-012	1.23725e-013	2.75143e-015	2.79094e-016	3.28931e-017	2.08451e-018	
0	0.0185508	0.103881	0.937425	0.096711	0.0634048	0.826532	0.00752789	0.000326513	2.0486e-005	0.00307339	0.0160982	0.00413008	0.00554055	1.88261e-005	1.73802e-006	9.21702e-009	2.38165e-009	5.85739e-007	2.6264e-007	1.57091e-008	2.3839e-006	1.78173e-007	1.30264e-007	1.02564e-007	2.38736e-009	1.49286e-010	7.25451e-013	1.6293e-011	3.18068e-012	2.0439e-012	8.05838e-013	1.11689e-013	3.7769e-015	5.14042e-015	1.71288e-015	
0	0.0642385	0.00133202	0.00060952	0.873197	0.849773	0.0840797	0.960512	0.995	0.999679	0.979305	0.975514	0.993958	0.839303	0.63823	0.368795	0.242257	0.0208183	0.0715576	0.193768	0.303811	0.0395051	0.0558848	0.00354782	4.46217e-005	6.26451e-005	5.19723e-007	5.58031e-007	6.7322e-009	2.43664e-009	1.57052e-011	3.79917e-013	2.68101e-015	1.86223e-015	1.50222e-016	1.44808e-017	
0	0	1.44347e-005	1.16202e-008	9.17116e-007	0.00599796	4.99244e-005	1.14502e-005	0.000122548	2.1554e-005	0.0167482	0.00600783	0.000729987	0.154017	0.361691	0.629868	0.757608	0.979146	0.733232	0.431794	0.66464	0.542274	0.745765	0.611296	0.0223735	0.0454258	0.00757782	0.388895	0.032425	0.0200965	0.000459666	3.24292e-005	2.11174e-005	4.32832e-005	5.18628e-007	1.02021e-007	
0	0	4.96111e-020	1.79329e-009	1.6928e-013	3.95525e-010	6.96035e-008	2.99432e-011	1.3603e-011	8.38953e-011	5.37288e-009	2.1902e-007	6.77215e-009	4.63936e-007	2.416e-006	0.0013248	0.000130996	3.26156e-005	0.019627	0.00132635	0.000317641	0.00781305	0.000521374	0.00381683	0.000364271	2.44058e-006	1.16412e-005	1.80178e-006	0.00108831	8.75471e-006	0.000995562	0.000195889	0.00033998	0.000239985	9.76345e-006	4.04086e-006	
0	0	0	5.82488e-008	2.6829e-011	3.13432e-011	4.71407e-006	6.66705e-010	1.97317e-012	8.52993e-012	6.82063e-010	2.02038e-008	2.48792e-010	3.70678e-010	2.33337e-011	4.74275e-006	3.0811e-006	3.00913e-006	0.175562	0.0477371	2.0343e-005	0.00158323	3.75751e-006	1.11349e-005	0.000767329	3.2296e-006	1.44975e-006	4.81581e-010	0.00141484	1.32758e-005	0.000449019	0.000574881	0.000189758	5.5489e-006	0.00173169	0.00488649	
0	0	0	2.01889e-026	4.22096e-008	1.0247e-007	1.03038e-006	3.15228e-008	3.21131e-010	9.5092e-012	1.95726e-009	1.78842e-007	1.03747e-006	8.48687e-007	2.0733e-009	9.75534e-011	4.26235e-009	3.82447e-009	1.83748e-005	0.322305	0.0210575	0.27162	0.0720644	0.0451873	0.0972948	0.00252014	0.00015246	7.45819e-007	6.34465e-007	0.000386923	0.000785148	0.00409777	0.00342694	0.00229132	0.00452623	0.0034997	
0	0	0	0	4.07627e-011	6.22813e-009	6.0381e-009	2.0944e-009	3.11741e-010	4.01983e-012	5.60762e-011	1.72028e-009	8.25176e-009	7.33995e-007	5.45362e-008	1.30258e-008	5.49288e-009	6.43736e-009	1.01602e-006	0.0030656	0.0101523	0.137201	0.12576	0.336141	0.879155	0.951986	0.992256	0.611102	0.965071	0.979495	0.997311	0.995099	0.996022	0.99742	0.993732	0.99161	


1	0.195754	0.0672855	0.052762	0.0122581	0.00825138	0.0016988	0.000108373	2.42739e-005	1.33331e-006	3.0937e-006	3.11637e-006	1.91081e-006	3.30197e-006	5.33963e-006	2.5963e-007	1.03878e-008	8.59363e-010	4.39895e-009	3.36633e-009	4.1461e-009	6.28831e-010	9.42002e-011	5.04488e-012	2.65247e-013	8.06055e-015	3.23732e-017	1.00183e-019	9.94427e-020	4.62441e-020	2.97817e-020	9.49092e-022	2.09092e-023	1.75561e-024	1.11568e-026	3.67141e-028	
0	0.796849	0.922086	0.940293	0.711139	0.482539	0.991528	0.924053	0.601575	0.969046	0.948448	0.969478	0.79571	0.938162	0.175748	0.00886044	0.00119788	9.13534e-005	0.00190265	0.00350748	0.00515742	0.00037988	6.23539e-005	1.04788e-006	8.64548e-008	4.94183e-009	7.10425e-012	5.17928e-015	2.68978e-015	2.33385e-015	4.57228e-015	9.55352e-017	2.19665e-018	6.67213e-020	1.62345e-021	3.72005e-023	
0	0.00739678	0.00056666	0.00491431	0.275091	0.495484	0.00558094	0.0757277	0.398069	0.0309466	0.0170422	0.00975683	0.113418	0.0376611	0.795834	0.932872	0.506856	0.100093	0.141217	0.325664	0.437007	0.00562905	0.00636894	3.30885e-005	6.18315e-008	1.73063e-009	8.37144e-013	2.97009e-014	1.17498e-015	6.00827e-017	8.60424e-018	1.05938e-018	3.09048e-020	5.21326e-020	4.10986e-022	2.89053e-024	
0	0	0.0100619	0.0020287	0.00151084	0.0137147	0.00117148	0.000110703	0.000332063	6.21551e-006	0.0345035	0.0184534	0.0654368	0.00293297	0.0154516	0.0532944	0.38117	0.185803	0.456471	0.461406	0.0339242	0.147808	0.511667	0.104985	0.0625909	0.0105222	0.00244446	7.7696e-005	5.40063e-005	9.78624e-007	3.11699e-008	4.53063e-011	6.25417e-013	5.28901e-014	3.33009e-014	1.65324e-014	
0	0	2.64932e-007	2.19592e-006	2.95263e-007	1.0938e-005	2.08368e-005	3.17453e-008	6.93494e-009	1.22172e-008	3.52034e-006	0.00224498	0.0254166	0.0197575	0.006183	0.00400668	0.107452	0.147073	0.170039	0.0118022	0.00567253	0.00505513	0.0631362	0.478644	0.172251	0.94552	0.990155	0.842498	0.882983	0.660348	0.0487091	0.000957457	0.000136923	0.000591808	1.95297e-005	0.000288939	
0	0	0	7.40732e-008	5.20959e-007	4.71471e-007	5.8563e-009	2.64824e-008	1.5967e-007	2.05646e-009	9.20344e-010	6.35289e-005	1.71734e-005	0.00148355	0.0067771	0.000961755	0.00332319	0.566938	0.149552	0.0258941	0.275167	0.0148789	0.0410403	0.0949761	0.00717643	0.0136721	0.00698757	0.157423	0.0991818	0.310691	0.0310491	0.000425983	4.67e-005	1.5722e-005	1.22544e-006	1.70191e-008	
0	0	0	1.30678e-021	1.19745e-012	3.64912e-010	4.87952e-012	4.39256e-015	3.64934e-013	2.11795e-013	6.37689e-013	4.98463e-014	2.78901e-009	2.24992e-008	6.80168e-007	3.78103e-006	1.48227e-007	7.67393e-007	0.0471483	0.00199354	0.000394575	0.00236593	0.000153168	0.00236821	0.000365799	1.38785e-006	3.78365e-007	3.94516e-007	0.0139181	0.000787359	0.217808	0.166366	0.22974	0.299992	0.0332971	0.0617995	
0	0	0	0	3.26829e-012	2.38808e-010	4.78941e-010	3.65498e-012	9.11523e-013	1.0858e-012	1.71452e-011	6.88296e-011	2.85538e-008	4.13633e-008	1.54051e-007	2.84297e-007	6.81765e-008	1.34507e-007	0.0336699	0.169733	0.242677	0.823883	0.377572	0.318993	0.757616	0.0302846	0.000413042	7.33528e-007	0.00386343	0.0281726	0.702433	0.83225	0.770076	0.699401	0.966682	0.937911	


1	0.956728	0.998919	0.987479	0.872765	0.381238	0.979915	0.186081	0.0194682	0.194215	0.985309	0.998253	0.977076	0.907622	0.283224	0.0719239	0.00781053	0.000795847	0.00472684	0.00167946	0.000446651	7.40858e-006	9.79607e-006	2.98215e-006	2.16819e-007	8.75349e-006	1.09773e-005	0.000122223	2.71541e-005	3.98369e-005	6.84132e-007	4.83173e-008	3.18611e-009	2.18396e-010	1.3938e-011	1.53518e-012	
0	0.043257	0.00105739	0.0125176	0.127103	0.617905	0.0197995	0.813908	0.980462	0.802811	0.00332081	0.00156573	0.0229171	0.09232	0.715761	0.183449	0.317609	0.254999	0.318017	0.0013569	1.51778e-005	2.18974e-009	2.39993e-006	5.67505e-008	1.63686e-010	6.20312e-005	5.81496e-006	0.00441466	4.30988e-006	5.83085e-006	1.08852e-009	1.59587e-009	9.99004e-012	8.2567e-011	1.55989e-013	2.44761e-014	
0	1.52051e-005	2.07423e-005	1.56316e-006	0.000131624	0.00085759	0.000280091	1.07633e-005	7.02228e-005	0.00297308	0.0104824	1.45323e-005	4.21386e-006	5.75419e-005	0.00101527	0.744624	0.674286	0.743992	0.272421	0.350752	0.0930003	0.00176823	0.0068028	0.000516152	1.18751e-005	8.47518e-005	0.00168821	0.174319	0.00926383	0.000439096	3.87314e-006	9.90251e-008	3.98323e-009	5.57023e-009	1.43919e-011	5.20276e-013	
0	0	3.06027e-006	1.438e-006	7.76153e-009	1.27638e-008	5.78451e-006	1.32392e-009	2.65003e-011	4.45538e-007	0.000887853	0.000166857	1.92839e-006	9.57808e-009	7.50436e-009	3.23146e-006	0.000294733	0.000213005	0.404836	0.646207	0.906536	0.998193	0.356734	0.971697	0.998507	0.513943	0.889418	0.299872	0.9287	0.717888	0.974792	0.746033	0.958625	0.320053	0.608503	0.690979	
0	0	2.93861e-016	3.26219e-009	1.72135e-007	2.59267e-008	1.37122e-011	2.05629e-009	5.43023e-013	9.02017e-014	4.09035e-010	2.57321e-007	3.34954e-007	1.83215e-009	2.93832e-012	1.01888e-010	6.32308e-009	2.0575e-010	6.45726e-010	4.73553e-006	1.9745e-006	3.10412e-005	0.636451	0.0240356	0.000314164	0.480796	0.0975654	0.475711	0.000947575	0.00828159	0.00238227	0.237434	0.0351672	0.679567	0.0101098	0.012147	
0	0	0	1.72379e-011	4.57833e-013	4.8946e-010	4.69839e-009	1.0475e-011	5.29215e-013	1.97312e-014	5.07456e-016	4.63794e-014	3.73003e-012	7.55486e-011	7.84387e-015	1.14061e-014	2.84135e-012	1.33635e-010	6.74314e-008	3.57891e-010	1.15997e-009	8.74946e-010	1.79998e-008	0.00374775	9.09032e-005	0.000532922	0.00297435	0.00115042	0.00968001	0.00045519	0.000242361	4.31776e-005	0.00487554	9.03316e-005	0.380409	0.289509	
0	0	0	1.43123e-021	3.31269e-011	3.44234e-011	4.41734e-009	3.70348e-010	1.82894e-011	8.27043e-011	3.89754e-009	4.18371e-008	1.5217e-007	6.75628e-009	1.19762e-011	5.71878e-013	4.69913e-015	7.82032e-015	1.48698e-009	5.5335e-008	5.41333e-009	1.5899e-009	2.84002e-009	3.71092e-008	0.00107615	0.00223496	0.00165498	0.000349402	0.000595397	0.00515363	0.0013413	0.00478223	0.000433154	0.000189765	0.000935287	0.00734726	
0	0	0	0	1.03214e-016	2.69832e-012	3.62213e-011	5.44653e-011	7.09905e-012	8.82655e-011	4.07556e-009	3.93628e-008	1.93603e-007	1.19861e-007	2.00099e-008	3.70645e-009	1.03022e-010	3.68649e-012	3.65112e-011	5.45276e-010	5.91083e-009	1.33814e-009	1.06056e-008	1.70839e-008	2.33358e-008	0.0023371	0.00668197	0.0440615	0.0507819	0.267737	0.0212379	0.0117079	0.000898853	9.99877e-005	4.2921e-005	1.74958e-005	


1	0.996331	0.998534	0.999903	0.826951	0.783317	0.999898	0.627351	0.47603	0.973526	0.998849	0.98373	0.866265	0.947187	0.0345795	0.0086627	0.0413869	0.0508882	0.386697	0.300853	0.116289	0.00280746	0.000974788	0.00012936	2.00293e-006	2.64188e-006	7.00405e-007	6.18052e-006	2.21619e-007	2.34231e-008	4.87252e-010	2.25933e-011	3.683e-012	2.30695e-012	1.0854e-014	6.49064e-016	
0	0.00366918	0.00146557	9.65138e-005	0.173046	0.216543	8.5883e-005	0.372649	0.523858	0.0215389	0.00108076	0.0162537	0.133636	0.0527886	0.965407	0.0230039	0.371015	0.892129	0.0409423	0.00331726	0.0138376	5.1145e-007	0.000523542	5.45865e-006	2.64286e-009	2.43928e-005	1.13174e-007	0.00079626	1.7715e-008	7.72418e-009	6.0671e-014	1.7701e-013	9.96448e-015	8.14312e-013	4.253e-017	3.54782e-018	
0	2.11789e-007	5.07116e-008	3.91029e-008	3.59849e-006	0.000138383	1.5108e-005	2.86161e-007	0.000111152	0.0049346	6.66521e-005	2.45543e-007	5.32531e-005	1.94659e-005	1.38824e-005	0.968319	0.242972	0.0301792	0.000617401	0.0143261	0.00479335	5.40014e-005	2.95928e-005	5.01096e-007	4.75185e-010	5.19035e-011	6.22854e-006	1.22504e-005	7.27553e-007	1.47116e-009	7.32371e-012	1.21925e-014	3.79523e-016	2.32633e-015	4.38367e-018	6.76617e-020	
0	0	3.73566e-009	5.32867e-010	3.56714e-011	3.00003e-008	3.63215e-008	1.46264e-009	4.89517e-009	7.58012e-008	1.74668e-006	2.87037e-009	3.90279e-010	6.57075e-008	7.3812e-011	1.43782e-005	0.33186	0.0150704	0.000487032	6.58769e-005	8.41651e-005	3.63711e-005	1.80436e-005	1.11642e-005	3.96502e-008	1.00368e-010	1.46804e-009	2.94173e-007	7.65456e-008	2.70092e-011	3.62678e-011	4.72091e-014	1.9857e-015	2.19663e-016	3.66496e-018	8.4228e-020	
0	0	2.80032e-008	5.68019e-008	2.38545e-012	7.19768e-010	1.73145e-007	3.24152e-010	8.43723e-012	4.54096e-009	1.51447e-007	8.66602e-010	1.71335e-012	2.06617e-009	3.30367e-012	5.34445e-009	0.0127651	0.00484868	0.473354	0.00554798	4.21167e-005	4.50143e-006	8.92797e-008	3.2779e-006	1.1254e-007	4.17488e-009	7.52689e-011	5.29209e-008	4.12554e-007	1.86526e-008	1.33417e-008	4.03288e-010	1.75384e-010	3.50316e-011	7.69783e-012	1.43133e-011	
0	0	0	1.37838e-009	1.40561e-007	1.86851e-006	7.68524e-008	3.06033e-007	1.66037e-007	5.28699e-008	5.26922e-011	3.95646e-010	1.92621e-011	2.19394e-013	1.76569e-012	4.55984e-012	6.18842e-008	0.00682741	0.0287784	0.0358634	0.00223858	2.37436e-007	1.9418e-007	2.46474e-010	1.41033e-010	3.65176e-008	1.47323e-010	1.32724e-009	6.30041e-011	9.06916e-008	7.36181e-009	1.6338e-008	3.08865e-009	1.3523e-007	8.61549e-011	3.12578e-012	
0	0	0	4.91074e-011	3.45247e-009	6.99106e-008	3.14966e-007	5.9442e-008	3.81067e-008	1.04747e-008	4.6985e-010	1.64782e-012	2.9327e-012	7.25925e-015	2.04671e-017	7.47736e-013	1.00655e-010	5.72973e-005	0.0653229	0.190697	0.00888868	0.000312337	0.000110536	4.94008e-006	7.47353e-008	1.14821e-009	8.35713e-010	1.41405e-010	1.28337e-011	2.7865e-013	6.73849e-009	6.36297e-010	1.21548e-009	1.20881e-009	2.5836e-008	4.86872e-010	
0	0	0	0	1.90274e-011	1.15283e-009	2.12729e-007	8.28298e-008	3.23976e-008	1.46089e-007	1.81953e-006	1.57172e-005	4.59349e-005	4.85474e-006	3.09719e-009	3.29391e-010	3.52537e-010	2.05303e-010	0.0038008	0.44933	0.853827	0.996785	0.998343	0.999845	0.999998	0.999973	0.999993	0.999185	0.999999	1	1	1	1	1	1	1	


1	0.986987	0.999141	0.997998	0.876268	0.946712	0.997227	0.949631	0.982375	0.995264	0.999386	0.999222	0.982606	0.997868	0.663003	0.261167	0.165794	0.166212	0.0710983	0.00882962	0.00400009	5.6501e-005	3.36745e-005	3.11611e-005	1.98123e-007	1.33611e-006	2.4477e-006	1.61932e-006	7.16943e-007	7.93378e-008	9.99942e-011	3.49779e-013	2.4535e-015	1.39951e-016	4.19093e-018	2.16508e-019	
0	0.0127214	0.000128538	0.000138399	0.123381	0.0475353	0.00020648	0.0503382	0.0174406	0.00455058	0.000503985	0.000667015	0.0172868	0.00205705	0.336996	0.183232	0.310011	0.313709	0.000844048	0.000158568	0.000160793	6.82857e-008	1.23881e-005	4.73533e-007	4.69308e-010	9.94362e-007	1.13049e-006	3.46721e-005	1.00082e-007	6.18936e-009	2.47701e-013	1.05298e-014	1.73018e-017	1.28881e-016	2.17276e-020	5.14146e-021	
0	0.000291713	0.000156186	1.98725e-005	5.12625e-006	0.00571963	0.000547068	1.90768e-005	0.000183242	0.000183073	5.32175e-006	1.49918e-007	7.85893e-007	5.4832e-005	4.76602e-007	0.555601	0.520563	0.496907	0.053569	0.00484321	0.000506613	4.14241e-006	5.72347e-006	1.88367e-005	1.05121e-007	3.02274e-008	3.28138e-006	1.45524e-007	5.93925e-006	1.54362e-008	3.28716e-010	9.0987e-013	9.83321e-015	1.03199e-015	2.27037e-017	2.46662e-018	
0	0	0.00057402	0.00184311	0.000119933	5.80413e-006	0.0019905	2.25843e-006	7.01381e-009	1.24684e-006	9.70077e-005	7.10293e-005	4.73928e-006	1.22358e-007	1.20018e-008	6.54498e-008	0.0033448	0.0227081	0.869756	0.983534	0.992481	0.999816	0.108749	0.768086	0.997731	0.185915	0.233569	0.00645608	0.579067	0.985079	0.999142	0.999324	0.999828	0.935442	0.99321	0.989497	
0	0	5.07216e-009	1.33964e-007	0.000226163	1.71292e-005	4.31128e-008	5.68187e-006	3.88712e-008	1.91216e-008	8.50978e-009	1.03359e-007	2.16325e-006	2.20572e-008	3.02056e-008	1.63205e-009	0.000287414	6.33917e-005	2.67634e-006	0.00168496	0.00266103	5.15444e-005	0.891088	0.161402	3.61644e-005	0.812921	0.739393	0.988096	0.00293341	0.00113989	1.64047e-005	0.000561326	0.00015846	0.0645553	0.000401328	0.00568832	
0	0	0	3.63679e-009	1.27525e-010	1.02264e-005	6.01956e-006	1.04675e-007	1.66983e-008	1.46968e-010	3.27676e-012	2.24353e-013	3.29801e-012	1.6691e-009	1.30097e-012	5.4047e-009	1.33929e-008	0.000401394	0.00457808	1.87256e-005	3.7927e-006	1.58018e-006	1.42651e-007	0.0699429	0.000412368	0.00010497	0.0232314	0.00532847	0.409016	0.00344697	0.000122494	2.62164e-007	8.56304e-006	1.79271e-006	0.00638689	0.00436607	
0	0	0	8.9791e-014	5.00846e-011	2.17186e-010	2.90029e-007	6.66625e-009	6.56514e-011	4.12962e-011	4.08323e-012	8.92315e-014	3.38839e-014	1.15564e-014	2.75217e-014	9.10611e-015	1.08998e-011	1.55311e-010	5.51212e-005	0.000188294	1.16614e-005	2.305e-007	1.86053e-008	7.16218e-007	0.00012717	7.91381e-005	7.95675e-005	2.21304e-005	0.000294643	0.00219768	2.03098e-005	6.11592e-007	3.87705e-009	3.78877e-008	8.00721e-007	8.43311e-005	
0	0	0	0	7.93603e-010	1.91235e-009	2.23053e-005	3.56997e-006	7.5049e-007	5.87308e-007	7.98391e-006	3.97268e-005	9.98651e-005	2.03217e-005	7.7341e-008	4.53705e-008	2.05808e-009	2.06964e-010	9.68944e-005	0.000743036	0.000175179	7.00994e-005	0.000110951	0.000518366	0.00169255	0.000977504	0.00371982	6.09731e-005	0.00868143	0.00813666	0.000699039	0.000114224	4.69518e-006	7.8844e-007	1.35692e-006	0.000364226	


1	0.97471	0.99783	0.999886	0.958655	0.105104	0.937541	0.83955	0.998845	0.99932	0.999907	0.999747	0.994481	0.959395	0.841739	0.0662273	0.00390203	1.07162e-005	0.000146061	3.39011e-005	4.07655e-007	1.75694e-008	3.6484e-010	3.52816e-012	4.04954e-014	5.46311e-015	1.02675e-016	2.44014e-016	3.55405e-018	1.04936e-018	3.67232e-020	2.24003e-021	3.85039e-021	4.60761e-021	3.05677e-021	5.2389e-021	
0	0.0245481	0.00216643	0.000113616	0.0119467	0.894883	0.0558023	0.0694473	0.000788741	0.000131368	8.29706e-005	0.000237102	0.00304292	0.0405741	0.156118	0.931536	0.112555	4.4591e-006	6.1058e-008	8.23869e-009	1.29038e-010	4.87025e-014	5.60079e-012	2.60694e-015	3.39199e-018	3.54073e-017	2.48777e-020	7.82566e-017	3.20485e-020	9.47723e-020	9.25505e-022	4.13859e-021	1.6573e-021	1.35282e-018	6.15166e-024	3.82002e-022	
0	0.000741714	3.35097e-006	8.65779e-008	0.0293982	1.30675e-005	0.00665709	0.0909896	0.000350647	0.000537158	2.41217e-007	9.78694e-006	0.00239758	9.12237e-006	0.00213396	0.00222339	0.883533	0.999591	0.97174	0.000347264	2.21084e-008	3.26585e-014	2.16432e-014	1.15399e-018	4.04663e-019	4.26402e-016	9.67427e-020	1.00945e-017	7.88179e-024	1.41408e-021	5.11091e-025	1.73711e-025	4.9755e-023	2.58281e-022	1.43534e-023	2.39947e-025	
0	0	2.21452e-009	3.07321e-012	1.11108e-008	2.60304e-009	6.31563e-009	1.33331e-005	1.58894e-005	1.16521e-005	9.92017e-006	5.1997e-006	7.78045e-005	5.71399e-006	1.92052e-006	3.41495e-006	2.83626e-006	0.000393783	0.0182202	0.989879	0.994047	0.8925	0.0352841	1.62833e-006	1.54216e-010	4.66267e-013	2.75088e-015	1.7327e-017	7.24781e-024	4.10035e-028	1.30021e-027	3.9477e-031	2.55125e-027	1.11761e-025	3.05422e-024	1.17585e-027	
0	0	1.21825e-019	3.37674e-012	1.17691e-015	3.33e-012	8.96177e-012	1.45925e-012	1.97255e-008	2.49191e-009	1.33832e-008	6.89244e-007	3.86205e-007	1.65277e-005	7.22847e-006	1.01362e-005	6.62234e-006	1.39866e-008	0.00987763	0.00897657	0.00594788	0.107269	0.964631	0.984278	0.223166	0.985665	0.987701	0.96007	0.00318378	5.63704e-005	9.75905e-008	7.47984e-010	7.66322e-011	1.26908e-011	1.06321e-012	1.17082e-012	
0	0	0	1.35272e-017	2.17996e-017	2.15271e-017	2.41886e-014	1.87215e-016	8.17175e-016	5.2032e-014	3.38055e-012	1.02707e-010	1.16293e-010	9.01952e-010	3.10796e-009	2.17363e-007	8.59426e-008	2.32988e-008	1.59048e-005	0.000761502	1.06034e-006	0.000228763	8.41585e-005	0.0157176	0.776785	0.014227	0.0122977	0.0398878	0.996552	0.856987	0.987788	0.943975	0.760227	0.784947	0.207205	0.428934	
0	0	0	7.04384e-038	1.93568e-018	3.34597e-022	4.04952e-019	1.41592e-018	2.5227e-019	4.00243e-018	5.47421e-014	1.09231e-011	2.98401e-010	4.11306e-012	1.84994e-012	4.17829e-014	1.94378e-013	7.98075e-014	2.29489e-010	1.33612e-006	3.55989e-006	2.60811e-006	4.47767e-007	3.01257e-006	4.96763e-005	1.94182e-005	3.03185e-007	1.24377e-005	0.000264071	0.142945	0.0121718	0.0560038	0.222223	0.0391526	0.764755	0.00876985	
0	0	0	0	3.2122e-021	2.512e-020	1.07784e-019	5.29654e-018	9.70902e-018	9.37639e-018	2.79643e-018	7.09835e-015	1.73257e-011	2.01851e-010	1.35403e-009	3.3807e-011	8.73854e-012	1.15167e-014	3.80491e-012	1.19979e-011	4.11064e-010	2.84516e-009	8.97958e-008	1.86736e-009	2.06471e-009	8.88792e-005	1.37133e-006	2.92557e-005	4.19236e-009	1.1695e-005	4.00734e-005	2.11659e-005	0.0175499	0.1759	0.0280397	0.562297	


1	0.784509	0.999809	0.999842	0.825039	0.369002	0.921328	0.545218	0.993509	0.995614	0.999635	0.988496	0.600596	0.942086	0.553999	0.0580064	0.0037951	5.75566e-005	2.16629e-005	7.23912e-007	3.96956e-009	1.7299e-010	3.51549e-012	1.22443e-013	1.40743e-015	8.67951e-016	6.39702e-017	3.94625e-016	6.15529e-017	3.39303e-016	2.10517e-016	3.89031e-016	1.13767e-015	2.49913e-015	1.21322e-015	1.19413e-015	
0	0.215062	0.000167072	0.000157029	0.146494	0.630986	0.075308	0.452348	0.00610238	0.0024842	2.19616e-005	8.62156e-005	0.0205218	0.0108639	0.409296	0.699407	0.63895	0.00173913	1.55901e-005	6.72187e-009	7.56129e-012	5.94293e-016	4.53231e-014	1.45184e-017	4.96842e-020	1.47454e-016	1.30295e-019	4.11585e-016	6.91707e-020	1.30326e-017	5.33869e-019	1.21831e-017	4.82205e-018	5.10268e-014	4.81104e-019	1.67342e-016	
0	0.0004283	2.36811e-005	8.901e-007	0.0284677	1.16699e-005	0.00336394	0.00243426	0.000388795	0.00190215	0.0003411	0.0113953	0.378625	0.0191048	0.0343024	0.233447	0.338955	0.994902	0.229026	0.8902	0.995138	0.741785	0.0653917	0.000329461	1.31187e-006	5.94831e-007	9.07792e-008	4.01588e-008	2.73652e-011	7.11982e-012	6.27956e-014	5.36189e-016	2.96192e-016	3.39639e-016	5.97672e-016	5.6205e-018	
0	0	3.09858e-009	2.48085e-011	4.68686e-011	1.62443e-008	4.91827e-011	5.35199e-009	8.72273e-008	1.88658e-008	2.13195e-006	2.21022e-005	0.000233064	0.0255242	0.0013976	0.000240239	0.000216633	0.000111769	0.000249255	0.00295932	0.00303649	0.251474	0.860286	0.625595	0.00585511	6.22746e-005	1.96928e-005	2.42305e-008	1.05838e-013	6.07981e-017	3.25699e-017	6.14237e-020	1.72784e-018	1.4365e-020	1.98483e-018	1.04574e-019	
0	0	1.03507e-008	8.69407e-010	1.37474e-011	5.9692e-007	7.0013e-009	5.37222e-008	1.28101e-007	1.10942e-008	4.11265e-008	5.53072e-007	2.4074e-005	0.00242118	0.00100564	0.00889667	0.018039	0.0014526	0.118543	0.0263027	0.000759125	0.00593899	0.0743057	0.363793	0.0966095	0.774441	0.877961	0.992158	0.026646	0.00731884	0.000355308	3.93746e-005	5.14296e-006	1.03154e-006	2.85742e-008	4.36618e-009	
0	0	0	2.91661e-010	1.13765e-016	9.3752e-016	2.62056e-010	1.25829e-015	7.28328e-013	4.8674e-014	4.36822e-013	3.32954e-010	1.9425e-011	6.68869e-008	2.42348e-008	3.1894e-006	4.39185e-005	0.00173669	0.652143	0.0224663	8.07247e-006	0.000335202	4.87488e-006	0.0102795	0.897511	0.225344	0.121976	0.00759985	0.973272	0.397591	0.830336	0.550571	0.383359	0.00327473	0.00476431	0.00129364	
0	0	0	1.36934e-020	1.40118e-010	3.71365e-015	3.69589e-017	2.66443e-015	9.12562e-018	6.61684e-015	4.93825e-014	1.23285e-012	1.0907e-009	4.45839e-012	3.23442e-011	5.55605e-014	4.78037e-013	4.59498e-011	5.61438e-007	0.0580636	0.000975832	0.000444057	4.12699e-006	1.94644e-006	2.28436e-005	0.000102131	2.60823e-005	7.65815e-005	7.16254e-005	0.594728	0.139434	0.4239	0.397179	0.106472	0.397261	0.00721246	
0	0	0	0	1.80795e-013	7.13673e-012	3.62002e-011	3.81953e-011	7.27607e-011	1.87699e-010	8.90401e-010	2.51405e-009	1.73181e-008	3.19144e-008	3.91217e-008	3.3103e-009	1.75527e-010	4.3134e-011	3.97175e-008	7.67653e-006	8.209e-005	2.31417e-005	7.79243e-006	6.77174e-007	3.00221e-008	5.04363e-005	1.63481e-005	0.000165644	1.01087e-005	0.000362274	0.0298742	0.0254893	0.219457	0.890252	0.597974	0.991494	


1	0.977973	0.993118	0.99672	0.533715	0.972907	0.949007	0.882636	0.9742	0.0729836	0.000477182	5.65973e-008	3.4617e-011	5.96503e-015	1.3032e-018	5.53553e-023	2.30441e-026	1.45587e-029	1.03053e-032	2.44092e-035	1.18694e-038	1.26854e-043	9.88299e-049	3.86809e-054	7.24852e-060	6.34245e-064	5.71126e-069	6.18282e-071	4.31209e-073	2.39345e-074	2.91475e-075	7.20944e-077	1.30822e-078	1.65837e-080	3.05888e-080	6.80306e-082	
0	0.0032269	0.00683699	0.00303461	0.0495324	0.0034134	0.0399876	0.00238946	0.000844874	0.0825465	0.969447	0.963937	0.882007	0.0165426	2.98006e-005	9.3108e-009	2.23754e-012	2.13341e-016	8.15956e-020	2.27971e-020	1.07304e-021	2.26654e-024	5.70399e-028	5.10043e-032	1.71265e-035	1.35791e-039	6.8476e-044	2.37922e-047	1.176e-049	8.03533e-052	1.27729e-053	8.10336e-056	1.62058e-057	3.71991e-060	2.30313e-060	8.02562e-063	
0	0.0187998	4.27619e-005	0.000245657	0.416752	0.0200358	0.010995	0.11497	0.0249014	0.84446	0.0153497	5.16372e-005	0.00174793	5.68369e-005	2.10904e-006	6.63986e-009	1.97938e-012	1.15629e-016	1.53443e-021	7.62642e-022	9.81298e-023	6.79754e-027	1.31759e-028	2.0808e-034	3.80849e-039	3.4363e-040	3.1132e-045	8.47383e-047	2.33643e-050	7.9e-052	1.00177e-053	3.38806e-056	1.56497e-058	4.92642e-060	2.94174e-061	5.91644e-064	
0	0	1.33959e-006	1.18276e-007	3.32681e-007	0.00318475	1.60477e-006	3.83795e-006	1.7711e-005	9.17396e-006	0.0147222	0.0360113	0.116245	0.983292	0.998196	0.975387	0.94291	0.0106259	3.74754e-006	7.12794e-007	1.18529e-007	9.73073e-010	3.52076e-010	9.53679e-012	5.62547e-015	1.26123e-015	1.12469e-017	7.32389e-017	1.27886e-018	3.07274e-020	9.11567e-023	7.31552e-025	4.51029e-026	2.15732e-026	9.16836e-027	1.23431e-027	
0	0	7.51606e-007	9.72143e-010	7.1978e-009	0.000458706	7.53561e-007	5.70993e-007	3.6294e-005	2.73184e-007	3.70998e-006	5.66787e-008	2.09101e-007	0.000108967	0.00177245	0.024613	0.0570886	0.989026	0.00676373	3.62461e-005	8.20038e-007	6.77797e-011	5.57173e-014	1.68463e-014	2.62816e-017	7.1844e-018	6.97673e-020	1.94088e-017	1.64452e-018	2.89114e-019	1.75457e-020	1.78395e-022	1.06308e-022	3.84701e-023	2.40304e-024	4.3296e-026	
0	0	0	9.01133e-009	6.75509e-013	2.33814e-013	7.62384e-006	1.37957e-009	1.32794e-010	7.47525e-009	3.55113e-011	4.18985e-012	2.2226e-012	2.17379e-012	7.99928e-011	2.49232e-009	9.82684e-007	0.000347997	0.99323	0.0609033	0.00562246	4.64414e-006	1.14795e-012	7.20906e-018	3.64446e-019	2.68613e-022	1.04348e-023	3.25106e-023	8.17707e-019	8.94234e-020	2.84244e-020	4.78154e-023	1.19932e-024	6.38216e-027	6.12252e-023	2.47716e-025	
0	0	0	4.07838e-014	2.51841e-014	5.75364e-016	6.56914e-012	4.05573e-012	7.94803e-015	6.92136e-012	2.40096e-010	1.27574e-009	8.17805e-010	1.25836e-010	4.33671e-010	8.49338e-009	4.54919e-007	1.13328e-007	2.96456e-006	0.938366	0.994119	0.999943	0.999991	0.999964	0.999951	0.999716	0.999875	0.903003	0.836886	0.280081	0.0308	0.00308281	0.000143109	8.05498e-006	1.29959e-005	3.12458e-006	
0	0	0	0	5.00024e-012	6.48591e-013	1.93885e-014	1.24555e-009	3.65025e-012	2.41855e-014	2.88924e-011	6.30108e-014	1.72414e-013	2.69755e-013	1.4945e-014	1.3648e-014	5.25174e-013	1.39811e-010	1.82069e-008	0.000693497	0.000257213	5.27116e-005	8.54604e-006	3.58964e-005	4.93616e-005	0.000283939	0.000124684	0.0969967	0.163114	0.719919	0.9692	0.996917	0.999857	0.999992	0.999987	0.999997	


1	0.999261	0.96968	0.832254	0.997997	0.990344	0.983864	0.994342	0.991853	0.996381	0.982086	0.969899	0.885455	0.368463	0.0999629	1.41474e-005	6.03356e-006	0.000201641	0.000486984	0.000806419	0.000313568	1.6743e-005	1.8624e-008	7.99277e-010	3.05047e-008	1.71395e-007	8.30499e-007	5.96474e-006	7.55533e-006	7.13016e-006	8.1972e-006	2.45055e-005	6.65343e-005	0.000142372	0.00146738	0.0119117	
0	0.000233066	0.00166273	0.00336261	0.00111084	0.00876232	0.00137492	0.0054032	0.00653377	0.00223136	0.00101647	0.00307974	0.00664767	0.00630199	0.0363364	5.80327e-006	1.47177e-005	0.00342629	0.021451	0.0204239	0.00570164	0.000124056	1.70133e-008	1.57743e-010	1.8413e-009	1.44151e-007	2.07505e-006	9.91685e-005	7.31273e-005	4.97698e-005	7.46275e-006	2.02326e-006	2.15428e-007	8.78527e-006	1.54959e-006	6.96863e-005	
0	0.000505971	0.0286479	0.163003	0.000551794	0.000881576	0.0147378	0.000229151	0.00160134	0.00137208	0.0163035	0.0161243	0.00119155	0.00231348	0.000182869	9.58156e-008	3.27215e-007	0.000286063	0.0207999	0.0411855	0.00132139	0.000199494	5.09271e-009	7.17855e-010	5.43748e-007	3.33108e-006	8.04344e-005	5.65834e-005	0.000256734	1.75292e-005	6.9111e-006	2.12917e-006	1.21803e-006	1.32634e-007	0.000136302	0.00258817	
0	0	5.12629e-006	0.00109788	4.2696e-006	1.75649e-008	2.7817e-006	2.71563e-007	6.21497e-006	1.90843e-006	0.000149576	0.000707676	3.26158e-005	2.83574e-006	4.85219e-008	1.05466e-011	3.23107e-010	1.66185e-006	0.000108374	8.90024e-005	2.34815e-006	3.68243e-006	3.70574e-011	3.02473e-012	7.5202e-009	1.12989e-007	2.63651e-006	1.41637e-006	5.03177e-007	7.17511e-008	1.32186e-008	1.89126e-008	3.49856e-008	2.30278e-011	4.89852e-005	0.000100417	
0	0	4.4091e-006	0.000282401	0.000317751	3.2024e-006	1.50788e-005	1.56993e-005	3.43431e-007	1.05513e-005	0.000442044	0.00999042	0.0422402	0.0145981	7.39251e-005	2.2392e-010	8.58688e-011	8.29439e-009	1.21095e-005	0.000909267	0.000183281	5.77327e-006	1.02721e-009	6.19412e-012	8.50449e-010	4.57629e-008	4.82832e-007	1.75695e-005	9.10769e-006	6.04623e-006	1.32722e-006	1.19048e-005	1.59187e-005	2.89663e-006	1.03629e-005	0.00051401	
0	0	0	3.46667e-008	1.79348e-005	1.71359e-006	9.66798e-008	4.93215e-007	6.86205e-008	5.04797e-008	1.36752e-007	0.000164906	0.0430429	0.0760078	0.131491	1.87853e-005	1.51139e-005	7.35658e-005	7.49655e-005	4.77326e-005	0.000370852	2.43404e-005	1.95898e-008	1.56179e-010	2.83459e-010	9.27053e-009	4.82293e-008	2.8586e-006	2.19993e-007	6.20635e-007	2.58575e-007	1.03461e-005	2.64293e-005	0.000579645	0.00101028	0.00154882	
0	0	0	1.1617e-013	4.7719e-010	5.47786e-010	2.55282e-014	2.91217e-012	9.64403e-014	2.04708e-011	5.0594e-011	3.30909e-005	0.0213518	0.52447	0.705928	0.999931	0.991349	0.0900432	4.39842e-005	0.00340145	0.252961	0.959269	0.99988	0.998955	0.616241	0.717554	0.782516	0.0144688	0.00270277	1.90397e-005	3.88847e-006	2.18143e-005	4.48967e-006	0.00355954	1.30138e-005	6.38922e-006	
0	0	0	0	9.20308e-009	6.84506e-006	5.21475e-006	9.34862e-006	5.35893e-006	3.1221e-006	1.8791e-006	1.07941e-006	3.80602e-005	0.00784257	0.0260248	3.0153e-005	0.00861442	0.905968	0.957023	0.933137	0.739146	0.0403574	0.000119733	0.00104528	0.383758	0.282442	0.217397	0.985348	0.99695	0.9999	0.999972	0.999927	0.999885	0.995707	0.997312	0.983261	


1	0.13108	0.146671	0.0443921	0.011564	0.00255288	0.000167163	1.13465e-005	3.26681e-006	6.28449e-007	7.55707e-007	2.51543e-007	1.19258e-008	2.21047e-009	1.88551e-010	6.35252e-012	1.96774e-013	1.68051e-013	2.06386e-014	2.02731e-014	5.91811e-015	2.30985e-016	1.53244e-017	1.242e-017	1.00748e-016	9.90995e-018	3.13653e-018	1.297e-018	3.87074e-018	5.93165e-018	1.22575e-017	1.81431e-017	4.69586e-017	6.74924e-017	7.59865e-018	4.44726e-018	
0	0.140035	0.160269	0.081585	0.0180094	0.00759193	0.000440814	0.00011675	0.000290606	4.65841e-005	1.53033e-005	2.71455e-006	1.50377e-007	1.89722e-007	6.46849e-008	1.96346e-009	2.46229e-010	2.16369e-010	1.84351e-011	2.16292e-012	1.20163e-013	4.38165e-015	8.47105e-016	6.81468e-016	5.53664e-016	1.75812e-016	1.20644e-016	5.52968e-017	1.77361e-017	3.75119e-018	5.09681e-018	2.23936e-018	2.31359e-017	3.50522e-017	9.78496e-018	4.9866e-018	
0	0.728886	0.444615	0.028812	0.01047	0.05022	0.00127571	2.70007e-005	1.29072e-006	1.24792e-006	3.25772e-006	8.19448e-007	5.8791e-008	1.86703e-009	4.99036e-010	2.08128e-010	6.43416e-011	2.1359e-011	7.19663e-012	8.22934e-012	6.39032e-014	3.2356e-016	1.40104e-016	4.21355e-017	1.20716e-014	4.69917e-015	1.39711e-013	4.90696e-013	1.71167e-013	5.03471e-014	8.28609e-014	1.68575e-012	1.16194e-012	9.98921e-012	3.06886e-014	6.39076e-014	
0	0	0.233982	0.00892059	5.51557e-005	0.000489534	3.12059e-006	1.49337e-006	8.68138e-007	1.90706e-007	5.06576e-008	2.09559e-008	8.39318e-010	3.31173e-009	8.65943e-010	2.47911e-011	4.3388e-011	1.2856e-010	1.22945e-011	1.42998e-012	1.53583e-013	5.10953e-016	1.66555e-017	4.91629e-017	8.37277e-016	7.96785e-015	2.8346e-014	1.00235e-012	1.07214e-012	5.08533e-013	9.81458e-013	6.58195e-012	5.52162e-012	1.76092e-011	8.96654e-014	2.09391e-014	
0	0	0.0144632	0.835915	0.927734	0.67761	0.977493	0.944957	0.277365	0.243626	0.336914	0.114101	0.113907	0.00587899	9.17101e-006	3.6242e-008	5.32634e-010	5.77393e-011	1.15276e-010	2.19518e-010	9.49212e-012	1.28004e-012	6.54801e-014	8.03119e-015	6.41993e-014	1.40797e-014	3.74929e-014	2.70618e-015	1.19242e-012	1.39413e-012	4.82021e-011	5.60502e-010	4.6867e-010	1.98662e-009	1.02778e-009	1.42189e-009	
0	0	0	4.4246e-005	0.014857	0.246348	0.000141513	0.01912	0.45436	0.00810515	0.00118607	0.00227088	0.000240601	0.0304091	0.391564	0.0329565	0.0057007	0.0147287	0.000129393	2.02101e-006	2.9288e-007	2.36943e-010	2.18219e-011	1.09279e-011	3.81853e-013	1.91534e-013	2.77338e-015	7.86258e-014	7.16176e-015	3.26862e-013	6.86314e-014	1.2735e-012	4.67191e-010	2.52771e-009	9.12011e-011	1.46165e-010	
0	0	0	0.000331133	0.0171737	0.00405645	0.00348397	0.0183093	0.0716046	0.543122	0.0622685	0.0506379	0.179105	0.138713	0.0497867	0.914823	0.952544	0.515351	0.164688	0.355245	0.801111	0.949541	0.933234	0.69314	0.0922968	0.0259477	0.00593935	6.11919e-005	7.48225e-005	8.21337e-006	4.66942e-005	0.000163532	0.00123248	0.00833289	0.09266	0.0405781	
0	0	0	0	0.000136538	0.0111315	0.0169944	0.0174574	0.196374	0.205098	0.599612	0.832987	0.706747	0.824999	0.55864	0.0522209	0.0417556	0.46992	0.835182	0.644753	0.198889	0.0504592	0.0667655	0.30686	0.907703	0.974052	0.994061	0.999939	0.999925	0.999992	0.999953	0.999836	0.998768	0.991667	0.90734	0.959422	


1	0.503804	0.827497	0.85643	0.43214	0.0409823	0.107909	0.00356632	0.000286056	0.000230836	0.000142496	9.58892e-006	2.24016e-006	4.40853e-006	3.21716e-007	1.04712e-007	2.78032e-008	1.38341e-008	1.0059e-008	2.41498e-008	1.45235e-008	1.21109e-008	8.14816e-009	1.04741e-008	6.0265e-009	1.56024e-009	5.22095e-010	5.35913e-011	2.37982e-010	4.16575e-010	1.08254e-009	2.13722e-009	1.13239e-009	1.19418e-008	1.34812e-010	9.84757e-011	
0	0.153592	0.0355341	0.004376	0.292812	0.129703	0.00359623	0.00183306	0.000426797	0.000126143	1.8295e-005	1.54213e-006	8.93024e-007	5.89667e-007	4.36535e-007	2.42878e-008	5.06592e-008	4.21133e-008	2.24458e-009	2.81263e-008	2.02443e-008	1.05186e-009	9.31123e-009	2.09134e-009	7.32746e-010	2.15275e-009	1.42882e-009	1.68126e-009	2.38463e-010	8.27684e-011	1.72311e-011	1.1671e-010	8.49063e-012	1.60055e-009	1.70963e-012	1.44231e-012	
0	0.342605	0.0714054	0.0884291	0.194954	0.697723	0.496942	0.392567	0.94905	0.68086	0.00311549	2.61161e-006	1.95552e-007	1.47568e-008	8.01737e-010	6.55301e-009	2.40241e-008	3.687e-008	6.55571e-008	1.60077e-007	5.00334e-009	7.63689e-011	3.52049e-010	3.49894e-010	5.8083e-011	8.45615e-011	1.34719e-010	5.52517e-011	3.87546e-010	1.1547e-010	1.55113e-010	1.60693e-010	4.70628e-013	9.3293e-011	8.4662e-013	1.69162e-013	
0	0	0.00990446	0.000848276	0.0752631	0.131371	0.317091	0.600776	0.0301569	0.25915	0.0069758	3.44303e-005	6.20836e-006	1.14721e-005	4.36477e-007	3.04088e-006	3.32809e-005	0.000273952	2.36051e-005	2.36979e-005	2.84231e-006	2.62312e-008	1.29428e-008	1.34992e-010	3.13543e-012	9.41547e-012	1.08129e-012	9.2579e-012	8.96708e-012	2.60661e-011	3.14282e-011	2.37348e-011	1.33669e-011	3.81991e-010	2.11874e-013	1.56815e-013	
0	0	0.0556586	0.0417	0.00417093	6.27165e-005	0.0739807	0.0011318	0.0129667	0.0576523	0.9883	0.99692	0.97689	0.260965	0.000748599	2.32069e-005	5.59597e-006	5.42295e-005	0.000506408	0.00488954	0.0120856	0.378192	0.10884	0.191619	0.94816	0.660067	0.967562	0.0223703	0.254354	0.287971	0.616155	0.602677	0.741173	0.196871	0.890224	0.87893	
0	0	0	0.0081909	5.67474e-005	6.85962e-006	1.05389e-005	8.85815e-006	0.00683304	1.71342e-005	0.000550097	0.00281183	0.0225589	0.67388	0.113417	0.000775148	4.73112e-006	7.07331e-007	3.05771e-006	1.19954e-006	2.52857e-005	0.00430285	0.0620007	0.272642	0.00113482	0.291279	0.0241758	0.973872	0.539147	0.0754518	0.00171318	0.0287571	0.0421767	0.124488	0.0747659	0.0969166	
0	0	0	2.57492e-005	0.000166512	1.88263e-007	6.5215e-007	3.39428e-006	1.97925e-006	0.000457944	7.25529e-005	0.000142231	0.00048304	0.060945	0.848735	0.576994	0.0251088	0.000738456	2.67166e-005	3.66815e-007	2.66824e-005	2.83846e-005	0.000296788	0.00311945	3.06128e-005	0.000446404	0.000103123	0.000848045	0.0836431	0.283398	0.00957758	0.000780441	0.00913217	0.0394098	0.000614551	0.00226694	
0	0	0	0	0.000437412	0.00014985	0.000470207	0.000114199	0.000278303	0.00150555	0.000825165	7.81003e-005	5.82464e-005	0.00419282	0.0370985	0.422204	0.974848	0.998933	0.99944	0.995085	0.98786	0.617477	0.828863	0.532619	0.0506747	0.0482073	0.0081594	0.00290948	0.122855	0.35318	0.372554	0.367785	0.207518	0.639231	0.0343952	0.021886	


1	0.617654	0.85989	0.575247	0.654092	0.722801	0.384354	0.747708	0.752169	0.897191	0.884449	0.138289	0.0135086	4.4084e-005	7.91948e-007	1.67017e-008	1.1841e-009	6.85824e-011	1.56972e-011	1.44882e-012	1.44261e-013	5.12012e-015	5.28061e-017	1.63867e-019	9.00105e-022	8.42267e-023	2.47501e-024	4.79664e-025	9.57467e-026	4.41495e-026	1.44301e-028	6.90442e-031	4.67833e-032	3.78937e-033	1.00846e-033	7.74377e-035	
0	0.00191378	0.0268798	0.0668028	0.0211152	0.0794133	0.00860485	0.0120711	0.228798	0.0698855	0.0545161	0.00967064	0.000170737	8.87405e-005	1.89134e-005	4.32041e-006	1.50238e-007	6.7821e-009	4.90902e-010	2.5995e-012	5.44082e-013	7.31127e-015	4.10111e-017	2.67066e-019	1.08748e-022	4.63445e-023	6.43708e-026	4.13019e-025	6.60898e-026	2.95344e-026	1.78928e-029	1.57435e-031	6.28241e-032	1.77756e-033	7.56787e-034	8.09938e-035	
0	0.380432	0.009511	0.0042072	0.0592429	0.0176707	0.0556985	0.0609581	0.000366984	0.0221045	0.000729093	7.86919e-006	9.43146e-006	1.62126e-008	1.98604e-008	6.64623e-006	1.31438e-006	2.37559e-009	3.32422e-011	4.3753e-012	2.29912e-013	2.47522e-015	7.09987e-017	5.20369e-020	5.25937e-023	2.79521e-025	5.13338e-025	3.74633e-027	1.12735e-026	2.91182e-027	1.78478e-027	2.78625e-028	2.44249e-029	6.69079e-029	5.78932e-031	7.5178e-032	
0	0	0.0891832	0.0358036	0.0142086	0.0552331	0.0110356	0.00304587	0.00289609	0.00169649	0.0558169	0.848489	0.981696	0.983658	0.316105	0.354406	0.253603	0.0477215	0.0462522	0.191974	0.500445	0.719553	0.959177	0.965167	0.850391	0.840083	0.156447	0.0513947	0.0338577	0.0325507	0.000508167	2.34513e-005	6.84118e-005	5.16522e-005	6.9903e-005	6.38642e-005	
0	0	0.0145363	0.317218	0.246622	0.101883	0.480092	0.141032	0.00915834	0.00658616	0.00240897	0.000508953	0.00363438	0.000383393	3.64885e-005	0.099107	0.151868	0.0740699	0.23331	0.229514	0.0342232	0.153022	0.0256411	0.0222051	0.148067	0.0404025	0.793414	0.00546996	0.114151	0.0522335	0.13365	0.14345	0.113679	0.0668496	0.11791	0.0775658	
0	0	0	1.96696e-005	0.00106279	0.0113832	2.04551e-005	0.000449291	0.00135739	4.39738e-005	0.0002127	0.00264852	0.000957485	0.0158246	0.683836	0.35634	0.427689	0.832388	0.189089	0.0170176	0.399534	0.0304879	0.00382424	0.0121027	0.000960861	0.119388	0.000664704	0.942181	0.076684	0.245086	0.000168591	3.17386e-005	0.181038	0.0338913	0.0098395	0.0160166	
0	0	0	0.000701249	0.00362183	0.00933832	0.0570634	0.0336341	0.00246834	0.00153676	0.000222086	6.89358e-006	1.69701e-005	4.1135e-007	1.78052e-006	0.188267	0.163873	0.0406042	0.503958	0.54988	0.0616039	0.0947364	0.0112407	0.000460005	0.000554222	0.000118614	0.0493558	0.000412707	0.725999	0.356802	0.802975	0.820831	0.329091	0.587326	0.643497	0.61149	
0	0	0	0	3.43298e-005	0.00227816	0.00313108	0.00110119	0.00278594	0.000955068	0.00164544	0.000378503	6.33237e-006	4.60923e-007	1.25287e-006	0.00186846	0.00296521	0.00521603	0.0273897	0.0116147	0.00419375	0.00220058	0.000117447	6.50929e-005	2.64995e-005	7.95104e-006	0.000118303	0.000541852	0.0493085	0.313328	0.0626979	0.0356637	0.376124	0.311881	0.228684	0.294864	


1	0.331895	0.961692	0.849617	0.115216	0.161498	0.0299939	9.62208e-005	1.16074e-006	6.21829e-008	8.22646e-008	1.33786e-009	2.86432e-011	2.17662e-013	6.88466e-014	9.24803e-016	1.68316e-018	1.72432e-020	5.5059e-021	6.12518e-022	6.14041e-023	2.54274e-026	2.27018e-029	1.11707e-033	3.75477e-038	1.59704e-041	1.44013e-045	2.39033e-048	2.14315e-050	9.04813e-052	6.74487e-053	1.40821e-054	1.47411e-057	1.49934e-059	5.97669e-062	8.20075e-065	
0	0.667945	0.0382585	0.150369	0.864023	0.837267	0.969597	0.999849	0.9999	0.97299	0.0635151	3.65054e-005	1.69665e-006	4.13567e-010	4.12548e-011	5.55379e-013	1.31603e-015	1.82757e-018	2.40618e-019	5.19017e-022	6.06953e-024	2.29154e-028	2.41471e-030	6.01172e-036	7.6342e-042	7.8351e-043	9.36986e-048	5.05563e-050	4.94514e-053	1.95235e-053	4.11224e-055	6.16429e-057	3.84153e-060	1.21291e-061	1.01494e-062	4.26422e-067	
0	0.000159642	4.12504e-005	1.39828e-005	0.0207609	0.00122577	0.000409041	5.48952e-005	9.85959e-005	0.0270095	0.923075	0.0395996	0.0230837	1.2793e-005	1.12521e-007	1.17992e-007	3.46311e-010	9.70145e-013	3.0613e-015	4.69593e-015	3.18222e-015	9.98106e-017	2.4178e-017	1.25871e-021	2.25634e-026	3.09687e-031	4.63859e-035	4.24979e-039	4.95124e-042	3.42892e-045	6.40425e-047	1.47504e-049	1.19251e-052	3.17679e-055	2.17212e-056	4.34644e-061	
0	0	8.17268e-006	7.5196e-008	2.94544e-009	9.36243e-006	6.5515e-008	5.27218e-011	1.44077e-009	2.15037e-007	0.0134102	0.960338	0.975621	0.994465	0.210514	0.750351	0.981274	0.939892	0.971166	0.99267	0.785114	0.999312	0.999308	0.999917	0.999989	0.99705	0.999564	0.912435	0.981718	0.508391	0.796216	0.965771	0.994667	0.892621	0.997603	0.998831	
0	0	1.51899e-013	1.43224e-009	4.57839e-012	1.43842e-011	2.1549e-010	3.46413e-013	1.25526e-015	1.16013e-013	3.82482e-009	2.60971e-005	0.00129379	0.00552211	0.789486	0.249525	0.0187194	0.0601059	0.0182436	0.00724612	0.214879	0.00067404	0.000692071	8.33875e-005	1.13281e-005	0.0029503	0.000436324	0.0875651	0.0175179	0.491546	0.103562	0.0250138	0.00527477	0.107364	0.000218054	0.00115401	
0	0	0	1.11091e-009	6.75511e-013	2.57229e-014	8.78868e-012	2.24494e-016	1.24748e-018	2.47472e-017	6.70444e-014	2.91112e-011	1.00411e-008	7.96471e-009	3.69932e-007	0.000105135	6.52362e-006	2.3749e-006	0.00140601	5.91268e-006	5.66367e-006	7.11e-006	6.45473e-008	6.56643e-008	2.78915e-009	7.57198e-009	1.57977e-008	9.74871e-009	1.98688e-005	2.47432e-006	0.0260705	0.000672435	5.02025e-005	1.41867e-005	0.000965035	8.2264e-006	
0	0	0	8.90113e-013	3.8246e-013	5.30168e-013	4.54484e-013	6.90727e-016	3.97676e-017	2.09182e-020	5.69778e-016	2.46329e-014	6.68469e-011	3.94743e-010	7.54893e-009	1.85682e-005	2.1414e-007	1.93712e-007	0.00918427	4.32728e-005	1.09254e-007	6.8464e-006	7.35433e-010	5.02751e-010	8.96212e-011	1.8617e-012	2.18686e-009	7.87493e-011	0.000744713	3.58271e-005	0.0741506	0.00801842	4.15091e-006	2.9123e-007	0.00121349	6.63231e-006	
0	0	0	0	7.96307e-013	1.63553e-012	3.46495e-013	1.31166e-015	2.27388e-017	3.89254e-019	1.27103e-018	1.00612e-017	3.49252e-015	8.48294e-014	2.32704e-011	8.83857e-012	1.58078e-009	2.92041e-010	8.11917e-009	3.50423e-005	1.40372e-006	3.88684e-010	1.13815e-009	1.13003e-013	5.30429e-015	3.76963e-015	4.84957e-016	1.14534e-012	2.04048e-013	2.4509e-005	1.36693e-006	0.000524376	4.00035e-006	8.91638e-008	1.00629e-009	2.21274e-007	


1	0.227169	0.0747782	0.00666505	0.000891745	0.000781588	0.000129747	8.23891e-006	1.37784e-007	4.28342e-010	1.23835e-010	8.23773e-014	3.05599e-016	1.87473e-020	6.77104e-023	4.26141e-027	4.21531e-032	2.35591e-035	2.50617e-036	4.69613e-038	3.20227e-040	6.87247e-044	1.86811e-049	7.58585e-054	1.74835e-058	3.62103e-064	2.13048e-069	2.00966e-074	4.86966e-077	8.86961e-079	1.70363e-079	4.02535e-081	1.45467e-082	2.7743e-084	3.61433e-085	8.60233e-087	
0	0.705162	0.925083	0.993201	0.346876	0.961103	0.920704	0.821016	0.998464	0.0194312	0.00181719	3.66837e-007	1.56217e-009	7.51162e-015	1.14136e-018	3.1718e-023	3.83811e-028	1.21359e-031	6.6703e-032	5.74649e-034	5.6958e-037	4.89084e-041	7.90846e-047	3.26077e-051	2.42347e-056	1.04949e-062	2.41886e-068	1.23675e-074	5.42639e-077	2.48273e-079	1.16304e-079	5.41446e-082	4.60238e-084	2.48525e-086	1.49823e-084	6.01852e-087	
0	0.0676697	0.000136943	0.00013434	0.652233	0.0346866	0.0791657	0.178975	0.00153336	0.980568	0.977883	0.0426482	0.16167	0.000146227	6.5862e-006	8.81607e-009	1.62772e-013	2.46727e-018	7.69427e-020	6.84795e-020	1.88605e-019	1.87326e-022	7.84303e-027	2.59129e-031	3.57343e-037	9.73849e-044	1.78477e-050	1.98459e-057	1.49769e-061	5.37095e-064	1.85462e-065	2.12306e-068	6.96132e-071	1.5766e-073	9.94452e-076	2.74755e-079	
0	0	6.73637e-007	7.55524e-010	7.19743e-010	0.00327093	1.09096e-007	9.5548e-007	2.56621e-006	3.19549e-007	0.0202845	0.957288	0.824167	0.999636	0.98943	0.953142	0.374958	0.0145981	0.0184572	0.391901	0.954596	0.994604	0.985421	0.109982	0.0190705	0.000354119	1.02631e-005	3.3904e-010	2.13737e-013	1.71003e-017	1.11259e-019	7.61627e-022	3.36908e-025	1.60747e-028	5.70982e-030	1.31424e-033	
0	0	7.81436e-007	2.84743e-011	1.72349e-012	0.000157472	1.63441e-009	5.85421e-009	1.07202e-008	1.11171e-011	1.5144e-005	6.3051e-005	0.0141631	0.000217917	0.0105634	0.0468563	0.62504	0.971515	0.979016	0.606793	0.0167829	0.00538408	0.0145788	0.890016	0.980929	0.999644	0.999987	0.999854	0.997126	0.860675	0.388823	0.093712	0.00333023	0.00274908	0.000934463	0.0073102	
0	0	0	7.19787e-013	4.7735e-015	8.86865e-017	4.83768e-010	2.3167e-013	9.18661e-014	1.33329e-013	1.45375e-016	4.88422e-012	1.01769e-009	8.77348e-009	3.77003e-008	1.43132e-006	1.79896e-006	0.0138868	0.00232884	0.00129798	0.0286212	5.1826e-006	2.43281e-009	1.39086e-006	3.42975e-007	1.78883e-006	2.29708e-006	0.000146169	0.00287356	0.139311	0.433106	0.0175789	0.0238051	0.00296396	5.09822e-005	1.65293e-006	
0	0	0	3.86441e-016	2.45993e-017	5.64163e-017	2.89028e-015	9.05063e-015	1.07799e-018	5.80023e-019	1.78717e-016	1.10408e-016	3.30611e-015	5.51268e-014	2.84284e-013	1.0797e-012	4.84674e-012	2.61639e-012	8.9948e-005	1.63325e-006	2.84992e-007	6.8219e-006	3.79864e-011	2.43672e-013	2.30278e-011	3.71587e-013	5.56446e-012	7.48489e-013	1.3691e-007	3.41123e-006	0.149423	0.343288	0.318342	0.122142	0.0450161	0.0342851	
0	0	0	0	1.78418e-015	5.36491e-014	3.34034e-014	3.31653e-013	1.60117e-015	3.36372e-018	5.38194e-016	1.37051e-018	2.87877e-016	5.9058e-016	4.66414e-014	2.87024e-014	2.38719e-013	6.00802e-012	0.000107682	6.20921e-006	8.09855e-008	1.12268e-007	3.97854e-012	2.91816e-015	3.30648e-012	1.79386e-014	2.12725e-013	1.48633e-013	3.66322e-008	1.0361e-005	0.028648	0.545421	0.654523	0.872145	0.953998	0.958403	


1	0.630896	0.611347	0.815615	0.398818	0.875985	0.815711	0.671129	0.371051	0.0402875	0.0474309	0.00290731	5.26154e-005	7.19216e-007	3.62521e-009	8.77777e-012	1.892e-013	1.83036e-014	2.49496e-015	1.12104e-016	4.38356e-018	1.65064e-019	1.22141e-020	5.23726e-023	6.56734e-026	1.4492e-027	7.1218e-031	8.05629e-032	8.98111e-032	5.61329e-031	5.4368e-032	1.55245e-032	1.58466e-033	8.81956e-035	2.81259e-035	2.0411e-035	
0	0.307381	0.337255	0.0628098	0.127944	0.117047	0.0565409	0.0483034	0.00632855	0.00355582	0.00533126	0.000225864	2.84923e-006	6.35691e-008	5.73353e-011	2.15945e-013	2.67454e-015	2.75576e-016	9.83939e-018	2.48985e-017	1.57993e-018	9.14736e-020	1.66919e-020	2.87164e-023	7.60647e-026	1.8952e-028	9.3618e-032	1.7785e-033	2.34552e-033	3.17682e-032	4.71167e-032	1.87454e-032	3.9677e-033	2.91594e-034	2.0973e-035	6.13854e-036	
0	0.0617225	0.0511854	0.120562	0.439407	0.00227925	0.127376	0.242741	0.612662	0.704928	0.546639	0.0359886	0.000560245	4.71819e-007	4.76652e-011	1.51747e-014	1.03041e-015	2.4553e-015	6.78482e-017	7.50802e-018	6.22365e-019	8.36574e-020	9.97491e-022	2.46482e-024	3.61043e-027	6.46862e-029	1.37848e-032	1.27879e-034	4.6593e-034	4.15387e-033	3.74315e-034	4.89506e-035	2.3113e-034	1.15045e-037	1.63718e-033	1.66431e-035	
0	0	0.000206408	0.000985559	3.21393e-006	1.752e-005	3.4633e-006	2.80017e-006	4.65295e-005	4.2496e-005	0.0384314	0.00246411	1.14286e-005	6.05579e-008	2.92478e-014	2.1559e-018	4.91475e-021	4.6729e-021	4.81228e-019	1.49073e-020	1.84514e-022	7.27384e-023	2.68526e-025	2.06235e-026	1.18639e-029	1.00309e-032	1.44521e-035	8.6718e-037	2.57595e-036	2.54912e-036	1.66643e-036	3.58994e-036	1.42223e-037	3.85644e-040	7.47549e-038	1.09581e-034	
0	0	5.89677e-006	2.74325e-005	0.0338281	0.00466396	0.000366385	0.0378232	0.00991191	0.251186	0.35166	0.910948	0.998689	0.979826	0.999831	0.999625	0.988578	0.869425	0.0811418	0.0712287	0.860158	0.0659661	0.154755	0.000908056	8.83926e-008	1.21297e-009	5.63506e-014	4.53022e-016	7.68064e-019	4.42971e-021	1.92337e-025	1.43492e-028	1.05621e-030	6.74331e-034	9.0113e-036	1.43709e-036	
0	0	0	2.77104e-009	5.18682e-011	7.53252e-006	3.27258e-007	6.68153e-011	2.831e-008	3.66262e-008	0.0105082	0.0468151	0.000372407	0.0199531	0.000166333	0.000370785	0.011379	0.130238	0.915904	0.911695	0.126533	0.894422	0.312742	0.0551508	0.805919	0.964761	0.999076	0.999515	0.908885	0.0913943	0.00139811	0.000909129	0.0004954	2.73526e-006	4.27729e-008	9.58462e-008	
0	0	0	1.09627e-039	4.33731e-014	2.35859e-015	2.53776e-011	2.67678e-013	1.88146e-017	1.25702e-013	3.38629e-012	0.00059787	0.000240859	0.000219316	1.68713e-006	3.94322e-006	4.21429e-005	0.000180224	3.28354e-005	0.0030936	0.00515943	0.0366815	0.52127	0.942992	0.193913	0.0347289	0.000882663	8.97771e-005	0.00835477	0.00857781	0.00530137	0.0279029	0.565198	0.96093	0.580311	0.589503	
0	0	0	0	4.10745e-010	4.78183e-010	1.28042e-006	7.427e-007	2.38301e-007	1.34931e-008	4.18536e-009	5.33291e-005	7.07354e-005	7.36991e-007	8.03149e-007	4.34951e-008	4.24693e-007	0.000156814	0.00292092	0.0139825	0.0081494	0.00293066	0.0112333	0.000948687	0.000168025	0.000509984	4.08537e-005	0.000395265	0.0827602	0.900028	0.993301	0.971188	0.434306	0.0390668	0.419689	0.410497	


1	0.975628	0.701487	0.489768	0.970326	0.98917	0.881502	0.996188	0.997259	0.90794	0.054275	0.00123749	0.000134368	2.60386e-006	6.74941e-008	3.11539e-011	1.1868e-015	4.12675e-018	3.23414e-018	1.61035e-019	6.83607e-021	2.90496e-023	9.51119e-028	6.74872e-031	7.70468e-034	2.34458e-037	3.42105e-041	2.52666e-045	4.05171e-046	1.19039e-046	3.30061e-048	7.34996e-051	5.17293e-053	8.02589e-055	1.33199e-056	8.59162e-058	
0	0.0243553	0.296135	0.50924	0.0263065	0.00768619	0.118251	0.00115005	0.00187244	0.0851402	0.919672	0.858674	0.336941	0.158712	0.000202529	1.37524e-007	1.10225e-012	4.39016e-015	6.87529e-015	8.13577e-016	3.39083e-017	1.74852e-017	6.93572e-022	1.53032e-023	2.93918e-024	9.3576e-029	2.6888e-032	2.61697e-037	1.52222e-036	1.40575e-037	5.18725e-038	2.36196e-040	8.32274e-041	5.04745e-043	2.71566e-043	1.5066e-043	
0	1.64169e-005	0.00218357	0.000918089	2.43257e-005	1.66056e-005	2.14901e-005	1.78433e-006	7.41526e-005	0.00013547	0.0258546	0.139189	0.0150745	0.0137365	4.6457e-005	4.38781e-010	3.85687e-014	8.72938e-017	1.15924e-016	8.31783e-018	2.096e-018	3.45003e-019	9.58274e-024	5.50723e-025	5.70944e-026	7.20339e-029	5.24647e-032	4.39517e-036	8.45329e-037	4.20584e-038	5.544e-040	6.5853e-041	7.40239e-042	2.14311e-044	4.64505e-045	4.52215e-045	
0	0	0.000194404	7.25513e-005	0.00193138	0.000174715	3.87819e-006	2.13381e-005	1.51543e-007	4.47014e-007	1.40902e-005	0.00028297	0.0203232	8.43665e-005	1.55426e-006	2.71484e-010	2.4809e-015	1.97049e-019	8.57443e-019	2.72129e-019	9.51598e-021	2.48757e-022	1.02614e-024	2.72429e-028	2.31228e-029	3.58974e-031	5.64602e-034	1.34346e-037	1.08198e-038	2.67875e-039	1.86444e-040	5.34139e-041	2.62883e-042	8.42574e-043	3.53139e-045	2.50747e-046	
0	0	7.75187e-009	1.47881e-006	0.00141231	0.00293435	0.000221168	0.00263913	0.000792965	0.00678333	0.000172529	0.000557505	0.625369	0.744489	0.417982	0.377391	0.000594201	2.03859e-006	3.65585e-007	4.29812e-007	1.61948e-006	1.13186e-007	3.29517e-009	1.13207e-011	1.33289e-015	2.82316e-019	4.81443e-023	3.5145e-027	1.415e-028	8.89042e-030	4.59841e-031	6.14063e-033	7.03652e-035	4.74806e-035	2.00646e-037	1.27802e-039	
0	0	0	1.96346e-013	1.32991e-009	1.81775e-005	3.18259e-008	1.55053e-007	8.65261e-007	2.97616e-007	1.15092e-005	5.95637e-005	0.00215749	0.0829756	0.58171	0.622207	0.99935	0.977943	0.887785	0.994532	0.942276	0.997248	0.999994	0.997817	0.999532	0.999877	0.999799	0.999403	0.791774	0.451034	0.00336645	7.76106e-006	4.61905e-007	5.60067e-007	6.4258e-008	3.81441e-008	
0	0	0	3.87098e-020	2.4466e-017	5.88917e-013	8.88877e-011	1.6344e-012	2.75882e-011	5.86122e-011	1.08181e-012	7.48818e-011	8.93501e-010	3.55891e-007	5.77626e-005	0.000401835	5.54253e-005	0.0220554	0.100796	0.00389281	0.0576802	0.00205333	6.18402e-006	0.00218272	0.000465338	0.000123365	0.000200692	0.000596633	0.208032	0.513748	0.176395	0.00174075	0.000363593	0.000183395	3.51524e-007	3.41506e-008	
0	0	0	0	1.41335e-020	4.84065e-018	2.07335e-013	1.93592e-012	1.39305e-013	5.82495e-013	2.50266e-013	5.33412e-015	7.78195e-013	3.45766e-013	2.23637e-011	7.36885e-009	1.01933e-009	4.39126e-009	0.0114185	0.0015751	4.25986e-005	0.000699057	7.11052e-008	2.37817e-009	2.61094e-006	3.35254e-009	3.34265e-009	2.89746e-010	0.000193565	0.0352177	0.820239	0.998251	0.999636	0.999816	1	1	


