E:\Google Drive\Progetti\MSR Action3D\Real\a12_s03_e02_skeleton3D.txt
12
TRUE
-1023.38
-1009.7
-1002.54
-1003.18
-1003.06
-1003.18
-1016.43
-1014.18
-1023.2
-1020.71
-1012.99
-829.791
-1002.6
-1040.8
-1024.4
-980.798
-927.594
-914.391
-988.418
-970.952

32
20
1	0.614492	0.000257302	2.19418e-007	1.11856e-012	9.94464e-014	9.00543e-015	7.73423e-015	1.85225e-014	1.46947e-013	1.55824e-012	7.99472e-013	1.32474e-012	1.35308e-012	2.65729e-012	1.89126e-012	1.60192e-012	2.46664e-012	2.32988e-013	7.18568e-014	5.17041e-015	1.56931e-015	6.95377e-016	1.93882e-016	9.53166e-018	4.47068e-019	3.78123e-019	1.93594e-019	5.37918e-020	1.45481e-019	2.25623e-019	9.15717e-019	5.75398e-019	
0	0.156755	0.000136079	2.96841e-007	4.64959e-013	7.12516e-014	6.45848e-015	3.10285e-014	3.34599e-014	8.73121e-014	5.75843e-013	6.79179e-013	1.93396e-012	2.45893e-012	1.94597e-012	1.21218e-011	6.10044e-012	1.18858e-011	3.14216e-012	1.45037e-012	2.09771e-013	6.49552e-014	2.92658e-014	4.31353e-015	1.09049e-015	2.55288e-016	1.0797e-016	1.07425e-016	2.11741e-016	1.82327e-015	9.67975e-015	5.55031e-013	2.47848e-012	
0	0.228753	5.1751e-005	6.16274e-007	2.61974e-012	1.13813e-013	4.66434e-015	1.02101e-015	3.2131e-015	8.61396e-015	6.23248e-014	3.09372e-014	2.50794e-013	4.55659e-013	1.02473e-012	3.75285e-012	4.80158e-012	5.1191e-011	9.65834e-013	4.71774e-013	9.65842e-015	6.6648e-015	4.00972e-015	4.43061e-015	1.64061e-016	1.306e-017	4.75052e-017	6.7301e-017	5.24566e-017	9.89947e-016	1.93129e-015	1.18422e-014	1.07103e-013	
0	0	0.0025458	1.06202e-006	1.49898e-011	7.54588e-013	6.1688e-014	9.40268e-014	7.63975e-013	1.0384e-011	2.60839e-010	1.38233e-010	1.26137e-010	1.65203e-010	1.97672e-010	2.02252e-010	5.70031e-012	4.39531e-012	7.54725e-012	4.6055e-012	7.8353e-013	1.77837e-013	4.18658e-014	4.3687e-016	9.04731e-017	4.42477e-018	2.10591e-018	8.85509e-018	7.03882e-018	5.16055e-017	4.81548e-016	4.1117e-013	9.49617e-014	
0	0	0.997009	0.00974776	1.07295e-006	7.23157e-009	5.73706e-009	2.70805e-013	3.74301e-014	3.19314e-013	3.64291e-011	2.50639e-015	1.08093e-012	2.12004e-014	1.26686e-009	2.7399e-009	7.13878e-009	1.58267e-005	7.37217e-008	8.31181e-009	2.53004e-013	2.32556e-014	2.99375e-015	1.74433e-016	4.44515e-018	4.43576e-020	8.96673e-017	1.08404e-015	1.45385e-019	6.48367e-017	1.09181e-018	3.7705e-014	9.28893e-016	
0	0	0	0.990056	0.000432447	5.82784e-005	1.3312e-005	6.95964e-007	4.05516e-010	2.42393e-012	8.64365e-013	3.94508e-013	4.64576e-013	4.6887e-014	1.52297e-010	4.64018e-008	2.84887e-008	1.26394e-007	3.28058e-007	4.31433e-008	1.07321e-008	1.69416e-009	1.65762e-008	1.61963e-010	1.9075e-012	9.28351e-014	1.39544e-014	2.46819e-014	5.9657e-016	1.3789e-016	1.01765e-017	1.46517e-015	1.27594e-014	
0	0	0	0.000194105	0.981982	0.798912	0.89789	0.0152124	7.81625e-005	1.39191e-007	4.37514e-010	3.80998e-013	1.2714e-015	2.40178e-016	3.47547e-016	1.02408e-011	1.26528e-009	9.97746e-010	1.20094e-010	3.67941e-009	2.16153e-010	2.00078e-010	2.16154e-010	3.82544e-010	1.00741e-011	1.38897e-013	1.66749e-014	3.27249e-016	1.05567e-017	1.44832e-018	6.5165e-019	3.21827e-019	1.73485e-017	
0	0	0	0	0.0175846	0.20103	0.102097	0.984787	0.999922	1	1	1	1	1	1	1	1	0.999984	1	1	1	1	1	1	1	1	1	1	1	1	1	1	1	


1	0.321655	0.00239665	0.000576207	1.58557e-005	7.0647e-006	5.96009e-007	1.00637e-006	4.98032e-007	1.5559e-007	2.9066e-008	1.56921e-008	2.55669e-010	7.86418e-012	6.87639e-011	1.19303e-011	3.87004e-012	6.71685e-013	2.81319e-013	4.02084e-015	1.76467e-015	1.61873e-015	2.21158e-015	1.6902e-015	1.67373e-016	3.37097e-018	1.31227e-018	9.37835e-019	3.62083e-018	3.37917e-018	6.0645e-019	2.17646e-019	1.58736e-019	
0	0.00869773	0.00039555	8.44589e-006	5.30179e-008	7.13157e-007	3.37566e-008	1.71356e-009	9.23748e-009	2.09881e-010	6.64173e-012	4.84015e-012	3.61126e-015	6.10203e-015	3.00179e-013	2.28799e-015	1.99223e-016	3.48673e-015	4.04822e-014	8.15902e-018	2.24242e-017	1.22821e-018	4.84941e-019	2.94762e-019	4.01768e-020	2.40166e-022	4.7196e-023	5.24474e-022	8.69497e-022	4.32779e-022	1.11903e-023	3.65225e-022	2.18052e-023	
0	0.669647	0.992155	0.941092	0.532579	0.414848	0.405188	0.123401	0.137782	0.361049	0.425133	0.0267797	0.00164343	3.2864e-005	0.00124175	0.0137151	0.0304563	0.541608	0.768156	0.823579	0.188018	0.319972	0.224791	0.588386	0.204744	0.00712522	0.08649	0.395818	0.0970816	0.11472	0.01649	0.146616	0.0639403	
0	0	0.00250013	0.0336377	0.0256474	0.0484592	0.0305865	0.0348557	0.00016474	0.000153314	0.000397293	0.00413024	2.64382e-005	1.70718e-007	1.89387e-006	0.00073974	8.27878e-005	0.000374203	0.0145146	0.0412571	0.744719	0.517633	0.644106	0.0856642	0.0233609	0.00246456	0.000370646	0.00390596	0.004876	0.000469776	0.00097324	0.0076088	0.00996483	
0	0	0.00255266	0.0236276	0.345313	0.472852	0.556354	0.00511544	0.00162552	4.4882e-005	1.45847e-006	1.86614e-007	3.85193e-007	8.50086e-009	3.16467e-007	1.14219e-007	6.54202e-005	8.46695e-005	4.97736e-006	2.23596e-005	0.000431395	0.0635996	0.077258	0.163389	0.00564719	1.79275e-005	0.000930094	4.62198e-005	2.4226e-006	3.8388e-005	1.79861e-007	1.49435e-005	1.09391e-005	
0	0	0	0.00105814	0.0964015	0.0628044	0.00758828	0.794821	0.72248	0.172263	0.0101998	0.0095567	4.36861e-005	6.49022e-007	2.48116e-007	7.52576e-008	5.1086e-008	6.76163e-007	0.000392064	0.000922201	0.00709028	0.00242274	0.00508347	0.0732449	0.130627	0.0878504	0.0661747	0.04356	0.12146	0.000754134	4.27025e-005	1.50578e-007	2.06135e-007	
0	0	0	4.16512e-009	4.33924e-005	0.00101763	0.000237546	0.0414011	0.105936	0.157298	0.0279318	0.223914	0.774569	0.955111	0.60489	0.0173366	0.000481218	1.49196e-005	7.99398e-007	2.04892e-005	0.00024499	0.0165874	0.0123034	0.021734	0.616819	0.901038	0.134301	0.0107454	0.141253	0.448429	0.780211	0.19136	0.0480402	
0	0	0	0	2.16747e-008	1.04203e-005	4.57975e-005	0.000404741	0.032011	0.309192	0.536337	0.73562	0.223717	0.0448557	0.393866	0.968208	0.968914	0.457918	0.216932	0.134199	0.0594963	0.0797851	0.0364578	0.0675823	0.0188015	0.00150415	0.711734	0.545924	0.635328	0.435589	0.202283	0.6544	0.878043	


1	0.504914	0.0018046	2.88094e-007	5.92841e-009	6.6295e-010	9.10467e-010	4.68662e-009	2.07781e-008	1.86685e-007	3.80629e-006	2.82024e-007	1.18231e-007	7.44176e-008	9.06641e-008	6.69207e-008	1.17856e-007	5.65612e-008	4.26245e-008	6.33673e-008	3.31613e-008	6.82551e-009	2.98269e-009	1.6684e-009	7.10179e-011	5.95937e-012	5.33929e-012	1.88266e-012	2.77794e-013	2.0317e-014	6.80319e-015	7.97491e-015	2.79756e-015	
0	0.486594	0.723977	1.4828e-005	5.46504e-007	2.16878e-009	5.50933e-010	1.42878e-010	4.17868e-012	1.02592e-009	1.07487e-006	1.4069e-007	1.56361e-007	4.34843e-009	1.0887e-005	8.20571e-005	0.000498386	0.0001237	0.00010118	0.000110618	0.000263725	0.00102053	0.0220516	0.000258546	0.000175491	9.22667e-005	0.000164741	0.000569245	2.70725e-006	5.32395e-010	1.41344e-013	4.74864e-015	3.17055e-018	
0	0.00849183	0.274217	0.344485	0.00423941	0.000774538	0.000180922	3.75288e-006	4.07724e-010	5.29143e-013	3.21176e-012	4.99789e-010	2.90973e-009	4.22471e-010	2.24689e-008	0.00409057	0.0220536	0.0517229	0.00412761	0.000727107	7.19816e-005	7.94298e-005	0.00227047	0.0023901	0.000163603	2.10799e-005	0.000768125	0.00158976	4.35847e-005	1.67644e-006	3.22606e-008	3.72619e-009	3.50526e-010	
0	0	1.34726e-006	0.6555	0.950077	0.99272	0.875299	0.273498	0.000257058	4.93128e-008	6.71708e-012	1.70981e-012	6.93146e-013	1.1101e-011	1.03373e-012	6.48504e-008	0.000300168	0.00131662	0.00252095	0.000648639	0.00177157	5.54634e-005	1.03789e-005	0.00795694	0.000273239	8.73729e-005	3.53176e-006	6.14281e-005	0.00024992	1.29148e-005	0.000109252	1.41463e-005	0.000257476	
0	0	1.84332e-009	1.06525e-009	0.0144054	0.000652627	0.100353	0.000169079	0.000506045	5.46099e-007	1.05914e-009	6.98075e-015	1.02423e-015	3.9236e-016	2.62466e-014	2.40944e-016	2.62279e-010	6.47054e-007	8.98978e-009	6.77941e-008	3.89347e-009	8.57988e-007	8.05015e-009	4.8759e-009	2.44046e-006	9.22938e-009	2.20033e-007	1.42971e-009	5.34339e-010	4.10638e-007	6.19653e-009	7.42301e-007	4.40953e-008	
0	0	0	6.47705e-010	0.0312774	0.00467241	0.0230176	0.146803	0.082382	0.00340067	0.00200474	6.25974e-006	1.97996e-009	5.80931e-012	4.53461e-013	1.42294e-015	5.62867e-010	1.41637e-008	0.000111754	1.43071e-006	1.46214e-006	1.47411e-007	2.03962e-007	8.42536e-010	3.01657e-007	5.32383e-008	5.32744e-008	2.99215e-009	3.38879e-008	4.31049e-010	1.70909e-010	3.63048e-009	2.74682e-009	
0	0	0	9.68154e-018	1.18167e-010	0.000901599	0.000298203	0.56577	0.845757	0.791816	0.63206	0.927106	0.609633	0.610934	0.0454939	7.04062e-005	3.30621e-006	4.74939e-009	1.81846e-008	9.04455e-006	8.23594e-006	1.97023e-006	3.67239e-007	1.72721e-007	2.64914e-008	9.52467e-008	4.38907e-009	1.51541e-009	4.17827e-009	7.95288e-011	3.65446e-011	4.0553e-014	4.15089e-011	
0	0	0	0	4.05822e-012	0.000278449	0.000851385	0.0137561	0.0710981	0.204782	0.36593	0.0728874	0.390367	0.389066	0.954495	0.995757	0.977144	0.946836	0.993138	0.998503	0.997883	0.998842	0.975667	0.989394	0.999385	0.999799	0.999063	0.99778	0.999704	0.999985	0.999891	0.999985	0.999742	


1	0.0716114	1.93971e-007	6.57998e-010	2.38736e-014	2.28599e-015	6.54687e-017	7.10699e-016	7.47215e-016	4.28608e-015	1.04654e-013	8.0048e-014	2.052e-014	4.10547e-015	2.70124e-015	1.12261e-015	2.8466e-016	2.9045e-016	2.41303e-017	3.33552e-018	7.46313e-019	1.75167e-020	2.40486e-021	2.86609e-022	2.20268e-024	9.16442e-026	1.71418e-026	3.89524e-027	7.80705e-028	1.918e-028	8.78625e-029	1.54309e-028	5.47047e-029	
0	0.0614175	8.95998e-007	2.87098e-009	6.99825e-013	3.89873e-014	8.14711e-015	1.07159e-013	1.40989e-012	2.35515e-011	5.35569e-010	3.43907e-010	1.71236e-010	7.04668e-011	4.1174e-011	3.85879e-011	4.59875e-012	5.30657e-012	5.92656e-013	4.16981e-013	8.82074e-014	7.59136e-015	2.76164e-015	2.18293e-016	1.20154e-018	1.7072e-020	3.03326e-021	4.77469e-022	5.97881e-023	1.86569e-023	2.46682e-023	6.18501e-022	2.35018e-022	
0	0.866971	0.0163034	1.43907e-005	2.92566e-008	5.48032e-010	1.75265e-010	1.21441e-011	2.8553e-011	1.36208e-009	7.12152e-007	3.69643e-009	1.98373e-009	8.10713e-011	1.01937e-009	7.75001e-010	3.58447e-010	7.87926e-009	3.87372e-011	2.56856e-012	3.71725e-014	8.44264e-016	2.88932e-016	1.33623e-017	9.61065e-020	4.9755e-022	4.64784e-021	9.90725e-022	2.45016e-025	2.15663e-024	3.77461e-026	5.88899e-022	3.0206e-024	
0	0	0.983679	0.0489615	0.000759985	8.929e-005	5.52715e-005	2.91827e-006	2.33803e-007	1.33123e-006	0.000108906	1.43753e-006	8.05596e-008	1.67444e-010	2.17415e-007	5.92489e-007	5.93467e-007	8.00463e-006	6.9795e-007	2.89771e-008	1.73786e-009	2.44735e-010	2.92722e-010	9.34994e-013	8.95751e-016	8.53463e-019	7.29178e-019	3.13007e-019	1.0702e-023	2.46382e-026	4.56225e-028	4.94085e-025	6.94444e-025	
0	0	1.62795e-005	0.910407	0.401846	0.0763412	0.0348117	0.000160214	3.54536e-007	4.47709e-007	1.82366e-005	3.3409e-008	7.24623e-009	1.15226e-011	7.0063e-009	2.75373e-007	5.09147e-007	1.58285e-005	9.51632e-008	1.37996e-008	2.3254e-010	2.85875e-011	1.20413e-010	1.9256e-011	3.67922e-016	3.67438e-020	7.6399e-019	5.04949e-019	3.16579e-024	3.34021e-027	4.6179e-030	4.93158e-030	5.37022e-029	
0	0	0	0.0406066	0.510574	0.611454	0.897549	0.251893	0.0358232	0.0392598	0.112245	0.00437467	0.000407999	1.29834e-005	0.000446823	0.00251352	0.00444705	0.0332121	0.0217458	0.0162194	0.0147774	0.00495667	0.00526977	0.00377104	5.85094e-005	1.02857e-006	1.20056e-006	1.33385e-006	2.17153e-009	2.34772e-011	5.88846e-013	1.77706e-013	2.07143e-014	
0	0	0	1.03504e-005	0.0866426	0.30709	0.0551973	0.0344573	0.0826913	0.149795	0.0759014	0.00205777	1.97374e-005	2.03484e-006	1.41107e-005	8.88112e-005	7.15587e-005	2.11723e-005	0.144566	0.0570387	0.14275	0.00162409	2.84988e-005	0.000101685	1.38573e-007	2.67721e-009	9.10401e-009	3.67366e-008	3.73786e-011	9.86809e-015	9.17108e-015	1.25929e-015	2.60669e-016	
0	0	0	0	0.000177356	0.0050255	0.0123865	0.713487	0.881485	0.810944	0.811726	0.993566	0.999572	0.999985	0.999539	0.997397	0.99548	0.966743	0.833687	0.926742	0.842473	0.993419	0.994702	0.996127	0.999941	0.999999	0.999999	0.999999	1	1	1	1	1	


1	0.0779193	1.81735e-005	8.99281e-009	7.77474e-013	7.85088e-014	1.44422e-013	6.20931e-014	9.54354e-014	6.01231e-014	2.23675e-013	1.05525e-014	1.87915e-015	5.25017e-016	1.25426e-016	1.6329e-016	1.69155e-017	3.53502e-018	3.32083e-018	6.60481e-018	3.51655e-018	6.26863e-019	3.7762e-019	2.03996e-020	3.59692e-021	1.15253e-021	1.07704e-022	6.95992e-024	2.20015e-024	3.47935e-025	1.96172e-026	8.28235e-026	5.49236e-027	
0	0.0357932	2.40575e-006	3.83906e-008	5.34414e-011	5.13521e-011	8.86151e-012	9.41221e-012	1.00046e-011	1.45579e-011	2.04347e-011	1.32606e-011	9.25918e-013	2.12887e-013	7.2648e-014	2.14737e-015	1.45024e-016	1.912e-018	7.63776e-018	1.21733e-018	2.15664e-018	5.54496e-019	1.06238e-019	8.4984e-020	4.05833e-021	3.5845e-022	7.1748e-023	2.9184e-024	1.70797e-024	2.38681e-026	4.67336e-027	3.0277e-029	1.63356e-027	
0	0.886288	0.890843	0.00532368	0.000420317	4.84763e-005	0.000111542	1.61762e-006	1.46043e-006	4.58803e-005	0.00682625	0.00010851	1.32844e-005	6.73191e-007	2.76075e-006	8.91531e-006	7.13224e-007	2.00056e-007	6.32931e-008	1.98452e-007	1.28952e-007	6.62964e-008	6.26656e-008	1.50782e-009	3.68243e-011	9.36188e-013	1.816e-013	2.73742e-014	1.45669e-016	4.00732e-019	3.94409e-022	8.66414e-022	2.07035e-024	
0	0	0.109137	0.770374	0.00786231	0.00559885	0.0117018	2.98971e-006	4.28102e-010	1.26933e-009	2.56702e-007	2.28571e-007	6.3997e-008	7.24956e-010	4.20757e-006	0.00123444	0.000167926	0.00351253	0.000488987	9.29094e-005	7.52161e-006	4.55924e-006	1.93635e-005	1.43196e-006	8.53373e-009	5.51126e-011	1.80143e-011	1.60384e-011	4.45377e-014	2.27365e-015	7.49766e-018	1.91866e-017	1.00917e-018	
0	0	1.08247e-018	0.21871	0.0932707	0.0634794	0.114618	9.41495e-005	2.64457e-008	3.36305e-013	3.36589e-014	7.04979e-013	3.8451e-013	1.86553e-012	3.85556e-012	6.56267e-008	4.09607e-006	1.65166e-007	3.01867e-005	1.0004e-007	1.30339e-006	9.93495e-009	1.30564e-008	4.8915e-008	3.49467e-010	9.08156e-013	1.03953e-014	1.08786e-014	5.10444e-016	1.83378e-018	4.0023e-019	1.94168e-020	1.70574e-019	
0	0	0	0.00559237	0.897913	0.65789	0.191551	0.015681	0.000839895	2.46233e-006	8.2269e-009	1.42351e-011	2.00353e-015	5.86645e-014	4.95206e-015	4.48295e-011	1.90101e-007	1.14172e-009	2.31979e-005	7.0797e-006	1.92799e-006	1.28105e-008	2.86579e-010	3.96001e-010	4.49985e-010	5.54889e-011	1.73477e-012	1.62618e-014	5.39206e-016	1.28861e-020	1.46964e-021	1.19988e-024	6.74015e-023	
0	0	0	7.42829e-025	0.000522744	0.263533	0.43995	0.866084	0.955304	0.963636	0.913807	0.984499	0.976812	0.967593	0.791241	0.00574064	0.000141842	1.49674e-006	2.04336e-006	1.05341e-006	4.11542e-006	3.49264e-006	1.02788e-006	1.22149e-007	2.43019e-007	4.96643e-007	2.9408e-008	8.29808e-010	2.79594e-010	1.12944e-011	6.37114e-013	8.93059e-015	7.14021e-017	
0	0	0	0	1.09063e-005	0.00945032	0.242068	0.118137	0.0438547	0.0363161	0.0793664	0.0153925	0.0231749	0.0324067	0.208752	0.993016	0.999685	0.996486	0.999456	0.999899	0.999985	0.999992	0.99998	0.999998	1	1	1	1	1	1	1	1	1	


1	0.006847	2.37156e-007	3.49667e-011	2.85579e-015	1.51692e-015	8.87359e-016	7.89431e-016	5.7432e-016	8.89985e-016	7.74479e-017	9.67685e-017	8.75841e-017	4.89814e-017	3.32302e-018	1.39251e-019	3.56974e-020	9.95578e-022	5.0492e-020	2.74932e-020	6.0189e-021	1.14294e-021	6.04024e-022	3.092e-023	9.67213e-025	3.64802e-026	9.47125e-027	5.61626e-027	1.77995e-027	5.45312e-027	4.16276e-027	1.44468e-025	2.14685e-025	
0	0.85054	0.0673095	0.00165431	0.000200678	0.000222644	0.000446679	0.000871744	0.0159916	0.51521	0.286656	0.825641	0.606265	0.901265	0.0127015	0.000257761	9.51529e-005	3.98793e-007	8.21596e-005	0.000250992	0.00018998	2.92202e-005	6.44567e-006	4.85566e-007	3.11743e-008	2.59854e-009	2.13103e-009	3.44215e-010	2.91161e-011	3.01669e-012	2.89465e-013	5.11415e-012	8.55282e-013	
0	0.142613	0.33471	0.000115449	5.78601e-005	2.76525e-006	3.00696e-005	2.0254e-006	2.38049e-005	0.0136985	0.70901	0.0975577	0.0898688	0.00485057	0.897932	0.019601	0.00726466	0.000347397	0.00420967	0.00479662	0.000582343	7.99138e-005	0.000114294	2.52733e-007	2.54179e-009	6.10631e-011	1.576e-010	8.79228e-010	7.64152e-013	5.46853e-014	5.07668e-016	1.12748e-013	4.16052e-016	
0	0	0.511658	0.0879887	0.0132723	0.000414617	4.15409e-005	1.49087e-005	7.78335e-008	1.03933e-005	9.35262e-005	0.0613115	0.198922	0.00642969	0.0305353	0.308078	0.143058	0.000174675	0.0014976	0.0022559	0.000260633	0.000534037	0.00932656	1.06914e-005	1.15708e-006	5.22514e-008	7.84277e-008	8.02113e-009	3.1527e-011	3.19233e-013	7.2316e-016	6.78549e-015	1.26336e-015	
0	0	0.0863225	0.64112	0.000270317	0.00159829	0.000646548	4.43703e-007	2.10814e-009	1.36715e-010	1.28082e-009	9.16093e-005	0.0748621	0.0221184	0.0544661	0.566151	0.600046	0.00472911	0.00536963	3.76805e-005	2.3595e-006	7.32096e-005	0.00163146	3.49901e-005	3.4198e-006	3.59679e-008	2.2744e-006	5.80317e-008	2.88408e-011	4.93239e-012	6.05665e-016	5.09489e-016	1.03481e-017	
0	0	0	0.269122	0.120844	0.0071314	0.00479741	8.44156e-007	9.17895e-011	1.15803e-011	4.4827e-010	2.43972e-009	0.000294389	6.64653e-005	0.00105904	0.105819	0.247138	0.994679	0.256271	0.230559	0.0034432	0.000466033	0.0011728	0.000841325	4.30429e-006	1.41549e-007	1.50481e-007	1.64144e-006	5.23957e-010	2.72148e-010	1.58802e-011	6.51789e-011	1.72695e-012	
0	0	0	1.36837e-013	0.861882	0.783038	0.644078	0.00124803	3.62693e-006	2.98473e-010	6.12782e-016	1.46884e-013	5.59624e-013	2.82397e-007	1.00251e-007	4.70297e-007	0.00223114	6.18416e-005	0.443305	0.00242853	0.00408059	0.000158322	1.37084e-005	6.16514e-005	4.03364e-006	9.44676e-009	5.40807e-010	3.75432e-010	1.67056e-010	3.26059e-012	1.51303e-012	7.38686e-013	4.96828e-012	
0	0	0	0	0.00347278	0.207592	0.349959	0.997862	0.983981	0.471081	0.00423978	0.0153986	0.0297884	0.0652691	0.00330629	9.33201e-005	0.000166442	7.27745e-006	0.289265	0.759671	0.991441	0.998659	0.987735	0.999051	0.999987	1	0.999997	0.999998	1	1	1	1	1	


1	0.0368391	2.22856e-006	2.56483e-010	1.04674e-014	4.36077e-015	1.23346e-015	1.17114e-014	9.72936e-015	9.60873e-015	1.06331e-014	1.50685e-015	3.39899e-016	1.20895e-016	2.2735e-016	4.45721e-016	1.02347e-015	4.3478e-015	1.68203e-015	5.37496e-016	1.26045e-016	1.71395e-017	4.97265e-018	2.30622e-018	2.28857e-019	1.64656e-020	5.12218e-020	4.58024e-020	7.13614e-021	7.2275e-021	2.14767e-021	3.58797e-021	2.33672e-021	
0	0.961462	0.924259	0.00159932	9.40983e-006	2.51154e-007	5.10067e-007	6.08031e-010	1.23237e-010	7.55808e-011	1.56065e-010	9.7052e-015	1.02816e-016	2.16175e-019	1.04539e-015	1.42407e-015	1.50523e-014	1.23716e-011	1.19041e-013	1.73832e-014	5.50888e-018	1.22725e-018	1.83886e-019	7.93403e-020	3.20394e-021	6.2928e-023	3.38791e-019	1.438e-018	7.65982e-023	9.53829e-022	5.36261e-024	1.73811e-021	1.61837e-023	
0	0.00169936	0.0757343	0.139422	0.000490871	3.26225e-005	1.19776e-005	4.44314e-007	3.30812e-011	3.24697e-014	6.71274e-013	2.37941e-014	3.65826e-017	5.59083e-021	1.83432e-018	2.06688e-014	6.96472e-014	1.29639e-012	9.80454e-013	6.40892e-014	4.56277e-015	2.8397e-016	1.50138e-015	1.36679e-017	7.15448e-020	1.76036e-021	1.80186e-021	9.61277e-019	4.67876e-021	8.76284e-023	6.26165e-025	1.66408e-024	1.86894e-023	
0	0	4.57892e-006	0.858973	0.869829	0.81651	0.140292	0.326446	0.000681437	1.14149e-007	1.16577e-011	4.25583e-013	1.58735e-015	5.18761e-017	1.13206e-018	1.52095e-018	8.64704e-016	3.73196e-016	2.64284e-013	4.0391e-014	4.49571e-013	4.17686e-014	1.42726e-014	1.55355e-014	5.03383e-015	3.34738e-015	9.72872e-017	9.74409e-018	2.12863e-018	4.31797e-020	8.01239e-021	2.02188e-022	1.07127e-021	
0	0	7.48384e-010	5.63388e-006	0.128989	0.0595865	0.798428	0.00318388	2.66463e-005	1.00209e-007	5.20179e-010	2.91781e-014	2.33089e-016	2.52365e-019	1.3094e-017	5.16486e-019	6.24501e-020	1.48461e-016	2.65819e-022	2.69856e-019	2.47029e-017	5.02855e-015	3.09465e-015	2.36007e-017	3.4894e-017	7.89721e-018	8.29568e-017	1.05467e-018	6.92834e-023	3.73655e-021	2.22515e-024	7.43948e-023	3.37511e-025	
0	0	0	8.8947e-009	0.000681634	0.123852	0.0564899	0.00264756	0.000780873	2.24137e-005	4.95785e-008	7.41338e-012	1.57052e-016	7.79928e-020	5.29935e-021	4.1807e-019	7.07689e-018	1.46232e-018	9.25519e-017	4.91269e-018	1.84505e-019	4.53637e-021	2.69949e-018	1.81776e-015	1.92704e-018	5.90486e-021	3.29337e-017	4.16282e-018	3.67897e-022	5.37196e-027	2.72441e-026	1.09098e-029	1.26259e-025	
0	0	0	1.05833e-017	2.78649e-009	1.88271e-005	0.00477782	0.646883	0.921562	0.840917	0.767126	0.745727	0.527736	0.286546	0.13907	0.00249237	0.00159326	0.000143725	0.000296907	0.000276778	0.000261694	0.000109815	1.72598e-005	9.75636e-006	2.48879e-005	8.59905e-005	5.06402e-005	2.54512e-005	4.17772e-006	7.91151e-008	6.44623e-009	2.60743e-011	8.166e-013	
0	0	0	0	2.14575e-016	3.55561e-010	3.00041e-007	0.0208386	0.0769492	0.15906	0.232874	0.254273	0.472264	0.713454	0.86093	0.997508	0.998407	0.999856	0.999703	0.999723	0.999738	0.99989	0.999983	0.99999	0.999975	0.999914	0.999949	0.999975	0.999996	1	1	1	1	


1	0.389942	0.000111521	7.2854e-010	1.49489e-015	5.04319e-016	1.25163e-017	2.62996e-016	1.02677e-016	6.69695e-017	1.00449e-016	5.06224e-018	1.89091e-018	2.35456e-019	1.34306e-018	9.40358e-018	7.68968e-018	9.415e-017	6.93067e-018	5.54847e-019	8.1546e-021	1.39591e-021	3.43083e-022	4.07896e-023	1.29428e-024	1.43349e-026	1.45111e-026	2.91907e-026	5.2717e-027	4.61153e-026	4.58709e-026	2.03623e-024	3.11393e-024	
0	0.609622	0.381861	1.07271e-006	1.57669e-011	6.03197e-014	1.19322e-015	3.07304e-018	4.40863e-019	2.94277e-018	5.55324e-018	1.38025e-021	3.33897e-019	3.59701e-022	9.28109e-019	1.89348e-017	1.91693e-018	2.82981e-015	2.50456e-019	1.43647e-019	1.08801e-023	1.21636e-022	1.03622e-023	2.33418e-025	5.22865e-026	1.54236e-028	6.42433e-027	1.38533e-026	1.69981e-030	3.67996e-026	1.52509e-027	2.19535e-023	1.43882e-024	
0	0.000436161	0.616939	0.000377006	5.11741e-009	2.06084e-010	1.38103e-012	2.93867e-013	6.43392e-018	6.68456e-021	3.69167e-019	1.81889e-021	6.9692e-025	3.69179e-024	1.53966e-021	3.14662e-018	3.01749e-019	8.20618e-019	4.28102e-018	1.05778e-020	1.0475e-021	2.57489e-023	1.36918e-022	2.49944e-027	2.10943e-029	3.19462e-029	4.96724e-031	1.76899e-027	3.87195e-030	9.86105e-032	2.84352e-029	4.54467e-027	1.90727e-025	
0	0	0.00107895	0.844936	0.00313204	4.48778e-005	1.03654e-007	1.69782e-008	1.14403e-013	1.25755e-018	4.77698e-022	1.92728e-023	3.11115e-025	5.67656e-027	3.38936e-025	7.45393e-021	1.39812e-019	3.21822e-020	1.71714e-022	8.65572e-022	1.90739e-023	7.83042e-024	7.47818e-023	6.8046e-025	1.70708e-028	1.13672e-031	1.93089e-031	5.16608e-033	1.23866e-030	4.09379e-032	7.46415e-033	4.03409e-030	4.39328e-029	
0	0	9.26033e-006	0.154686	0.994603	0.662176	0.0086885	0.00188927	3.3155e-005	6.44093e-009	1.21735e-012	1.35989e-016	1.49327e-020	2.64515e-023	8.43531e-025	5.97571e-023	1.68143e-019	1.74843e-019	1.59668e-020	6.24501e-022	1.69898e-023	1.38543e-025	1.2844e-025	4.95807e-023	1.54578e-025	2.77596e-028	9.57673e-029	1.25266e-029	9.23105e-031	4.18172e-032	4.72842e-034	1.56275e-032	2.5762e-029	
0	0	0	1.50927e-008	0.0022193	0.337631	0.990332	0.0136361	0.00252686	0.000624218	0.00216504	7.22732e-008	2.28384e-010	8.41812e-014	5.67936e-012	1.4225e-012	1.74886e-012	5.21978e-010	3.45288e-011	6.93943e-013	2.85573e-016	3.70155e-018	3.33674e-020	1.53663e-022	1.19385e-024	3.4063e-027	4.71143e-027	6.19995e-026	3.48467e-030	5.85398e-031	7.85293e-034	2.29648e-033	5.5561e-035	
0	0	0	6.92265e-011	4.52279e-005	0.000100937	0.000959977	0.50912	0.00392958	0.000400465	0.000389128	3.68461e-006	1.13624e-008	2.17852e-012	6.77777e-012	1.99067e-011	8.49165e-012	2.55144e-012	6.43066e-011	2.63664e-011	3.11523e-013	1.12466e-014	9.65457e-015	7.77294e-017	4.61727e-019	3.55549e-021	9.05842e-022	3.07074e-022	3.71616e-025	8.89634e-029	4.57733e-032	6.17188e-034	1.78238e-036	
0	0	0	0	5.78106e-012	4.67706e-005	1.96575e-005	0.475355	0.99351	0.998975	0.997446	0.999996	1	1	1	1	1	1	1	1	1	1	1	1	1	1	1	1	1	1	1	1	1	


1	0.130676	5.06836e-006	2.58019e-010	3.38659e-014	5.3982e-015	3.30297e-015	1.82179e-015	1.00999e-015	1.34137e-015	1.97959e-015	8.60699e-017	4.83336e-017	6.39509e-018	5.709e-018	3.06227e-016	5.24385e-016	1.91035e-014	2.09272e-015	3.01435e-015	2.65907e-016	4.63392e-017	1.60682e-017	5.62886e-018	1.82423e-019	4.95765e-021	1.76677e-020	6.13624e-020	1.16392e-020	1.22126e-019	2.72735e-019	6.94303e-017	6.02797e-016	
0	0.84216	0.67828	0.000346636	3.6083e-007	9.85111e-009	2.47875e-008	1.57522e-011	4.83052e-014	1.46022e-015	5.67264e-016	1.2686e-019	2.42606e-019	1.20876e-021	4.58696e-018	9.81081e-016	5.58594e-016	1.05734e-013	4.43813e-016	2.38694e-016	1.71606e-018	2.48025e-018	9.02291e-019	4.09661e-021	5.18203e-021	4.99327e-023	2.78356e-021	6.2452e-020	1.83245e-023	4.66594e-021	3.86038e-022	9.98322e-017	1.38272e-016	
0	0.0271637	0.31528	0.740835	0.103645	0.071366	0.174445	0.0070466	2.45103e-005	1.75249e-007	1.61243e-008	1.07517e-011	2.33256e-014	4.3671e-017	2.30309e-017	2.53383e-015	9.1483e-015	6.5836e-014	7.91021e-015	1.19119e-015	1.43691e-016	5.50517e-018	2.0976e-017	2.70387e-018	5.60603e-021	4.18236e-023	9.93805e-023	3.84939e-022	5.6216e-023	2.00858e-024	4.92817e-024	4.36369e-022	4.93035e-018	
0	0	2.71803e-005	0.247402	0.50654	0.394516	0.0417822	0.153642	0.0107881	0.000174572	5.9206e-007	8.9208e-008	3.92811e-009	1.85969e-010	8.76613e-012	6.73644e-011	2.43878e-011	4.58166e-011	2.59557e-010	2.47154e-010	4.81925e-010	5.6535e-011	3.89723e-012	2.09704e-011	3.78898e-011	1.02882e-010	3.99488e-011	1.09184e-010	3.7318e-010	4.25663e-010	1.78131e-009	2.4346e-009	1.2368e-007	
0	0	0.00640811	0.00050608	0.00147495	0.00532789	0.429595	0.000320432	2.43635e-005	4.5071e-006	4.72128e-007	7.38012e-011	3.66279e-010	8.10634e-013	4.21623e-011	6.70682e-011	2.77812e-012	1.0182e-010	5.13768e-015	6.86954e-013	6.36095e-014	2.74014e-011	1.31565e-011	2.14212e-014	6.99192e-014	2.6226e-014	5.74664e-012	2.23346e-012	4.54593e-015	1.84521e-010	2.91706e-012	3.63047e-008	2.1706e-009	
0	0	0	0.0109109	0.3834	0.490133	0.206012	0.00189565	0.000138751	3.86248e-006	8.60184e-008	3.76418e-011	5.88525e-015	2.17378e-014	4.3953e-014	5.43095e-010	5.79856e-009	6.41776e-008	1.47973e-007	3.43743e-008	1.01619e-009	1.17969e-012	2.15861e-013	4.56974e-012	3.38967e-015	1.35226e-017	1.16366e-013	1.4404e-012	1.81768e-015	3.10032e-018	2.27522e-014	3.69339e-014	1.08827e-009	
0	0	0	1.32425e-008	0.00460708	0.0233502	0.131916	0.0237106	0.00104946	1.64497e-005	3.42569e-007	3.1538e-009	6.06606e-012	7.56054e-015	1.02204e-016	3.35737e-015	1.16126e-011	2.32473e-010	4.87638e-009	6.21816e-008	2.17004e-008	6.69576e-010	8.85837e-012	1.40532e-013	9.71643e-014	1.46654e-014	3.983e-015	3.16992e-014	2.67212e-015	2.67929e-017	9.40541e-017	5.02743e-016	3.96897e-013	
0	0	0	0	0.000332199	0.0153065	0.0162507	0.813384	0.987975	0.9998	0.999998	1	1	1	1	1	1	1	1	1	1	1	1	1	1	1	1	1	1	1	1	1	1	


1	0.173975	8.36783e-007	4.01407e-006	1.8571e-008	1.85321e-007	9.78009e-007	0.000125452	0.0489703	0.084192	0.119088	0.290765	0.0899468	0.0628831	0.0073243	0.00945501	0.00176378	0.000102436	1.6143e-005	3.2725e-005	1.82814e-005	2.40034e-007	3.88859e-009	6.42817e-011	9.43638e-013	7.98769e-015	2.26461e-015	9.39637e-016	5.4708e-016	1.83829e-015	5.71934e-017	6.89388e-017	5.08377e-016	
0	0.824727	0.00329037	3.13174e-005	5.43052e-012	9.57013e-011	2.58876e-009	1.77945e-009	0.000138105	5.36527e-005	0.000891633	1.77228e-006	0.000642869	4.79719e-005	0.417058	0.0715112	0.00165617	0.000274539	2.80184e-006	1.38665e-010	5.53329e-011	6.34307e-010	2.00034e-011	4.99604e-015	5.21637e-015	2.19372e-018	3.17417e-017	1.95431e-017	5.00419e-020	9.0592e-017	3.82387e-022	1.99812e-017	1.12742e-019	
0	0.00129814	0.996709	0.538559	0.000813434	0.000295933	0.000502369	2.61427e-006	4.10725e-005	0.000656158	0.000392349	6.89011e-006	2.12052e-006	9.32987e-009	3.79613e-005	0.524282	0.00914472	0.00020495	0.000140644	0.000104797	2.12203e-008	1.44891e-012	1.81093e-014	1.96799e-017	9.12623e-017	2.91459e-019	1.33899e-015	3.36492e-017	2.48213e-023	5.90484e-021	2.92685e-023	1.58915e-018	5.12215e-020	
0	0	2.60656e-008	0.461327	0.0739741	0.0452833	0.106894	0.575792	0.00797257	0.000175056	0.000171714	0.0117563	0.00064903	3.65332e-006	4.29932e-008	3.78849e-006	4.23218e-005	1.98663e-006	4.34618e-007	0.000505798	0.0759492	0.000430905	7.87316e-005	1.24977e-009	2.26832e-014	1.64667e-017	1.37244e-020	7.85637e-020	3.16323e-022	3.86893e-027	1.48439e-026	3.96327e-026	1.39431e-021	
0	0	6.87327e-019	7.85299e-005	0.925171	0.951712	0.892113	0.252829	0.277949	0.000134331	4.55542e-007	1.16224e-005	0.00102326	0.00142169	0.011561	0.0807835	0.737934	0.545503	0.152127	0.411631	0.791479	0.996034	0.998862	0.90429	0.688778	0.0362989	0.351726	0.0321779	6.57079e-005	2.44692e-006	4.75389e-011	4.61373e-014	1.82227e-016	
0	0	0	9.13892e-012	4.09678e-005	0.00270851	0.00046059	0.169845	0.0497888	9.39083e-006	1.17884e-008	2.05396e-009	1.05565e-008	2.15652e-006	8.13194e-006	0.00209584	0.178569	0.452878	0.847633	0.551744	0.0402261	0.000550153	0.00103116	0.0957067	0.30486	0.950226	0.638114	0.966855	0.916532	0.448097	0.00174802	2.19319e-007	3.29114e-008	
0	0	0	6.77212e-035	9.13975e-014	2.286e-008	7.24298e-007	0.000922575	0.0353298	0.000651935	5.30051e-007	3.34758e-006	1.49375e-006	4.99378e-007	8.94334e-010	1.93658e-009	2.68254e-008	2.45136e-006	6.4075e-005	0.0359604	0.0916982	0.00192997	3.32945e-006	3.07927e-006	0.00636223	0.0134745	1.32009e-005	9.30164e-005	0.0833962	0.521663	0.998152	0.0133191	0.01351	
0	0	0	0	3.3682e-018	1.60521e-007	2.86257e-005	0.000482353	0.579811	0.914127	0.879455	0.697455	0.907734	0.935641	0.56401	0.311869	0.0708905	0.00103295	1.57864e-005	2.084e-005	0.000629071	0.00105474	2.44904e-005	2.7576e-007	1.15774e-007	2.72874e-007	0.0101477	0.000874442	6.53653e-006	0.0302381	9.95705e-005	0.986681	0.98649	


1	0.0171369	3.17542e-009	3.10043e-009	5.1954e-011	2.99798e-010	2.07e-010	1.10006e-008	2.28807e-007	1.83972e-007	7.93427e-008	8.73228e-009	1.48114e-009	4.24048e-010	1.96742e-010	4.99167e-010	6.34932e-010	5.08511e-010	2.05083e-011	3.05745e-012	6.72256e-013	4.15925e-014	2.37082e-015	4.05242e-017	1.57512e-018	3.76344e-020	8.27549e-021	4.18432e-020	4.22978e-019	7.59548e-019	2.36449e-019	3.09834e-019	4.82177e-019	
0	0.98279	0.999754	0.152494	0.000153812	6.84225e-005	0.00010292	3.51763e-007	2.29759e-006	5.12056e-008	1.05433e-008	1.09738e-012	6.02574e-012	2.32311e-013	1.52366e-008	6.44166e-009	3.4727e-009	1.2742e-008	5.03457e-010	5.49047e-014	3.77187e-017	8.17047e-017	3.2161e-018	7.48994e-022	1.86505e-020	8.06603e-024	2.95492e-021	9.46228e-021	6.14513e-024	6.55925e-021	4.21944e-025	4.6313e-019	4.54933e-022	
0	7.33551e-005	0.000246256	0.843618	0.656644	0.884156	0.991249	0.921328	0.0610977	0.00448414	0.000540369	0.00067517	5.93029e-005	3.92627e-007	2.55731e-006	7.90744e-005	2.5922e-005	4.5233e-005	2.96536e-005	0.000200533	0.010564	0.000534263	0.000193234	4.70186e-008	5.20178e-010	4.72367e-011	8.03776e-012	1.1935e-012	1.84054e-015	6.71252e-019	3.4576e-022	5.15946e-022	6.817e-022	
0	0	3.01283e-012	0.000292272	0.0635818	0.0129238	0.00246065	0.0499843	7.07765e-006	5.16927e-007	2.22778e-007	1.07018e-005	6.31274e-005	1.36072e-005	2.15558e-006	2.42179e-006	6.85413e-007	6.54973e-009	3.52784e-010	2.42403e-007	0.000339275	0.00164361	0.0123115	0.000291983	1.2421e-007	3.04005e-011	2.26518e-013	1.01535e-016	1.31958e-017	1.34095e-021	4.32096e-025	8.83404e-028	1.22072e-027	
0	0	1.30247e-009	0.0035888	0.263162	0.101206	0.00603767	0.00158296	0.00222846	1.88195e-006	7.19301e-008	1.51335e-007	6.73449e-007	2.00033e-006	0.000136539	0.00367783	0.13421	0.703183	0.712192	0.525367	0.623599	0.974541	0.984558	0.277722	0.411913	0.0751179	0.486983	0.587271	0.0110136	2.13226e-005	2.54972e-009	3.38496e-012	1.63165e-015	
0	0	0	6.34248e-006	0.0164515	0.00149981	1.80779e-006	6.78294e-005	2.23961e-006	4.05034e-009	4.32279e-013	2.22714e-011	2.83208e-011	1.96656e-009	2.15121e-009	9.7246e-005	0.0212175	0.117294	0.283998	0.472364	0.0570078	0.0014053	0.00095906	0.721965	0.276609	0.336684	0.490038	0.365912	0.490691	0.00024845	5.10597e-007	1.65081e-013	5.55705e-015	
0	0	0	1.32663e-019	6.4163e-006	0.000101772	1.30002e-006	5.45006e-006	1.2066e-006	3.2984e-009	9.33713e-013	2.55792e-012	1.15375e-012	1.93899e-012	1.23132e-012	2.39272e-014	4.60524e-009	1.66489e-006	1.70127e-006	0.00167757	0.307685	0.0151699	6.0064e-005	2.33722e-006	0.311472	0.586536	2.27935e-005	0.000227448	0.133084	0.146431	0.782121	0.00301076	0.000360496	
0	0	0	0	8.63628e-012	4.41159e-005	0.000147072	0.0270313	0.936661	0.995513	0.999459	0.999314	0.999877	0.999984	0.999859	0.996143	0.844546	0.179476	0.00377886	0.000390874	0.000804209	0.00670562	0.00191778	1.89429e-005	6.66465e-006	0.00166204	0.0229563	0.0465902	0.365211	0.853299	0.217878	0.996989	0.99964	


1	0.999769	0.833852	0.98158	0.99633	0.917946	0.958252	0.537283	0.930386	0.128743	0.00177178	3.15069e-005	5.79434e-009	6.23479e-012	1.04383e-017	3.82586e-021	1.56255e-023	2.42037e-026	9.88719e-030	3.44291e-032	7.39347e-035	3.08353e-040	4.78784e-045	6.93484e-050	3.10441e-055	5.08055e-060	2.28728e-063	3.01842e-064	5.73774e-066	6.04315e-068	1.72004e-069	1.53238e-069	3.15423e-071	
0	2.91487e-005	5.34426e-005	3.55458e-005	0.00014771	0.0221766	0.000655615	0.453328	0.0527657	0.0490585	0.0029552	0.61627	0.218972	0.277564	5.56236e-006	1.35001e-009	1.25097e-012	2.52138e-017	1.24619e-020	1.81014e-023	2.64482e-023	6.97806e-027	2.60599e-030	4.41198e-034	9.6486e-038	9.45695e-041	1.74386e-044	1.03725e-046	1.40612e-047	1.68108e-051	2.2364e-054	8.51015e-057	8.64529e-060	
0	0.000202175	0.166028	0.000727286	0.00194495	0.058526	0.040764	0.00936621	0.0168433	0.822181	0.99394	0.292095	0.000118315	2.84787e-005	2.98117e-006	4.4419e-010	2.01218e-013	3.45067e-017	5.4439e-021	8.59115e-024	3.93712e-025	3.60705e-028	3.80922e-031	1.55676e-036	9.88198e-041	1.62085e-043	2.74114e-045	4.38741e-046	4.85977e-049	8.11419e-053	1.7972e-056	1.98925e-056	1.0689e-060	
0	0	6.391e-005	0.00265989	5.59753e-006	8.06493e-006	0.000129632	2.20213e-006	4.01989e-006	1.70947e-005	0.00131288	0.0915956	0.780909	0.722404	0.999094	0.796216	0.736041	0.0345928	1.16511e-006	1.75088e-010	7.72339e-012	8.97471e-013	5.05043e-013	6.15084e-015	4.72913e-018	2.69023e-021	7.4563e-022	2.53409e-022	2.44454e-025	1.2819e-029	2.07291e-035	1.5459e-038	2.72888e-044	
0	0	2.5253e-006	0.014997	0.000186541	7.85297e-005	0.000145827	3.74985e-007	8.19038e-008	7.28717e-007	1.99195e-005	8.28764e-006	1.21313e-006	3.48471e-006	0.000897123	0.203783	0.263543	0.965396	0.00549082	1.64686e-005	1.03661e-008	3.05656e-013	1.84713e-016	2.23685e-016	9.95213e-021	1.8539e-023	9.17316e-023	1.15477e-020	8.73491e-024	1.16535e-026	5.32071e-030	7.68623e-032	3.19439e-035	
0	0	0	1.54975e-007	0.00138545	0.00101293	5.72699e-006	6.83098e-006	1.812e-007	1.08162e-010	1.59335e-012	3.7981e-008	3.36226e-012	7.70057e-010	3.41891e-013	8.01068e-007	0.000149766	8.43368e-006	0.994508	0.999571	0.115091	1.27176e-007	1.87853e-013	4.67124e-017	1.40896e-021	3.44498e-025	1.04345e-027	1.07192e-023	1.38705e-022	1.66859e-027	5.25122e-029	1.20187e-031	3.04919e-033	
0	0	0	2.82006e-010	1.5587e-008	3.09444e-006	1.08246e-007	3.49405e-009	2.60509e-011	1.57944e-012	1.49082e-014	5.66117e-008	9.62205e-008	2.90544e-007	1.3077e-009	1.12112e-007	0.000266151	1.8262e-006	1.22409e-007	0.000353938	0.88455	0.999989	0.999992	0.999949	0.99992	0.99983	0.999481	0.4657	0.170733	4.38257e-005	4.24325e-009	9.796e-013	2.48442e-016	
0	0	0	0	2.07106e-010	0.000248339	4.67785e-005	1.35695e-005	2.68661e-007	4.2728e-010	2.893e-014	7.77425e-015	8.17068e-012	4.4759e-011	3.87267e-013	1.21749e-012	1.87387e-009	7.18939e-007	9.27051e-010	5.83779e-005	0.000358189	1.09127e-005	8.48909e-006	5.08553e-005	7.99386e-005	0.000170168	0.000518799	0.5343	0.829267	0.999956	1	1	1	


1	0.985579	0.996866	0.833591	0.859116	0.937556	0.983518	0.981102	0.989011	0.997218	0.996186	0.982248	0.986688	0.933118	0.000119628	0.000334719	0.000213391	0.000232772	0.00051524	0.00128093	0.00209375	0.0024798	3.34052e-006	1.31562e-006	2.86643e-006	2.6502e-007	3.79707e-006	6.57894e-005	8.17949e-005	0.000162483	0.000509255	0.00036755	0.000947361	
0	0.00518001	0.00285952	0.00649868	0.000543142	0.00102396	0.00719387	0.000235415	0.00124369	0.00105237	0.00264154	0.000465152	0.00449618	0.00232502	1.27616e-005	0.000347475	0.00134096	0.0679097	0.0632736	0.0547009	0.00730491	0.00294574	1.0644e-006	1.15316e-007	4.58858e-007	5.03908e-008	2.75729e-006	0.00121522	0.00122588	0.0183341	0.0390011	0.0501631	0.121181	
0	0.00924138	0.000270329	0.159904	0.138938	0.0479067	0.00315797	0.0143733	0.00567326	0.000915492	0.000204198	0.0164615	0.00439262	0.0151557	1.62735e-007	1.05606e-005	0.000245306	0.000146934	0.00701769	0.0570031	0.100651	0.00991616	5.97654e-007	1.47532e-006	9.37968e-006	3.88179e-006	8.0673e-005	0.000655591	0.00460787	0.00515935	0.153857	0.00120106	0.063781	
0	0	2.1531e-009	3.06347e-006	0.00132437	0.00569721	0.000180628	0.000532453	4.43224e-005	3.55221e-006	4.34599e-008	8.46558e-005	5.93177e-005	8.67124e-005	6.32912e-012	5.09942e-009	1.51555e-006	1.09554e-007	5.43489e-006	0.00442881	0.00201596	0.000133934	2.28748e-009	2.019e-008	1.05672e-007	4.15587e-008	1.42934e-006	3.74707e-006	3.98214e-005	4.00545e-005	0.0587173	2.17306e-005	0.00217937	
0	0	4.59796e-006	4.82977e-007	7.51149e-005	0.00780709	0.00255377	0.00279407	0.00329788	4.60592e-005	1.39685e-006	8.43264e-005	0.00355839	0.041366	2.6142e-007	9.23053e-009	4.29063e-008	5.43852e-007	3.18627e-006	5.13956e-005	0.00189859	0.00261933	3.18671e-007	1.05996e-008	4.08594e-007	7.56368e-008	2.91304e-007	7.54962e-006	5.6128e-005	0.000240613	0.00248183	0.00498515	0.000445473	
0	0	0	2.48527e-006	3.6952e-006	8.80868e-006	0.0033957	1.85249e-005	0.000164604	0.000189896	4.65232e-005	3.78427e-005	0.000179565	0.00168899	7.46035e-006	4.25877e-005	1.10327e-005	6.80227e-006	1.20888e-005	4.3388e-006	3.26615e-005	0.00079294	1.69598e-006	1.86754e-007	9.11723e-008	3.70149e-009	3.33552e-007	4.29474e-006	2.17609e-007	3.17869e-007	1.6887e-006	0.000321417	0.000226179	
0	0	0	8.22518e-011	1.0184e-010	9.80817e-013	7.55338e-009	1.02846e-012	5.47045e-012	1.36302e-009	2.76459e-006	4.01691e-007	7.60053e-005	0.00600144	0.999859	0.857476	0.967513	0.840577	0.000636349	1.08066e-008	1.31464e-005	0.0265916	0.997051	0.991089	0.983458	0.999107	0.899892	0.00274318	2.78816e-008	6.26266e-013	1.00868e-014	4.45071e-012	6.47056e-013	
0	0	0	0	2.61149e-008	1.94976e-007	5.09516e-007	0.000944387	0.000565636	0.000574429	0.0009178	0.000618563	0.00054962	0.000257742	2.32996e-007	0.141789	0.0306744	0.0911261	0.928536	0.882531	0.88599	0.95452	0.00294241	0.00890793	0.0165289	0.000889074	0.100018	0.995305	0.993988	0.976063	0.745432	0.94294	0.81124	


1	0.44578	0.0451617	0.00405358	0.00470258	0.00505538	0.000421291	0.000178875	2.00776e-005	7.85098e-006	3.98658e-007	1.84538e-007	2.65796e-008	1.11838e-009	2.73787e-012	1.98863e-012	6.83056e-014	4.89711e-014	2.86591e-014	9.66794e-015	4.6718e-015	1.92417e-016	1.58547e-018	9.94435e-019	1.80778e-018	4.73318e-018	5.33538e-019	1.76814e-019	6.58164e-019	1.23729e-018	4.90983e-018	1.15922e-017	1.51094e-016	
0	0.356891	0.268427	0.0791801	0.412956	0.241023	0.171659	0.0174042	0.00195737	0.000619101	4.39862e-005	3.12222e-006	6.18176e-007	4.438e-008	4.72036e-010	4.39912e-010	8.0478e-011	1.46178e-010	1.58197e-011	2.45366e-012	1.69066e-013	2.87241e-014	7.43122e-016	8.69613e-016	5.57603e-016	5.89751e-017	4.44247e-017	1.93613e-017	7.76687e-018	1.79861e-017	1.50391e-017	3.21724e-017	7.50727e-017	
0	0.197329	0.684303	0.294609	0.00349824	0.267639	0.368312	0.457473	0.0240415	8.27066e-005	7.23096e-007	3.81539e-007	3.73027e-007	1.48932e-008	7.3027e-012	1.66017e-010	2.00475e-011	6.64355e-012	1.28352e-011	4.90945e-013	1.27765e-014	2.96355e-015	3.46536e-017	2.77443e-018	1.28271e-014	7.64945e-014	2.04005e-014	2.82645e-014	2.25066e-013	1.98557e-012	1.97535e-012	1.18183e-010	9.36164e-010	
0	0	0.00189795	0.621781	0.00802939	0.0145169	0.0294561	0.00104524	0.000256019	4.69306e-006	1.20708e-008	6.33737e-009	3.58318e-009	5.36985e-010	4.30861e-013	2.74269e-009	1.32385e-010	1.15146e-009	3.4747e-011	5.93361e-012	7.64724e-015	9.94354e-016	1.71423e-017	2.92046e-017	6.73739e-016	4.02206e-015	4.5662e-015	1.86341e-014	2.58174e-013	1.72704e-011	1.75373e-010	1.14203e-008	2.16491e-006	
0	0	0.000210439	0.000367358	0.132981	0.164442	0.1673	0.464454	0.911982	0.64301	0.0285385	0.0627901	0.009643	0.00162135	4.22161e-007	2.60249e-008	8.12452e-010	8.26176e-011	1.50633e-009	7.09262e-010	1.623e-010	2.10581e-011	3.85455e-013	2.07785e-014	2.31424e-013	1.88296e-012	4.549e-013	8.65868e-014	2.08378e-012	3.39088e-012	6.71445e-012	7.61224e-011	1.8789e-008	
0	0	0	2.95306e-007	9.60136e-005	0.00847067	0.0116316	5.90227e-005	0.00083889	0.0261244	0.00601624	1.91821e-005	0.00128425	2.81975e-005	1.58947e-005	5.50722e-005	5.02926e-006	0.000311516	2.63669e-006	1.32738e-007	1.20294e-009	3.12087e-011	1.8833e-013	1.61493e-013	9.61319e-015	8.19368e-016	1.26412e-013	7.19686e-014	1.05936e-015	2.63871e-012	2.73912e-012	5.6076e-011	2.51828e-010	
0	0	0	9.31345e-006	0.437732	0.0422995	0.0181714	0.000184793	0.00214117	0.0694649	0.819478	0.746728	0.449914	0.720819	0.987753	0.772896	0.936603	0.376714	0.321006	0.0944786	0.80913	0.850376	0.986487	0.781514	0.427475	0.664644	0.433736	0.0187796	0.000102449	2.62092e-008	8.66993e-011	7.63349e-013	6.06346e-014	
0	0	0	0	5.44944e-006	0.256553	0.233048	0.0592013	0.0587627	0.260686	0.145922	0.190459	0.539157	0.277531	0.0122311	0.227049	0.0633916	0.622974	0.678991	0.905521	0.19087	0.149624	0.0135132	0.218486	0.572525	0.335356	0.566264	0.98122	0.999898	1	1	1	0.999998	


1	0.0583991	1.36246e-006	3.8296e-009	3.96501e-013	6.34036e-013	4.48961e-012	1.00992e-012	5.34261e-012	1.86229e-012	2.07948e-013	4.3817e-013	3.26822e-013	2.11824e-013	3.27517e-014	1.25181e-014	3.26857e-015	9.24626e-016	8.28514e-016	2.57566e-016	2.85628e-016	1.12674e-016	6.13973e-017	5.14644e-017	9.53971e-017	3.2603e-016	1.41056e-016	4.92223e-017	3.03162e-016	9.27354e-016	1.1131e-015	8.4635e-016	4.27686e-015	
0	0.000969841	4.4567e-007	9.37353e-011	4.61052e-015	5.8906e-015	1.39109e-012	4.52633e-014	4.46181e-014	4.52251e-014	6.29092e-014	8.89539e-015	1.38795e-013	2.21594e-014	5.65748e-015	1.20247e-014	1.31386e-015	2.50829e-015	2.89379e-017	9.85165e-017	1.41761e-017	4.88782e-017	9.04471e-017	2.80374e-018	4.33328e-017	1.67169e-016	2.91662e-017	1.08139e-017	2.07041e-017	6.32827e-016	9.55768e-017	5.06187e-015	2.91181e-015	
0	0.940631	0.0214486	0.00041537	2.16889e-006	5.09203e-008	6.47021e-007	3.75658e-009	1.35263e-008	9.04604e-010	6.80437e-010	1.00706e-011	7.35911e-013	3.10508e-014	2.32703e-015	2.07511e-016	2.87322e-015	7.77803e-015	5.73993e-016	2.00569e-016	4.09749e-018	9.1725e-019	8.61723e-018	1.39516e-018	7.88557e-018	5.79304e-017	7.95936e-017	1.97865e-017	1.04175e-017	3.63855e-017	1.72132e-018	3.71108e-017	1.12701e-017	
0	0	0.97852	0.00725451	5.43848e-006	8.59221e-007	2.82949e-006	2.07464e-008	5.36961e-008	1.05428e-007	1.23392e-007	9.29122e-009	1.63251e-009	4.76588e-011	2.40631e-010	1.67428e-010	2.40736e-011	6.17037e-012	4.71022e-012	2.95109e-013	8.24531e-015	7.31658e-016	3.84396e-016	2.14185e-018	1.73818e-019	2.36148e-019	1.08351e-017	4.55269e-019	5.83648e-020	3.72544e-020	4.98237e-021	1.00268e-018	1.29829e-018	
0	0	2.95736e-005	0.992097	0.998871	0.97843	0.773731	0.989304	0.791257	0.490941	0.014321	0.176177	0.216495	0.286668	0.00143924	0.000727392	0.000127223	4.98189e-007	2.30964e-007	1.76873e-006	2.47821e-005	2.00338e-005	3.47114e-005	5.02955e-005	0.000146584	0.00472979	0.00192913	4.68831e-005	0.000287221	1.21764e-005	1.7834e-005	1.38635e-007	1.47296e-007	
0	0	0	0.000233438	0.00111561	0.0150775	0.162288	0.000493978	0.015345	0.00266013	0.000325168	9.85293e-005	0.00490653	0.00166863	0.0310087	0.000367462	5.37484e-005	0.000261439	1.56281e-007	8.28838e-009	1.71621e-009	8.57932e-006	1.0399e-005	5.77645e-005	4.3987e-006	3.55842e-006	0.00106612	0.000877441	0.000366962	0.00514293	0.0364044	0.000140628	9.25254e-006	
0	0	0	2.84711e-011	5.99641e-006	0.00642441	0.0368817	0.000308126	0.0236613	0.0181615	0.00409966	0.00056622	0.000188624	0.00043538	0.0157696	0.00133146	9.00261e-005	4.25483e-005	1.70457e-005	2.88075e-007	8.42847e-008	2.61707e-008	1.13501e-007	2.27153e-006	1.96281e-007	4.4102e-008	3.63387e-006	0.00013648	8.50942e-006	3.39692e-005	0.00234047	0.00164457	0.000536301	
0	0	0	0	5.34891e-009	6.76091e-005	0.027096	0.00989435	0.169736	0.488238	0.981254	0.823158	0.77841	0.711227	0.951782	0.997574	0.999729	0.999696	0.999983	0.999998	0.999975	0.999971	0.999955	0.99989	0.999849	0.995267	0.997001	0.998939	0.999337	0.994811	0.961237	0.998215	0.999454	


1	0.0781428	2.48217e-005	5.35914e-008	3.06616e-010	4.25706e-011	1.14354e-011	1.66982e-011	2.35838e-011	1.01726e-010	6.70843e-010	1.84446e-010	2.86216e-011	5.34666e-013	1.65938e-015	1.23548e-016	3.58115e-018	7.57645e-020	1.94333e-021	9.15319e-022	6.29971e-023	6.03243e-024	6.82804e-025	7.80336e-027	1.80381e-028	4.53887e-030	1.92762e-031	8.6438e-032	7.27817e-032	9.47364e-032	8.41027e-033	7.2897e-032	2.195e-032	
0	0.538089	0.000472505	9.0754e-006	1.14649e-006	2.10857e-007	2.66438e-009	1.0993e-010	1.56971e-011	1.22032e-010	2.21335e-010	4.88447e-012	1.07821e-012	3.20438e-014	1.1849e-014	1.67757e-015	1.98693e-017	2.02413e-018	1.86119e-020	2.61812e-021	2.37474e-023	5.49904e-024	3.44366e-025	3.44265e-026	3.71674e-029	6.3189e-032	2.10129e-032	6.36554e-032	7.07231e-033	1.01909e-032	5.00537e-033	4.54824e-033	3.44317e-033	
0	0.383768	0.99371	0.125119	0.00171564	0.000908904	0.00471589	0.000282242	0.000219066	3.79806e-005	6.06665e-005	8.51746e-007	1.19996e-009	5.40754e-013	1.60772e-014	8.95629e-015	3.2598e-016	1.22282e-019	1.40663e-018	2.11259e-020	1.75247e-021	8.97185e-023	1.3027e-023	3.93412e-027	5.626e-029	1.82358e-031	1.96839e-033	3.59536e-033	2.24075e-034	1.31263e-035	1.23115e-036	5.01127e-032	2.97437e-032	
0	0	0.00246311	0.0783108	0.0618921	0.0125714	0.000743489	0.000727477	0.000159303	0.00157786	0.00679021	0.0706006	0.852954	0.992781	0.974156	0.379188	0.117193	0.0202582	0.00120527	0.000858486	0.00124146	0.0125168	0.0681479	0.568451	0.679933	0.263485	0.288641	0.0999096	0.11444	0.0397234	0.000138328	6.83859e-006	1.03906e-007	
0	0	0.00332933	0.796399	0.88947	0.928584	0.852722	0.916708	0.870662	0.791812	0.709895	0.802837	0.0162985	0.00258658	0.00367679	0.183873	0.626781	0.00761119	0.0690358	0.11876	0.194003	0.177173	0.192601	0.0649444	0.196064	0.654248	0.611342	0.73022	0.721072	0.0491003	0.00241986	0.00140194	0.00219872	
0	0	0	4.16953e-005	0.0410892	0.0398803	0.0018541	0.00088656	0.000677651	0.0907538	0.0276075	0.00617817	0.124435	0.00383946	0.022098	0.43508	0.0612268	0.965146	0.00497239	0.00466167	0.00353748	0.0201672	0.0155274	0.218774	0.00577063	0.000509826	0.0626476	0.0873355	0.00772343	0.150042	0.00437794	0.00276049	0.000180587	
0	0	0	0.00012036	0.00582956	0.0173368	0.139649	0.0641077	0.106994	0.0649362	0.206761	0.106043	0.00316443	0.0006178	6.44379e-005	0.00184265	0.191809	0.00425347	0.9232	0.860115	0.791256	0.771501	0.716817	0.0811351	0.0945752	0.0732186	0.033608	0.0499998	0.0173776	0.00124212	0.000412102	0.00175642	0.00170244	
0	0	0	0	2.76489e-006	0.000718794	0.000315094	0.0172881	0.0212887	0.0508819	0.0488854	0.0143406	0.00314885	0.00017513	4.93997e-006	1.57309e-005	0.00298928	0.00273113	0.00158683	0.0156048	0.00996203	0.0186413	0.00690704	0.0666952	0.023657	0.00853869	0.00376124	0.0325354	0.139387	0.759892	0.992652	0.994074	0.995918	


1	0.519069	0.00157286	6.13891e-007	6.86627e-009	4.65595e-009	4.15975e-009	7.02618e-008	1.2447e-007	1.10126e-007	1.02846e-009	2.0395e-010	2.15876e-012	3.17836e-014	8.35234e-017	5.89685e-020	5.67314e-023	3.24494e-024	2.26666e-024	8.38848e-024	1.33984e-023	6.77247e-025	5.8223e-028	4.83071e-032	1.81227e-035	2.81574e-038	4.58896e-042	4.05734e-043	7.94697e-043	2.71012e-043	2.08152e-043	6.91205e-044	2.11645e-044	
0	0.472717	0.80205	2.6659e-005	4.3909e-005	1.15193e-005	6.65242e-005	0.00013866	0.00648326	0.456143	0.853	0.0257492	3.80954e-005	3.80512e-008	2.21306e-010	5.00813e-015	2.00446e-018	1.68307e-020	1.41616e-020	3.63831e-020	9.55161e-021	5.67066e-023	2.08439e-026	3.43805e-032	9.18762e-038	4.31745e-041	1.88451e-042	9.28221e-044	6.40107e-046	2.39016e-046	1.16033e-046	1.8751e-045	4.50945e-048	
0	0.00821419	0.191755	9.98974e-005	0.000149808	8.40097e-007	3.39194e-008	2.18386e-005	4.95612e-008	0.00589438	0.145225	0.950149	0.0326656	4.29232e-005	6.92781e-006	1.05962e-009	1.43596e-013	4.5627e-018	7.14355e-019	6.43849e-019	1.37021e-017	2.07062e-017	1.04505e-017	8.79439e-023	3.55396e-027	6.20453e-030	3.37932e-034	2.21269e-036	1.79463e-038	7.08892e-045	1.04366e-049	1.46036e-050	6.51632e-052	
0	0	0.00462184	0.999594	0.764984	0.335732	0.0033964	0.000369126	5.56533e-008	2.19495e-008	4.75386e-008	0.0237512	0.967261	0.999651	0.98687	0.950642	0.990771	0.0165538	0.00147889	0.000540953	0.0106295	0.878316	0.998299	0.999816	0.99986	0.998662	0.998981	0.273622	0.56711	0.00148758	4.41284e-006	1.6434e-010	2.67552e-013	
0	0	4.14627e-011	0.000245639	0.0124262	0.0613472	0.0892526	0.00807543	3.23423e-005	2.34512e-007	4.30795e-011	7.08093e-011	2.45132e-005	0.000306162	0.0131234	0.0493575	0.00922265	0.98344	0.781548	0.773311	0.81795	0.119196	0.00169442	0.000184131	0.000139723	0.00133795	0.00101923	0.726374	0.40248	0.982969	0.950701	0.985802	0.990128	
0	0	0	3.29991e-005	0.216023	0.590957	0.890157	0.0593165	0.000356318	1.59587e-007	3.26396e-013	3.50135e-014	1.06674e-010	3.15818e-008	5.11738e-008	5.57523e-007	2.37174e-006	4.98375e-006	0.0584377	0.0482694	0.093479	0.00069288	5.53015e-006	8.36146e-008	6.45069e-009	1.16462e-008	4.20759e-008	7.86814e-007	0.000315513	1.55994e-005	0.000184476	3.54627e-005	0.00425797	
0	0	0	1.08365e-012	0.00637271	0.010462	0.014116	0.693513	0.425868	0.00685688	1.49129e-006	1.05691e-008	2.52972e-013	2.9537e-010	9.53387e-010	7.11587e-010	3.8503e-006	9.3854e-007	0.158535	0.114071	0.040246	0.000287269	4.99016e-007	1.07213e-008	1.33491e-009	9.30602e-009	3.75768e-009	3.91104e-006	0.0300918	0.000231767	0.00246549	7.69372e-007	0.000348947	
0	0	0	0	3.4168e-010	0.00148951	0.00301186	0.238566	0.56726	0.531105	0.00177352	0.000350212	1.07789e-005	7.08077e-008	1.05624e-010	6.40986e-014	2.29895e-013	3.9201e-008	1.42877e-007	0.0638076	0.0376959	0.00150714	6.25855e-007	4.39385e-011	1.01383e-012	4.33799e-013	2.93955e-013	8.9035e-011	1.9069e-006	0.0152959	0.0466447	0.0141615	0.00526552	


1	0.989142	0.748367	0.128595	0.000878434	0.000690832	0.000187995	0.000319289	0.000105999	0.000190758	2.04974e-006	1.017e-008	1.35165e-012	2.10023e-016	1.14453e-020	1.22003e-025	1.21157e-030	3.3508e-033	3.13042e-032	5.6094e-032	4.8623e-032	2.26725e-037	6.03975e-042	3.68235e-046	1.46265e-050	2.74242e-054	1.06032e-059	5.18317e-061	1.93177e-060	2.15136e-059	5.94989e-058	1.09926e-057	2.16599e-056	
0	0.00936074	0.00111545	4.17199e-005	3.58629e-005	5.05237e-005	3.95533e-005	0.000344284	0.00094489	0.00729513	0.00119159	3.82381e-006	2.82174e-010	8.20761e-014	8.61287e-019	7.56475e-025	2.22637e-029	1.52749e-032	7.49118e-032	3.36473e-031	2.61513e-031	3.28484e-037	2.12057e-041	1.6645e-045	3.54104e-050	6.66709e-054	4.66004e-059	4.76062e-061	9.74818e-061	1.63526e-060	3.11862e-059	1.77244e-059	6.67807e-059	
0	0.00149759	0.240162	4.96434e-005	8.98197e-006	8.84636e-006	4.28394e-006	4.02639e-006	0.000121621	0.057002	0.994527	0.990471	0.0113522	0.000651455	4.84979e-006	3.76393e-012	3.93692e-018	6.07041e-022	1.78805e-020	9.42008e-021	2.20942e-018	6.10289e-023	6.42677e-026	5.7355e-030	4.97269e-035	4.55137e-039	3.79425e-045	1.27767e-048	7.32422e-050	1.05788e-052	9.68702e-056	2.21643e-057	1.10589e-060	
0	0	0.000218119	0.00628738	1.81714e-005	1.81755e-010	7.44589e-010	4.7575e-011	1.91296e-011	6.91814e-007	0.000632468	0.00951622	0.988414	0.99897	0.942022	0.0747798	0.00836184	0.000113801	0.000378752	0.00648477	0.361665	0.995057	0.842338	0.937133	0.275493	0.0364394	0.000386188	1.25507e-005	1.85743e-007	9.91862e-013	1.95413e-017	3.72781e-022	6.53233e-027	
0	0	0.010138	0.43454	0.000463282	4.25144e-007	3.0558e-010	7.78311e-013	1.0278e-013	1.64699e-010	9.54909e-009	9.60259e-007	0.000233546	0.00037844	0.0579731	0.925181	0.991628	0.773073	0.429907	0.530698	0.224449	0.00493816	0.157661	0.0628535	0.724507	0.963536	0.999608	0.984058	0.995685	0.487882	0.000724859	3.05189e-006	1.20795e-008	
0	0	0	0.430486	0.0306285	0.0102212	0.002318	1.38344e-007	8.36914e-012	2.51963e-014	2.68102e-015	1.08686e-014	6.53261e-014	1.46216e-011	2.20473e-008	3.96699e-005	1.02584e-005	0.226813	0.4396	0.361923	0.162858	1.1348e-007	2.13669e-007	1.31933e-005	2.71858e-008	2.45416e-005	5.36624e-006	0.0159293	0.00310999	0.505178	0.954953	0.98631	0.603173	
0	0	0	2.91779e-007	0.964334	0.435891	0.104374	0.00107899	6.98309e-006	7.13204e-009	2.75072e-013	1.18142e-016	2.88206e-018	1.73696e-014	2.38764e-015	4.73889e-014	1.39257e-009	1.53005e-009	0.040747	0.000862726	0.182414	3.95977e-006	5.00375e-010	6.61623e-011	1.04036e-009	1.54532e-011	4.71477e-011	2.9323e-009	0.000342575	2.95746e-005	0.00501716	0.00173223	0.0895702	
0	0	0	0	0.00363276	0.553137	0.893076	0.998253	0.998821	0.935511	0.00364713	7.88329e-006	2.82996e-009	2.57736e-012	1.87411e-016	1.11334e-015	1.65039e-011	3.3099e-010	0.089367	0.100032	0.068615	1.143e-006	4.41066e-011	5.88083e-013	1.09412e-010	9.72827e-013	3.38364e-012	2.64063e-009	0.000862711	0.00691038	0.0393045	0.0119544	0.307257	


1	0.916692	0.623621	0.000168678	3.50127e-008	1.61967e-008	4.47511e-009	8.11662e-009	9.25323e-009	9.34912e-009	2.84941e-008	1.17603e-008	4.66471e-009	2.04969e-010	1.18818e-013	3.21033e-015	3.45262e-016	5.59263e-016	3.63188e-016	2.4073e-016	2.38339e-017	2.90719e-018	1.66249e-019	1.08846e-021	1.55259e-023	2.07317e-025	1.43004e-026	9.54019e-027	5.19043e-028	4.9284e-027	5.18563e-027	1.51575e-025	7.04609e-026	
0	0.0822064	0.187273	0.000304956	1.41028e-008	4.00903e-009	7.07883e-010	1.40885e-008	3.36474e-009	1.63494e-009	5.14051e-010	2.01662e-009	3.56177e-010	1.20772e-011	8.37236e-016	2.3414e-016	2.55429e-018	1.90403e-018	1.3264e-017	1.02058e-017	3.58069e-018	1.39752e-018	1.17108e-019	1.62515e-022	4.26201e-024	6.43543e-026	1.81979e-028	3.90371e-029	7.6942e-029	9.65943e-028	3.19302e-027	1.04772e-024	4.65609e-024	
0	0.00110187	0.0117024	1.64668e-005	1.33882e-006	4.36379e-007	5.75729e-008	4.65763e-007	4.72264e-007	1.02702e-005	6.02735e-005	0.000396197	1.79886e-005	1.39924e-007	1.37113e-013	1.07356e-016	1.75468e-018	5.21062e-019	2.00157e-018	8.59458e-016	6.48196e-016	4.80904e-018	2.15964e-020	1.41723e-022	9.63024e-026	1.58806e-026	4.03168e-028	7.96195e-030	2.85099e-030	4.75232e-030	2.62277e-027	2.26431e-027	4.14897e-026	
0	0	5.02385e-006	7.38951e-006	9.45308e-008	1.20252e-008	7.0163e-010	6.61152e-009	2.89235e-008	9.55718e-011	7.82357e-010	2.07839e-006	1.1486e-006	4.41546e-007	3.52274e-014	1.5738e-019	2.88166e-021	1.35612e-022	1.45787e-023	1.96181e-021	4.02401e-019	1.22022e-020	4.99916e-023	7.43322e-025	7.14591e-027	5.3118e-029	6.42854e-032	8.33285e-033	1.94439e-033	4.00759e-032	1.06578e-029	8.31965e-029	6.20423e-031	
0	0	0.177398	6.73574e-006	2.3461e-007	1.03412e-007	5.43542e-008	3.64106e-009	5.25545e-008	7.50408e-007	0.00158942	0.0298457	0.799045	0.960993	0.999895	0.17074	0.0173703	0.0456709	0.0311644	0.0325041	0.54635	0.407638	0.555479	0.00742639	4.5407e-006	4.75398e-009	3.43802e-010	3.28522e-012	2.56382e-017	4.00729e-021	3.8261e-025	1.15748e-025	4.20322e-030	
0	0	0	0.999496	0.00137575	0.000687866	3.64322e-006	2.0022e-006	7.2235e-010	8.65948e-014	3.17296e-012	0.00037039	0.00629346	0.0286658	9.92471e-006	0.828877	0.806734	0.877463	0.762949	0.243307	0.0668235	0.468821	0.0503048	0.0550676	0.51593	0.800136	0.687912	0.993353	0.999382	0.91928	0.951735	0.70574	0.903329	
0	0	0	5.80376e-031	0.00590997	1.4665e-005	5.37784e-008	2.73576e-011	3.41431e-012	1.18232e-014	1.00235e-017	4.42549e-014	0.00018835	0.000911209	9.11024e-005	0.000382112	0.167767	0.0154593	0.000309779	0.000121166	0.0113469	0.0828228	0.385954	0.936663	0.483206	0.197361	0.306802	7.57447e-005	9.12064e-007	7.43446e-006	1.86959e-006	4.9979e-005	2.95755e-005	
0	0	0	0	0.992713	0.999297	0.999996	0.999997	0.999999	0.999989	0.99835	0.969386	0.194454	0.0094295	3.5057e-006	1.4821e-007	0.00812863	0.0614063	0.205577	0.724068	0.37548	0.0407185	0.00826223	0.000843005	0.000859106	0.00250277	0.00528649	0.00657121	0.000617442	0.0807121	0.0482633	0.29421	0.0966416	


1	0.736606	0.00316469	9.36134e-006	2.71556e-008	3.12743e-008	1.17749e-008	7.96798e-009	5.93585e-009	5.00754e-008	3.18491e-007	8.72219e-008	2.42486e-010	7.647e-012	1.21959e-015	7.01562e-020	6.88614e-023	1.35864e-024	5.8001e-025	1.54977e-024	6.83207e-025	2.71747e-027	1.16407e-031	1.52133e-033	4.62352e-036	6.0717e-038	1.44238e-041	1.0624e-042	1.49522e-041	9.86223e-041	2.94076e-040	6.46456e-040	5.77492e-040	
0	0.237332	7.29997e-005	5.47949e-005	5.51547e-007	6.95191e-007	2.97481e-009	3.38237e-008	3.11622e-009	1.00432e-008	1.79683e-008	4.98607e-006	1.40681e-007	1.40574e-007	8.11689e-012	3.26135e-016	3.4158e-019	1.59302e-022	1.52466e-022	9.36815e-023	7.85212e-022	5.40895e-024	6.03538e-028	7.85265e-028	7.77696e-030	7.48282e-031	1.66022e-034	1.52617e-036	5.14569e-034	8.4103e-035	2.09213e-034	8.45433e-037	5.45315e-037	
0	0.0260622	1.06635e-007	1.74832e-005	3.14541e-008	4.58149e-008	2.14344e-009	6.03739e-010	1.7368e-011	2.93491e-012	9.60244e-012	1.05025e-008	1.17499e-008	1.38882e-008	4.367e-014	5.8275e-017	8.09541e-020	1.76751e-022	8.97421e-025	4.89019e-024	5.38856e-024	2.62788e-025	8.57401e-030	4.95369e-029	1.853e-030	1.69009e-031	1.65426e-035	2.33461e-036	1.81116e-034	1.21334e-033	1.01483e-031	4.46342e-033	4.79235e-033	
0	0	0.0095023	0.0017444	5.8037e-005	9.32343e-006	3.62728e-006	1.09312e-006	8.44129e-008	1.0666e-009	8.20277e-011	5.2718e-011	2.22789e-010	2.20758e-010	2.52479e-014	1.64421e-019	6.36062e-022	5.59219e-024	1.13958e-024	5.88563e-026	2.89809e-026	3.41597e-027	5.20144e-031	6.3947e-034	5.73164e-032	4.24613e-033	2.87411e-037	1.54487e-038	8.71071e-037	3.54249e-035	1.66063e-034	4.96097e-032	3.45187e-033	
0	0	0.98726	0.0664779	0.0396528	0.00230095	0.00404077	5.87363e-005	1.23944e-005	0.000131062	0.294691	0.853721	0.357766	0.710125	0.623946	0.000224736	1.02157e-006	1.05628e-007	1.56274e-007	8.73113e-008	4.76346e-007	1.80599e-007	1.37485e-008	1.87523e-010	3.67731e-013	7.3735e-015	3.67761e-018	6.36658e-020	4.94635e-021	2.71903e-023	7.8042e-027	2.47716e-027	2.35321e-031	
0	0	0	0.931678	0.273345	0.00192068	8.90926e-005	4.85392e-007	1.88642e-010	2.92701e-008	3.87057e-005	0.00281076	0.642085	0.289861	0.376041	0.998598	0.994965	0.444285	0.0352727	0.0891816	0.0883573	0.985689	0.999975	0.934848	0.998826	0.993778	0.999786	0.793504	0.478205	0.00904282	4.84331e-007	8.97907e-009	5.26764e-013	
0	0	0	1.75288e-005	0.686079	0.584904	0.185608	5.45367e-005	4.16923e-009	1.63811e-012	1.0741e-011	4.82412e-010	4.44395e-009	9.74613e-006	1.29186e-005	0.00117753	0.00503365	0.555713	0.189743	0.102679	0.0310639	6.05285e-005	2.4074e-005	0.0651519	0.000638236	0.0061624	0.00021364	0.206493	0.183931	0.853192	0.78382	0.96998	0.92102	
0	0	0	0	0.000864121	0.410865	0.810259	0.999885	0.999988	0.999869	0.70527	0.143463	0.00014828	4.07678e-006	1.10103e-009	2.79817e-011	3.25587e-007	1.88223e-006	0.774984	0.80814	0.880578	0.0142503	9.64489e-007	2.56363e-007	0.00053539	6.00043e-005	2.30473e-007	2.64748e-006	0.337864	0.137765	0.21618	0.0300204	0.0789805	


