E:\Google Drive\Progetti\MSR Action3D\Real\a16_s07_e02_skeleton3D.txt
16
TRUE
-833.378
-831.986
-823.137
-835.378
-826.678
-832.088
-826.904
-829.306
-829.061
-837.122
-840.677
-842.697
-842.472
-820.659
-841.289
-756.989
-834.962
-829.645
-848.739
-841.577

34
20
1	0.474284	0.268519	0.139123	0.0815774	0.0291059	0.00220872	3.0069e-006	3.0964e-005	0.000144129	0.000123482	0.000208633	0.000847274	0.00297005	0.000533837	8.25459e-005	4.6263e-007	1.09001e-005	3.36148e-005	3.71344e-005	9.49254e-005	0.000327631	5.25988e-005	0.000102967	8.82953e-006	4.66018e-008	1.16153e-006	9.45505e-007	6.28898e-007	2.57587e-007	6.82206e-007	5.73777e-007	7.91272e-007	3.70623e-007	2.18956e-007	
0	0.235711	0.0694249	0.0538239	0.0400249	0.0156037	0.00411767	5.72182e-005	0.000683624	0.00288798	0.00211985	0.00233114	0.0380285	0.223684	0.0713434	0.0468843	0.000658474	0.0156277	0.0185486	0.0135513	0.0140772	0.113085	0.0114874	0.0267758	0.012276	0.000145362	0.00159152	0.00215461	0.000951411	0.00131026	0.00282453	0.0032691	0.00410524	0.00970753	0.041051	
0	0.290005	0.1275	0.051156	0.246918	0.775513	0.0119309	6.56366e-006	1.01128e-005	0.000574176	0.000367642	0.000128826	0.00948211	0.201424	0.389931	0.0641192	6.65654e-005	0.000174203	0.00181087	0.00768832	0.00576546	0.0787978	0.0344347	0.266438	0.0326633	6.58218e-005	0.000106327	4.59444e-005	8.33258e-005	7.42495e-005	6.57663e-005	0.000699764	0.00305056	0.00262194	0.006238	
0	0	0.245775	0.682539	0.140714	0.0307015	0.259013	0.00334551	0.0410282	0.00410445	0.000139808	0.000661256	0.0126959	0.0577609	0.0188376	0.0378719	0.00155768	0.0177431	0.0048931	0.0001565	0.00134461	0.10624	0.00876295	0.00637412	0.00589579	0.000652936	0.0207811	0.00851532	0.000298138	2.5209e-005	0.000463762	6.55098e-006	3.18689e-005	0.000197843	0.00307039	
0	0	0.288781	0.0564719	0.467951	0.14786	0.0837772	0.00103728	0.00142407	0.000111967	1.17067e-006	1.25018e-005	0.0111101	0.0735071	0.188158	0.0100927	0.000231451	6.76712e-005	0.000183438	2.1304e-006	0.000177309	0.237562	0.941829	0.181552	0.000590713	0.000182988	9.99911e-006	1.79379e-006	1.17322e-006	3.25779e-008	1.07325e-005	2.29692e-007	3.40725e-005	1.44731e-006	2.66458e-006	
0	0	0	0.0168866	0.0227875	0.00116569	0.638882	0.992636	0.859827	0.00841698	1.42578e-005	6.2656e-007	0.000134779	0.0107302	0.0255859	0.648206	0.985561	0.53996	0.000295993	1.25319e-006	2.19081e-007	0.000300558	0.000427756	0.470228	0.802025	0.993363	0.343234	0.00202958	6.23891e-006	1.65446e-007	4.95727e-008	1.17842e-007	3.74595e-009	1.09886e-007	1.66348e-007	
0	0	0	8.51882e-012	2.33115e-006	1.42667e-006	5.87077e-005	0.00279681	0.0102306	0.00190397	7.20465e-006	8.45148e-009	6.5181e-010	2.77474e-007	0.00131218	0.015926	0.00923909	0.00813657	0.000143786	6.35387e-007	4.36501e-009	1.48205e-010	7.40072e-009	0.000788833	0.0673184	0.00483281	0.197248	0.00906037	0.000311095	5.05779e-007	8.00108e-010	3.06777e-011	2.0793e-011	9.24243e-013	1.14822e-010	
0	0	0	0	2.5146e-005	4.85318e-005	1.16022e-005	0.000117609	0.0867656	0.981856	0.997227	0.996657	0.927701	0.429923	0.304298	0.176818	0.00268492	0.41828	0.974091	0.978563	0.97854	0.463687	0.00300576	0.0477399	0.0792223	0.00075725	0.437028	0.978191	0.998348	0.998589	0.996634	0.996024	0.992777	0.987471	0.949638	


1	0.0359689	0.0033643	0.00133709	0.000295238	2.9921e-005	5.6993e-006	3.71146e-007	3.05892e-006	1.82559e-005	1.1862e-005	9.29137e-006	1.10922e-006	1.15315e-007	4.19656e-009	1.16583e-009	3.26241e-011	1.62436e-009	1.15262e-009	4.19104e-010	2.90627e-010	3.18949e-011	4.02831e-012	3.49685e-013	2.18764e-013	1.88623e-014	1.16555e-013	2.3974e-014	1.22384e-014	4.93274e-015	2.10953e-015	1.48892e-015	1.06035e-016	2.43456e-018	1.28556e-019	
0	1.11183e-007	3.47533e-007	5.73937e-007	1.73483e-009	1.77669e-009	5.22121e-008	7.21823e-009	4.89211e-009	8.07956e-009	2.18384e-009	3.36615e-009	8.34486e-010	2.03531e-011	1.79663e-011	1.13588e-012	1.29696e-013	4.47995e-013	2.67379e-013	3.80345e-014	2.50453e-014	6.51689e-015	4.25117e-015	3.32664e-016	4.79158e-017	1.25583e-016	5.11287e-017	6.69888e-017	3.52905e-018	6.47565e-019	8.70296e-019	3.22448e-019	3.19589e-021	1.8394e-022	1.58729e-022	
0	0.964031	0.994382	0.98803	0.991112	0.997274	0.746365	0.170517	0.808589	0.804507	0.290831	0.0739722	0.322182	0.591881	0.870161	0.431289	0.0373696	0.337423	0.226608	0.0276774	0.00626096	0.0340622	0.0942907	0.10693	0.102826	0.0230532	0.0342367	0.00253858	0.000246462	2.5051e-005	1.30296e-005	1.78868e-006	3.88788e-007	2.88484e-009	9.05505e-011	
0	0	0.00224883	0.0106236	0.00858436	0.00268756	0.252964	0.819144	0.134433	0.00468598	0.000463132	0.000317171	0.000292857	0.00255044	0.0325969	0.554042	0.951259	0.52419	0.00154157	2.75248e-005	7.5525e-006	8.33127e-005	1.02361e-005	0.0102511	0.394993	0.951687	0.152853	0.000754394	3.71651e-006	1.67068e-007	1.75147e-008	1.05951e-009	3.92947e-010	5.11835e-011	1.06091e-012	
0	0	4.03646e-006	8.78279e-006	7.99064e-006	8.03645e-006	0.000666018	0.0103383	0.0548505	0.000797107	1.3888e-005	5.57978e-007	1.12446e-006	9.39875e-007	0.000176971	0.00330187	0.0108561	0.0703058	0.000970185	2.50155e-006	1.84005e-007	4.88291e-008	5.55922e-007	8.99325e-006	0.000570122	0.00938458	0.345797	0.00563884	5.29925e-005	3.74501e-008	5.11937e-010	1.19439e-011	4.63151e-013	5.22734e-015	5.05955e-015	
0	0	0	2.52829e-009	1.3798e-008	1.69765e-008	2.94377e-008	3.40693e-007	0.00212364	0.183916	0.610354	0.073742	0.000327342	1.48206e-006	9.86219e-008	1.72156e-006	2.77571e-006	0.0358621	0.42726	0.45416	0.0477591	0.0001006	1.50447e-007	3.01639e-007	1.86388e-006	1.78951e-007	0.0056675	0.0721771	0.0998027	0.2848	0.022073	0.0152597	0.000476305	1.45766e-005	5.5294e-007	
0	0	0	4.56279e-012	1.36021e-010	1.00684e-009	2.66915e-011	6.18235e-011	1.2453e-006	0.0060664	0.0962995	0.841752	0.539766	0.0247807	0.00226617	0.000117721	1.8088e-007	3.43846e-005	0.0446638	0.146181	0.476799	0.162163	0.00251389	0.000666703	0.000649127	4.4049e-006	0.000111782	0.000906215	0.00808828	0.0370581	0.199162	0.365149	0.791148	0.990774	0.988362	
0	0	0	0	1.27767e-012	2.77024e-011	3.51638e-011	1.51824e-012	1.229e-009	9.35573e-006	0.00202708	0.0102068	0.13743	0.380785	0.0947988	0.0112481	0.000511995	0.0321843	0.298956	0.371951	0.469173	0.803591	0.903184	0.882142	0.50096	0.0158706	0.461334	0.917985	0.891806	0.678117	0.778752	0.61959	0.208376	0.00921098	0.011637	


1	0.991777	0.990743	0.988585	0.986591	0.998708	0.491528	0.0717753	0.785673	0.978245	0.861652	0.280047	0.169799	0.115959	0.00563142	4.28614e-005	0.000136849	0.00065031	6.92849e-005	3.93961e-006	1.2379e-006	3.19114e-006	1.15918e-005	3.26235e-006	5.02036e-007	2.98389e-007	6.6997e-007	8.14617e-007	9.65073e-007	4.13848e-007	1.09187e-007	1.30692e-008	5.92889e-009	9.34577e-010	1.84505e-010	
0	0.00806449	0.00908682	0.00406796	0.012902	0.00077758	0.486794	0.131188	0.209463	0.00535114	0.000492012	0.367391	0.213986	0.012185	0.000201764	4.58699e-007	8.22886e-005	1.83687e-005	6.26607e-007	4.97398e-010	2.71866e-008	2.28005e-007	9.38791e-009	8.37973e-009	7.67629e-009	1.08403e-007	2.94652e-008	1.52914e-009	1.06392e-010	3.13709e-010	6.24612e-010	1.36045e-012	5.9465e-012	9.90484e-013	1.82469e-014	
0	0.000158434	0.000169757	0.00734645	0.000273453	0.000384501	0.0216492	0.794289	0.00348631	0.000181861	7.88645e-006	1.02214e-006	0.380373	0.733884	0.19975	0.00426713	0.0371078	0.000122147	8.69395e-010	1.44603e-010	2.66494e-011	2.0617e-008	1.6424e-008	8.95177e-008	5.85434e-008	1.17144e-007	5.18055e-010	1.32475e-010	6.39976e-012	2.0976e-012	9.13982e-013	6.42087e-013	1.039e-013	2.61164e-014	1.29972e-014	
0	0	4.71894e-008	5.45667e-007	0.000233842	0.000129703	2.60732e-005	0.0027473	7.69665e-005	1.99724e-005	8.43035e-007	2.22442e-010	2.54275e-006	0.0138787	0.776249	0.995125	0.870808	0.000843284	2.14331e-008	4.37011e-011	3.01326e-014	2.21373e-012	1.0926e-010	1.06682e-006	0.000258708	0.000722026	1.45904e-006	6.96255e-009	5.69047e-010	5.85549e-012	3.32898e-016	8.61852e-015	9.77417e-015	1.21698e-015	3.5792e-015	
0	0	4.63648e-013	4.26327e-012	1.97365e-010	9.92934e-008	1.18225e-006	1.40711e-007	4.88985e-006	3.79807e-009	5.27168e-010	3.54895e-011	8.76563e-013	3.78798e-010	2.15877e-005	0.00029451	0.0214574	0.000413567	1.93472e-008	2.36406e-013	3.71025e-015	1.7233e-016	8.2499e-015	5.0445e-013	6.81739e-009	4.703e-006	2.29652e-005	2.10626e-007	6.49771e-010	4.59612e-014	4.14547e-016	2.71156e-020	3.67977e-018	4.10108e-019	4.21511e-019	
0	0	0	3.89443e-012	5.45009e-012	2.38204e-010	2.42871e-006	2.07784e-007	0.00129549	0.000154499	7.62774e-006	1.37144e-007	5.01357e-011	2.58528e-011	6.36238e-008	8.85349e-006	0.069747	0.579101	0.00587798	1.18238e-005	1.31445e-007	1.991e-011	2.5185e-014	1.26876e-014	1.50964e-010	2.54151e-007	0.000403149	0.00398665	0.00600646	0.000492334	4.36231e-006	3.60673e-008	4.5076e-012	7.50491e-015	6.21768e-018	
0	0	0	2.65982e-021	5.12076e-015	1.97185e-014	2.19467e-013	4.51491e-010	1.12695e-007	0.0159852	0.136058	0.336485	0.00340466	7.29461e-006	6.27621e-009	1.76129e-012	7.11096e-008	0.410685	0.988113	0.988277	0.906915	0.00475838	3.4401e-005	1.79034e-006	5.38901e-008	1.53554e-010	2.08604e-007	0.00135175	0.0596905	0.42336	0.487935	0.750263	0.468646	0.455831	0.109705	
0	0	0	0	2.54652e-014	1.05166e-013	2.61814e-012	2.14065e-008	6.12115e-008	6.24565e-005	0.00178139	0.0160761	0.232435	0.124086	0.0181464	0.000261616	0.000660634	0.00816678	0.00593857	0.0117068	0.0930837	0.995238	0.999954	0.999994	0.999741	0.999272	0.999572	0.994661	0.934302	0.576147	0.512061	0.249737	0.531354	0.544169	0.890295	


1	0.28572	0.0043574	0.00140132	0.000670948	0.000687149	7.33336e-006	2.99172e-007	2.6491e-007	2.91557e-005	0.000474813	0.000446238	0.00014757	4.07744e-005	9.36327e-006	7.96282e-006	3.69961e-007	5.23878e-006	5.30715e-006	4.56383e-006	6.67055e-006	7.13488e-006	7.56509e-007	1.93195e-006	5.62749e-007	1.31866e-008	3.68829e-009	3.55797e-009	3.06414e-009	3.8522e-009	3.53383e-009	2.86688e-009	3.14236e-009	8.29789e-010	4.65976e-011	
0	0.0868747	0.0161184	0.0272644	0.055572	0.298984	0.00659928	0.000435645	0.000470406	0.0318089	0.24061	0.261316	0.136617	0.115616	0.0993762	0.0420058	0.00298721	0.0177158	0.058974	0.0106763	0.0133295	0.0467574	0.00542923	0.0358684	0.00480063	0.000248209	0.000162067	0.000184405	0.000170152	1.93233e-005	1.9936e-005	7.93488e-007	2.97378e-007	1.99214e-008	3.54305e-009	
0	0.627405	0.955272	0.555686	0.703751	0.640631	0.047976	0.00510303	0.00550495	0.00277268	0.00184476	0.150121	0.514296	0.780331	0.344846	0.0421799	0.00578997	0.00739766	0.000750591	5.12748e-005	0.00344159	0.529338	0.956168	0.172161	0.00121023	0.000494282	0.000112907	2.40843e-006	4.3869e-007	8.7678e-008	6.23596e-006	1.97982e-008	3.95466e-008	2.96668e-010	9.1562e-012	
0	0	0.0242501	0.409546	0.175989	0.0327632	0.918934	0.946939	0.979696	0.820516	0.0112538	0.0153966	0.0332543	0.0707979	0.427686	0.199506	0.443984	0.437181	0.0517149	7.25477e-006	2.56335e-005	0.00389351	0.0327169	0.530484	0.0100753	0.0188513	0.0096051	0.00037966	1.02998e-006	9.04038e-010	4.74004e-008	1.02309e-009	1.89641e-010	2.70956e-012	9.73959e-015	
0	0	1.62976e-006	0.00609258	0.063466	0.0191197	0.0148603	0.0364056	0.0130075	0.0684622	0.00954407	0.000592511	0.000167432	0.00622537	0.0590769	0.0903453	0.0409646	0.0194212	0.000569945	2.39316e-005	3.12111e-006	1.10451e-005	0.000624197	0.0580188	0.014435	0.0115289	0.000272498	3.90818e-006	4.11168e-007	1.03138e-010	7.10901e-012	5.3038e-012	6.98896e-012	5.22269e-016	1.70454e-018	
0	0	0	9.70252e-006	0.00054787	0.00746368	0.0110562	0.0109634	0.00113507	0.0262198	0.00777836	0.00132317	0.000132502	4.75083e-005	0.0375903	0.540254	0.497093	0.228242	0.0425223	0.000322172	3.24608e-005	2.12926e-005	1.73699e-006	0.0487631	0.369529	0.936019	0.92	0.310508	0.0313458	0.000178858	7.64555e-006	4.90255e-008	3.2396e-009	6.81904e-012	1.91769e-014	
0	0	0	3.86547e-008	2.6076e-006	0.00033865	0.000560359	8.10993e-005	1.76703e-005	0.00236007	0.00110759	3.63055e-005	3.13506e-007	4.17832e-007	0.000377793	0.00267733	0.00131246	0.00723317	0.00133348	1.43654e-005	2.0843e-007	5.05109e-008	2.24948e-008	0.00140889	0.00785234	0.00382712	0.0102233	0.0233285	0.00100079	5.8484e-006	8.38134e-008	4.51917e-010	1.15527e-011	4.09174e-014	3.18327e-016	
0	0	0	0	4.13953e-008	1.22305e-005	6.81274e-006	7.15497e-005	0.000168003	0.0478312	0.727387	0.570768	0.315385	0.0269407	0.0310384	0.0830238	0.0078683	0.282804	0.84413	0.9889	0.983161	0.419972	0.0050595	0.153294	0.592097	0.0290311	0.0596239	0.665593	0.967481	0.999796	0.999966	0.999999	1	1	1	


1	0.754688	0.232253	0.0288167	0.0120127	0.00467298	1.84214e-005	1.74558e-007	0.000143974	0.00559559	0.00209648	7.57519e-005	0.00024682	9.91055e-005	2.39049e-006	2.85001e-008	2.80676e-009	4.7217e-007	4.37857e-007	1.66603e-007	2.42064e-008	2.93981e-008	1.40425e-008	1.75679e-010	1.67275e-012	3.92634e-013	6.97722e-013	1.1074e-012	6.91087e-013	4.7878e-013	1.54809e-012	3.11791e-013	1.13644e-014	7.22369e-015	4.6858e-015	
0	0.0048212	0.00661244	0.0102463	0.000951897	0.000754582	1.48906e-006	6.95273e-010	4.87988e-006	0.0265555	0.0341913	0.00260232	0.000173736	1.48024e-005	2.81974e-007	3.21704e-009	3.03441e-011	1.6736e-007	3.39152e-006	8.77365e-006	8.46497e-006	3.16399e-007	4.18802e-008	2.6269e-009	2.34986e-011	2.86087e-013	2.06301e-012	1.38888e-011	6.35333e-011	1.17222e-010	2.57261e-010	7.511e-010	8.6831e-011	2.49076e-011	2.08841e-012	
0	0.240491	0.746105	0.546859	0.2237	0.0583293	0.00216079	2.94428e-005	0.0107243	0.0132486	0.000686543	0.00146966	0.00373386	0.00268361	8.26042e-005	5.8808e-007	1.77711e-007	3.24874e-006	4.38678e-007	3.11561e-008	7.0887e-007	2.48359e-005	1.84309e-005	2.48098e-008	2.36705e-011	5.64147e-011	2.55652e-011	1.43151e-012	1.83476e-013	1.43935e-013	5.3605e-011	2.51886e-013	5.20346e-013	2.85619e-013	4.68121e-014	
0	0	0.0150291	0.414077	0.763131	0.935963	0.987108	0.989341	0.961606	0.0324322	4.4576e-006	1.58187e-008	0.00475519	0.055602	0.366828	0.710793	0.963287	0.0734773	8.02544e-006	2.52736e-009	1.54703e-011	3.13729e-006	9.9297e-006	1.54876e-005	7.30882e-006	0.000487147	3.47949e-006	3.1822e-009	1.5979e-012	1.74149e-016	1.65922e-016	4.28009e-015	7.49133e-017	7.56505e-017	1.32222e-016	
0	0	5.69634e-022	7.42465e-007	0.000204556	0.000279875	0.0107104	0.0106283	0.0137082	0.00259731	2.38489e-007	2.99192e-012	1.91815e-012	2.05909e-006	0.00214938	0.0505562	0.0148011	0.00280013	1.48319e-006	5.82076e-011	6.94358e-015	3.79563e-015	1.42207e-009	1.11393e-006	5.36192e-006	2.17601e-005	1.08739e-005	2.00463e-007	1.60247e-010	1.63918e-014	1.82209e-019	3.11215e-021	2.89597e-020	6.23671e-022	6.1057e-021	
0	0	0	2.88829e-010	1.70858e-008	8.48456e-008	1.25761e-006	1.55416e-006	0.0137111	0.190289	0.0231641	1.21531e-006	7.39369e-011	1.62645e-010	2.17456e-007	9.17011e-006	9.93944e-005	0.0233437	0.0145067	0.00138065	1.41662e-006	1.12245e-011	2.0758e-013	7.50131e-010	1.14422e-008	2.94355e-009	4.82761e-006	0.00018679	0.000530959	0.000199996	5.57143e-007	4.84257e-008	2.20444e-011	1.26906e-013	3.48013e-016	
0	0	0	2.96927e-030	2.09931e-013	4.88857e-011	5.3317e-012	4.02984e-011	0.000100611	0.721777	0.889752	0.989871	0.337496	0.00224715	5.42583e-006	8.91105e-009	8.09831e-009	0.0142142	0.126397	0.231814	0.761153	0.0350825	0.000479063	3.15067e-006	2.10325e-008	4.61851e-010	9.18127e-009	3.3371e-006	0.000206482	0.00056079	0.0254743	0.0378384	0.0187278	0.0333843	0.012349	
0	0	0	0	2.19831e-012	2.68718e-010	9.60988e-012	1.15917e-010	5.52384e-007	0.00750415	0.0501046	0.00598037	0.653594	0.939351	0.630932	0.238641	0.0218126	0.886161	0.859082	0.766797	0.238837	0.964889	0.999493	0.99998	0.999987	0.999491	0.999981	0.99981	0.999263	0.999239	0.974525	0.962162	0.981272	0.966616	0.987651	


1	0.870264	0.796607	0.933165	0.912101	0.970465	0.780993	0.708051	0.230491	0.184135	0.019072	0.00590796	0.0129577	0.0483703	0.0035924	0.000344879	0.000365127	0.0179201	0.00235223	0.000346616	0.000374395	0.00431776	0.0483073	0.00371792	0.000952143	0.00562196	0.00448437	0.000562196	0.000145472	3.69252e-005	9.03009e-005	3.06477e-005	1.6322e-005	7.49176e-006	2.64105e-006	
0	0.0761943	0.062594	0.0385893	0.00709166	0.0193702	0.0866407	0.188417	0.722104	0.806363	0.980449	0.515188	0.157757	0.069469	0.000682514	1.82333e-005	0.000227912	0.0534263	0.0308062	0.0153791	0.0154954	0.0189537	0.04848	0.000727374	3.8442e-005	0.000189233	0.000953917	0.00143364	0.00100118	0.000669143	0.00343475	0.000593831	8.21002e-005	1.22375e-005	1.30392e-006	
0	0.0535413	0.140323	0.0237575	0.0785964	0.00886534	0.113488	0.0277282	0.0439643	0.00391306	0.000322713	0.476517	0.538285	0.383211	0.0078165	1.61769e-005	5.98991e-005	0.000831073	0.000702464	7.76874e-006	0.00152482	0.0509101	0.170019	0.000285919	1.27226e-006	0.000412541	0.000262847	7.68652e-007	3.35113e-007	6.99406e-007	4.81927e-005	3.57671e-007	1.22218e-006	3.95741e-008	9.42501e-010	
0	0	0.000468259	0.00376019	0.000290226	0.000148201	0.0172104	0.0612244	0.00337911	0.00557474	0.000148527	0.00238444	0.251956	0.307907	0.00982225	2.97051e-005	0.00012979	0.000253105	4.08415e-005	6.56181e-006	0.000101878	0.00101674	0.000648478	0.00216263	3.08059e-005	1.73726e-005	6.44098e-005	1.52134e-005	2.3409e-007	3.8295e-007	1.6103e-006	4.82109e-007	1.52993e-007	3.75183e-008	8.21437e-010	
0	0	7.51563e-006	0.000725021	2.94323e-007	4.46186e-007	9.47091e-005	0.0071677	5.74666e-005	3.33392e-006	4.89208e-007	6.89909e-008	0.0389631	0.0509541	0.000589281	2.12543e-006	1.60871e-005	9.64244e-006	3.06507e-009	9.11952e-009	1.56402e-007	1.79165e-005	2.91619e-005	1.88519e-005	6.80238e-007	3.21455e-006	1.55514e-007	4.86595e-008	2.16343e-009	2.88735e-012	4.64366e-009	1.54973e-010	4.29117e-011	9.30212e-012	9.03364e-012	
0	0	0	3.46215e-006	0.00192086	0.00114554	0.00146329	0.0072466	1.11993e-006	4.80784e-008	4.81073e-008	2.93372e-009	7.92052e-005	0.140087	0.959088	0.800746	0.890045	0.00516887	5.70211e-008	7.34764e-010	2.06618e-009	0.000121304	0.00075708	0.00142854	0.00328604	0.322062	0.000111356	6.89998e-010	2.61242e-010	1.7843e-012	1.04447e-010	4.43553e-011	8.47851e-010	1.92534e-011	5.70261e-012	
0	0	0	3.07334e-022	3.42355e-009	4.59196e-006	0.000108745	0.000160391	1.36566e-007	4.81687e-010	2.27649e-013	9.31678e-013	7.44622e-013	1.84593e-007	0.0183879	0.198629	0.100261	0.00221599	4.31713e-007	1.96079e-011	5.34354e-014	4.62622e-012	7.88093e-007	0.000639959	0.00503246	0.0479342	0.0109571	1.21574e-005	8.15938e-009	1.35314e-012	8.5019e-017	1.31509e-014	7.69332e-015	6.41119e-014	2.2167e-014	
0	0	0	0	1.9725e-010	4.06156e-007	3.87313e-007	3.8346e-006	2.60481e-006	1.04969e-005	7.37823e-006	2.29505e-006	1.71825e-006	9.64364e-007	2.07106e-005	0.000213974	0.00889441	0.920175	0.966098	0.98426	0.982503	0.924663	0.731758	0.991019	0.990658	0.623759	0.983166	0.997976	0.998853	0.999293	0.996425	0.999375	0.9999	0.99998	0.999996	


1	0.583221	0.0608071	0.073474	0.0171663	0.0194645	0.00171884	1.7703e-005	0.000195139	0.0121303	0.351214	0.266801	0.407217	0.478356	0.269331	0.0671762	0.00210234	0.0598613	0.476811	0.17	0.104348	0.213702	0.0332456	0.111887	0.00301488	0.000216396	0.00117488	0.00370814	0.00211825	0.000249435	3.97549e-005	7.71891e-006	5.25684e-006	3.6153e-007	9.51228e-008	
0	0.416759	0.938943	0.869504	0.935625	0.977275	0.0700641	0.00026318	0.000592586	0.000300106	0.000438625	0.00883287	0.428516	0.421028	0.619626	0.0233478	0.00108327	0.00113567	0.0180926	0.000359697	0.00371257	0.425021	0.951987	0.572819	0.00024313	0.000117415	2.63504e-005	1.8811e-006	3.75107e-006	1.36197e-007	3.10915e-006	1.43579e-008	3.17896e-007	7.76935e-010	1.93868e-010	
0	1.96003e-005	0.000250292	0.0570218	0.0471843	0.00313994	0.928073	0.978396	0.989687	0.228092	0.00538806	4.05755e-005	0.00108569	0.0393525	0.0734972	0.45249	0.868374	0.788881	0.00304567	5.31672e-006	3.04581e-007	0.000256464	0.000753395	0.248992	0.0259941	0.111623	0.00528619	4.05281e-005	5.45975e-008	1.27962e-009	1.32067e-010	5.99977e-010	8.9095e-012	7.55087e-011	2.4816e-013	
0	0	1.83895e-010	2.50485e-007	2.44919e-005	0.000120788	0.000135824	0.021318	0.00781592	0.75745	0.556436	0.00116032	2.37262e-006	1.22573e-006	0.0144498	0.448351	0.0700723	0.124297	0.010322	0.00013273	1.73386e-007	4.14262e-010	1.87145e-009	0.023596	0.967797	0.568109	0.71653	0.76219	0.138914	0.00123225	2.19273e-007	1.0428e-009	3.5258e-012	1.20713e-013	5.89657e-012	
0	0	1.69756e-017	4.54424e-014	2.21828e-011	9.22054e-010	8.47353e-006	4.7414e-006	0.00170936	5.56094e-005	0.00166842	0.000588123	6.98838e-006	3.66905e-009	4.42935e-008	0.00164413	0.0582317	0.0120536	7.75628e-005	1.91838e-007	7.23506e-008	4.10557e-010	9.82894e-014	1.05913e-010	3.2717e-005	0.31969	0.255239	0.00841992	0.00110665	6.64931e-007	4.46991e-007	2.73229e-011	1.3893e-013	8.82061e-017	4.16951e-018	
0	0	0	9.5215e-020	3.74338e-018	1.49434e-014	3.10743e-012	4.82197e-010	3.61328e-008	0.00196372	0.00289767	1.11763e-006	5.09899e-009	2.22259e-009	6.22722e-010	2.28381e-010	9.0691e-007	0.00165222	0.00415746	9.29477e-005	2.03743e-007	1.40235e-011	7.77683e-014	2.67835e-012	3.43628e-011	2.645e-009	0.0170981	0.0890784	0.0276738	5.52902e-005	4.23263e-009	7.06902e-010	4.38564e-013	4.69969e-018	2.63247e-021	
0	0	0	8.76143e-027	1.50234e-022	6.55869e-020	7.49358e-018	2.27932e-016	1.54058e-009	8.22013e-006	0.0819076	0.703875	0.0194572	3.52662e-005	8.66248e-007	9.33517e-009	1.57926e-011	5.37986e-005	0.210783	0.458757	0.574811	0.00415495	2.47617e-006	1.4387e-006	1.35803e-008	3.89008e-011	1.75398e-006	0.0816757	0.739778	0.913163	0.925478	0.872147	0.81615	0.713252	0.21936	
0	0	0	0	4.79791e-026	1.84385e-023	2.00429e-021	5.01167e-020	1.88688e-014	3.11449e-008	5.01516e-005	0.0187009	0.143715	0.0612268	0.0230948	0.00699082	0.00013529	0.0120661	0.276711	0.370653	0.317128	0.356865	0.0140111	0.0427042	0.00291768	0.000244923	0.00464428	0.0548856	0.0904049	0.0852988	0.0744789	0.127845	0.183845	0.286747	0.78064	


1	0.134296	0.00492898	0.0066858	0.00076104	0.00013589	8.49696e-007	1.91953e-009	3.11942e-008	5.38877e-006	0.000162441	0.000682144	0.0139233	0.0292573	0.00172431	0.000313959	7.00279e-007	2.62907e-005	0.0128241	0.00445621	0.00229956	0.0226786	0.00709259	0.0139817	0.0397328	0.000112138	0.00254157	0.0027741	0.000177171	1.68289e-005	8.35808e-006	1.22734e-006	1.1402e-006	9.91857e-008	3.80945e-008	
0	0.865703	0.994538	0.840101	0.995726	0.99984	0.00409954	5.9947e-006	5.98114e-007	5.50056e-008	9.75806e-009	1.17545e-005	0.110298	0.944589	0.995777	0.0270483	2.94332e-005	5.68639e-007	3.63675e-005	2.61148e-007	1.08292e-005	0.735223	0.990982	0.961431	0.10583	0.00115478	0.000139415	2.97072e-007	1.6038e-008	6.1283e-010	1.38243e-007	1.16088e-010	6.61393e-008	4.75117e-010	2.70608e-010	
0	1.17065e-007	0.00053337	0.153212	0.00349116	2.35114e-005	0.995899	0.985462	0.618907	0.0028103	4.80776e-006	1.28641e-007	3.62575e-007	0.000612014	0.000872386	0.972067	0.988584	0.849276	0.0124112	6.39767e-008	8.06591e-011	6.39555e-007	0.000117005	0.00460173	0.639486	0.996348	0.548246	0.0016907	2.81834e-008	5.47913e-013	1.37729e-012	4.15123e-013	1.44173e-015	4.03069e-012	5.39312e-015	
0	0	3.56041e-010	1.17629e-006	2.15636e-005	3.75939e-008	9.68394e-007	0.0145202	0.380636	0.106595	0.00982569	5.69071e-006	5.71026e-008	9.78957e-008	9.82686e-007	0.000294109	0.0113809	0.148586	0.00944843	1.42433e-005	6.54308e-009	1.04369e-011	9.05584e-009	3.05164e-005	0.00278904	0.00211189	0.354956	0.00831625	5.17198e-006	1.06934e-009	5.21618e-014	2.68779e-015	1.41538e-017	2.96871e-016	1.23227e-015	
0	0	1.86601e-014	9.052e-009	6.79658e-007	9.23699e-008	9.56633e-010	1.14678e-005	0.000443112	0.89035	0.923362	0.000926552	4.1066e-006	3.43357e-008	3.32903e-006	3.90544e-006	4.40402e-006	0.00202275	0.587245	0.00810547	7.86113e-006	1.79133e-008	2.9963e-011	0.000703584	0.00594952	1.94969e-006	0.0616228	0.0909077	0.00100193	2.83263e-006	1.45128e-010	4.86691e-013	6.44999e-016	1.52483e-019	3.50906e-015	
0	0	0	6.01777e-016	1.13778e-011	2.04415e-010	1.29378e-009	7.01896e-012	1.28143e-005	7.66936e-005	0.0359699	0.565524	0.617539	0.00318499	0.000260327	1.69955e-005	6.24289e-008	1.22665e-005	0.0411482	0.000154286	5.52783e-005	5.24931e-005	3.45249e-006	1.27005e-006	0.000135758	5.56865e-005	0.000274018	0.000792761	0.000114911	1.99764e-007	4.13025e-007	1.65707e-010	4.5696e-012	2.52548e-015	2.78982e-018	
0	0	0	3.63023e-020	1.46727e-015	1.94121e-014	1.80662e-012	4.30988e-013	1.72974e-007	8.28971e-005	0.00154276	0.0101759	0.00452135	0.000859963	8.85063e-006	1.61037e-006	4.06557e-008	1.01188e-006	0.00129627	0.000234356	7.58724e-006	8.32521e-008	8.20789e-009	1.97363e-007	1.59012e-007	2.11493e-008	0.000508536	0.00037668	2.3571e-005	1.2577e-006	2.15826e-008	4.31466e-010	3.93664e-013	1.09325e-015	8.2543e-019	
0	0	0	0	2.41317e-021	1.30699e-016	4.18756e-016	1.23175e-015	1.50441e-012	7.95882e-005	0.0291328	0.422674	0.253714	0.0214967	0.00135256	0.000253936	6.58544e-007	7.5589e-005	0.33559	0.987035	0.997619	0.242045	0.00180512	0.0192497	0.206077	0.000215657	0.0317121	0.895142	0.998677	0.999979	0.999991	0.999999	0.999999	1	1	


1	0.871363	0.611966	0.533489	0.661529	0.973313	0.0625001	0.000558025	0.00169772	0.00265959	0.00177467	0.013394	0.286275	0.948965	0.811442	0.347907	0.00533426	0.038981	0.08372	0.0528346	0.203726	0.767255	0.938213	0.968791	0.691754	0.0329967	0.248396	0.314639	0.104542	0.0081599	0.00730046	0.000502161	0.000427072	5.49069e-005	3.04796e-005	
0	0.128636	0.38799	0.464438	0.338063	0.0266466	0.928446	0.863082	0.232437	0.000191387	1.00537e-007	9.09282e-005	0.0575644	0.0412331	0.183098	0.579973	0.815184	0.12985	0.000581217	1.478e-006	0.000260562	0.212414	0.0603875	0.0200333	0.0942509	0.899993	0.303344	0.00191499	1.63432e-005	9.80025e-007	7.84669e-005	3.31888e-008	2.45861e-007	6.58272e-008	1.66851e-008	
0	2.4329e-007	4.39146e-005	0.00207217	0.000406395	3.76428e-005	0.009054	0.136329	0.76311	0.0236302	0.00117329	8.27337e-005	3.89244e-006	0.000573978	0.00125247	0.0682985	0.178421	0.725518	0.0039099	8.65325e-005	9.5402e-006	3.6012e-007	0.00118039	0.00371614	0.0027745	0.00848424	0.411799	0.206242	0.00954171	3.5414e-005	3.61697e-007	7.37704e-008	4.69729e-011	3.94802e-011	2.62982e-011	
0	0	8.14615e-011	1.63612e-008	1.51563e-006	2.20449e-006	6.30803e-008	4.58542e-006	0.00226201	0.973488	0.996974	0.935163	0.227327	0.00251079	0.00204462	0.0027648	2.4787e-005	0.105123	0.908438	0.928728	0.319542	0.00230293	3.95434e-006	0.00705266	0.210735	0.000894825	0.00634956	0.437873	0.742646	0.724967	0.0736642	0.032622	0.00924565	0.00667895	0.035431	
0	0	4.79129e-010	1.28281e-008	4.77072e-007	2.14637e-008	2.91972e-007	2.67125e-005	0.000492941	9.90362e-006	4.50108e-005	0.0482881	0.42713	0.00284468	0.000528672	0.000894277	0.00103173	0.000418167	3.48101e-005	3.58206e-005	0.0122739	0.00958268	3.94817e-005	1.64406e-006	0.000285729	0.0576294	0.0218534	8.30297e-005	8.44323e-005	4.088e-006	0.00751588	4.52183e-007	1.98674e-005	1.24348e-006	3.35609e-006	
0	0	0	4.37122e-013	1.23688e-012	1.49208e-010	3.93514e-010	2.33929e-010	6.80676e-007	1.94482e-005	1.22732e-006	1.74652e-007	0.000156644	0.00384822	0.00156223	7.6938e-005	1.41037e-006	4.32805e-005	2.42283e-005	1.20579e-006	3.96522e-007	3.99213e-006	6.78755e-005	0.000362447	2.93814e-005	6.89108e-008	0.00820011	0.00946319	0.000649686	5.3509e-006	6.73043e-009	1.16168e-005	6.05055e-009	1.85714e-010	1.92273e-010	
0	0	0	2.87516e-018	1.56935e-016	5.75681e-015	6.82997e-013	3.86403e-013	5.92741e-011	1.50394e-008	1.75905e-007	1.1021e-007	1.85972e-008	6.45869e-009	4.4969e-005	6.44331e-005	2.45882e-006	2.51959e-006	4.64968e-006	2.71192e-007	1.521e-008	2.4969e-010	5.3341e-011	4.45879e-006	0.000131419	1.18756e-006	4.33285e-006	0.00265918	0.000575298	1.65036e-005	6.23187e-007	2.02569e-009	1.04987e-008	2.32185e-010	2.76942e-012	
0	0	0	0	5.68368e-016	2.31036e-015	1.6575e-013	2.90609e-014	2.16254e-010	1.94629e-006	3.17556e-005	0.0029811	0.00154311	2.37733e-005	2.62005e-005	2.10925e-005	1.04993e-007	6.37633e-005	0.00328687	0.0183125	0.464188	0.00844143	0.000107926	3.80272e-005	3.97651e-005	2.81801e-007	5.32655e-005	0.027125	0.141945	0.26681	0.91144	0.966864	0.990307	0.993265	0.964535	


1	0.998988	0.99442	0.994306	0.999773	0.999957	0.847121	0.739209	0.900475	0.999904	0.999983	0.981575	0.178793	0.905043	0.999139	0.999797	0.901274	0.994858	0.999757	0.999994	0.997098	0.886187	0.775297	0.999941	0.999981	0.991567	0.987487	0.99917	0.999983	0.99995	0.983408	0.999764	0.99982	0.999868	0.999097	
0	0.000313071	0.00418549	0.0020224	0.000189688	4.24475e-005	0.0950828	0.0954852	0.0967843	9.39614e-005	1.22623e-005	0.0181476	0.820757	0.0926964	0.000809862	0.000193548	0.000798269	0.00448895	0.000161158	5.90854e-006	0.00288034	0.113189	0.224533	2.86378e-005	1.7103e-005	0.00807089	0.0125086	0.000797094	1.56295e-005	4.90814e-005	0.0134292	0.000236437	0.000178807	0.000132224	0.000903106	
0	0.00069922	0.00138908	0.00361475	1.28068e-006	6.18963e-007	0.0577957	0.159546	0.00235939	5.83354e-007	4.33001e-006	0.000275298	0.000449721	0.00225807	4.70084e-005	9.17333e-006	0.0977818	0.000542105	8.1305e-005	2.08637e-008	2.18446e-005	0.0006231	0.000169653	3.00077e-005	2.09444e-006	0.000357777	4.35473e-006	3.25373e-005	1.73252e-006	7.51102e-007	0.00316257	4.17684e-008	1.30189e-006	7.91229e-008	4.05809e-008	
0	0	5.76482e-006	5.67166e-005	3.62999e-005	1.64961e-008	5.10486e-008	0.00575951	0.000374622	3.52412e-007	3.28344e-009	1.60693e-006	7.48017e-009	2.59827e-006	3.64917e-006	1.6227e-007	0.000145925	0.000110525	8.90714e-008	3.51535e-010	3.10044e-010	1.13717e-008	3.02332e-009	3.5826e-007	3.26067e-008	4.6945e-006	1.19574e-007	1.23823e-010	7.54389e-009	5.52673e-012	1.88192e-009	7.5549e-010	8.97278e-013	1.68676e-011	1.53664e-014	
0	0	6.83681e-020	1.78497e-009	4.75495e-008	3.04261e-008	4.87497e-009	2.29682e-009	7.10129e-006	9.85059e-007	2.05361e-007	5.56889e-008	3.66158e-008	3.26105e-010	1.15199e-007	1.33002e-007	1.05842e-008	1.09686e-007	5.48679e-008	4.69018e-010	3.70231e-010	1.01989e-012	1.36106e-011	1.12839e-010	2.26326e-008	3.2564e-009	1.27849e-008	2.19929e-010	2.13985e-013	6.88107e-012	8.19882e-015	3.58548e-012	1.04776e-012	2.59398e-015	1.37309e-014	
0	0	0	3.4306e-019	8.02994e-012	1.01408e-010	2.86204e-012	3.65458e-013	1.41703e-013	1.29748e-007	9.27851e-008	1.79444e-009	1.1159e-009	4.27568e-010	2.55674e-010	1.14969e-009	4.78798e-013	3.50057e-012	3.55295e-009	2.27914e-009	4.06334e-011	4.68453e-013	8.19533e-015	1.88222e-011	2.90187e-011	8.14973e-013	1.41145e-012	6.43674e-011	1.06123e-012	1.54366e-012	1.65254e-015	3.08408e-014	3.42046e-013	9.9441e-013	1.09339e-012	
0	0	0	4.0168e-039	4.59214e-021	2.46882e-013	5.91651e-015	1.01301e-016	1.70086e-016	2.59618e-016	2.76694e-010	3.29599e-009	7.9949e-012	2.0768e-012	4.11756e-012	2.44486e-011	9.97671e-014	3.1233e-015	7.45168e-014	9.5625e-012	4.62012e-011	7.52328e-013	9.11198e-017	7.97062e-016	7.01827e-012	5.77551e-013	2.79278e-013	6.93828e-016	6.02527e-013	1.58369e-014	3.31344e-014	5.92888e-016	3.67434e-015	2.91453e-013	1.0426e-011	
0	0	0	0	3.2348e-024	1.77753e-016	3.03435e-013	1.56741e-012	6.72024e-012	1.80807e-012	1.20874e-012	1.40763e-010	2.28714e-010	5.709e-010	9.52165e-011	3.04898e-011	3.99911e-010	4.80292e-010	4.70561e-011	4.02399e-012	1.17695e-011	2.93719e-011	2.7077e-011	3.33665e-012	8.8128e-013	4.78851e-012	7.78432e-012	1.89329e-012	1.04497e-013	1.28924e-014	1.87013e-014	6.79358e-016	1.54559e-016	1.50368e-017	2.32992e-015	


1	0.999263	0.93415	0.959646	0.999622	0.999977	0.35486	0.0719346	0.0386981	0.993381	0.999482	0.872285	0.168634	0.973468	0.999263	0.998499	0.491936	0.901292	0.999122	0.999995	0.989184	0.927916	0.956925	0.999323	0.999782	0.85103	0.952496	0.998847	0.999937	0.999948	0.93016	0.999959	0.999904	0.999932	0.999857	
0	0.000487299	0.063931	0.031061	9.07957e-005	1.41885e-005	0.634804	0.852671	0.951388	0.00398442	1.88365e-005	0.0878806	0.829369	0.0168015	0.000310403	0.000798013	0.151944	0.0643103	0.000546224	2.53392e-006	0.00866943	0.0718746	0.0430564	1.69241e-005	4.0808e-005	0.0690063	0.0456269	0.00111362	2.23816e-005	3.70566e-005	0.0679232	1.38367e-005	6.39803e-005	2.80367e-005	0.000122455	
0	0.000249933	0.00191942	0.00929207	0.00028631	8.72101e-006	0.010336	0.0753879	0.00990658	0.00258705	0.000468172	0.0398241	0.00197306	0.00972522	0.000420719	0.000702353	0.356094	0.034333	0.000328376	5.53093e-007	0.00213802	0.000202925	1.57238e-005	0.000659091	0.000175134	0.0799583	0.00184735	2.83644e-005	2.91077e-005	2.15229e-006	0.00186884	5.74919e-007	4.00582e-006	6.88581e-006	9.16389e-007	
0	0	1.51155e-008	1.22875e-006	1.27745e-006	1.3816e-008	3.84992e-009	2.74953e-006	3.635e-006	3.81937e-005	1.98582e-005	5.47423e-006	9.55141e-007	4.66607e-006	2.4302e-006	7.3038e-008	2.48095e-005	2.41291e-005	5.38008e-008	2.23773e-008	6.86261e-009	1.87479e-008	2.89341e-009	6.35737e-009	2.28755e-007	3.18528e-006	1.30998e-005	2.9535e-008	2.62474e-010	7.54291e-011	1.07912e-011	9.09738e-009	2.07917e-012	1.82387e-012	3.9357e-013	
0	0	2.13336e-009	2.40598e-008	4.40364e-008	1.71299e-009	7.62886e-009	3.92849e-006	3.23529e-006	8.83757e-006	6.58631e-006	3.49749e-006	2.21774e-005	1.23753e-007	3.66775e-006	3.91672e-007	3.82353e-007	3.89959e-005	1.17665e-006	9.63103e-009	4.12543e-009	1.99456e-008	4.3871e-009	5.36563e-009	5.28155e-007	1.0916e-007	5.10151e-006	1.11277e-007	3.22957e-010	1.35585e-009	4.46406e-011	4.2877e-008	3.28861e-011	4.89394e-011	1.69221e-010	
0	0	0	9.27979e-016	7.72788e-012	6.20514e-011	9.3011e-015	9.22167e-015	9.5787e-013	6.3169e-007	4.49232e-006	1.50877e-009	6.1332e-010	1.3117e-008	4.02028e-008	5.88954e-009	2.53249e-013	2.64634e-011	2.04801e-007	5.52262e-008	1.84763e-010	1.52104e-014	9.63887e-013	1.09262e-008	1.96139e-009	4.39963e-013	1.38633e-012	6.94196e-009	2.54104e-010	6.47702e-011	1.83927e-015	7.98888e-012	7.89015e-011	9.06703e-013	1.71359e-013	
0	0	0	3.97043e-023	2.91681e-018	3.78318e-014	1.82729e-015	2.94876e-019	2.20084e-018	2.15209e-014	1.51645e-009	9.20745e-007	2.21397e-010	5.0843e-014	5.12048e-011	2.04119e-008	1.07656e-010	3.58174e-012	2.74974e-013	2.68699e-010	5.26078e-009	6.74662e-012	2.58573e-017	6.21428e-014	1.64496e-008	2.69815e-009	2.24088e-009	5.38133e-013	8.03961e-011	2.68304e-012	1.37996e-012	3.78812e-015	1.00534e-012	5.78112e-011	1.6825e-010	
0	0	0	0	1.17018e-019	5.20229e-016	9.42318e-015	4.01833e-015	1.4923e-014	7.33159e-013	1.04842e-010	7.31164e-009	3.42609e-008	1.41021e-007	3.25905e-008	2.69085e-008	1.20543e-007	1.42257e-006	1.54937e-006	1.62967e-006	8.20318e-006	6.94681e-006	3.04469e-006	1.0925e-006	8.01683e-007	1.87876e-006	1.13701e-005	1.06485e-005	1.11397e-005	1.25844e-005	4.80411e-005	2.69756e-005	2.79076e-005	3.29565e-005	1.9887e-005	


1	0.995365	0.969875	0.880246	0.989127	0.991063	0.845808	0.768484	0.671991	0.696814	0.157178	0.00182976	0.000528067	6.60413e-005	2.78067e-006	1.56548e-006	4.37523e-005	0.00333709	0.0263703	0.0315492	0.0685741	0.0219883	0.0281552	0.000741728	1.63226e-005	2.31561e-005	0.000795616	0.00353409	0.032063	0.0351679	0.253495	0.0808383	0.00806111	0.00107291	5.17475e-005	
0	0.00113163	0.00135793	0.00417718	0.000468972	0.00240968	0.00055136	0.000397905	0.00951649	0.291826	0.832713	0.934647	0.0283231	0.00022386	5.50464e-008	4.84936e-010	7.95043e-008	0.000162445	0.00284463	0.0081866	0.369081	0.00539335	4.27342e-005	4.50308e-007	1.86679e-008	3.5521e-008	1.2965e-005	0.000133282	0.0012443	0.00212936	0.0353882	0.00900149	0.000447467	7.49109e-005	3.86036e-007	
0	0.00350381	0.0287443	0.114656	0.00307579	0.000742859	0.143185	0.221667	0.318409	0.0107211	0.00997442	0.060381	0.00850897	0.000206872	8.17604e-008	9.1051e-009	2.7783e-005	0.00123734	0.000469954	0.000342179	0.0277231	0.0126474	0.000584054	1.16514e-007	8.46093e-009	6.10416e-006	8.24397e-006	6.63687e-006	6.5608e-005	4.4537e-005	0.0400885	7.69408e-005	5.96698e-006	8.78653e-007	4.43557e-009	
0	0	1.54084e-005	0.000431855	0.00105582	5.95709e-005	2.88553e-005	0.000376985	7.68867e-005	0.00059845	0.000134327	0.00314196	0.955479	0.293428	0.00166907	1.44212e-006	2.435e-007	1.78911e-007	9.64204e-007	5.74013e-006	0.00335575	0.0422193	0.00464164	1.82726e-006	6.8138e-011	6.54321e-010	1.19289e-007	2.93258e-009	8.48425e-009	1.30582e-008	2.37325e-006	3.19803e-006	8.13377e-007	2.38696e-009	9.59825e-011	
0	0	6.97488e-006	0.000488961	0.00627109	0.00556129	0.0100287	0.00865198	5.04242e-006	3.9431e-005	4.92688e-007	9.37189e-008	0.00716092	0.706068	0.974748	0.380146	0.222135	0.0032163	2.24481e-005	1.70568e-007	8.92003e-007	0.00745121	0.166543	0.0574414	0.00171971	0.00163116	7.6277e-006	3.57147e-009	5.5807e-010	6.06053e-009	1.51421e-008	4.87768e-006	1.00563e-007	4.18248e-011	6.19841e-012	
0	0	0	2.59428e-008	1.39639e-006	0.000163344	0.000391116	0.000342229	7.47893e-007	1.85624e-007	6.65054e-008	1.64964e-012	6.36206e-011	7.32822e-006	0.0235791	0.604262	0.502042	0.0872775	0.0181074	0.000928357	1.25628e-006	1.4453e-009	8.1674e-006	0.0632336	0.0990512	0.00404835	0.000323763	0.00011102	1.46165e-005	9.26864e-006	1.27976e-008	3.89927e-010	1.97442e-009	5.90474e-010	1.81545e-011	
0	0	0	6.81849e-013	1.5629e-010	6.8615e-009	8.38695e-008	7.0589e-007	4.98527e-009	2.0806e-009	1.81003e-009	8.63569e-011	2.14871e-011	9.51002e-009	2.24312e-007	0.000101121	0.00993728	0.00215308	2.71603e-005	0.000295712	0.000602972	6.81154e-006	3.1284e-009	6.6104e-008	7.48935e-005	0.000203937	7.97635e-006	1.90324e-007	2.69802e-008	1.04992e-008	2.47101e-009	2.61974e-011	1.36657e-012	1.41643e-012	3.82774e-014	
0	0	0	0	3.04297e-009	6.91618e-007	7.29421e-006	7.8385e-005	7.8431e-007	6.25551e-007	4.84824e-008	1.33815e-010	8.38301e-010	5.35011e-010	5.78196e-007	0.0154878	0.265813	0.902616	0.952157	0.958692	0.530661	0.910294	0.800026	0.878581	0.899138	0.994087	0.998844	0.996215	0.966612	0.962649	0.671026	0.910075	0.991485	0.998851	0.999948	


1	0.927786	0.801315	0.853164	0.408402	0.16663	0.46816	0.707074	0.980813	0.879493	0.788584	0.987211	0.763912	0.538876	0.298671	0.315378	0.818811	0.985202	0.961647	0.622409	0.929077	0.777227	0.544158	0.398826	0.285825	0.564814	0.969433	0.986392	0.944673	0.696219	0.978483	0.658993	0.257773	0.0944705	0.0546635	
0	0.061683	0.196061	0.144617	0.584049	0.732063	0.528087	0.291138	0.0172357	0.00253498	0.000445477	0.00266108	0.232691	0.452096	0.660949	0.607312	0.169521	0.00849629	0.00398563	0.00143958	0.00177762	0.220478	0.451983	0.291152	0.239799	0.425331	0.0219612	0.000908218	0.00152122	0.00224868	0.0057626	0.0042478	0.0189705	0.00818426	0.0208524	
0	0.0105314	0.00256023	0.00220028	0.00732722	0.0925813	0.00329014	0.0016498	0.00179566	0.117385	0.202414	0.00538538	0.00205347	0.00767016	0.0384649	0.0738485	0.0109402	0.00604204	0.0340691	0.368802	0.0564206	0.00167043	0.00357176	0.279934	0.399636	0.00564058	0.00753169	0.0122709	0.0533326	0.295792	0.0108152	0.335001	0.639974	0.860594	0.879065	
0	0	3.6897e-005	1.15268e-005	0.000220074	0.00871939	2.06623e-005	6.76998e-006	2.70699e-006	0.000499387	0.0070422	6.89807e-005	2.26307e-007	8.25102e-005	0.00170805	0.00313535	0.000246122	1.48694e-005	0.000227735	0.00695963	0.00116402	1.05534e-005	9.79625e-006	0.0300385	0.0723758	5.74725e-005	2.94429e-005	4.32833e-005	0.000261781	0.00481186	5.06535e-005	0.00130996	0.0814319	0.0236377	0.00389341	
0	0	2.77362e-005	4.22681e-006	1.04587e-006	6.43531e-006	0.000363105	1.78957e-005	1.27131e-005	1.7641e-005	0.00147501	0.00422221	0.000144315	1.20111e-006	4.88473e-006	0.000292038	0.000373346	0.000176847	3.57813e-005	0.000384008	0.0114641	0.000204075	1.11041e-006	3.54906e-006	0.0023546	0.00212388	0.000244438	6.37908e-005	0.000140264	0.000909592	0.00482639	0.000434583	0.00184983	0.0131094	0.0414763	
0	0	0	2.61896e-006	6.36306e-008	1.32398e-008	7.94614e-005	8.04688e-005	5.29112e-006	5.1423e-008	4.83238e-007	0.000381736	0.000838624	2.5519e-005	5.2927e-007	1.17592e-006	9.05327e-005	8.6367e-006	4.52315e-007	1.21423e-007	9.01397e-005	0.000357419	6.99543e-006	8.0933e-008	5.55099e-006	0.00202623	0.000211098	3.71593e-006	9.91897e-007	6.11846e-008	3.68561e-005	7.69794e-007	1.19737e-007	3.83029e-006	4.88431e-005	
0	0	0	3.16761e-013	1.23435e-012	3.04635e-016	6.63577e-011	4.49164e-010	1.31894e-010	1.9629e-015	2.0469e-012	2.06497e-006	7.81654e-008	1.12741e-010	4.01365e-012	1.85718e-012	7.26237e-010	2.27109e-011	7.08617e-014	3.16783e-014	7.04495e-008	1.18786e-008	1.16618e-011	1.12775e-013	6.6176e-015	1.69246e-006	2.51384e-007	5.95478e-013	9.64417e-013	5.56961e-016	8.4564e-011	5.85446e-014	2.1734e-014	2.69847e-013	3.78492e-012	
0	0	0	0	3.5398e-007	8.01542e-008	1.9224e-007	3.29769e-005	0.000134725	6.99302e-005	3.8992e-005	6.73261e-005	0.000360033	0.0012492	0.00020222	3.29539e-005	1.84009e-005	5.89173e-005	3.40916e-005	5.44632e-006	6.76281e-006	5.26334e-005	0.000269348	4.49544e-005	3.82599e-006	5.59793e-006	0.000588752	0.000318286	6.96907e-005	1.91363e-005	2.5758e-005	1.3193e-005	6.7547e-007	5.8516e-008	4.99133e-007	


1	0.689165	0.207006	0.0849584	0.0335501	0.0139164	0.00565438	0.000213731	2.19548e-005	3.47763e-006	2.97072e-007	4.12566e-008	6.98537e-009	5.33565e-011	2.69792e-013	6.72221e-014	6.48625e-014	8.06669e-014	2.50341e-014	6.57296e-015	7.25147e-016	1.97616e-016	2.4769e-017	2.16707e-017	1.85862e-017	9.69286e-019	2.74404e-020	1.59443e-020	5.86305e-021	1.08639e-020	1.35354e-021	1.75298e-021	1.07923e-021	2.84686e-021	3.72448e-021	
0	0.240936	0.784911	0.89633	0.868304	0.825441	0.658065	0.0394628	0.0103995	0.00146371	0.000152312	2.24453e-005	6.7979e-006	1.6295e-007	9.20231e-010	1.02548e-010	1.69992e-010	2.03688e-010	6.54325e-011	1.66837e-011	4.10259e-012	2.81089e-012	1.59727e-012	1.08281e-012	6.55955e-013	5.50515e-014	2.66147e-015	1.22849e-015	3.43489e-016	1.15204e-016	1.53913e-017	5.62686e-018	4.56245e-018	4.01917e-019	9.18981e-020	
0	0.0698984	0.005749	0.00769693	0.000997461	0.000316956	0.124345	0.44508	0.352994	0.0511739	0.00182396	0.000120455	0.000137426	3.88845e-008	6.76866e-012	2.95129e-011	3.59133e-010	4.346e-009	6.61798e-011	3.89773e-011	1.31594e-012	9.9018e-014	1.50516e-014	1.32444e-015	2.09139e-013	1.18683e-014	1.86634e-016	4.32537e-015	6.68375e-016	1.10147e-014	5.71699e-015	3.61146e-014	6.04361e-015	1.6299e-013	8.35204e-013	
0	0	0.00232767	0.0109741	0.096675	0.149282	0.132454	0.50547	0.00177916	0.000632956	8.25102e-005	9.511e-008	3.65474e-005	9.52163e-007	5.15174e-008	1.63771e-007	1.43195e-007	1.29708e-009	5.94908e-012	2.2354e-012	1.31073e-014	6.91554e-013	1.61351e-013	1.10812e-012	1.28998e-011	9.69672e-013	7.52349e-017	9.63687e-017	1.55266e-016	1.19627e-016	9.1558e-018	6.78903e-016	1.67517e-015	4.67777e-015	1.25062e-012	
0	0	6.43943e-006	3.53547e-005	1.95618e-005	0.000132461	0.00875116	0.00522698	0.634463	0.946587	0.997708	0.989276	0.0346138	8.57624e-006	1.68425e-009	4.15901e-010	1.48803e-007	6.82645e-006	4.55853e-005	6.24435e-005	3.62744e-005	3.56081e-007	1.62783e-009	7.78436e-011	5.6185e-012	6.58155e-014	3.73257e-014	1.31067e-012	2.71957e-011	3.08019e-010	1.37491e-009	3.47589e-009	9.10069e-010	5.07149e-009	3.27839e-008	
0	0	0	5.68649e-006	0.000453698	0.0108903	0.0599034	0.004266	1.59398e-005	7.46191e-005	5.85462e-005	0.00175421	0.963591	0.998839	0.999546	0.989394	0.587648	0.002519	1.38922e-005	2.57847e-008	1.28692e-007	0.000627684	0.0155651	0.518879	0.851372	0.939549	0.0287029	0.000390261	1.15643e-006	2.01783e-009	5.62939e-012	2.51917e-012	3.72689e-010	6.2077e-012	9.89103e-011	
0	0	0	7.16624e-009	9.59223e-008	1.89232e-007	0.00987012	0.000116182	0.000116251	3.36106e-006	0.000166043	0.00877855	6.03851e-005	2.80232e-005	5.79243e-005	0.0058074	0.32519	0.120058	0.005587	6.74429e-006	9.16858e-007	2.07514e-008	3.88007e-007	0.000133323	0.00165395	0.0380627	0.945041	0.36044	0.0457168	4.09939e-005	3.46888e-007	5.32744e-011	1.23989e-013	8.40889e-014	8.35806e-014	
0	0	0	0	2.78716e-007	2.04675e-005	0.00095751	0.00016488	0.000209615	6.14224e-005	8.77794e-006	4.85396e-005	0.00155412	0.00112367	0.000396366	0.00479872	0.0871623	0.877416	0.994354	0.999931	0.999963	0.999372	0.984435	0.480988	0.146974	0.0223883	0.0262561	0.63917	0.954282	0.999959	1	1	1	1	1	


1	0.320675	0.0951175	0.226437	0.0648077	0.00181037	0.000951978	0.00189561	0.00124022	0.00544987	0.00837671	0.00864082	0.00507395	0.00119986	0.000137732	8.47995e-005	9.16836e-005	0.000176505	0.000106258	0.000338601	0.000277615	3.10027e-005	4.80643e-006	2.20051e-006	1.16532e-006	3.31245e-007	5.74798e-008	4.14229e-008	1.12868e-007	4.31907e-007	8.48782e-007	3.9664e-006	3.12182e-006	1.42951e-005	6.3782e-005	
0	0.67079	0.867266	0.731346	0.801629	0.0108927	0.004801	0.0514481	0.0701549	0.0200687	0.00156915	0.00124639	0.0144681	0.0038557	0.000290675	0.000274138	0.00196135	0.000904166	1.44876e-005	1.07007e-005	2.16753e-005	5.56206e-005	5.07649e-006	8.45418e-008	1.12264e-007	6.798e-007	1.73541e-008	8.31441e-010	1.69157e-009	1.16286e-008	1.58835e-007	2.06077e-007	2.5953e-007	4.92173e-006	1.35463e-005	
0	0.00853497	0.0349432	0.00764038	0.00934588	4.11843e-005	0.000177866	0.00118242	0.283347	0.129052	0.0676224	0.0436666	0.0107317	6.68361e-005	1.91353e-006	6.93386e-006	7.82608e-005	0.00337434	0.00041724	0.000651284	0.00113484	1.73311e-005	8.75684e-007	2.43548e-009	6.18794e-010	2.66958e-009	1.5033e-008	7.98159e-010	2.48706e-009	2.16481e-008	2.18954e-007	5.24061e-007	5.38959e-008	4.98127e-007	2.31655e-006	
0	0	0.00265479	0.0336678	0.000258532	5.5225e-006	0.000196324	0.000598301	0.0169967	0.0275574	0.00442419	0.0275575	0.0137182	0.00141718	4.73506e-006	1.54843e-008	1.26868e-005	6.79197e-005	0.000292796	4.72071e-006	3.10564e-005	1.35877e-005	1.62618e-006	1.74322e-009	3.52363e-013	9.57336e-011	5.95038e-010	6.71942e-010	8.15071e-011	2.20579e-011	1.17226e-008	2.48341e-009	5.27515e-010	8.59829e-011	7.71833e-010	
0	0	1.87697e-005	0.000793809	0.00126398	2.98355e-005	1.91582e-006	8.67072e-006	7.36338e-006	0.0620133	0.3558	0.0969949	0.000645222	0.000948376	0.000203685	2.4152e-005	4.95757e-006	1.84572e-006	0.000149491	0.0012271	0.000545987	5.18477e-006	2.03764e-008	1.27341e-006	4.0101e-007	6.25766e-009	2.65658e-010	1.30675e-009	1.21711e-008	1.13626e-008	2.36789e-009	1.9109e-008	1.68851e-008	3.42985e-008	2.35482e-008	
0	0	0	0.000110976	0.122309	0.958589	0.0106702	1.05144e-005	5.13051e-009	9.68222e-005	0.000285337	0.0124268	0.0178942	0.0341465	0.342938	0.033329	1.14437e-005	3.38441e-009	5.90983e-007	8.19817e-006	0.000234057	0.0006313	0.000231754	0.00743258	0.00231964	2.34088e-005	5.80159e-008	1.64078e-011	2.10498e-011	4.06673e-011	3.5562e-011	6.64638e-011	9.35121e-008	3.39012e-009	7.99332e-009	
0	0	0	3.89912e-006	0.000368445	0.0276272	0.728064	0.0427638	0.00011529	1.43691e-006	3.96848e-006	0.000621206	0.00100259	0.00307779	0.0114272	0.117376	0.00443902	6.11322e-005	2.67812e-006	4.30098e-008	1.54355e-006	0.000106953	0.000208682	0.00159673	0.00546904	0.00837419	0.00207099	7.98149e-006	1.30572e-007	5.58893e-010	1.93819e-011	2.15613e-013	1.15147e-010	4.59795e-010	1.44004e-010	
0	0	0	0	1.74426e-005	0.00100421	0.255137	0.902093	0.628139	0.755761	0.561918	0.808846	0.936466	0.955288	0.644996	0.848905	0.993401	0.995414	0.999016	0.997759	0.997753	0.999139	0.999547	0.990967	0.99221	0.991601	0.997929	0.999992	1	1	0.999999	0.999995	0.999996	0.99998	0.99992	


1	0.634544	0.353853	0.0829354	0.00808698	0.000116035	1.34855e-007	1.70992e-011	7.37017e-013	3.32641e-013	2.69575e-015	2.43434e-017	8.40312e-019	8.57419e-021	1.14646e-023	8.4991e-025	1.07558e-026	3.3236e-028	5.38092e-028	1.35607e-028	8.8617e-029	1.57791e-028	4.5589e-029	4.76489e-030	2.47412e-031	4.98934e-031	6.63868e-032	4.19519e-033	4.58426e-034	9.88644e-035	1.47239e-034	9.84598e-036	3.55215e-037	6.35836e-038	8.25317e-039	
0	0.365445	0.645787	0.886657	0.991832	0.999879	0.00413196	5.24089e-008	1.04742e-011	2.94603e-013	7.38646e-017	6.26126e-019	3.07694e-019	6.11742e-020	1.06818e-020	2.94237e-021	7.9611e-025	8.31756e-029	3.87515e-029	3.15909e-030	3.6665e-030	4.47589e-028	4.03946e-027	1.14633e-026	1.87867e-027	8.53546e-027	2.1462e-028	6.73407e-031	3.4846e-033	1.71677e-035	6.67632e-037	3.25902e-037	1.47483e-037	1.69328e-039	4.77623e-040	
0	1.06782e-005	0.000360367	0.0304055	2.61892e-005	1.92755e-007	0.995868	0.999651	0.979518	0.00211662	3.59271e-007	1.00089e-010	6.92613e-014	3.55624e-019	1.93506e-024	1.25262e-020	4.43728e-019	3.27596e-019	1.68799e-021	1.70933e-024	1.13349e-026	1.96209e-029	1.75217e-031	8.2871e-031	1.022e-027	1.69951e-024	6.7879e-024	4.36115e-024	1.08864e-025	6.14546e-028	1.37303e-028	3.13138e-032	2.77892e-038	1.4485e-040	2.35239e-042	
0	0	9.14149e-008	1.60546e-006	5.40708e-005	5.6218e-007	6.8149e-011	1.1089e-006	0.00169746	0.957757	0.941815	0.998411	0.702618	0.0084168	1.28751e-005	2.62376e-008	8.31571e-012	2.93463e-014	6.82653e-014	1.92649e-013	2.01886e-011	2.41854e-011	3.57818e-012	3.00852e-013	1.28062e-015	1.20351e-016	1.4477e-018	1.22786e-020	7.0703e-022	8.76042e-023	5.43064e-023	9.58604e-024	4.56215e-025	6.37995e-027	7.94867e-029	
0	0	1.63153e-009	2.55388e-007	8.75982e-007	3.57203e-010	1.89832e-009	0.000347516	0.0187838	0.0401014	0.0581506	0.00146265	0.00032347	3.51312e-006	1.4009e-007	8.33198e-006	2.965e-006	1.78195e-006	2.19817e-006	1.4765e-006	1.53175e-006	2.32037e-009	6.02422e-012	3.65325e-013	4.38018e-013	3.20754e-012	1.5401e-012	1.66401e-012	2.73526e-012	3.85427e-012	3.11411e-012	7.79917e-013	1.04871e-015	1.43722e-016	6.86204e-018	
0	0	0	7.94268e-010	4.29859e-008	3.92707e-006	1.48857e-009	6.88237e-015	3.30922e-010	1.06816e-005	2.41047e-005	0.000124493	0.297059	0.99155	0.999902	0.0692458	2.78157e-006	5.55055e-012	2.10453e-009	2.22268e-009	1.25932e-007	0.000148676	0.00163758	0.0436842	0.00676056	0.00638594	7.42297e-006	6.44783e-010	1.09832e-013	2.78425e-016	1.37711e-015	1.45541e-015	1.07381e-014	5.62643e-018	2.88935e-019	
0	0	0	8.94566e-014	7.92306e-013	2.11704e-013	2.81703e-008	2.23717e-010	8.28147e-007	1.43123e-005	1.02047e-005	1.57463e-006	1.26886e-007	1.09698e-006	1.47725e-005	0.923324	0.999921	0.99698	0.62565	0.170398	0.112105	0.000278774	1.17763e-006	1.26122e-005	0.00968326	0.388483	0.92905	0.989794	0.967023	0.545494	0.702493	0.072065	4.4339e-005	4.87193e-006	1.76881e-007	
0	0	0	0	6.20644e-013	1.44912e-011	1.6747e-011	7.11128e-014	2.29325e-013	1.09057e-007	5.31073e-008	1.99925e-008	1.29291e-007	2.81948e-005	6.97207e-005	0.00742202	7.36266e-005	0.00301842	0.374348	0.8296	0.887894	0.999573	0.998361	0.956303	0.983556	0.605131	0.0709426	0.0102059	0.0329769	0.454506	0.297507	0.927935	0.999956	0.999995	1	


1	0.936745	0.455278	0.262185	0.751088	0.990904	0.44547	0.706975	0.0908117	0.584196	0.745491	0.0918441	0.632747	0.359548	0.0239093	0.00228891	0.00205636	0.0365485	0.0113517	0.00707248	0.00410155	0.00178862	0.00111747	0.000350455	0.000316567	0.000416384	0.000647867	0.000564439	0.000299188	0.000119621	5.00474e-005	3.00062e-005	4.04299e-006	1.57062e-006	5.74789e-007	
0	0.0632482	0.544714	0.737469	0.248632	0.0090895	0.553682	0.290946	0.906692	0.4069	0.223885	0.536405	0.0805349	0.00828103	8.09295e-005	5.01269e-006	0.00108464	0.16089	0.116845	0.00346644	0.0165629	0.00109504	0.000363442	1.39217e-006	1.72967e-007	4.16514e-005	0.00134665	0.000453555	9.46246e-005	1.28871e-006	9.87054e-005	2.24335e-007	1.75626e-008	1.14498e-009	2.35925e-010	
0	7.2614e-006	8.49483e-006	0.000346014	0.000279128	1.49308e-006	0.000838842	0.0019497	0.00249589	0.00852079	0.0284734	0.371381	0.0035969	0.00011128	6.48341e-008	4.64816e-009	3.63818e-006	0.000767082	0.000330258	0.000248095	0.00164612	7.72795e-006	1.63252e-008	3.55365e-009	3.30676e-010	1.09969e-007	8.02921e-007	1.12253e-006	2.00295e-007	8.64876e-009	5.09792e-008	1.39822e-009	4.97219e-012	1.29016e-012	6.22613e-015	
0	0	5.99085e-009	2.94074e-007	8.65094e-007	2.29586e-006	2.60773e-008	7.48715e-006	1.04408e-008	0.000382613	0.00214889	0.000368374	0.278995	0.106971	0.00212356	2.25766e-006	5.95516e-009	7.46334e-009	1.36415e-007	7.32546e-005	0.000105243	2.20096e-005	5.84739e-008	6.71954e-008	6.90571e-009	2.07663e-011	2.03997e-011	1.8147e-009	8.35176e-010	4.14485e-010	8.8316e-013	1.87959e-009	1.29736e-011	2.24227e-014	1.18686e-015	
0	0	4.81828e-014	4.11155e-010	8.24948e-007	2.78027e-006	7.99895e-006	0.000105369	1.22879e-008	1.88649e-010	1.3943e-006	1.48953e-006	0.00412403	0.525084	0.966794	0.940464	0.419188	0.0133791	8.50856e-006	2.73885e-008	3.02766e-007	0.000202876	0.00018387	0.00211064	0.0379723	0.505703	0.0031057	7.67804e-006	1.09514e-008	8.69893e-012	2.72299e-013	2.15507e-015	1.12718e-011	1.36453e-013	4.81391e-015	
0	0	0	1.95359e-014	4.47455e-013	1.67074e-010	1.2908e-006	1.64076e-005	1.20787e-008	2.23546e-010	4.44793e-009	1.7316e-010	2.95019e-009	1.87707e-006	0.00685232	0.0562588	0.577244	0.0290857	9.32425e-006	1.74704e-008	3.0668e-010	1.51051e-011	3.30423e-008	0.000159788	0.00188406	0.00933083	0.0387969	0.00739897	0.000341047	2.57933e-007	2.9087e-011	2.66362e-014	3.52996e-017	1.00433e-016	1.53568e-017	
0	0	0	7.43126e-019	7.16344e-013	3.47357e-010	4.14752e-009	7.52227e-009	3.21085e-008	1.76783e-007	1.82468e-007	2.72301e-009	5.97149e-010	1.6773e-007	0.000239688	0.000979275	0.000377482	0.739536	0.698669	0.820974	0.104917	3.07924e-005	1.49445e-007	1.10675e-005	0.000255303	2.02197e-005	0.0976398	0.345881	0.588521	0.732898	0.0137162	0.024621	0.000731756	0.000105667	5.86833e-006	
0	0	0	0	9.14735e-017	3.57539e-013	1.84831e-011	1.52234e-009	1.42779e-009	1.07022e-007	1.76947e-007	1.37587e-007	2.30052e-006	1.9783e-006	2.43854e-007	1.69293e-006	4.58531e-005	0.0197936	0.172786	0.168166	0.872667	0.996853	0.998335	0.997367	0.959572	0.484487	0.858462	0.645693	0.410743	0.26698	0.986135	0.975349	0.999264	0.999893	0.999994	


1	0.713404	0.687189	0.93543	0.904241	0.962878	0.918961	0.974211	0.251682	0.254159	0.0342025	0.000170764	0.00017567	0.000357341	0.000131242	2.67733e-006	9.45964e-007	3.5694e-005	2.37871e-005	7.19026e-006	5.3462e-006	3.66805e-005	0.000157045	0.000149364	0.000158822	0.000386187	7.91598e-005	4.23128e-006	4.57858e-007	2.35604e-007	8.41916e-008	1.504e-008	2.18516e-008	9.27742e-009	4.11531e-009	
0	0.286576	0.30508	0.0516858	0.0957428	0.037115	0.0797108	0.0251249	0.685281	0.743246	0.817075	0.0116102	0.000483161	0.000124531	6.55625e-006	1.10335e-007	7.01419e-008	6.34011e-005	0.00016464	0.000237588	0.00190393	0.00124441	0.00147021	0.000156518	1.42112e-005	7.25273e-006	0.00023483	2.951e-005	1.47355e-005	2.72654e-005	1.51181e-005	3.08581e-006	2.23217e-006	4.09436e-007	5.15878e-008	
0	1.92641e-005	0.00773135	0.0128839	1.50057e-005	6.76156e-006	0.00132786	0.000661991	0.0630373	0.00258197	0.148662	0.988166	0.0570829	0.000555575	1.45654e-008	3.47019e-011	7.83931e-009	4.80578e-006	2.22623e-007	8.80528e-007	0.00644787	0.00131786	3.15025e-005	5.01851e-009	9.17477e-010	1.84806e-006	2.59427e-006	3.90583e-008	7.66344e-008	5.72162e-009	1.12221e-005	2.2313e-009	3.06277e-010	1.24827e-010	1.31876e-011	
0	0	9.84457e-011	3.30004e-008	6.6204e-007	3.00889e-010	1.91861e-010	3.33962e-008	4.36324e-008	1.29227e-005	6.036e-005	5.30144e-005	0.144339	0.000971948	8.09779e-008	4.93777e-014	7.35748e-016	1.08337e-011	2.6961e-010	6.5705e-010	1.19139e-008	2.01212e-005	1.03764e-006	1.13317e-010	7.48095e-014	3.72209e-013	1.51736e-011	1.74674e-011	4.5986e-014	6.95199e-013	2.42779e-014	2.47222e-010	3.27785e-014	1.49988e-015	1.32158e-016	
0	0	1.7857e-010	2.32962e-008	1.29952e-007	3.90019e-010	1.89258e-009	1.67329e-006	2.70567e-010	6.94468e-008	4.21856e-008	5.20735e-008	0.79792	0.843368	0.052566	2.03383e-005	4.44573e-008	2.22556e-011	2.7173e-013	7.71867e-012	5.98071e-010	0.000223139	4.25339e-006	1.62609e-007	1.6117e-009	6.39236e-012	2.35013e-013	2.11738e-013	6.52268e-016	1.24133e-013	7.31207e-016	3.74358e-011	7.21586e-014	2.09122e-015	1.80146e-015	
0	0	0	1.41214e-011	6.45501e-010	1.10283e-009	7.04701e-009	1.09976e-007	4.06499e-011	2.03592e-016	1.11895e-012	7.56805e-015	7.94246e-010	0.154623	0.944936	0.997505	0.98737	0.00559653	1.16116e-008	3.73088e-013	4.90191e-015	5.0156e-010	1.74693e-005	0.000116814	0.000269052	0.0210602	1.31941e-006	7.83255e-013	8.18953e-017	3.19653e-021	1.47893e-017	2.15831e-021	8.86522e-015	1.6812e-018	8.93061e-019	
0	0	0	2.21113e-021	2.36882e-015	1.02594e-013	5.20155e-011	5.39173e-010	2.60782e-011	7.13519e-014	1.59301e-016	1.72643e-017	3.01285e-017	1.30679e-010	0.00169297	0.00234077	0.0101212	0.0228433	9.38457e-006	1.57084e-008	1.39803e-010	1.46399e-012	1.15316e-012	1.01774e-006	1.98215e-005	3.92704e-005	0.000195288	8.74517e-007	1.81772e-009	2.41566e-012	2.78692e-016	1.8938e-019	2.35584e-021	1.91231e-018	7.60155e-021	
0	0	0	0	3.95986e-015	4.34215e-013	7.05457e-012	9.80775e-011	3.39098e-010	5.60042e-010	2.086e-010	1.32675e-012	1.13195e-012	1.91504e-012	0.000666813	0.000130639	0.00250743	0.971456	0.999802	0.999754	0.991643	0.997158	0.998318	0.999576	0.999538	0.978505	0.999487	0.999965	0.999985	0.999972	0.999974	0.999997	0.999998	1	1	


1	0.759832	0.751751	0.733207	0.773838	0.666319	0.796077	0.142619	0.0344028	0.0223125	0.00671043	0.00849785	0.0551266	0.0919176	0.210356	0.079899	0.00984649	0.00545198	0.00296881	0.00415596	0.0090091	0.237946	0.768885	0.597592	0.639302	0.393727	0.660649	0.428884	0.223889	0.247117	0.332861	0.352244	0.629278	0.594265	0.379844	
0	0.0178232	0.0121553	0.0453688	0.0244646	0.0234403	0.150416	0.85603	0.957461	0.88496	0.369522	0.22123	0.841029	0.874091	0.658931	0.898503	0.934181	0.95389	0.192175	0.142906	0.0466307	0.345203	0.200884	0.0572254	0.286298	0.580285	0.261516	0.5119	0.241396	0.590272	0.519638	0.624096	0.230472	0.383668	0.618426	
0	0.222345	0.228122	0.188775	0.200364	0.309778	0.0249827	0.00103476	0.00810825	0.0927098	0.623215	0.231313	0.00137555	0.031685	0.128661	0.0204603	0.0550489	0.0396915	0.804483	0.835669	0.729505	0.315821	0.0159827	0.34424	0.0690731	0.0168494	0.0685586	0.052239	0.513416	0.144068	0.126701	0.0146986	0.138257	0.019114	0.00108285	
0	0	5.28643e-005	2.37358e-006	7.74792e-005	0.00018587	1.88031e-006	2.16786e-008	1.81757e-008	4.17411e-006	0.000176045	8.99535e-005	2.19564e-005	4.05808e-008	3.37021e-005	0.000160388	1.0684e-007	6.86731e-006	2.07217e-005	0.0165679	0.00221679	0.000312509	1.31702e-005	4.03547e-005	0.00116977	3.05678e-006	2.80035e-005	9.76922e-006	0.00025902	0.00287414	2.9562e-005	0.000490155	0.000236956	0.00256975	0.000598599	
0	0	0.00791831	0.0326461	0.00125388	0.000275545	0.0285218	0.00012492	2.41937e-005	1.15541e-005	0.000373205	0.538863	0.0188818	0.000264235	7.09704e-005	8.90392e-006	0.00040826	0.0005675	0.000138092	0.000344141	0.211109	0.0979797	0.0137746	7.99832e-006	1.58282e-005	0.00773956	0.00385696	4.84014e-005	4.34918e-005	2.74648e-005	0.00395461	4.33081e-006	2.31345e-006	1.36706e-006	2.33811e-008	
0	0	0	5.07597e-007	2.107e-006	1.95713e-006	2.82573e-007	0.000190796	4.00114e-009	5.45151e-007	1.28054e-007	5.7086e-008	0.0835595	0.00111327	0.00043124	3.94853e-005	4.43849e-008	2.20629e-008	3.57456e-008	1.27187e-005	1.71406e-007	0.00130806	6.70867e-005	0.000306748	0.00324974	7.18816e-006	3.23031e-008	2.09381e-005	1.08795e-007	9.20878e-006	3.65303e-009	0.000881863	8.07509e-005	2.57882e-005	5.83793e-006	
0	0	0	6.53677e-038	2.93707e-013	3.03958e-012	2.84853e-010	1.23986e-011	1.35191e-010	2.24798e-014	5.32442e-010	6.77428e-011	1.30342e-010	3.51944e-006	5.66518e-007	2.58471e-008	1.42383e-009	8.79749e-014	2.39377e-014	1.65341e-012	1.59688e-008	5.84993e-011	7.65797e-009	2.6224e-008	7.20218e-008	5.41265e-007	1.89325e-009	2.97018e-012	8.3855e-010	2.32975e-013	1.19781e-011	1.27966e-014	1.71687e-009	4.34284e-011	2.68737e-011	
0	0	0	0	6.49017e-009	2.03361e-008	3.1379e-007	8.2075e-008	4.21936e-006	1.47398e-006	3.71932e-006	6.94983e-006	5.80681e-006	0.000925179	0.00151528	0.000928452	0.000514778	0.000391942	0.000214357	0.000344598	0.00152921	0.00142894	0.000393401	0.000587674	0.000891469	0.00138786	0.00539116	0.00689866	0.0209964	0.0156324	0.0168157	0.00758484	0.00167316	0.000355861	4.2998e-005	


1	0.995307	0.999405	0.994014	0.984773	0.909598	0.986766	0.983051	0.895647	0.268017	0.0240462	0.0314273	0.316986	0.155245	0.0108514	7.00232e-005	7.77006e-005	0.000189706	8.81559e-005	0.000195498	0.000443814	0.0403666	0.744471	0.427202	0.0768731	0.0124552	0.010264	0.00101975	0.000292051	0.000219384	0.000393416	0.000683293	0.00558331	0.0158439	0.0198568	
0	0.00173405	0.000475761	0.00589453	0.00462578	0.0371185	0.00105994	0.000770137	0.00540766	0.730952	0.972422	0.96049	0.241069	0.0770189	0.00102737	4.79238e-007	7.46762e-008	4.90107e-006	4.64659e-005	0.00149177	0.00386723	0.0073392	0.0132246	0.215695	0.00896517	9.44777e-006	0.000144526	0.000208339	0.000203792	0.0010418	7.83262e-005	0.0025093	0.0117573	0.00868722	0.0033632	
0	0.00295884	0.000106275	8.97959e-005	0.0106007	0.0532824	0.000124777	0.000231076	2.14203e-006	0.000954222	0.00351448	0.00146953	0.0609606	0.00867253	0.00189784	8.1981e-006	8.97e-009	5.21255e-009	2.34694e-008	2.00768e-005	1.82045e-005	0.00518576	0.00166353	0.102909	0.464265	0.000622288	4.35285e-007	2.3068e-007	9.12888e-007	8.3909e-006	3.00369e-007	3.79548e-005	0.00927288	0.0114134	0.010399	
0	0	2.02471e-006	3.82131e-008	1.90475e-007	1.06328e-006	0.00176791	0.00119098	0.000124749	4.39786e-007	1.68842e-005	0.00172134	0.00874841	1.38137e-005	1.23367e-006	2.78578e-007	3.54316e-007	1.06682e-007	7.65565e-010	6.02444e-009	1.96365e-006	3.37765e-005	2.27898e-005	2.29343e-006	0.000699742	0.0016339	0.000421886	9.46896e-006	2.03881e-007	8.32543e-008	1.37888e-006	2.6719e-008	3.56494e-006	0.000597092	0.000669998	
0	0	1.09589e-005	1.6903e-006	9.95624e-008	1.26069e-007	0.0102812	0.0143199	0.0988077	6.56181e-005	7.33605e-007	0.00489187	0.0122104	0.000147575	1.06748e-007	3.96143e-009	1.28485e-006	3.31257e-006	2.19302e-008	1.17672e-010	4.49081e-006	4.16712e-005	0.000203833	6.40772e-008	4.2182e-007	0.0206601	0.0449197	0.000146311	9.92051e-007	4.62692e-010	6.86549e-007	4.01334e-010	1.87658e-009	4.69635e-007	3.35781e-007	
0	0	0	9.40611e-009	2.11242e-009	2.35665e-011	4.32831e-009	0.000436413	1.04843e-005	1.08721e-005	7.72907e-008	1.25139e-007	0.360026	0.731108	0.0070035	4.59321e-008	5.25926e-009	3.01768e-010	5.90447e-011	6.54581e-011	7.47095e-011	0.000104971	3.63472e-005	8.07115e-007	4.11834e-010	4.63713e-010	2.80994e-006	9.92703e-007	4.46709e-010	2.38242e-011	2.5845e-013	6.51157e-011	5.74595e-013	2.06161e-013	1.33272e-011	
0	0	0	2.99383e-015	8.97662e-010	1.6239e-010	9.86773e-010	4.82411e-008	9.69709e-009	8.36636e-011	1.2889e-010	3.65009e-012	4.58193e-008	0.0277944	0.979111	0.998889	0.898205	0.000252329	3.02946e-009	3.84157e-012	2.0576e-014	5.76288e-010	9.5504e-005	0.00674689	0.239976	0.942504	0.000416688	1.03964e-008	4.31419e-011	1.28143e-013	8.76915e-016	3.89759e-016	1.24796e-012	1.75079e-014	6.23081e-015	
0	0	0	0	3.84108e-018	9.98593e-013	4.23609e-011	2.3889e-010	3.98413e-009	1.35127e-009	1.34288e-010	2.05307e-010	1.03191e-010	3.07758e-011	0.000107751	0.00103195	0.101716	0.99955	0.999865	0.998293	0.995664	0.946928	0.240282	0.247444	0.20922	0.0221149	0.94383	0.998615	0.999502	0.99873	0.999526	0.996769	0.973383	0.963458	0.965711	


