E:\Google Drive\Progetti\MSR Action3D\Real\a18_s09_e02_skeleton3D.txt
18
TRUE
-878.796
-862.661
-776.157
-875.6
-828.226
-812.122
-849.698
-864.848
-878.93
-897.175
-881.501
-811.662
-909.759
-913.419
-902.158
-841.151
-773.4
-721.225
-862.874
-783.415

31
20
1	0.894352	0.825956	0.720475	0.793761	0.496031	0.513539	0.475391	0.292612	0.203271	0.0576111	0.00297526	4.31558e-005	8.50294e-007	1.59963e-011	9.98999e-017	1.72622e-021	3.54726e-023	2.86452e-025	1.76043e-025	6.46619e-026	7.70347e-026	1.42078e-025	2.2425e-025	3.09151e-025	2.75548e-025	3.41528e-025	5.87652e-025	3.34665e-024	1.90762e-023	1.3057e-023	1.41616e-023	
0	0.094427	0.0873474	0.06744	0.09056	0.414048	0.387937	0.428314	0.525092	0.440888	0.51376	0.0789081	0.00392982	0.000147073	1.17236e-008	2.79485e-013	8.16558e-018	2.18049e-019	2.29482e-021	2.31785e-021	2.05603e-021	3.05445e-021	6.4722e-021	1.0138e-020	9.52142e-021	3.54049e-021	1.95052e-021	8.67698e-022	9.24574e-021	4.89495e-020	9.47199e-020	4.99972e-019	
0	0.0112213	0.0103684	0.00786474	0.0319806	0.066027	0.0324382	0.0614512	0.0482016	0.0393333	0.0512536	0.0325355	0.00894934	0.000900391	1.41518e-007	8.35968e-012	4.06885e-016	4.62617e-018	3.66646e-020	8.86203e-021	6.64924e-021	5.12775e-021	4.73004e-021	2.38101e-021	1.11435e-021	2.06049e-021	6.22833e-022	1.13948e-021	3.7849e-021	5.27322e-020	4.49246e-020	1.09718e-019	
0	0	0.0747823	0.202845	0.0776578	0.0205522	0.0647234	0.0326923	0.118616	0.26875	0.127291	0.0180051	0.000203168	3.75745e-005	1.43242e-007	1.0138e-011	2.35255e-015	5.07641e-017	3.98504e-020	4.71817e-021	1.28215e-021	1.60397e-020	1.71416e-019	2.46413e-020	3.75582e-021	1.63093e-022	1.69613e-022	1.00529e-022	2.52487e-021	2.16291e-020	4.92037e-021	7.13539e-020	
0	0	0.00154618	0.00129901	0.005485	0.00205572	0.00108956	0.00173467	0.00615407	0.00626812	0.156584	0.852742	0.861485	0.734673	0.177876	0.000710758	2.0655e-008	3.02102e-012	3.49519e-017	1.13253e-018	5.14725e-020	5.03033e-019	3.02221e-017	1.72998e-018	5.73308e-021	8.8773e-024	2.41667e-023	7.88747e-025	1.35702e-022	3.18695e-022	1.0372e-023	1.07064e-021	
0	0	0	7.6076e-005	0.000555503	0.00128094	0.000264849	0.00041434	0.00931737	0.0405716	0.0908548	0.0138365	0.125343	0.263955	0.815309	0.977784	0.21557	0.0284222	0.00278285	7.09443e-006	6.82781e-009	2.74424e-011	5.11841e-012	6.09549e-013	4.8075e-016	3.12149e-019	1.64744e-022	1.06627e-025	4.62858e-024	1.19603e-022	1.20123e-023	5.2295e-023	
0	0	0	5.93308e-014	6.30672e-009	2.26434e-007	3.14269e-007	9.34388e-008	3.57003e-006	0.000508702	0.00118922	0.000326694	1.67889e-005	0.000186405	0.00560597	0.0200268	0.748734	0.926295	0.970014	0.637123	0.120468	0.0271473	0.0173552	0.0971594	0.000203871	8.29185e-008	1.00636e-011	7.21058e-015	1.45337e-016	3.87934e-018	1.61914e-020	7.53564e-023	
0	0	0	0	4.6468e-007	4.92105e-006	7.25081e-006	3.21989e-006	3.17358e-006	0.000409615	0.00145719	0.00067072	2.90446e-005	9.89546e-005	0.00120853	0.00147811	0.0356965	0.0452831	0.0272036	0.36287	0.879532	0.972853	0.982645	0.902841	0.999796	1	1	1	1	1	1	1	


1	0.717061	0.149128	0.16078	0.102909	0.0253353	0.0341727	0.015545	0.0048925	0.000479097	4.55847e-006	3.52625e-008	3.62337e-010	4.67573e-011	8.0207e-013	4.04507e-014	5.08213e-015	1.33624e-016	7.52345e-018	6.84313e-019	9.41259e-021	3.99448e-023	1.77508e-025	1.30074e-026	1.57048e-026	1.03503e-027	1.86428e-028	1.72101e-029	3.47107e-031	7.51686e-032	2.18002e-033	3.06433e-033	
0	0.00101842	0.000121503	0.000312701	2.83323e-006	6.01629e-008	3.16277e-006	1.07779e-006	5.18067e-006	1.76939e-007	5.66283e-011	4.97707e-012	2.90837e-014	1.34408e-014	4.36296e-017	4.5105e-017	7.4956e-018	4.93541e-018	1.03064e-018	5.00285e-021	9.06921e-024	3.54505e-024	8.58533e-025	1.23054e-026	8.07735e-028	1.0908e-031	1.37962e-032	2.67389e-033	8.68587e-038	3.34581e-037	2.48644e-039	5.13336e-036	
0	0.28192	0.850625	0.838318	0.896861	0.972204	0.96434	0.983158	0.940645	0.937155	0.963808	0.991396	0.989453	0.987297	0.909053	0.64039	0.0414521	0.00106301	1.31044e-005	5.10313e-007	8.49389e-008	1.71721e-008	1.5342e-009	2.21877e-010	3.84622e-011	7.60554e-013	6.76739e-014	2.01558e-015	1.38637e-016	5.81813e-017	1.70916e-018	5.12333e-018	
0	0	0.000123881	0.000580934	0.000224649	0.00246047	0.00147823	0.00129458	0.0544453	0.0613512	0.035892	0.00837422	0.0105037	0.0122966	0.0908361	0.358301	0.950429	0.879494	0.07596	4.89632e-005	1.48662e-007	3.8325e-011	2.76598e-012	1.66259e-012	1.16448e-014	6.12559e-016	3.61245e-017	1.2821e-018	1.43712e-018	1.79876e-019	2.03578e-020	3.08452e-020	
0	0	2.26016e-006	8.30533e-006	2.50337e-006	4.2804e-007	6.24555e-006	1.60236e-006	1.20394e-005	0.00100909	0.000269571	0.000225643	4.28206e-005	0.000406312	0.000110319	0.00130828	0.00805151	0.119411	0.923303	0.99363	0.98033	0.999359	0.999902	0.890622	0.014001	1.29936e-006	3.02664e-010	1.1942e-013	1.75207e-017	8.48382e-020	1.30772e-023	6.03854e-022	
0	0	0	1.63972e-007	2.17195e-007	1.36437e-007	1.48942e-008	8.85642e-008	1.64239e-007	5.27684e-006	2.55364e-005	3.13292e-006	2.45262e-007	8.66284e-008	1.40921e-007	2.35061e-007	6.72269e-005	3.2067e-005	0.000723423	0.00628594	0.0158673	0.000460244	9.70335e-005	0.109377	0.975555	0.95615	0.617293	0.568745	0.0010671	7.27166e-005	3.7485e-006	9.31232e-008	
0	0	0	4.1765e-011	1.72099e-008	3.6454e-008	5.63024e-008	7.50446e-008	9.61507e-008	5.93656e-008	1.41097e-007	7.99407e-007	1.00168e-008	3.44103e-010	8.29344e-010	2.67486e-010	2.81204e-009	1.32041e-007	8.73866e-008	3.47319e-005	0.00380139	0.00016701	4.27497e-007	7.22917e-007	0.0103791	0.0434894	0.379635	0.419863	0.987867	0.845797	0.915982	0.474495	
0	0	0	0	1.16154e-010	3.0837e-009	6.60937e-009	2.3422e-008	4.90886e-008	1.08803e-007	7.68706e-008	3.08111e-008	1.27124e-008	1.16871e-009	8.24766e-012	2.35246e-012	1.10709e-012	2.51469e-010	1.33524e-010	4.41115e-009	1.08018e-006	1.415e-005	1.42053e-007	5.27449e-008	6.48729e-005	0.000359469	0.00307194	0.0113915	0.0110661	0.154131	0.0840145	0.525505	


1	0.998967	0.863877	0.633245	0.170445	0.119088	0.0431806	0.00485087	6.43752e-008	2.11923e-010	3.68399e-012	1.40499e-013	1.62901e-016	7.16094e-019	9.1948e-023	6.70982e-027	5.01263e-031	3.46592e-034	6.60086e-038	2.98057e-041	5.96719e-045	3.97377e-047	1.36413e-049	1.40959e-052	3.29491e-053	6.13882e-055	1.32297e-056	8.19868e-058	9.17823e-058	6.71473e-058	1.02224e-058	4.30644e-059	
0	0.00103265	0.136123	0.36675	0.828332	0.870182	0.955334	0.994672	0.997535	0.99771	0.431879	0.496307	0.00210744	4.62624e-005	1.17887e-008	2.45371e-013	5.55029e-018	2.96426e-022	1.52617e-027	7.6643e-034	4.95716e-040	6.71733e-045	4.75364e-049	6.84546e-054	3.46414e-056	1.79615e-057	3.16725e-058	2.10894e-060	2.76455e-059	7.13491e-060	9.35752e-062	1.03592e-062	
0	4.56289e-008	4.9962e-007	4.65971e-006	0.00122331	0.0107293	0.00148519	0.000476929	0.00246446	0.00228964	0.56812	0.503562	0.996692	0.996122	0.982072	0.94186	0.00387559	2.89574e-006	6.73645e-009	3.03987e-016	3.31428e-022	2.94527e-028	1.44062e-033	5.55325e-039	3.1529e-043	1.09521e-047	7.9304e-053	2.08143e-058	2.23402e-059	7.13705e-060	5.48685e-061	2.15046e-061	
0	0	1.34936e-012	2.28637e-010	9.11516e-010	4.44208e-007	4.30455e-007	5.00191e-008	1.84236e-008	1.63428e-008	1.02653e-006	0.000130582	0.00120024	0.00383156	0.0179283	0.0581404	0.996124	0.999387	0.939005	0.00025156	6.14841e-008	5.4805e-013	2.58478e-017	3.00913e-022	1.39911e-026	1.53953e-030	8.14737e-036	2.06784e-039	1.04756e-041	2.78305e-043	4.3656e-044	2.14463e-044	
0	0	1.97777e-017	9.31988e-017	1.56932e-015	6.75901e-014	5.35693e-012	2.55629e-012	1.49392e-016	1.21166e-014	1.29681e-013	8.21865e-011	3.21954e-010	1.18797e-008	5.32045e-009	2.11949e-009	3.53836e-007	0.000602082	0.0607188	0.999253	0.999968	0.998144	0.983599	0.0143705	1.92269e-006	1.19261e-012	4.97368e-018	5.55869e-023	1.51388e-025	5.79429e-029	8.2617e-033	1.98479e-035	
0	0	0	4.18961e-014	8.35014e-013	8.03091e-013	3.45814e-010	3.43029e-011	2.2223e-015	9.34497e-013	9.62785e-014	5.24635e-012	5.89449e-012	3.33523e-009	1.27397e-011	2.52787e-010	5.95538e-008	7.74491e-006	0.000276609	0.000495756	3.1396e-005	0.00185565	0.0164005	0.985625	0.71888	0.00289863	6.05606e-006	2.66359e-008	7.25403e-012	2.23923e-014	3.68879e-018	8.00764e-022	
0	0	0	2.99912e-024	5.19803e-015	7.27975e-014	5.03581e-014	5.39851e-012	3.37076e-016	1.42222e-018	2.605e-016	4.14985e-017	9.29585e-018	2.79066e-017	2.52598e-015	7.46055e-018	4.74528e-015	3.60833e-012	1.82923e-009	1.6687e-007	2.21585e-007	2.15513e-009	4.96175e-008	4.44376e-006	0.279384	0.994768	0.99318	0.994194	0.24073	0.0360254	0.0551067	0.000287158	
0	0	0	0	1.21816e-016	6.99368e-015	9.95218e-015	5.23527e-013	8.07236e-017	5.07529e-019	1.22915e-015	4.36563e-016	8.5606e-016	2.56094e-015	2.13291e-012	2.41015e-014	2.47688e-014	5.54524e-012	4.65237e-010	5.07424e-009	1.68383e-008	2.8472e-009	2.37331e-007	1.98658e-007	0.00173423	0.0023329	0.0068139	0.0058063	0.75927	0.963975	0.944893	0.999713	


1	0.399267	0.0173828	0.00121024	0.000268092	0.0024645	0.00185801	0.000615056	2.49084e-005	9.39999e-007	2.41534e-007	3.50184e-008	2.74495e-009	2.47324e-010	3.60302e-014	2.06962e-018	1.57422e-022	7.16591e-025	4.65265e-027	4.10181e-027	3.90343e-028	6.56247e-028	1.26813e-028	9.10571e-029	4.23086e-028	7.48091e-028	4.21824e-028	5.20964e-028	6.51094e-028	1.06493e-027	7.42108e-029	2.27796e-029	
0	0.528864	0.143402	0.039851	0.00202417	0.00684719	0.00167892	0.000500786	1.5767e-005	5.22641e-006	1.58774e-006	6.61492e-007	8.65214e-008	1.13273e-008	1.1201e-012	3.49046e-017	6.84025e-021	7.98107e-023	3.9346e-025	5.50366e-025	2.02031e-025	2.0143e-025	9.08257e-026	1.77536e-026	9.52682e-026	4.13145e-026	2.66907e-026	2.27488e-026	1.96733e-026	8.66457e-026	8.39545e-027	5.19679e-027	
0	0.0718695	0.814423	0.509676	0.133244	0.475057	0.488481	0.39042	0.0945758	0.00483535	0.00566352	0.0248309	0.00957302	0.00323097	0.000133583	2.20163e-007	2.56958e-011	5.48629e-015	8.7202e-020	4.71907e-021	4.4874e-023	2.58441e-021	1.29158e-019	6.62457e-021	8.83393e-022	2.32853e-024	6.73493e-026	2.25503e-027	1.40676e-026	8.45568e-027	5.48795e-030	2.88647e-028	
0	0	0.0247913	0.449044	0.799649	0.381214	0.482222	0.580183	0.555007	0.910491	0.686428	0.758749	0.463926	0.761278	0.0463831	0.000458493	1.99213e-006	9.19861e-009	9.2513e-012	3.29574e-014	2.2474e-017	7.72644e-018	2.16273e-017	2.54938e-018	3.64305e-019	2.05128e-021	1.16949e-022	1.39895e-024	7.39066e-026	1.44267e-026	3.31701e-031	4.43955e-031	
0	0	3.59511e-007	0.000218155	0.0647892	0.132518	0.0241205	0.0275383	0.349099	0.0381905	0.26495	0.153005	0.435224	0.131109	0.916701	0.973089	0.0239396	4.94811e-005	3.72282e-008	1.22314e-011	9.61422e-016	1.15862e-017	3.84581e-018	7.39135e-019	5.53907e-021	4.68489e-022	2.01537e-024	2.68668e-025	5.43809e-026	1.54932e-026	6.04179e-031	9.89211e-035	
0	0	0	1.16967e-006	2.486e-005	0.00184132	0.00159956	0.000721166	0.00106238	0.045267	0.0404131	0.0594732	0.0887541	0.102743	0.0363368	0.0259613	0.71905	0.948569	0.975535	0.550996	0.107929	0.247943	0.957216	0.977149	0.252804	0.0119929	0.000464107	8.76829e-005	9.1075e-006	5.64253e-006	1.47465e-008	3.63929e-010	
0	0	0	2.34551e-010	1.2994e-007	5.69899e-005	3.42146e-005	1.5367e-005	0.000214904	0.0011647	0.00016827	0.000230385	0.00036907	0.000193928	8.43087e-005	0.000458543	0.256355	0.0427094	0.00511109	0.000103552	1.30688e-005	0.000140916	0.000361714	0.000109158	0.0418828	0.000640097	2.4552e-005	3.72074e-006	8.8879e-009	6.31351e-009	1.76865e-010	3.98655e-011	
0	0	0	0	1.21134e-009	1.42531e-006	5.88072e-006	6.56384e-006	4.53213e-007	4.4923e-005	0.00237611	0.00371106	0.00215397	0.00144556	0.000361427	3.28431e-005	0.000653464	0.00867253	0.0193535	0.4489	0.892058	0.751916	0.0424227	0.0227414	0.705313	0.987367	0.999511	0.999909	0.999991	0.999994	1	1	


1	0.65421	0.0979465	0.00731204	0.000818853	0.000733197	0.00015675	4.70147e-005	5.86688e-006	2.48473e-006	2.48408e-007	2.20087e-008	4.67091e-011	8.35529e-014	3.65113e-019	7.84214e-025	1.50694e-029	4.88739e-033	1.3799e-037	9.41207e-039	8.86064e-039	8.17447e-038	2.46396e-038	3.18042e-040	2.56301e-041	4.48681e-042	1.08019e-043	9.11591e-045	6.80427e-045	1.55919e-044	5.01169e-045	2.6617e-045	
0	0.305409	0.0186992	0.00248686	0.00540503	0.000417605	0.000134155	2.66518e-005	9.06889e-007	6.33846e-008	4.54195e-009	1.40533e-010	5.97928e-013	2.98541e-015	9.55278e-021	7.62567e-026	1.50911e-029	1.66958e-032	1.00929e-036	4.13141e-038	2.45641e-038	1.39837e-038	1.20903e-039	1.16339e-040	1.58842e-040	2.1913e-039	1.20023e-039	2.07156e-039	2.04279e-040	4.61294e-040	3.35135e-040	2.87442e-041	
0	0.0403805	0.883351	0.990188	0.992277	0.997212	0.999209	0.999192	0.987047	0.99349	0.867361	0.922632	0.00326402	1.1946e-005	2.12569e-008	8.24424e-012	4.96132e-015	2.7706e-019	9.91102e-026	1.36415e-028	2.70641e-030	2.34333e-029	4.65812e-029	1.09629e-031	5.33302e-034	2.70448e-036	2.18238e-038	1.17833e-040	7.11524e-040	3.71928e-040	5.07595e-042	6.05495e-042	
0	0	3.16286e-006	1.29124e-005	0.00149915	0.00163753	0.0004997	0.00073434	0.0129464	0.00650659	0.132638	0.0773678	0.996735	0.999963	0.999989	0.999933	0.143485	0.00190815	7.17662e-007	3.54156e-011	3.72053e-013	1.63962e-014	5.30142e-015	5.80354e-019	4.54405e-024	9.66164e-028	1.92542e-032	4.15938e-037	1.54054e-038	1.50282e-038	8.20196e-041	1.20735e-041	
0	0	2.11464e-024	6.28512e-012	4.68193e-012	3.77724e-010	2.5612e-009	3.32818e-009	7.51915e-009	8.80568e-007	1.48588e-008	2.08282e-007	6.66075e-007	2.53731e-005	1.12386e-005	6.71298e-005	0.856468	0.997615	0.997	0.759413	0.584796	0.216578	0.914622	0.0335239	2.04231e-006	1.05136e-011	2.21244e-018	1.16764e-022	4.55973e-028	1.09557e-031	2.24271e-036	1.14733e-038	
0	0	0	3.89493e-012	5.71748e-012	4.27781e-010	1.05092e-010	3.42651e-011	2.50694e-010	2.98587e-007	3.06716e-009	6.97167e-009	1.51746e-010	8.54678e-009	2.56524e-010	2.49893e-009	4.64403e-005	0.000476657	0.00299928	0.240489	0.320023	0.155416	0.00467681	0.965773	0.952238	0.190608	0.000834791	5.40215e-005	9.02027e-010	9.02408e-013	1.97384e-015	4.46263e-019	
0	0	0	1.48779e-031	7.35367e-013	6.87767e-013	6.45259e-011	3.36116e-011	2.15039e-011	5.85974e-012	9.03377e-010	1.16876e-011	6.88828e-014	1.81864e-015	1.35125e-013	1.49061e-015	1.21635e-012	4.1873e-009	5.68192e-009	9.13784e-005	0.0888453	0.57819	0.0475389	0.000137194	0.0473793	0.803607	0.994171	0.964854	0.88238	0.510624	0.261196	0.0088986	
0	0	0	0	9.42357e-016	1.88217e-014	1.55307e-013	1.20298e-012	2.5383e-013	4.23371e-013	1.30507e-010	1.39999e-011	8.06041e-013	1.94936e-014	6.93091e-013	2.345e-014	4.74591e-012	5.41246e-009	4.36516e-009	6.9857e-006	0.0063353	0.0498161	0.0331621	0.00056598	0.000380467	0.00578469	0.0049942	0.0350922	0.11762	0.489376	0.738804	0.991101	


1	0.216436	0.0107778	0.00016887	1.12943e-005	5.74644e-006	1.10126e-006	9.12064e-008	1.10366e-009	3.59589e-012	1.9657e-014	1.31686e-016	1.61147e-019	1.63162e-021	1.64134e-028	7.17669e-035	1.85488e-040	4.6098e-044	1.80215e-048	3.34557e-050	1.11101e-051	8.46635e-052	8.12957e-052	2.70126e-052	6.85784e-053	1.39888e-053	5.49384e-054	9.45013e-055	6.47734e-054	1.80272e-053	1.96191e-054	3.20617e-054	
0	0.781067	0.483511	0.0737905	0.00509783	0.0124979	0.00291724	0.000425088	1.34574e-005	4.13275e-007	6.39265e-009	9.42043e-011	1.12592e-014	6.48321e-018	4.78922e-024	1.45554e-029	7.80256e-034	3.27665e-038	1.58885e-043	4.13836e-045	7.8526e-047	4.42364e-046	1.77869e-046	1.20372e-046	1.63615e-046	1.63889e-047	5.38951e-048	3.97483e-049	3.4159e-049	3.13117e-050	2.54535e-051	4.27642e-051	
0	0.00249674	0.505022	0.925487	0.934782	0.798136	0.994441	0.985525	0.631269	0.196193	0.00417102	0.000493781	3.45783e-007	3.24468e-009	2.5101e-014	2.23101e-019	5.77271e-024	3.39319e-029	2.4422e-036	2.93333e-040	1.027e-043	2.83024e-044	3.57083e-044	5.65398e-045	5.52661e-047	1.53673e-048	4.90118e-049	1.7012e-049	4.50925e-049	3.97323e-049	5.64014e-053	5.82275e-055	
0	0	0.00068846	0.00055358	0.0589864	0.178453	0.00217463	0.0139752	0.0836721	0.774253	0.641559	0.268437	0.0069932	0.000134717	3.37762e-009	5.32427e-013	1.14051e-016	1.884e-021	1.76076e-026	1.09582e-031	1.53221e-034	7.45282e-038	6.87189e-041	5.48198e-042	5.10708e-044	3.50113e-046	2.39179e-048	2.63e-051	2.02548e-049	4.94787e-049	7.56644e-051	2.89059e-053	
0	0	9.35445e-009	8.68939e-008	0.00112278	0.0108294	0.000424523	7.39571e-005	0.277086	0.02932	0.346355	0.699274	0.847236	0.770171	0.000214275	3.2798e-008	2.36008e-013	1.24032e-018	7.81377e-024	1.3238e-030	1.46522e-034	6.08392e-038	5.88766e-041	3.05935e-044	7.38677e-046	2.33942e-048	1.82795e-050	1.38539e-054	1.43234e-051	9.68671e-050	7.67975e-051	3.57834e-050	
0	0	0	2.30394e-010	8.60334e-009	7.82405e-005	4.17796e-005	4.88705e-007	0.0079593	0.000233565	0.00791489	0.0317956	0.145769	0.229642	0.999785	0.999968	0.0384884	9.63785e-006	1.3543e-010	2.70249e-015	1.24832e-018	1.50771e-021	5.64035e-023	7.01859e-026	1.57447e-031	7.97892e-036	3.11982e-040	3.4797e-044	8.34055e-044	6.14525e-044	1.04171e-046	1.36481e-048	
0	0	0	3.84439e-027	6.69979e-017	1.25763e-014	5.4827e-010	6.44758e-010	1.91804e-012	4.26474e-007	7.44948e-010	6.44578e-008	6.16656e-007	5.12154e-005	4.6852e-007	3.22569e-005	0.961482	0.999566	0.999718	0.939833	0.575614	0.468094	0.646408	0.169579	6.89738e-005	3.78686e-009	6.05705e-014	6.38168e-017	8.61188e-020	7.90379e-022	1.72279e-025	4.93096e-027	
0	0	0	0	3.17609e-015	1.51573e-012	1.52218e-009	1.40663e-009	1.07273e-011	1.70897e-007	3.53223e-009	6.90551e-008	2.79116e-008	3.4361e-007	4.47502e-009	1.04486e-007	2.92416e-005	0.000424513	0.000282401	0.0601673	0.424386	0.531906	0.353592	0.830421	0.999931	1	1	1	1	1	1	1	


1	0.98702	0.559764	0.642363	0.773587	0.919516	0.953392	0.939723	0.813738	0.515382	0.218691	0.0311075	0.00147187	5.60691e-005	2.9788e-009	7.88221e-014	1.22141e-019	3.18731e-023	5.80276e-027	3.58298e-028	3.30945e-029	4.09025e-030	1.75384e-031	8.98651e-033	6.64341e-033	2.6915e-034	2.33309e-036	5.15598e-038	2.13526e-038	1.72265e-038	1.84535e-039	4.45006e-039	
0	0.0129801	0.440225	0.356239	0.216963	0.0655851	0.0449203	0.0592674	0.107981	0.166741	0.309522	0.851547	0.425951	0.167037	0.0157564	8.37033e-005	9.22241e-010	6.9003e-015	4.51811e-021	1.02967e-023	7.52202e-026	2.89666e-026	7.30861e-027	8.64292e-029	8.59779e-031	5.37112e-034	6.42755e-037	9.8384e-040	1.416e-039	9.98014e-040	1.4721e-042	2.85483e-041	
0	5.99223e-008	1.09385e-005	0.00139838	0.00945005	0.014889	0.00168302	0.00100914	0.0782681	0.314975	0.470364	0.11707	0.572383	0.832226	0.981849	0.994014	0.0037513	8.82185e-007	6.65461e-010	6.2302e-014	4.63775e-018	3.32099e-022	2.27631e-025	1.85938e-027	7.53486e-031	1.74912e-034	6.98258e-039	3.74172e-042	5.72994e-042	2.27695e-041	1.15939e-043	7.83066e-045	
0	0	1.35926e-012	1.19066e-009	6.37952e-008	1.03296e-005	4.66296e-006	8.08275e-007	1.25918e-005	0.00290148	0.00140473	0.000268034	0.000193378	0.00068086	0.00238983	0.00590081	0.996248	0.998822	0.971104	0.130445	0.0143313	1.70468e-005	2.23806e-008	2.58933e-010	1.43461e-012	4.97039e-016	1.03079e-020	2.92295e-024	7.43545e-027	7.47004e-029	4.8393e-030	1.80613e-030	
0	0	7.44901e-019	2.5521e-015	1.28696e-012	1.25214e-010	3.77768e-008	1.07092e-008	7.58375e-008	5.02709e-007	1.79176e-005	7.21413e-006	1.91536e-007	2.43302e-007	4.3863e-006	1.76233e-006	5.40339e-007	0.00117668	0.0288941	0.868905	0.976303	0.946523	0.991516	0.488731	6.73507e-005	1.22795e-010	3.12332e-016	7.27355e-022	2.83812e-024	2.23341e-027	3.3827e-032	1.19429e-033	
0	0	0	8.82455e-021	5.34793e-018	3.8568e-016	1.00701e-014	8.86332e-012	2.13228e-011	1.44371e-009	3.93167e-009	1.9459e-008	2.51406e-009	3.90104e-011	1.74193e-012	2.94927e-010	1.97889e-009	2.88445e-009	2.35968e-006	0.000649307	0.00926941	0.053313	0.00828232	0.50968	0.395984	0.00160278	1.4439e-007	1.38816e-010	6.14501e-016	3.2132e-019	5.36747e-023	2.15335e-025	
0	0	0	3.30611e-025	7.35015e-021	3.5802e-018	1.67685e-016	1.94971e-014	1.67151e-011	1.10488e-010	1.18291e-010	7.52956e-011	2.25452e-012	1.45024e-013	2.04438e-015	4.44187e-017	1.43752e-014	3.7683e-014	1.44876e-013	3.41775e-007	9.66436e-005	0.000145594	0.000201688	0.00158739	0.603752	0.989007	0.994845	0.990475	0.609024	0.0898258	0.0214529	0.000109927	
0	0	0	0	1.02485e-025	2.16566e-021	7.20881e-019	4.57683e-017	5.98224e-015	5.77104e-012	1.72542e-011	8.12216e-012	4.54762e-013	9.40976e-015	9.43424e-017	3.95153e-019	2.28862e-019	3.38199e-018	7.43472e-018	1.34332e-012	1.79518e-008	1.04796e-006	3.69375e-007	1.98263e-006	0.000196753	0.00939067	0.00515476	0.00952484	0.390976	0.910174	0.978547	0.99989	


1	0.998594	0.94147	0.9909	0.995731	0.986394	0.989456	0.963245	0.922225	0.845605	0.255516	0.00487257	0.00011558	1.22163e-005	1.31898e-009	5.02259e-013	3.52084e-017	1.27598e-019	1.15926e-022	4.63349e-024	3.70447e-025	4.1344e-027	2.67034e-030	2.8474e-032	1.22395e-032	1.41604e-033	1.9814e-034	1.8162e-035	3.06976e-035	9.94026e-035	3.14803e-035	1.50071e-034	
0	0.00140609	0.0585245	0.00765928	0.00415003	0.0135944	0.00968456	0.0367279	0.0715143	0.128962	0.740412	0.994782	0.999102	0.826133	0.810612	0.127222	6.80275e-005	1.90917e-008	2.78571e-014	5.27996e-018	1.39382e-019	1.71078e-021	5.35194e-024	1.74003e-028	1.07528e-032	6.23653e-037	9.47896e-037	9.72129e-039	2.6103e-035	3.14587e-035	8.26594e-038	3.94119e-036	
0	7.0525e-009	5.801e-006	0.00144094	0.000118078	1.10056e-005	0.000859384	2.42099e-005	0.00625734	0.0226871	0.00390791	0.000345119	0.000781589	0.173841	0.183527	0.405275	0.00358116	4.23376e-005	2.3966e-007	4.66409e-011	1.37986e-015	2.53938e-020	3.27243e-024	1.81306e-026	5.74959e-031	3.2136e-036	1.41783e-040	1.19743e-042	7.56045e-041	5.91948e-038	1.86744e-040	1.26631e-040	
0	0	6.36084e-011	2.88057e-008	7.19945e-007	8.81636e-007	3.55414e-008	2.6273e-006	3.29753e-006	0.0027276	0.000152845	3.91594e-007	7.16495e-007	1.2817e-005	0.00585756	0.467228	0.282624	0.0128716	0.00384092	1.66393e-005	8.1879e-009	1.00308e-013	6.52733e-019	3.95729e-020	1.64207e-023	1.16263e-028	5.17866e-035	4.28192e-040	6.94789e-043	4.89512e-041	1.59226e-041	9.37778e-043	
0	0	6.39938e-014	2.59101e-010	4.60106e-009	1.04174e-009	8.24029e-011	6.90582e-009	2.49175e-009	1.75215e-005	8.6541e-006	1.04434e-007	3.37417e-008	5.88201e-007	3.4028e-006	0.000274362	0.713726	0.986598	0.996063	0.888961	0.953178	0.0064463	1.61985e-006	4.57108e-008	3.09629e-009	5.34997e-012	2.96248e-016	1.22291e-018	2.19805e-023	3.15913e-025	8.96983e-028	2.51921e-028	
0	0	0	5.15987e-014	1.2741e-011	3.58107e-011	1.77747e-010	9.7207e-012	8.53412e-009	4.60462e-009	6.10566e-007	1.30667e-007	3.22655e-010	6.91143e-010	7.12004e-009	1.52838e-008	5.35965e-007	0.000487725	9.60496e-005	0.11102	0.0466842	0.993536	0.999954	0.15149	0.00113869	1.21361e-006	3.48513e-008	2.35899e-010	3.06424e-012	2.22603e-014	5.26648e-019	2.20691e-021	
0	0	0	2.77996e-016	2.77212e-013	1.74597e-011	8.51558e-012	4.73124e-011	1.90954e-009	7.08348e-007	1.52945e-006	3.61141e-008	6.75524e-011	4.72668e-013	5.73747e-013	6.16118e-011	5.52185e-009	1.38144e-007	2.34728e-007	2.9763e-006	9.63737e-005	1.60732e-005	4.42373e-005	0.848478	0.151223	0.00551559	0.000147943	2.50752e-006	2.76254e-007	8.77157e-008	1.67009e-010	6.34115e-015	
0	0	0	0	7.29635e-017	5.91965e-014	4.79168e-012	6.12296e-012	1.63521e-011	5.49619e-009	1.39817e-007	2.48687e-008	8.90162e-011	1.59729e-012	4.35356e-014	4.85189e-013	1.35147e-011	3.83876e-011	3.20781e-009	3.77347e-008	4.09755e-005	1.29052e-006	1.62185e-007	3.18465e-005	0.847638	0.994483	0.999852	0.999997	1	1	1	1	


1	0.999481	0.983194	0.988194	0.988752	0.990025	0.989572	0.994256	0.914686	0.756876	0.374865	0.105381	0.0266128	0.00303611	1.5597e-006	1.84581e-009	4.59295e-013	1.01587e-014	1.32299e-016	1.27119e-017	1.28267e-018	1.99876e-018	4.13176e-019	1.84823e-020	3.76794e-021	2.11036e-022	9.61422e-024	3.1463e-025	6.67809e-025	2.0731e-024	1.19178e-024	2.43753e-023	
0	0.000518582	0.0167981	0.0105861	0.0108783	0.00958971	0.00981749	0.00541502	0.0813115	0.158728	0.59604	0.883879	0.961456	0.970371	0.96747	0.293962	0.00268093	9.35737e-005	3.18063e-007	9.49176e-010	6.17749e-012	4.63673e-012	4.88143e-012	7.1725e-014	9.93689e-018	2.35729e-022	8.86909e-026	1.46943e-029	2.86674e-026	8.01608e-027	4.35854e-028	1.57361e-025	
0	5.22745e-007	8.10559e-006	0.00122007	0.000366074	0.000379507	0.000606369	0.000324302	0.00397484	0.0841425	0.0269129	0.0104132	0.0118484	0.0265385	0.0322111	0.705011	0.0831785	0.00682256	0.00640494	0.000328885	5.47348e-007	5.89887e-008	9.93137e-009	3.15249e-008	4.92984e-010	8.20323e-014	1.59833e-018	1.04181e-022	4.737e-025	9.24239e-027	1.41721e-029	5.86782e-029	
0	0	4.87462e-010	1.61341e-008	3.34178e-006	5.85512e-006	4.05937e-006	4.62691e-006	2.46056e-005	0.000230219	0.00204482	0.000175235	6.61225e-005	3.58628e-005	0.000139923	0.000950342	0.913985	0.902011	0.829947	0.864224	0.919572	0.253845	0.00334469	9.82107e-005	2.18584e-005	6.96212e-006	4.14865e-007	2.66367e-008	1.40119e-009	4.29537e-010	1.81883e-009	1.20098e-008	
0	0	3.68982e-010	2.08512e-009	1.60059e-007	8.39075e-008	2.38968e-007	1.23194e-007	2.6634e-006	2.30891e-005	0.000135645	0.000150885	1.45075e-005	1.79924e-005	0.000177072	7.23493e-005	0.000151811	0.0910644	0.154587	0.129091	0.0779232	0.666162	0.934722	0.0307951	1.10651e-006	3.37173e-011	6.44933e-011	4.27256e-013	1.46954e-009	2.37005e-011	8.76241e-014	4.67844e-011	
0	0	0	6.83316e-012	2.43778e-011	4.9244e-010	1.08779e-010	5.59509e-010	2.19536e-009	4.33504e-007	1.26975e-006	1.18839e-006	2.14937e-006	1.60692e-007	5.67611e-009	3.81313e-006	3.53023e-006	8.32864e-006	0.0090597	0.00440153	0.00154835	0.0787793	0.0600138	0.955097	0.195068	0.00185846	3.61523e-007	4.57981e-010	2.92486e-014	1.18481e-011	2.67429e-014	7.01524e-015	
0	0	0	1.73594e-016	3.74136e-015	5.22886e-014	9.5765e-014	2.58197e-014	2.29498e-011	2.09109e-010	4.36431e-009	3.63114e-009	1.17243e-010	1.33406e-010	6.07759e-012	5.22346e-012	3.97927e-008	9.14176e-008	9.15932e-007	0.000346556	0.000181326	0.000178946	0.00106938	0.0101933	0.00442888	0.00029125	8.60192e-006	1.72767e-008	4.17847e-011	1.98227e-014	1.38443e-014	2.20189e-016	
0	0	0	0	3.25462e-012	6.4389e-012	2.03928e-010	4.75076e-010	1.75567e-009	7.16175e-009	6.2873e-009	7.75037e-009	3.79802e-010	9.4882e-010	2.75525e-011	2.51131e-012	1.25674e-008	8.30261e-009	5.54397e-008	0.00160762	0.000774309	0.00103499	0.000850206	0.00381654	0.80048	0.997843	0.999991	1	1	1	1	1	


1	0.999447	0.850343	0.927255	0.674611	0.929579	0.906353	0.906538	0.0430654	0.00579423	0.0010222	4.91595e-005	2.8703e-006	2.22589e-007	4.9446e-011	6.15782e-013	3.90039e-015	2.0072e-015	4.85426e-016	6.14616e-016	1.70907e-016	6.81365e-016	3.84082e-016	3.41861e-015	2.0612e-014	9.12343e-013	1.43643e-011	2.55767e-011	1.99877e-012	3.33273e-013	3.099e-014	1.92919e-014	
0	0.000531396	0.145651	0.0713489	0.323207	0.0610613	0.0879565	0.0916058	0.00625214	3.08943e-005	6.01187e-006	2.68427e-006	5.19048e-007	1.65937e-007	1.4342e-012	1.20788e-016	1.42303e-020	2.5102e-020	1.48581e-019	1.8274e-017	2.64851e-018	1.00468e-014	5.40717e-012	3.28004e-012	6.70673e-013	2.66008e-015	1.2848e-014	1.06068e-015	3.11529e-015	2.25347e-015	3.67623e-019	7.5203e-016	
0	2.19778e-005	0.00400555	0.00137225	0.00210192	0.00928508	0.000383657	9.25553e-005	0.248777	0.00390436	0.00963021	0.000517747	3.80756e-006	2.82075e-008	7.12867e-010	4.75129e-012	4.58926e-017	8.33838e-021	1.05502e-022	5.38487e-022	1.91543e-021	1.65735e-018	7.24715e-017	6.72949e-014	1.36035e-015	2.36701e-016	2.52449e-015	2.40904e-019	1.56558e-017	2.29529e-019	1.38907e-020	1.74826e-018	
0	0	4.72873e-008	2.3477e-005	7.44264e-005	5.7927e-005	0.00530422	0.00110484	0.298642	0.195915	0.00557472	5.67246e-005	3.03387e-007	1.53139e-008	2.83801e-008	8.67588e-008	6.34331e-009	2.70274e-010	8.42995e-014	3.60679e-020	1.81408e-026	1.0228e-027	2.75802e-023	2.79745e-020	7.8119e-020	5.254e-018	8.8944e-019	9.15583e-020	1.39523e-023	3.7698e-022	2.3537e-025	6.74354e-026	
0	0	2.11212e-021	9.06636e-011	6.25403e-006	1.62277e-005	3.10581e-006	0.00065873	0.402913	0.789387	0.964995	0.986016	0.885006	0.780556	0.967529	0.847453	0.775214	0.763748	0.960065	0.138429	0.00369405	0.000715024	8.39194e-005	8.44917e-005	3.82531e-006	1.85288e-007	2.05123e-009	1.22824e-011	1.90814e-015	5.94205e-019	1.41773e-022	4.14255e-025	
0	0	0	1.95266e-019	1.17284e-013	2.3309e-008	3.28445e-008	1.6216e-008	0.000349777	0.00496854	0.0187706	0.0133568	0.114986	0.219433	0.032382	0.152468	0.171529	0.00393327	0.0166835	0.838824	0.832742	0.0725728	0.000262131	0.00074795	0.0010571	0.0822429	0.107328	0.63462	4.80269e-005	4.92645e-007	3.02726e-009	3.09053e-012	
0	0	0	4.95251e-040	2.7641e-023	2.97019e-016	4.71393e-010	1.29566e-010	7.3314e-010	2.15059e-007	1.27693e-006	3.9951e-007	3.91263e-007	1.0208e-005	8.93063e-005	7.88113e-005	0.0532567	0.218364	0.0179382	0.0207973	0.163073	0.00717371	7.14436e-005	7.69732e-007	8.87811e-007	0.000894047	0.111003	0.347995	0.989595	0.993648	0.99065	0.00459917	
0	0	0	0	4.72891e-023	1.85254e-017	7.53113e-013	1.57639e-010	2.97298e-011	4.76651e-009	2.2837e-007	2.79426e-007	1.21057e-007	4.06229e-007	7.69473e-009	1.30399e-007	2.47966e-007	0.0139551	0.00531353	0.00195011	0.000491028	0.919538	0.999583	0.999167	0.998938	0.916863	0.781669	0.0173847	0.0103565	0.00635168	0.00935005	0.995401	


1	0.995495	0.393936	0.317628	0.130684	0.246009	0.0450616	0.0297351	9.36524e-008	2.41261e-009	1.99071e-010	2.12924e-011	4.93259e-012	1.69521e-012	2.24813e-016	1.25716e-018	2.42e-021	7.30398e-023	1.17911e-022	2.17425e-022	3.58917e-022	2.05548e-021	5.37562e-021	1.22157e-020	1.61286e-020	1.68038e-020	1.577e-020	1.74901e-020	5.10676e-021	3.81685e-021	3.72264e-021	2.57654e-021	
0	0.00429026	0.605049	0.660211	0.74331	0.213427	0.0109458	0.00127373	2.95497e-006	1.26916e-008	2.15808e-010	2.73867e-011	2.90736e-012	3.08099e-012	2.3113e-015	1.17358e-018	6.02716e-023	1.51642e-026	5.15358e-027	1.81353e-025	1.68681e-025	1.09132e-020	6.94493e-019	1.82957e-020	5.69508e-022	3.83525e-025	2.70612e-023	2.30539e-025	1.92485e-024	1.21527e-024	7.97979e-027	7.13351e-023	
0	0.000214849	0.00101543	0.0221604	0.12543	0.537098	0.937718	0.440876	0.192859	0.464544	0.518388	0.186588	0.0494296	0.0920527	0.206072	0.301754	0.0155	0.000102324	1.29605e-006	2.43753e-011	1.9098e-015	1.6835e-018	8.57411e-021	5.39664e-022	5.25448e-025	8.66264e-025	3.20722e-024	1.03648e-025	5.6975e-025	2.56898e-025	9.25679e-027	1.881e-026	
0	0	9.93946e-010	5.45696e-008	0.000536991	0.00160781	0.00597497	0.524006	0.680347	0.235969	0.00447783	0.00116161	0.00107337	5.2632e-005	0.0115422	0.284867	0.0678971	0.000225083	1.97579e-005	2.4648e-012	3.59776e-018	1.56577e-022	1.39141e-024	1.76737e-025	1.17029e-028	1.65344e-030	7.05737e-032	1.62171e-029	7.09862e-030	2.67101e-029	9.90263e-030	2.60302e-032	
0	0	4.9184e-009	5.20835e-008	3.90153e-005	0.00185864	0.000299182	0.0041092	0.12679	0.299077	0.47171	0.806552	0.763678	0.731196	0.775291	0.375655	0.31059	0.00121575	0.000312772	2.99618e-006	1.41301e-008	4.68918e-010	3.06797e-012	2.557e-014	2.21819e-016	1.60567e-019	1.27826e-022	1.36709e-025	3.93052e-029	5.6137e-030	6.14604e-030	1.76449e-031	
0	0	0	2.5905e-015	4.31722e-012	8.22573e-008	2.44284e-008	1.76608e-007	8.38175e-007	0.000410591	0.00542485	0.0056986	0.185819	0.176662	0.00667867	0.0376996	0.02648	4.12874e-005	7.57416e-005	3.01056e-006	3.36423e-007	1.06697e-010	2.22499e-015	2.63912e-014	8.9569e-016	7.20251e-016	1.82475e-018	2.47879e-019	4.53613e-025	5.54988e-028	2.61377e-029	2.4793e-033	
0	0	0	8.63508e-022	6.47352e-020	1.04745e-014	2.82883e-010	1.45793e-011	1.57905e-012	4.46272e-011	7.68048e-009	9.84582e-008	4.57341e-008	3.18623e-005	0.000415473	2.5172e-005	0.579533	0.988496	0.65833	0.725885	0.816592	0.0331812	5.12439e-005	9.01617e-009	1.43515e-012	6.19078e-014	7.04589e-015	9.92209e-015	1.914e-014	4.37218e-015	3.00575e-015	4.81205e-018	
0	0	0	0	4.86228e-019	3.66461e-015	7.79527e-012	1.44372e-010	1.61098e-015	8.57762e-012	4.24219e-009	6.9117e-008	9.09677e-008	5.72778e-006	2.90605e-009	2.74758e-007	2.72928e-008	0.00991934	0.34126	0.274109	0.183408	0.966819	0.999949	1	1	1	1	1	1	1	1	1	


1	0.85631	0.179004	0.00720703	0.00010722	5.22986e-006	5.14074e-008	3.77976e-011	1.12661e-017	6.26679e-021	4.30507e-023	2.61675e-026	1.68378e-029	5.29535e-032	1.34415e-033	6.62993e-035	9.7874e-036	7.4365e-037	1.03984e-037	8.7403e-038	1.26315e-038	3.53912e-037	8.66618e-036	7.14988e-034	5.33983e-033	1.22073e-032	5.38474e-032	3.49511e-031	9.48672e-031	1.2148e-030	3.95234e-032	3.74153e-034	
0	0.0938187	0.019376	0.00151506	0.000688746	0.000935235	0.00182644	0.0003587	4.89453e-006	2.86412e-008	2.64233e-010	2.05956e-013	3.0685e-018	1.39167e-022	3.09073e-027	5.08122e-032	3.67367e-036	1.15623e-038	2.21698e-040	5.98778e-041	2.00531e-041	1.86354e-040	8.20812e-039	2.22778e-037	8.50683e-035	8.82689e-034	1.40869e-032	4.38743e-032	1.64671e-031	2.80663e-032	9.07967e-033	4.55129e-035	
0	0.0498713	0.80126	0.990943	0.330369	0.0605167	0.0362428	0.00032254	3.3615e-007	7.02282e-009	1.8342e-010	2.87207e-013	1.16345e-017	8.89654e-021	9.84047e-024	1.11991e-026	2.06442e-030	2.83312e-033	1.48345e-036	1.48577e-039	6.68252e-043	5.89579e-040	7.22093e-038	8.76519e-037	6.56112e-036	2.18344e-035	9.85411e-034	3.41039e-034	1.6772e-032	1.61512e-033	1.31414e-034	4.03495e-036	
0	0	0.000357498	0.000329665	0.668644	0.937691	0.961395	0.999224	0.999642	0.999751	0.963759	0.995802	0.616038	0.219485	0.00760241	1.23649e-005	9.81017e-010	4.64343e-013	5.20108e-016	3.54507e-021	1.8299e-025	7.92817e-028	1.32222e-028	4.07435e-031	4.2319e-034	6.62427e-037	4.27622e-037	1.54153e-035	1.85431e-033	1.77231e-032	5.21248e-035	4.27527e-036	
0	0	1.83119e-006	5.09253e-006	0.000191043	0.000851831	0.000535821	9.47768e-005	0.000352541	0.000249169	0.0362391	0.00419112	0.383961	0.780465	0.992215	0.996418	0.015521	0.000405114	6.79803e-006	1.95388e-009	7.86133e-013	1.73333e-014	2.4569e-014	1.98623e-015	7.12917e-018	1.03222e-019	5.99705e-022	1.47778e-023	3.05577e-025	1.35731e-025	1.03823e-028	2.05382e-031	
0	0	0	4.59658e-012	6.2388e-012	1.08149e-008	5.65357e-010	1.24651e-010	2.26104e-010	2.13711e-008	1.17774e-006	1.64713e-006	5.01947e-007	3.42579e-005	0.000172062	0.00356371	0.984269	0.873197	0.135	0.000359309	8.71489e-007	1.05483e-008	2.23382e-011	2.14585e-012	1.41144e-012	5.19446e-013	3.22559e-014	1.66587e-014	6.3107e-017	1.24278e-018	2.09116e-020	1.44017e-023	
0	0	0	2.60966e-015	1.35131e-011	2.59761e-008	1.3245e-008	3.77751e-009	8.98071e-010	4.21349e-008	3.57094e-007	5.55868e-006	7.81091e-007	1.53587e-005	9.49543e-006	3.26449e-007	4.75517e-006	0.00182377	0.00271411	1.14496e-005	3.07061e-008	1.65243e-010	8.47788e-013	2.8453e-015	7.92507e-016	5.77897e-016	1.78079e-016	1.2641e-017	3.43537e-016	4.95953e-018	1.67224e-018	5.75474e-020	
0	0	0	0	2.78665e-016	1.82287e-014	9.95381e-012	3.99243e-013	1.91067e-016	2.47479e-014	9.80783e-011	2.82941e-010	4.83835e-008	3.58591e-008	1.32552e-006	5.39225e-006	0.000205735	0.124575	0.862279	0.999629	0.999999	1	1	1	1	1	1	1	1	1	1	1	


1	0.996508	0.997898	0.998442	0.99853	0.991562	0.994667	0.993204	0.0178455	0.000322688	0.0125078	0.0176907	0.0116234	0.00658449	0.0184169	0.0344495	0.0385457	0.0339695	0.00853556	0.0201519	0.0416409	0.251841	0.110178	0.245918	0.392207	0.445298	0.615044	0.51152	0.825828	0.845747	0.765986	0.855787	
0	0.00126543	0.00196944	0.00133614	0.00108266	0.0032067	0.00425112	0.00459845	0.00155567	1.34486e-005	0.000516284	0.002287	0.0185961	0.106154	0.552431	0.741889	0.208779	0.12767	0.0263111	0.0286148	0.032922	0.0409647	0.0100051	0.002205	0.00114414	0.0030733	0.00783675	0.00889268	0.0176722	0.0351716	0.00709822	0.0265018	
0	0.00222637	0.000124801	0.000221067	0.00038529	0.00522802	0.000959395	0.00171191	0.000144873	3.03178e-006	0.000119577	0.000107959	0.000268469	0.000398388	0.00494531	0.0737117	0.747531	0.79412	0.947769	0.74063	0.721423	0.105885	4.63837e-005	0.00249365	0.0205847	0.208073	0.152948	0.402362	0.109682	0.0211166	0.172081	0.064659	
0	0	2.18011e-008	1.53721e-008	1.75295e-008	1.66381e-007	1.86731e-007	2.1772e-007	1.25691e-008	4.30034e-009	6.86254e-007	3.6385e-007	7.79441e-007	1.66134e-006	3.33885e-006	5.05561e-005	0.00173654	0.0367779	0.00470352	0.00481349	0.00668511	0.000135399	1.46496e-008	4.42207e-006	3.14036e-005	0.00363138	0.00266721	0.0110615	0.00340401	6.24974e-005	0.00554752	0.000405225	
0	0	7.55435e-006	4.44066e-007	1.08708e-006	2.56567e-006	3.93092e-005	3.68323e-006	0.000113592	4.84041e-008	3.09768e-007	6.18392e-007	1.63949e-007	9.62325e-007	7.16527e-008	1.72196e-007	1.11424e-005	0.00674375	0.0123343	0.201294	0.134394	0.15003	0.00186045	6.29901e-005	7.7833e-005	0.000263574	0.00398923	0.0024779	0.00586351	0.000713564	0.000420932	0.00584769	
0	0	0	1.67634e-007	3.54084e-007	6.36913e-007	9.05392e-007	3.69153e-006	0.000326794	7.31009e-006	0.000285117	0.000934712	0.000937461	0.000963404	0.00159449	5.08233e-005	4.06255e-006	3.5347e-006	0.000315095	0.00439591	0.0617709	0.401895	0.612778	0.220843	0.00212854	1.96384e-005	8.64652e-006	3.67387e-006	3.37826e-005	4.53981e-005	9.12925e-006	2.5959e-005	
0	0	0	5.35287e-010	9.02522e-009	1.45423e-009	8.13434e-005	0.000468077	0.97945	0.99917	0.031194	0.00313615	7.98924e-006	0.000201026	2.47154e-005	7.71513e-010	6.89193e-011	3.96063e-012	2.07748e-008	1.34876e-007	5.57973e-008	2.36615e-005	0.0014603	2.26594e-007	2.60515e-010	4.70276e-012	1.97176e-012	3.40284e-010	1.16578e-010	4.42163e-008	4.9573e-013	1.07334e-010	
0	0	0	0	1.63516e-007	3.0537e-007	1.23515e-006	9.8942e-006	0.000563753	0.000482997	0.955376	0.975843	0.968566	0.885696	0.422584	0.149849	0.00339244	0.000715818	3.13641e-005	9.98409e-005	0.00116432	0.0492255	0.263672	0.528472	0.583826	0.339642	0.217507	0.063682	0.0375167	0.0971433	0.0488572	0.0467729	


1	0.468053	0.143907	0.0544213	0.0226872	0.00760464	0.0309699	0.0149827	2.76154e-006	9.42769e-009	6.03719e-009	9.01196e-010	4.90075e-010	5.26171e-010	2.94048e-009	1.73679e-008	3.56232e-008	6.18561e-008	1.58443e-008	4.07057e-010	5.44884e-011	1.51534e-011	1.03398e-013	3.5089e-014	1.7856e-014	6.2992e-015	9.98957e-016	2.47939e-016	5.51541e-017	1.58121e-017	1.83484e-017	8.79037e-017	
0	0.493912	0.84098	0.935695	0.881298	0.129402	0.240972	0.185322	0.000162496	8.46885e-007	2.74571e-007	2.15088e-008	1.96913e-008	2.04305e-008	2.18977e-007	2.8843e-006	1.21861e-005	2.2804e-005	1.0242e-005	2.67323e-007	1.75869e-008	2.22122e-009	2.05809e-011	5.35051e-012	2.30675e-012	2.5548e-013	1.07288e-014	1.74273e-015	1.54956e-016	2.95039e-017	2.77238e-017	1.611e-016	
0	0.0380351	0.0147545	0.00718015	0.0816023	0.851909	0.523052	0.17603	0.000101932	7.66913e-007	6.38648e-006	7.47267e-006	4.60917e-006	9.33475e-007	1.06671e-006	4.77168e-007	2.95648e-008	1.34807e-007	2.45124e-006	4.38145e-007	3.88376e-008	1.89537e-008	1.73049e-011	3.14648e-011	2.72635e-011	4.38761e-013	1.30967e-014	2.32754e-017	4.28788e-016	1.03058e-018	2.6946e-017	2.58125e-016	
0	0	8.27752e-005	0.000101493	5.53028e-005	0.00494505	0.00203032	0.000599905	1.44067e-007	2.20072e-008	4.94201e-007	9.40123e-007	5.75135e-005	0.00052805	0.0136077	0.334488	0.457945	0.276065	0.819429	0.347021	0.277278	0.030211	6.49468e-005	2.14039e-005	4.91777e-007	6.63664e-010	3.52501e-013	1.62917e-016	1.74752e-017	2.93195e-018	2.29748e-017	9.37903e-016	
0	0	0.000274938	0.0016905	0.00067234	0.000570471	0.0121318	0.00379185	2.88904e-006	9.12106e-008	5.02001e-008	3.34616e-008	6.93637e-009	2.80266e-006	6.86856e-006	0.00016812	0.00740372	0.0329409	0.048448	0.650153	0.687469	0.39753	0.00162802	0.00675551	0.223279	0.196193	0.362178	0.0590097	0.00170025	3.19723e-005	6.28483e-005	0.000238652	
0	0	0	8.06574e-006	2.66279e-005	5.182e-007	6.71012e-005	0.000515482	4.77568e-007	8.71071e-010	5.17944e-009	4.66816e-009	2.6481e-007	5.98118e-006	0.00052437	0.020442	0.0545415	0.459043	0.0658415	0.000382657	0.0347886	0.550153	0.937208	0.0795166	0.000267092	9.56367e-005	3.54781e-005	0.00292755	0.0010491	0.00151998	2.04822e-005	0.000156655	
0	0	0	0.000903248	0.0100068	0.00129019	0.123443	0.340434	0.937995	0.988215	0.163564	0.0097406	7.67275e-005	2.31897e-005	0.000490468	0.000701987	0.384938	0.0668996	0.0176992	0.00115742	0.000206325	0.020137	0.0592389	0.76125	0.0739777	0.000225972	6.01747e-005	0.00206141	6.62328e-006	6.7059e-006	1.53405e-007	4.57437e-008	
0	0	0	0	0.00365158	0.00427747	0.0673337	0.278325	0.0617341	0.0117838	0.836429	0.990251	0.999861	0.999439	0.985369	0.644196	0.0951597	0.165029	0.0485691	0.00128464	0.0002576	0.00196827	0.00186	0.152456	0.702475	0.803485	0.637726	0.936001	0.997244	0.998441	0.999917	0.999605	


1	0.957513	0.368287	0.0265495	0.000616863	0.00012592	6.85586e-006	3.34318e-007	1.53893e-008	9.69812e-010	1.59896e-010	4.57427e-011	2.3017e-011	4.90195e-012	3.96225e-013	1.2378e-014	7.72606e-017	9.18362e-017	3.94605e-016	1.67248e-015	5.47171e-016	7.00981e-016	5.53618e-017	2.9385e-017	2.10603e-017	3.00242e-017	1.97449e-017	4.49706e-018	2.67185e-018	1.12167e-018	5.01756e-018	1.98386e-017	
0	0.0164437	0.0696397	0.00268128	0.000140718	0.000222856	1.49521e-005	1.35073e-006	3.06453e-007	3.44348e-008	5.13904e-008	2.51733e-007	8.90528e-007	7.41562e-007	7.24739e-007	6.89158e-008	2.11358e-011	1.06017e-012	2.85329e-013	1.41652e-013	7.40677e-015	9.51127e-015	9.48786e-016	3.17013e-016	3.12899e-018	3.58352e-019	3.84862e-019	4.19631e-020	1.27617e-017	4.17998e-018	2.17991e-018	1.24958e-018	
0	0.0260436	0.458764	0.243333	0.0107441	0.0241888	0.00269244	9.52617e-005	1.36636e-005	2.71159e-006	2.13992e-006	6.20908e-006	1.09445e-006	4.13812e-007	2.47098e-006	1.18252e-006	3.77488e-009	5.50954e-012	1.00689e-013	1.38524e-012	5.4005e-014	7.97888e-013	1.86977e-013	2.49337e-012	1.3521e-012	4.02911e-013	6.40408e-014	6.00938e-015	5.69293e-015	9.46013e-016	5.34917e-017	1.07309e-018	
0	0	0.103199	0.72593	0.984337	0.90832	0.986136	0.988821	0.910672	0.88095	0.440127	0.549053	0.192147	0.0636817	0.0504709	0.00477377	1.04296e-006	1.46272e-009	8.12268e-012	2.55766e-013	1.53973e-015	4.70524e-014	2.23284e-013	1.58736e-013	2.05362e-013	2.98103e-014	2.06728e-014	9.49295e-017	6.899e-017	2.01641e-016	4.94504e-018	5.59908e-018	
0	0	0.000109995	0.00149823	0.00414062	0.0671336	0.0111255	0.0110491	0.0893034	0.118937	0.559467	0.427062	0.16474	0.0150325	0.335803	0.930685	0.988088	0.42791	0.68353	0.230436	0.0260242	0.000301176	2.65667e-007	2.18195e-008	5.43495e-009	9.21603e-009	6.81882e-009	1.37277e-009	8.3523e-010	2.55201e-010	4.44014e-009	1.95967e-009	
0	0	0	7.74243e-006	2.0088e-005	8.32873e-006	2.20338e-005	3.24224e-005	9.96659e-006	0.000110243	0.0004009	0.023847	0.640524	0.890971	0.582548	0.062131	0.0104234	0.45868	0.162397	0.444922	0.819367	0.00226762	2.50952e-005	5.95592e-008	2.29752e-010	2.10372e-009	7.03565e-010	6.34577e-009	8.32913e-010	1.21934e-008	1.15288e-008	3.78368e-010	
0	0	0	3.95153e-008	1.03172e-007	2.0896e-008	1.69846e-006	1.4117e-007	4.57336e-007	5.26909e-007	1.25253e-006	1.76654e-005	0.00154675	0.0199224	0.0280814	0.00200719	0.00147906	0.112715	0.0923679	0.0122103	0.00527438	0.0365633	0.0107615	1.06351e-005	9.33435e-008	5.64992e-009	6.3036e-010	5.16406e-010	6.91135e-011	1.49922e-010	1.40995e-010	1.73091e-009	
0	0	0	0	5.81838e-008	1.32095e-007	3.52344e-008	1.24035e-007	1.31912e-007	9.37769e-008	2.00197e-006	1.31945e-005	0.00104052	0.0103915	0.00309295	0.000401846	8.9151e-006	0.000695466	0.0617057	0.312432	0.149334	0.960868	0.989213	0.999989	1	1	1	1	1	1	1	1	


1	0.985068	0.937886	0.900527	0.316915	0.0145841	0.000183164	7.52229e-007	1.32047e-010	6.86409e-012	6.75725e-013	2.9953e-014	1.32215e-016	1.07101e-018	2.89014e-022	3.92735e-025	2.31471e-027	1.46819e-028	1.07199e-030	3.89773e-032	3.07452e-032	6.99966e-033	6.18355e-033	2.32519e-033	5.10736e-034	1.31687e-034	7.29272e-035	3.9599e-036	4.08079e-036	3.97352e-036	1.22438e-036	7.7478e-037	
0	0.0133662	0.0539832	0.0719812	0.062036	0.000133274	1.10031e-005	8.91799e-008	8.70362e-012	1.37882e-013	3.27739e-014	3.59644e-015	2.43845e-016	5.19017e-018	6.52459e-020	4.17685e-021	1.48748e-021	3.2861e-022	1.8908e-024	8.83105e-027	4.48199e-027	5.94497e-028	4.48918e-027	1.60644e-028	4.11452e-030	2.40087e-031	2.81563e-032	3.36389e-033	1.8235e-033	1.16058e-032	4.72126e-034	6.60881e-035	
0	0.00156593	0.00765637	0.0231459	0.0101937	0.00169676	2.59764e-006	1.06458e-009	5.63807e-010	5.42188e-011	2.09088e-012	1.51508e-015	5.55184e-019	1.11572e-019	2.37796e-022	8.21903e-024	8.94106e-022	6.6711e-022	5.25437e-022	2.26765e-023	1.35525e-025	3.29793e-026	2.54094e-026	4.08837e-026	4.79173e-027	5.00762e-031	3.51107e-033	9.5627e-038	1.07045e-035	4.75508e-037	1.22627e-035	2.6676e-035	
0	0	0.000444302	0.0038717	0.608737	0.903669	0.99322	0.998921	0.966544	0.846104	0.753729	0.914134	0.118116	0.0109075	0.000132513	1.1893e-006	2.47996e-008	6.06903e-010	2.60984e-012	2.1061e-014	1.33111e-014	1.32834e-015	6.34161e-016	2.66234e-017	1.77713e-018	1.42172e-018	5.248e-019	4.69734e-020	1.05876e-020	9.51185e-021	1.40087e-020	1.03167e-020	
0	0	2.97459e-005	0.000473425	0.00204526	0.0798528	0.00603124	0.000483126	0.0315159	0.152761	0.209079	0.00502137	0.000428597	0.000392578	1.00638e-005	2.81549e-007	1.46732e-006	6.70384e-007	4.71251e-007	3.54263e-007	4.65304e-008	3.08308e-009	9.68941e-011	7.30284e-010	2.75814e-009	2.96449e-010	1.3375e-010	7.52985e-013	5.79831e-014	7.68496e-016	3.88664e-016	7.19606e-017	
0	0	0	1.38879e-007	7.02661e-005	5.51684e-005	0.000541591	0.000594427	0.00190924	0.000522542	0.0367456	0.0806977	0.881414	0.985013	0.9988	0.998723	0.326392	0.156475	0.000371858	4.38141e-008	4.79631e-008	7.04054e-009	5.75745e-008	5.31052e-011	3.08643e-014	3.95088e-012	8.23668e-014	2.57604e-013	4.95842e-014	3.88066e-013	1.39938e-014	1.56621e-014	
0	0	0	1.28822e-007	2.85493e-006	9.27639e-006	1.06704e-005	4.55751e-007	3.06666e-005	0.000611865	0.000443897	0.000141726	3.31608e-005	0.00354196	0.00102494	0.00116315	0.668273	0.791162	0.982023	0.865765	0.163481	0.071838	0.0141709	0.247153	0.339419	0.0234962	0.00665613	4.5356e-005	3.32311e-006	4.62105e-008	5.44393e-009	5.30058e-010	
0	0	0	0	5.07728e-009	3.46685e-008	3.44307e-008	4.8302e-008	4.95922e-008	3.16629e-007	2.96011e-006	5.69769e-006	7.95134e-006	0.000144644	3.22496e-005	0.000112769	0.00533336	0.0523621	0.0176042	0.134234	0.836518	0.928162	0.985829	0.752847	0.660581	0.976504	0.993344	0.999955	0.999997	1	1	1	


1	0.155102	0.000267	7.12696e-007	3.294e-009	1.23626e-010	1.31778e-012	1.58776e-014	6.10501e-020	1.32541e-022	2.11885e-025	1.31795e-028	6.00135e-032	1.18698e-034	4.89362e-039	2.13507e-042	1.45695e-045	4.74904e-048	1.78148e-051	1.85199e-052	4.07898e-053	1.00679e-052	6.46618e-053	3.61129e-054	8.19225e-055	6.00146e-056	1.56503e-056	9.85195e-058	9.2682e-058	2.71907e-058	8.29677e-059	8.77641e-059	
0	0.844818	0.981534	0.928556	0.0920788	0.00306533	5.03307e-005	4.10294e-007	4.22897e-012	2.08938e-014	1.97442e-017	7.39166e-021	4.10972e-026	3.3193e-030	4.27129e-035	3.07588e-039	2.20008e-043	3.98218e-048	1.29826e-054	1.84274e-054	1.00445e-055	1.37694e-053	9.82158e-053	3.92416e-054	2.22899e-054	2.0207e-056	1.99873e-056	4.32733e-058	4.0742e-059	4.7932e-060	6.0183e-062	1.05206e-061	
0	7.95353e-005	0.018199	0.0714428	0.907162	0.822719	0.976546	0.805709	0.763999	0.798546	0.0146067	2.50661e-005	1.87932e-010	1.22752e-014	8.51203e-020	1.95168e-024	4.44993e-030	2.57079e-036	5.87278e-044	1.16044e-049	3.38646e-055	1.94351e-059	2.56135e-057	1.47777e-056	3.89501e-058	4.49399e-058	8.28885e-059	1.19805e-060	2.86242e-060	8.02905e-062	1.31704e-062	3.08866e-065	
0	0	1.38775e-009	2.78267e-008	0.000758923	0.174216	0.0233747	0.194288	0.23597	0.201434	0.985071	0.998985	0.89809	0.286296	0.00447571	3.26496e-005	6.9257e-008	2.34534e-011	1.03733e-015	4.46802e-020	4.48864e-023	1.51524e-026	1.01354e-031	1.39287e-037	5.91439e-041	3.20102e-044	6.61918e-048	5.26758e-052	7.82316e-053	4.76744e-054	6.44932e-053	7.12131e-052	
0	0	1.88048e-017	4.72777e-015	1.13551e-012	2.45102e-007	2.85193e-005	3.00058e-006	3.13628e-005	2.03035e-005	0.000322408	0.000989905	0.10191	0.713697	0.995455	0.995266	0.149253	0.00185178	5.58734e-007	9.2146e-010	1.13259e-011	1.31291e-013	3.38681e-014	3.96648e-018	1.20401e-021	2.4812e-025	3.11971e-028	6.29717e-032	1.96506e-033	1.35441e-034	1.15615e-035	2.8708e-034	
0	0	0	3.72337e-018	1.39451e-016	1.49495e-011	5.29199e-010	1.61402e-010	4.32164e-009	4.34187e-008	1.92467e-008	9.69117e-009	6.84904e-008	6.99181e-006	6.88149e-005	0.00468878	0.844109	0.997572	0.999737	0.594898	0.512683	0.549473	0.728879	0.752457	0.00159811	1.29425e-007	3.3586e-012	1.75906e-016	1.58075e-020	1.45755e-023	1.40394e-026	8.8017e-029	
0	0	0	2.64888e-022	6.43481e-020	9.30823e-018	4.41851e-013	4.38859e-011	2.02262e-014	2.18423e-010	3.16241e-011	1.14916e-010	1.6721e-010	2.93795e-007	3.3366e-007	1.28103e-005	0.00663772	0.000571179	0.000262024	0.404978	0.407961	0.273742	0.0658927	0.245038	0.985005	0.958552	0.626722	0.944573	0.00192496	1.86316e-005	5.17866e-007	6.23952e-010	
0	0	0	0	2.74557e-023	5.61769e-021	1.26075e-016	7.12325e-015	1.97398e-017	3.17315e-015	2.10219e-013	3.47106e-014	2.58706e-014	1.8677e-013	4.74634e-012	5.99253e-011	2.23122e-009	5.48407e-006	1.01383e-007	0.000123917	0.0793568	0.176785	0.205228	0.00250469	0.0133973	0.0414477	0.373278	0.0554268	0.998075	0.999981	0.999999	1	


1	0.176517	0.00102137	6.76574e-007	8.60884e-011	5.9361e-014	6.76576e-018	4.22939e-022	1.61886e-031	2.34539e-037	1.08894e-042	7.32909e-049	1.40076e-054	1.98316e-059	2.77413e-064	9.86009e-069	8.07436e-071	5.95217e-072	9.89737e-076	7.70151e-079	5.54485e-081	3.641e-083	3.05764e-085	4.46365e-087	1.12153e-087	7.24249e-088	3.54766e-088	2.65726e-088	6.84569e-088	2.67745e-087	2.17786e-087	1.75703e-087	
0	0.760953	0.194653	0.00521998	3.08816e-006	9.13327e-009	2.27193e-012	1.95812e-016	1.96908e-025	8.71615e-031	4.80895e-036	3.34601e-042	2.81814e-049	4.15464e-055	1.91348e-063	3.04547e-071	1.6169e-074	5.24081e-074	1.16847e-077	9.72065e-079	5.0625e-081	1.2514e-082	1.98839e-084	5.418e-085	1.9199e-084	2.82947e-084	1.65147e-084	1.5918e-083	3.27798e-083	1.55141e-082	2.0427e-083	3.80286e-085	
0	0.0625306	0.804323	0.994774	0.992049	0.763166	0.974601	0.0341757	1.72817e-005	3.94366e-010	1.97453e-015	3.26028e-021	2.47982e-029	1.56448e-035	5.39128e-042	1.71758e-049	2.74874e-055	1.24311e-059	2.16455e-067	1.91604e-073	1.69391e-079	5.411e-082	1.75842e-083	2.23788e-087	4.77781e-088	2.42183e-087	1.30124e-086	8.14866e-087	1.79845e-085	4.43684e-085	3.38986e-086	9.52941e-086	
0	0	2.05522e-006	5.13452e-006	0.00794459	0.235403	0.0253848	0.96581	0.999958	0.993774	0.0250306	0.000150537	5.55408e-009	2.83058e-014	7.22659e-020	5.62009e-028	2.83155e-034	3.02283e-040	1.24429e-047	2.55645e-055	3.81835e-062	3.08498e-068	2.03404e-074	7.10435e-079	1.4365e-083	4.00457e-088	3.47348e-092	6.13829e-091	3.68564e-089	3.34261e-089	3.99125e-087	2.03741e-090	
0	0	2.68473e-009	1.31231e-009	2.86549e-006	0.00143089	1.42094e-005	1.37729e-005	2.48027e-005	0.00622591	0.974969	0.999849	0.999927	0.994872	0.0099756	6.95359e-007	5.25394e-011	3.58801e-015	5.63023e-021	1.1415e-027	4.90321e-032	1.40748e-036	5.16778e-042	8.59498e-047	3.43808e-051	8.88563e-056	3.07694e-061	1.54786e-066	3.92694e-067	2.2941e-067	1.28749e-067	1.54183e-067	
0	0	0	2.0095e-016	4.55271e-017	7.5198e-012	2.45163e-009	1.80955e-013	5.96018e-013	1.18021e-012	3.78568e-008	3.30079e-007	7.31556e-005	0.00512767	0.990024	0.999999	0.957598	0.117622	1.68023e-005	3.67846e-011	4.8959e-016	2.72567e-020	9.37352e-023	3.20771e-027	3.95489e-033	7.93738e-038	4.20532e-043	1.1323e-047	1.9341e-049	1.40756e-049	1.88025e-052	3.24605e-053	
0	0	0	2.64684e-022	1.88945e-022	7.67466e-019	3.06054e-016	2.93607e-015	1.94062e-020	1.85131e-018	7.90124e-017	7.03842e-015	3.83005e-014	1.55887e-010	1.08157e-008	6.14957e-007	0.0422188	0.879921	0.998715	0.975779	0.803266	0.279311	0.191141	0.0461972	0.000113043	3.16266e-008	2.24928e-012	7.26494e-015	3.74608e-018	1.72798e-020	4.33893e-023	4.32268e-024	
0	0	0	0	5.90415e-022	4.12679e-022	1.34804e-017	2.51721e-015	6.26737e-022	2.10648e-020	1.31755e-019	1.11494e-015	6.01643e-015	8.54132e-012	9.3592e-010	1.49599e-007	0.000183589	0.00245695	0.0012684	0.0242208	0.196734	0.720689	0.808859	0.953803	0.999887	1	1	1	1	1	1	1	


1	0.563958	0.366728	0.0921391	0.00376726	0.000684923	5.5673e-006	5.74468e-008	3.68853e-013	4.73275e-015	5.20895e-015	5.08793e-015	1.7577e-015	9.42708e-015	2.83914e-017	1.2888e-019	6.92514e-023	2.42106e-024	1.31383e-026	2.00268e-028	7.05665e-030	9.18923e-031	2.02026e-031	5.61576e-033	1.07339e-032	1.2011e-032	2.41949e-032	3.17796e-032	1.49088e-031	5.42156e-031	8.93987e-031	7.06991e-030	
0	0.0413522	0.0117106	0.00557887	0.000104905	5.68416e-005	4.07868e-007	7.0411e-009	5.60016e-014	9.50691e-016	4.41781e-016	9.6661e-017	9.54491e-017	5.74312e-016	7.88834e-018	1.42181e-019	2.92655e-022	8.69147e-023	5.39857e-024	4.05223e-025	1.5247e-026	1.13083e-027	7.1956e-029	2.98881e-030	2.43099e-030	2.87159e-031	6.83205e-032	3.41361e-033	3.24064e-032	3.61288e-032	1.02138e-030	5.55085e-029	
0	0.39469	0.255027	0.118529	0.000596748	4.75991e-005	4.46349e-007	1.54521e-009	8.93098e-015	6.62889e-016	2.61769e-016	3.89414e-017	2.27695e-018	2.09191e-017	1.44348e-018	2.16566e-020	7.71122e-023	7.13684e-024	1.03662e-026	8.43629e-028	3.54585e-028	5.03369e-030	2.2295e-031	1.62359e-031	1.43439e-031	1.35995e-030	2.49369e-030	2.7265e-030	2.5047e-030	9.16252e-031	1.26836e-030	3.05189e-031	
0	0	3.83806e-005	1.00122e-005	4.55266e-008	1.24292e-008	5.56701e-011	1.16945e-013	9.53728e-019	1.01537e-020	9.43894e-021	4.67874e-021	2.73662e-022	1.24369e-021	3.83332e-023	5.25292e-024	8.95282e-025	4.55954e-026	9.73164e-028	6.62605e-030	1.70369e-031	5.05259e-032	4.92271e-035	6.25517e-036	3.89364e-034	6.41814e-034	1.88057e-033	1.91751e-031	1.85042e-032	1.28473e-032	3.93196e-033	2.95157e-033	
0	0	0.366496	0.783743	0.995529	0.994256	0.999984	0.999961	0.999945	0.998243	0.378712	0.170871	0.000383573	1.40809e-005	3.2562e-007	2.82672e-009	9.88188e-013	1.44202e-016	4.56746e-022	1.27592e-028	3.48951e-034	9.95188e-032	8.22623e-032	1.62233e-035	1.7983e-034	1.56016e-034	1.54967e-032	1.24369e-032	4.91809e-032	3.28049e-032	3.49e-035	1.09893e-033	
0	0	0	1.0195e-008	2.4478e-006	0.00495459	1.2819e-006	3.85142e-005	5.47344e-005	0.0017541	0.620994	0.783653	0.948343	0.284036	0.112809	0.0513201	0.00613464	0.000124858	2.43001e-005	3.52936e-008	3.4774e-010	3.55929e-014	2.14961e-019	3.113e-023	3.05358e-025	3.6818e-027	5.83177e-030	1.84237e-033	1.41295e-034	8.83721e-036	7.34939e-032	2.81308e-031	
0	0	0	6.52207e-036	3.6609e-012	2.20924e-008	2.92291e-006	1.04612e-007	2.16628e-007	2.87338e-006	0.00014881	0.0239873	0.0363851	0.25832	0.0396455	3.54767e-005	1.25684e-005	7.51139e-006	3.88839e-005	3.07727e-006	5.04469e-007	1.05314e-008	2.55578e-010	9.92314e-013	6.63691e-017	9.5185e-022	1.15382e-026	3.04342e-031	7.45427e-034	2.94674e-036	1.3823e-037	1.49988e-033	
0	0	0	0	6.45582e-011	4.39562e-008	5.08327e-006	2.85933e-008	2.65897e-008	2.24984e-007	0.000144597	0.021489	0.0148886	0.45763	0.847546	0.948644	0.993853	0.999868	0.999937	0.999997	0.999999	1	1	1	1	1	1	1	1	1	1	1	


1	0.979637	0.994788	0.907637	0.0623534	0.000804301	2.71138e-006	8.56066e-009	7.78581e-016	2.82337e-020	4.37152e-025	2.29279e-030	6.81001e-035	8.57804e-038	8.2717e-044	5.96944e-050	1.34669e-055	3.10314e-057	4.2974e-059	2.74277e-061	3.55411e-063	7.32697e-064	7.62856e-065	2.5824e-066	8.32349e-067	1.18954e-066	1.01399e-066	9.95793e-067	2.21408e-065	2.88406e-064	2.98292e-064	2.25355e-063	
0	0.0202748	0.0046524	0.0305916	0.0185671	0.000692394	1.65303e-005	6.01304e-007	4.23531e-012	2.14041e-016	1.32974e-021	1.3613e-027	7.25351e-033	1.27474e-036	6.98457e-044	1.82458e-050	8.03658e-056	1.6211e-057	1.48049e-059	1.44335e-062	1.55753e-064	1.05451e-066	7.67762e-068	8.02461e-068	2.28272e-067	7.20077e-066	2.2294e-066	7.45428e-066	7.84447e-066	1.91521e-064	5.71088e-063	7.95243e-062	
0	8.79153e-005	1.28913e-006	1.5221e-006	1.89676e-006	9.96816e-007	3.45422e-009	1.68747e-010	6.00863e-014	1.22331e-019	3.42435e-023	7.54352e-029	9.45446e-033	2.36352e-036	2.51665e-042	9.98343e-049	7.57214e-054	9.94197e-056	1.47548e-057	7.5834e-061	9.38911e-064	5.80585e-068	1.27157e-069	8.4826e-071	1.43495e-070	6.76636e-069	6.47605e-069	5.35672e-068	1.55558e-066	1.54525e-066	3.433e-064	1.11188e-062	
0	0	9.27559e-006	9.133e-007	2.02843e-007	2.20097e-007	6.60508e-010	1.15564e-011	1.64544e-014	2.06428e-019	1.18337e-024	4.81024e-030	1.06879e-035	5.37985e-038	1.53327e-043	1.2942e-050	3.27082e-055	1.22082e-056	1.99297e-056	1.28844e-055	3.5815e-055	5.33699e-055	3.09584e-055	3.86065e-056	5.18703e-058	1.75028e-060	2.13268e-062	1.07293e-064	4.22143e-065	2.04959e-066	9.06802e-068	4.37417e-065	
0	0	0.000549348	0.0617678	0.845888	0.293383	0.964068	0.67761	0.0521632	0.00167664	6.39917e-008	2.73526e-012	1.03889e-017	1.78589e-020	2.43109e-024	6.32243e-030	1.09316e-035	9.50036e-040	2.21859e-043	1.01359e-046	8.43789e-051	8.2368e-052	4.85422e-051	1.24751e-052	3.96801e-055	9.54448e-058	1.40247e-059	1.36971e-061	6.72106e-062	7.88673e-062	4.96598e-065	2.41669e-066	
0	0	0	1.3261e-006	0.0731895	0.705119	0.035912	0.32239	0.947836	0.998323	0.999996	0.999998	0.997869	0.9132	0.0152688	2.90667e-006	1.80629e-012	3.1714e-017	1.22517e-021	1.4493e-028	4.98214e-033	2.53448e-037	1.38588e-040	1.06797e-044	5.01871e-049	2.57037e-052	3.70526e-056	2.18011e-060	5.74244e-060	1.79154e-059	6.07407e-060	5.2353e-060	
0	0	0	3.49645e-016	2.23097e-012	3.54958e-007	1.08314e-006	4.54307e-008	4.74606e-007	5.29488e-007	4.18622e-006	1.51285e-006	0.0021315	0.0867996	0.98473	0.999993	0.99798	0.962235	0.577803	0.000241825	1.19264e-007	1.8868e-010	4.2166e-012	1.58119e-015	4.52435e-020	8.72282e-024	1.38e-028	7.21619e-032	4.14114e-033	1.83867e-033	1.6023e-035	5.77454e-035	
0	0	0	0	1.62682e-018	1.07812e-015	4.4819e-011	1.73376e-010	3.61009e-013	8.97713e-012	5.50665e-013	7.93416e-013	6.69171e-013	5.47939e-008	9.35451e-007	3.91247e-006	0.00202044	0.0377654	0.422197	0.999758	1	1	1	1	1	1	1	1	1	1	1	1	


