E:\Google Drive\Progetti\MSR Action3D\Real\a18_s01_e03_skeleton3D.txt
18
TRUE
-1294.59
-1283.47
-1188.53
-1289.73
-1238.32
-1235.55
-1270.82
-1293.78
-1288.9
-1229.68
-1229.48
-1211.71
-1306.85
-1282.57
-1308.22
-1236.91
-1147.03
-1082.05
-1220.53
-1187.42

48
20
1	0.704456	0.16753	0.0423983	0.0264799	0.00781339	0.0166943	0.0184593	0.0268721	0.0265927	0.0355296	0.0444002	0.102452	0.0143453	0.00219008	0.00229867	0.000523839	0.000178012	0.000582551	0.000618423	0.00223781	0.00296769	0.000937655	0.000583459	2.91937e-005	1.4591e-006	4.80655e-008	1.99245e-009	5.4861e-014	7.27436e-015	1.40999e-015	2.91022e-016	2.04119e-017	2.87303e-018	2.59252e-019	2.77961e-019	3.17387e-019	7.65929e-019	1.02252e-018	5.03096e-018	7.2133e-018	3.66497e-017	1.93668e-017	8.92488e-018	5.21166e-017	1.04966e-016	3.03261e-016	6.14254e-016	4.23921e-015	
0	0.0668108	0.474869	0.494194	0.751282	0.430288	0.318656	0.566233	0.695856	0.634694	0.649613	0.480873	0.382425	0.0331665	0.00233285	0.00102818	0.000333543	0.000224706	0.000504854	0.000642764	0.00282522	0.00331554	0.00127622	0.00265495	0.000451702	5.90866e-005	1.37741e-005	1.36686e-006	1.33318e-010	6.56354e-011	1.56951e-011	5.31422e-012	3.75154e-013	1.07921e-014	2.69548e-016	4.82473e-017	3.11472e-017	1.43006e-017	1.39102e-017	2.86554e-017	3.29812e-017	3.4705e-016	2.81555e-016	1.15894e-015	1.63983e-014	1.05762e-014	3.07936e-014	3.95867e-013	1.36972e-011	
0	0.228733	0.139856	0.062617	0.144451	0.462913	0.580476	0.292889	0.241061	0.29773	0.281214	0.0590037	0.0465648	0.00152878	0.000130869	0.000228979	4.21076e-005	6.19465e-006	0.0003821	0.00014608	0.000753832	0.00285985	0.00105509	0.000335507	0.000128942	2.90315e-005	1.96929e-006	9.28541e-007	1.35662e-010	1.03646e-010	6.1025e-012	8.16795e-012	5.66774e-013	1.23556e-014	4.50619e-016	3.95514e-016	6.98599e-017	3.55254e-017	7.64775e-018	2.56671e-018	1.7635e-018	1.60137e-017	1.38159e-017	1.05704e-017	4.9375e-016	1.09273e-015	2.38141e-014	2.1101e-013	8.08986e-012	
0	0	0.214879	0.214529	0.0509698	0.0328907	0.080835	0.120819	0.0246858	0.0395342	0.0332508	0.325869	0.428902	0.84635	0.991279	0.967526	0.91847	0.519884	0.464442	0.804968	0.650531	0.858381	0.731178	0.20657	0.013531	0.000289762	1.49897e-005	1.87934e-006	1.15285e-009	7.06949e-011	1.9594e-011	9.62974e-013	1.04022e-013	1.22355e-014	6.28715e-017	4.35835e-018	2.15456e-016	6.48244e-017	6.36973e-017	1.08822e-016	1.6005e-016	7.09325e-016	1.10259e-016	8.91675e-016	1.91751e-014	3.30759e-015	9.09826e-016	1.36164e-013	7.93966e-013	
0	0	0.00286623	0.159969	0.00230757	0.059174	0.00176402	0.000832855	0.0113833	0.00141653	0.000363269	0.0898122	0.0376949	0.104543	0.0040243	0.0283162	0.0783491	0.0489082	0.022154	0.0146631	0.00677302	0.00118926	0.1961	0.102596	0.0514866	0.0160178	0.0208733	0.097886	0.0947578	0.000648208	1.01707e-006	2.31192e-008	4.98196e-010	1.03583e-011	6.46062e-014	1.66669e-016	3.99868e-018	2.17386e-019	2.09167e-019	2.87963e-018	2.72543e-020	1.55182e-017	4.58022e-019	3.83575e-019	1.40959e-014	2.58048e-017	5.829e-015	1.60104e-014	1.34749e-011	
0	0	0	0.0262929	0.0242302	0.00688045	0.00148799	0.000701325	0.000110824	3.76387e-006	3.17998e-006	3.83319e-005	0.00196087	6.53988e-005	4.31717e-005	0.000601127	0.00228051	0.430714	0.470082	0.156537	0.275531	0.0567389	0.0412282	0.642504	0.911362	0.95319	0.972713	0.898631	0.875279	0.820603	0.400729	0.247723	0.00240074	7.38611e-006	1.04632e-008	1.26605e-011	8.62116e-015	8.33831e-018	4.62587e-020	4.85614e-020	1.58229e-020	3.89277e-018	2.03409e-019	7.77995e-020	3.03304e-016	1.36145e-016	6.85084e-018	1.99872e-015	2.47712e-013	
0	0	0	1.15111e-013	2.41031e-005	6.79089e-006	9.57169e-006	1.15011e-006	5.06959e-007	1.27726e-008	4.8178e-010	1.19495e-009	2.87314e-008	2.02766e-008	5.90173e-010	1.79889e-009	2.4738e-008	1.04392e-005	0.0108736	0.00133909	0.0184879	0.0342166	0.00483932	0.0051198	0.0189151	0.02813	0.00400382	0.00209022	0.0243608	0.095823	0.396596	0.405862	0.343698	0.150311	0.189671	0.0188881	4.60694e-005	5.5578e-008	2.85266e-011	1.99187e-014	9.3643e-018	2.23285e-019	1.20522e-021	4.68575e-023	2.59647e-022	4.89144e-020	2.47714e-020	3.59587e-021	3.23941e-017	
0	0	0	0	0.000254844	3.43195e-005	7.75034e-005	6.49576e-005	3.089e-005	2.86031e-005	2.61654e-005	3.56194e-006	6.76355e-007	9.72193e-007	7.88189e-008	4.29751e-007	6.891e-007	7.39837e-005	0.0309791	0.0210859	0.04286	0.0403315	0.0233856	0.0396371	0.00409538	0.00228288	0.00237897	0.00138868	0.00560252	0.0829254	0.202675	0.346415	0.653902	0.849682	0.810329	0.981112	0.999954	1	1	1	1	1	1	1	1	1	1	1	1	


1	0.634403	0.294223	0.0425033	0.0340453	0.00353012	0.0307377	0.104918	0.205622	0.210521	0.0583903	0.0523936	0.0188159	0.000747115	0.000142762	9.89567e-005	2.70908e-005	8.15092e-006	1.99816e-005	1.17669e-005	1.03678e-005	4.02083e-007	6.60029e-008	7.02316e-009	2.23982e-009	4.8334e-010	1.3813e-011	5.05768e-012	2.05001e-013	2.11841e-014	8.87062e-016	6.92904e-017	1.54113e-019	2.16832e-022	4.35896e-025	4.32443e-025	1.25008e-025	1.30394e-025	2.50094e-025	3.52393e-027	1.45226e-029	6.79362e-032	1.23513e-031	2.39332e-033	1.12687e-034	2.86497e-034	8.68829e-035	1.73492e-035	9.87423e-036	
0	5.45588e-006	0.00134475	6.97064e-006	2.24833e-007	1.64601e-008	3.37119e-007	6.27002e-005	1.66641e-005	6.44081e-005	2.74403e-006	4.01786e-006	6.57034e-007	2.99122e-007	3.75105e-007	1.583e-007	1.27719e-008	2.92603e-008	1.01228e-005	5.15478e-006	1.16935e-008	1.44069e-010	1.75574e-011	2.84977e-014	9.17209e-013	9.81465e-014	1.0145e-016	3.27245e-015	8.94923e-016	1.46638e-016	7.52818e-017	1.1924e-017	1.49337e-018	1.95946e-020	1.69814e-023	2.23201e-025	1.89513e-028	1.65595e-028	3.61069e-027	1.63321e-031	4.63036e-033	6.40827e-038	5.89476e-033	1.14591e-035	8.13712e-039	2.18651e-037	1.00099e-038	5.27089e-038	4.34058e-040	
0	0.365592	0.692385	0.901087	0.79965	0.915308	0.950351	0.891992	0.793929	0.787657	0.914794	0.916717	0.928554	0.906017	0.796069	0.52888	0.578635	0.864939	0.690933	0.511863	0.193068	0.00650639	0.0139279	0.0150299	0.0366486	0.0665851	0.259179	0.744619	0.959644	0.406851	0.0200139	0.000882614	8.56364e-006	6.91602e-008	4.62743e-010	6.50483e-011	5.35309e-011	8.29067e-012	2.14662e-012	3.07675e-013	3.80195e-015	1.21187e-016	2.13639e-017	2.52277e-018	5.27697e-018	7.69347e-019	8.06636e-019	1.85304e-018	5.43744e-018	
0	0	0.0120473	0.0563934	0.166267	0.0810571	0.0168942	0.0026036	0.000132278	0.000189584	0.000413358	0.000284921	0.00117286	0.000774592	0.000767233	0.000418657	0.00240543	0.0542236	0.013291	0.0154103	0.0282403	0.00173756	0.000313456	0.00288573	0.00763266	0.012448	0.0987535	0.0528886	0.0374977	0.580125	0.425252	0.0500112	9.61761e-006	2.2391e-009	1.28272e-012	4.74151e-014	3.52185e-014	3.14227e-015	6.59812e-016	1.68938e-016	1.59451e-017	2.83521e-018	2.95115e-020	6.3384e-020	2.03875e-019	9.80165e-021	7.5236e-022	3.73191e-020	4.79806e-020	
0	0	1.34111e-007	9.38492e-006	3.69089e-005	0.000105049	0.00200194	0.000187324	3.44593e-005	1.83548e-006	6.60364e-007	1.25374e-005	3.47415e-006	2.91763e-006	5.73604e-006	3.64152e-006	2.05948e-006	4.24249e-005	0.00190062	0.000175127	6.62199e-005	8.82029e-005	0.00056675	9.12163e-006	0.000364394	0.000646307	9.12436e-005	0.00853347	0.00150177	0.012762	0.554478	0.947569	0.992705	0.997461	0.979028	0.72245	0.0167721	0.000340256	7.78284e-006	2.74419e-009	2.31896e-013	1.88709e-017	2.88698e-019	1.4574e-022	8.80409e-023	2.04522e-022	6.39869e-024	8.57707e-025	3.07229e-022	
0	0	0	7.78818e-011	3.95625e-007	1.74421e-008	1.44761e-005	0.000231709	0.000226503	0.000636415	0.00794664	0.00150343	0.000364663	4.84268e-006	1.08324e-006	3.71236e-007	2.05334e-008	2.45422e-007	6.42687e-005	0.00166511	0.0152015	0.014628	0.00814379	0.00365362	8.19622e-005	2.91428e-006	2.04461e-006	5.27101e-007	1.74041e-005	6.17738e-005	0.000240864	0.00153624	0.00727525	0.00252554	0.0209629	0.273877	0.212095	0.197058	0.101125	0.00511406	0.000126632	1.95833e-007	1.06845e-007	2.50698e-009	5.42745e-012	1.35449e-012	1.82353e-014	8.90682e-017	2.46493e-019	
0	0	0	3.89993e-013	1.9504e-010	1.83993e-008	4.61572e-008	4.75098e-006	3.75627e-005	0.000918815	0.0179352	0.0236736	0.00165817	0.000296555	5.92923e-005	1.70199e-005	4.25059e-006	6.58585e-006	3.36392e-006	1.39157e-005	0.000683006	0.000921272	0.00605277	0.0287765	0.00090565	2.11227e-005	4.16682e-006	8.5042e-008	1.06626e-009	5.19877e-007	1.77851e-007	1.19197e-006	1.56206e-006	1.33391e-005	9.33787e-006	0.00367021	0.770559	0.730795	0.764756	0.833862	0.943554	0.964454	0.847161	0.84955	0.189742	0.0676336	0.0167779	0.00518224	0.000989217	
0	0	0	0	3.39327e-013	8.44771e-011	4.61394e-008	6.94189e-008	1.71774e-006	1.17639e-005	0.000517149	0.00541033	0.0494303	0.0921563	0.202954	0.470581	0.418926	0.0807798	0.293777	0.470856	0.76273	0.976118	0.970995	0.949645	0.954367	0.920297	0.64197	0.193958	0.00133881	0.000199927	1.4973e-005	1.35526e-007	5.15977e-010	2.59981e-009	7.01147e-009	1.93491e-006	0.000573922	0.071806	0.134112	0.161024	0.0563191	0.0355463	0.152839	0.15045	0.810258	0.932366	0.983222	0.994818	0.999011	


1	0.9999	0.997939	0.973222	0.997087	0.998172	0.996744	0.9997	0.999446	0.998291	0.999691	0.953637	0.998129	0.936069	0.998276	0.987978	0.983208	0.00429913	1.85756e-007	5.24875e-012	6.10712e-016	8.80848e-020	2.95129e-021	1.2564e-023	3.43445e-026	5.0307e-029	3.35355e-031	7.88863e-033	1.87669e-035	1.12344e-038	5.14501e-040	4.5569e-043	5.27944e-045	3.08476e-047	6.74034e-050	1.46119e-050	2.55862e-051	2.86771e-052	7.50806e-053	1.53611e-053	2.09067e-054	3.18412e-054	7.40675e-055	4.17947e-055	1.001e-054	1.08968e-054	8.77216e-055	3.51445e-055	6.38504e-055	
0	6.15059e-005	0.00075314	0.0267067	0.00250875	0.00138042	0.00304603	0.000192647	0.000543755	0.00170603	0.000288187	0.0463605	0.00185547	0.0639298	0.00172285	0.0120197	0.0167873	0.995695	0.994623	0.999773	0.998828	0.953584	0.970731	0.980188	0.0117513	5.15302e-005	8.32746e-006	2.49315e-006	8.82188e-009	1.70702e-013	4.55152e-016	5.132e-021	2.90411e-024	1.73065e-027	3.17131e-031	6.38206e-035	1.09025e-037	2.25136e-041	5.37437e-044	1.00309e-045	2.4985e-048	4.12681e-049	6.15431e-052	1.36881e-054	4.87388e-055	1.06261e-056	3.73804e-059	4.14179e-058	5.89191e-058	
0	3.83273e-005	0.00129972	5.98434e-005	0.000388829	0.0002607	0.000194733	9.80726e-005	9.92763e-006	1.14722e-006	9.43688e-007	4.71646e-007	1.50007e-005	6.92619e-007	9.46309e-007	2.40601e-006	5.0318e-006	6.3546e-006	0.00537595	0.000226866	0.00116744	0.0464147	0.0292678	0.0198101	0.988224	0.999288	0.998915	0.997303	0.977606	0.0249268	0.000263223	1.6193e-007	3.55877e-011	2.62571e-015	9.49627e-021	4.16985e-025	3.58467e-029	7.49601e-034	1.20661e-037	1.60947e-041	4.76884e-045	9.49126e-047	3.28224e-050	8.82656e-053	3.97592e-054	2.03323e-056	1.84169e-058	3.34501e-058	1.09139e-058	
0	0	8.47772e-006	1.09107e-005	1.54645e-005	0.000186616	1.52477e-005	8.93499e-006	1.64479e-007	6.03545e-008	1.51252e-008	3.79456e-012	5.54157e-009	2.27663e-011	1.91315e-009	1.07471e-010	2.20961e-009	2.19829e-010	4.44728e-007	1.29168e-007	4.2706e-006	1.70333e-006	9.05397e-007	2.19285e-006	2.42788e-005	0.000660394	0.00107625	0.00269473	0.0223937	0.97507	0.986837	0.997894	0.0265024	9.89242e-005	4.39723e-008	3.9361e-009	6.1323e-012	4.27695e-015	1.47338e-018	1.7605e-023	2.95502e-027	4.99567e-030	1.34574e-033	7.09962e-036	2.98146e-038	3.83615e-040	7.42569e-041	1.71809e-041	6.59696e-042	
0	0	3.32248e-014	1.7646e-009	3.37561e-010	9.79829e-009	1.37728e-007	2.17291e-009	1.73365e-008	1.39256e-010	2.99915e-012	1.52182e-011	8.18351e-016	1.00261e-012	7.20982e-016	2.68204e-014	3.81556e-015	1.32607e-015	7.85899e-019	2.67736e-015	1.24695e-015	1.33147e-013	2.00562e-010	1.98587e-012	9.36712e-012	4.50137e-011	7.92974e-009	7.57653e-008	2.17744e-008	2.77445e-006	0.0120465	0.00210412	0.900479	0.97925	0.971807	0.207149	0.00458874	3.17485e-007	1.61745e-010	1.91695e-014	1.32025e-018	4.18166e-021	3.6331e-025	1.47187e-028	4.81615e-031	2.39791e-035	3.19764e-038	9.34571e-042	4.91008e-043	
0	0	0	1.74618e-010	4.6268e-010	1.01119e-011	2.77131e-007	9.06126e-008	3.15198e-007	6.35472e-009	1.30234e-010	2.03027e-010	7.05969e-012	1.27583e-012	5.06113e-014	6.68529e-012	5.19218e-014	4.68567e-014	5.60713e-016	2.51269e-013	6.50907e-014	3.66171e-012	1.80236e-010	1.84079e-012	1.11795e-012	4.86184e-012	2.75459e-011	1.58112e-008	3.68722e-009	4.13384e-009	0.000852847	1.34108e-006	0.073019	0.0177355	0.0279708	0.758141	0.00513604	0.000129942	3.86982e-005	7.50051e-008	3.37969e-011	1.1817e-014	2.66378e-015	1.49815e-018	2.37698e-022	1.6633e-023	1.27208e-027	1.65118e-032	4.93115e-036	
0	0	0	1.0557e-022	1.29825e-012	3.24974e-013	9.09227e-013	2.30721e-007	1.89985e-007	2.04248e-006	1.9481e-005	1.7149e-006	4.55629e-008	9.61662e-010	6.63678e-011	2.16673e-011	7.26535e-013	2.9215e-015	7.05328e-018	2.89965e-020	5.09628e-017	6.56201e-018	4.09081e-015	1.95466e-013	4.13308e-018	1.20498e-018	5.01284e-017	4.82837e-016	2.89694e-013	4.22797e-013	7.19632e-012	1.56698e-008	8.23381e-008	0.00285905	0.000218555	0.0346074	0.976384	0.982217	0.946826	0.952141	0.939337	0.372357	0.675718	0.155682	0.000789208	0.00566951	0.000962637	3.90457e-006	2.96068e-009	
0	0	0	0	1.347e-012	7.3721e-012	3.51483e-012	2.0492e-008	5.06403e-008	1.75187e-007	3.742e-007	7.04249e-007	4.30338e-008	6.45056e-009	3.89946e-010	6.69942e-011	1.16358e-011	1.6243e-013	1.38038e-017	9.21577e-022	8.65935e-019	2.15154e-019	4.38138e-015	1.13003e-013	1.5581e-015	1.03915e-016	3.63515e-015	2.03123e-014	5.24497e-011	1.62282e-012	6.19915e-012	7.64922e-008	7.71307e-009	5.6832e-005	3.70623e-006	0.00010188	0.0138916	0.0176526	0.0531352	0.0478589	0.0606635	0.627643	0.324282	0.844318	0.999211	0.99433	0.999037	0.999996	1	


1	0.794847	0.289223	0.0291557	0.0242344	0.00441255	0.00136347	0.00579023	0.00867092	0.0158674	0.0551419	0.0154014	0.00571033	4.60844e-005	9.22017e-006	7.42768e-006	6.37657e-007	1.4945e-008	4.43922e-010	1.84686e-011	4.55371e-011	2.54948e-011	9.82401e-012	3.10953e-012	9.24288e-013	2.2683e-013	7.87182e-014	1.84359e-014	3.22603e-017	1.37211e-017	1.49124e-018	1.47291e-019	3.27899e-021	7.74777e-024	1.22236e-025	6.94079e-026	4.09253e-026	7.78966e-026	3.74527e-026	5.68161e-026	1.41008e-026	1.76325e-026	9.07406e-027	2.43738e-027	4.7548e-027	1.96234e-026	2.95985e-026	5.59653e-026	1.27118e-025	
0	0.195159	0.690047	0.82342	0.96601	0.79285	0.992831	0.918494	0.927693	0.953956	0.913097	0.273845	0.210863	0.00824068	0.00497543	0.00164609	0.000160515	8.83688e-007	2.20007e-008	7.72034e-010	5.95199e-010	1.10825e-009	1e-009	2.59619e-010	1.5794e-010	9.28365e-011	3.36795e-011	2.35917e-011	2.32407e-014	8.87661e-015	2.43658e-015	4.95387e-016	6.21522e-018	7.04489e-020	7.98581e-022	3.48997e-022	1.21185e-022	1.60184e-022	7.72593e-023	8.09567e-023	3.64731e-023	4.59808e-023	9.95775e-024	5.90537e-024	1.5165e-022	1.73852e-022	2.35854e-022	7.55118e-022	2.96429e-021	
0	0.00999373	0.020696	0.144955	0.00943998	0.202535	0.00368574	0.0754169	0.0611043	0.0293327	0.0315877	0.703493	0.732964	0.941798	0.95803	0.638693	0.975276	0.13876	0.000647284	1.31727e-005	1.54808e-006	9.07141e-008	2.33767e-007	2.36259e-008	2.53011e-008	1.89839e-008	4.48067e-008	6.75302e-008	1.54361e-008	7.00529e-011	5.19373e-013	4.58717e-015	1.42843e-017	5.75295e-020	2.3012e-022	4.60043e-024	1.79043e-023	2.23636e-024	4.94531e-024	7.20134e-023	3.1739e-024	1.35005e-023	4.19232e-025	4.04054e-025	1.51841e-022	4.45705e-024	8.01289e-024	8.92722e-023	2.71785e-021	
0	0	3.46241e-005	0.00246932	0.000311816	0.000190841	0.00211641	0.000238017	0.00252824	0.000838143	0.000167161	0.00725943	0.0492099	0.049728	0.0367098	0.358289	0.0203455	0.859192	0.910247	0.903465	0.502364	0.204095	0.353951	0.253596	0.178727	0.121022	0.0802847	0.243112	0.11417	0.000816499	3.36891e-005	2.46949e-007	6.82464e-009	6.33076e-010	9.38112e-012	9.56181e-014	2.35227e-015	1.47971e-016	1.48388e-017	1.90431e-017	2.97e-019	1.31091e-020	1.59789e-022	1.99614e-025	2.76501e-024	1.86655e-023	1.60229e-025	4.90126e-025	4.71993e-024	
0	0	2.76928e-010	1.51045e-007	3.91994e-006	1.099e-005	3.25467e-006	6.0312e-005	1.47339e-006	3.28122e-006	3.9549e-006	1.48091e-006	0.00125172	0.000185058	0.000270171	0.00135271	0.00421343	0.00195429	0.0879359	0.0784488	0.439732	0.372148	0.0861903	0.0375814	0.0498195	0.0680774	0.0820761	0.0273326	0.59423	0.0703561	0.00153288	9.31691e-006	2.27773e-008	5.15305e-010	2.67424e-012	8.85851e-014	1.50905e-015	3.40068e-017	3.68294e-019	4.31205e-018	2.37974e-020	1.46493e-020	3.40098e-024	2.79914e-027	4.21854e-026	9.26125e-026	1.36783e-025	2.96961e-027	5.89971e-027	
0	0	0	1.14887e-009	9.25579e-008	6.28688e-008	3.76091e-007	7.72067e-007	1.88714e-006	1.64392e-006	5.4612e-007	3.37829e-008	6.50018e-007	1.5886e-006	3.3678e-006	8.30134e-006	3.51508e-006	9.09902e-005	0.000894081	0.00686668	0.0508406	0.328796	0.43491	0.271965	0.21434	0.167835	0.104616	0.125228	0.103317	0.431349	0.531008	0.485563	0.604576	0.954437	0.954726	0.914421	0.745418	0.353246	0.0623792	0.0512463	0.0062562	0.000499628	6.1877e-006	5.94799e-008	3.07076e-008	6.82669e-009	3.7103e-010	7.75347e-011	7.71224e-012	
0	0	0	1.10374e-014	2.27459e-011	1.24606e-010	1.64762e-008	2.31717e-008	8.98037e-008	1.61392e-008	4.00682e-008	1.81046e-010	3.56448e-009	2.35101e-007	2.19027e-006	3.74935e-006	8.85957e-008	1.53575e-006	0.000275616	0.0112037	0.00493929	0.0883353	0.00233068	5.06731e-005	0.000296811	0.000245054	7.73688e-005	0.000364501	0.000363291	0.0199347	0.0157882	0.00468346	0.00300668	0.0123824	0.00217525	0.00234724	0.0295323	0.0246006	0.0672976	0.0396568	0.019656	8.70906e-006	5.13452e-007	1.40306e-008	1.26536e-010	5.87788e-010	2.27557e-011	4.40415e-012	1.90779e-015	
0	0	0	0	1.27207e-011	1.66406e-010	1.78621e-009	3.57168e-008	2.5337e-007	1.0874e-006	1.8449e-006	1.31898e-007	1.98818e-009	3.38933e-011	2.12462e-009	3.53472e-008	3.72047e-009	2.61416e-009	8.55172e-008	2.54667e-006	0.00212222	0.00662526	0.122619	0.436807	0.556817	0.64282	0.732946	0.603963	0.18792	0.477543	0.451637	0.509744	0.392417	0.0331809	0.0430992	0.083232	0.22505	0.622154	0.870323	0.909097	0.974088	0.999492	0.999993	1	1	1	1	1	1	


1	0.390368	0.71078	0.805601	0.912925	0.817303	0.375493	0.281317	0.152393	0.0136932	0.00197106	0.00162413	0.000232654	7.0604e-006	7.94255e-007	1.05312e-007	1.22251e-008	6.26779e-010	1.9486e-010	6.25635e-011	6.53842e-011	4.5459e-011	1.21908e-011	4.21943e-012	3.26945e-013	1.25196e-014	6.78844e-016	1.36369e-017	1.58389e-021	1.52469e-023	1.53583e-025	1.18843e-028	5.86612e-031	4.53224e-033	5.28299e-036	9.68593e-038	3.6001e-039	2.16496e-040	1.07075e-041	3.27771e-043	2.01051e-044	2.26851e-044	2.93875e-045	6.60938e-045	7.76679e-044	7.29411e-045	1.07448e-045	1.10785e-045	7.62094e-046	
0	0.598596	0.187544	0.00194598	0.025693	0.00430864	0.612513	0.712607	0.843374	0.98486	0.995239	0.283162	0.0482269	0.000293322	2.32965e-005	5.68245e-005	5.15712e-007	5.43472e-009	4.8177e-008	6.06271e-008	1.24559e-007	2.11745e-007	1.31393e-009	3.93836e-011	9.04672e-014	2.54549e-016	1.35162e-018	1.15661e-019	2.27123e-023	1.31223e-023	2.36231e-025	1.29911e-028	1.77711e-030	3.01685e-031	1.04172e-033	1.4769e-033	4.4212e-034	2.03325e-033	2.01141e-033	3.17475e-034	1.07822e-034	1.59318e-035	1.29702e-035	2.63859e-036	1.66718e-037	1.6932e-036	6.50676e-037	1.87534e-038	3.57304e-041	
0	0.011036	0.100411	0.181324	0.0581222	0.1125	0.00699945	0.00599515	0.0042273	0.00144541	0.00278909	0.715213	0.951274	0.999619	0.999946	0.9987	0.999718	0.992066	0.599748	0.880012	0.990153	0.97382	0.990742	0.952364	0.31128	0.0487955	0.0207024	0.00213994	9.27562e-005	1.17867e-007	1.89654e-010	1.89629e-014	3.02428e-018	1.90487e-020	2.42289e-024	1.46443e-027	1.10335e-029	2.43682e-032	1.19221e-034	2.44855e-035	2.51118e-036	6.79298e-035	3.56954e-037	2.6561e-036	8.6619e-035	1.01828e-036	4.2806e-038	8.924e-038	7.931e-039	
0	0	0.00126554	0.0111286	0.00325646	0.0658872	0.00455852	7.64554e-005	4.68281e-006	2.50021e-007	1.5918e-008	5.27849e-007	0.00026642	8.06226e-005	3.02591e-005	0.0012429	0.000281968	0.00793369	0.400187	0.119493	0.00952279	0.0258775	0.00924713	0.0476317	0.688712	0.951147	0.979291	0.997771	0.999806	0.90588	0.00388519	1.72827e-005	1.34767e-008	1.38509e-010	1.69948e-015	6.81512e-019	4.17261e-022	1.18154e-025	4.85814e-029	5.02317e-033	5.22836e-037	2.62954e-038	1.03221e-039	1.75757e-040	1.25169e-036	5.05534e-038	1.40119e-038	4.91038e-038	1.94393e-038	
0	0	5.09071e-022	3.69402e-007	2.90259e-006	1.34887e-006	0.000431157	1.26282e-006	1.38371e-008	3.01713e-010	6.61526e-013	2.24049e-013	1.0188e-012	2.11567e-011	8.23314e-011	6.72911e-011	3.34671e-010	5.83529e-009	6.24572e-005	0.000440297	8.61248e-005	3.9591e-006	1.88815e-007	8.12786e-008	7.82135e-006	5.77679e-005	6.35039e-006	8.94811e-005	0.000100899	0.0941135	0.988413	0.999448	0.656275	0.502799	0.0342474	0.000967411	1.19021e-007	4.74705e-011	3.05474e-014	2.27761e-020	2.33239e-025	1.76498e-030	9.48836e-035	8.50422e-039	5.00215e-042	7.83463e-041	7.55536e-043	2.88038e-042	4.69315e-041	
0	0	0	1.25821e-011	6.22665e-008	2.11705e-011	5.2969e-006	1.10955e-006	1.57778e-007	3.19958e-009	1.89445e-010	4.19356e-012	7.81281e-013	5.3165e-013	6.67537e-011	3.9505e-011	5.36569e-012	7.90222e-011	3.10407e-006	5.18411e-005	0.000185388	0.000223929	6.46845e-007	9.94423e-009	9.12393e-009	9.17838e-008	8.57804e-009	5.30452e-008	8.18748e-008	6.06935e-006	0.00770219	0.000531804	0.343716	0.382859	0.961627	0.934456	0.00279177	0.000117061	6.25548e-006	7.54395e-010	9.71281e-013	7.28189e-017	2.1437e-018	2.42761e-021	1.34274e-025	4.08595e-027	5.11205e-031	5.34827e-036	1.34526e-040	
0	0	0	7.55121e-031	2.87607e-014	6.56024e-011	5.83165e-012	2.11943e-006	1.07825e-006	7.87815e-007	1.09358e-006	7.40652e-007	1.01575e-008	1.67016e-010	8.77834e-012	1.11678e-011	5.20301e-013	1.43295e-012	4.74818e-011	2.05861e-006	5.18108e-005	6.71485e-005	8.81898e-006	2.8155e-006	5.26632e-009	5.66498e-012	4.40802e-011	4.09356e-013	1.0683e-011	1.34349e-010	5.32544e-009	1.94687e-007	8.06508e-006	0.11411	0.00390152	0.0629509	0.994987	0.969846	0.979074	0.996367	0.990178	0.846668	0.972932	0.878716	0.105927	0.278387	0.0196277	0.000381389	1.93141e-007	
0	0	0	0	1.73239e-013	9.79648e-010	4.75146e-009	3.85446e-008	3.16419e-007	2.56433e-007	1.12246e-007	9.20966e-008	6.40647e-009	2.19617e-011	6.05503e-013	1.3745e-013	2.32112e-014	5.31549e-015	4.04242e-013	5.18429e-009	1.12954e-006	6.86276e-006	1.06186e-006	1.01268e-006	3.79925e-007	5.93464e-008	1.04011e-008	4.8699e-010	8.26896e-011	7.48712e-010	8.75061e-009	2.81657e-006	2.02867e-007	0.000231956	0.000223742	0.00162608	0.00222136	0.0300364	0.0209202	0.00363312	0.00982175	0.153332	0.0270681	0.121284	0.894073	0.721613	0.980372	0.999619	1	


1	0.849486	0.813902	0.737086	0.661808	0.952319	0.971527	0.918543	0.894701	0.872351	0.521986	0.159712	0.0705097	0.00301213	0.000985074	0.000880809	0.000310258	1.88056e-006	1.37038e-007	6.99184e-009	3.66926e-010	1.69718e-012	1.79891e-014	4.06515e-016	4.88982e-019	3.47953e-022	2.43531e-024	8.45416e-026	4.80478e-031	2.59543e-032	5.64476e-034	1.13143e-036	3.54953e-039	2.27745e-041	3.86736e-044	7.47222e-045	1.44748e-045	2.98547e-046	1.55224e-046	8.24284e-047	1.54133e-047	5.72436e-047	3.25083e-047	4.23641e-047	7.8607e-046	1.51938e-045	4.25574e-045	5.29361e-044	1.09007e-042	
0	0.15039	0.185991	0.233404	0.335272	0.0296024	0.0219244	0.0808657	0.103105	0.118494	0.471503	0.304802	0.427525	0.0935776	0.410504	0.421937	0.376955	0.00699594	0.000315633	2.72052e-005	4.18404e-006	6.84277e-008	3.28473e-009	1.35472e-010	1.67266e-013	1.40571e-016	1.9775e-018	1.53114e-020	1.40681e-023	6.3775e-026	3.02036e-027	5.8933e-031	1.47109e-033	6.61507e-036	3.18266e-038	4.91625e-040	4.35067e-041	3.43234e-042	5.20532e-043	3.92058e-043	1.20209e-043	2.63867e-043	5.17389e-043	5.67857e-042	2.29465e-040	2.18867e-040	1.69278e-040	4.35659e-040	1.16125e-039	
0	0.000124337	8.86802e-005	0.028858	0.00201057	0.0151222	0.00499948	0.000576968	0.00209321	0.00907491	0.00619332	0.534721	0.499828	0.902979	0.588373	0.575296	0.622567	0.988715	0.67387	0.918677	0.623177	0.020669	0.0107876	0.00262178	1.32208e-006	2.66413e-010	3.5135e-012	5.867e-013	8.80974e-016	2.41545e-019	2.25712e-022	5.03951e-027	3.10273e-030	7.86507e-033	1.2592e-035	5.33008e-038	8.75702e-040	8.04224e-042	9.04774e-044	1.53816e-043	2.94923e-045	5.27338e-044	7.33197e-046	9.34281e-046	9.62791e-042	2.85798e-042	2.52941e-043	3.04049e-042	4.53824e-041	
0	0	1.87907e-005	0.00065241	0.00090707	0.000273919	0.00147552	7.15512e-006	9.10181e-005	2.08425e-005	5.65741e-005	0.000749216	0.00213535	0.000430141	0.000137655	0.00187853	0.000164811	0.00428556	0.251831	0.0320687	0.0175552	0.495199	0.331045	0.743587	0.00711601	6.59235e-005	5.65706e-006	3.22092e-007	4.56308e-011	2.89052e-013	2.02448e-015	2.1794e-020	4.06949e-024	2.24085e-027	1.02556e-030	2.82184e-034	6.23634e-038	1.83118e-041	4.11907e-044	7.87949e-045	3.13606e-045	3.58541e-044	6.48326e-046	5.43971e-046	2.03898e-042	4.36466e-043	8.38826e-045	3.96095e-043	1.97696e-042	
0	0	3.70757e-008	8.32474e-009	6.34334e-008	1.81115e-007	8.46668e-007	3.95401e-007	7.25712e-009	5.47545e-010	1.52396e-009	2.28997e-009	9.98878e-007	7.19203e-007	1.40934e-007	7.5363e-006	1.06493e-006	1.28964e-006	0.0738105	0.0130099	0.00209964	0.401017	0.653084	0.192309	0.989549	0.993056	0.458311	0.551341	0.000152394	1.80052e-006	1.48434e-009	4.91723e-015	1.96189e-019	5.17565e-023	1.17488e-028	5.44004e-034	1.30595e-038	5.42952e-043	2.9758e-045	2.95669e-047	3.32322e-048	1.34234e-047	1.01208e-046	1.80292e-048	1.47904e-046	4.09253e-045	5.35071e-046	5.45284e-046	4.51739e-046	
0	0	0	4.63602e-007	2.15294e-006	0.0026819	4.50322e-005	2.43357e-006	6.00395e-009	1.54817e-008	6.73645e-009	2.69255e-009	4.60885e-007	2.99434e-008	8.28024e-009	3.50957e-009	1.83329e-006	3.93755e-008	0.000172114	0.0362173	0.357139	0.083065	0.0050755	0.0614819	0.00333222	0.00687763	0.541683	0.44839	0.99982	0.805303	0.00326458	3.0012e-005	3.27073e-009	1.63253e-012	8.40377e-017	3.9831e-020	1.24729e-023	5.26485e-028	8.3486e-033	1.49343e-035	1.71101e-039	7.95465e-040	3.58151e-045	3.13745e-048	1.88648e-046	1.02026e-046	6.92771e-045	7.42123e-045	1.60016e-042	
0	0	0	1.94534e-024	1.17464e-010	2.04924e-009	2.5905e-005	3.8708e-008	3.36807e-009	7.54611e-011	1.25778e-012	1.4332e-013	2.32123e-014	4.75788e-013	1.9894e-013	1.01427e-013	4.15551e-015	1.44512e-011	9.92894e-011	3.02734e-008	2.27273e-005	4.27052e-005	4.87786e-006	2.43794e-007	1.61917e-006	4.72034e-008	4.92602e-008	0.000263894	2.63334e-005	0.194561	0.993137	0.998613	0.941757	0.905613	0.929311	0.355863	0.00160887	1.06771e-005	1.88058e-008	1.0531e-012	2.18166e-016	8.25068e-020	4.43003e-023	1.50105e-026	3.45566e-029	3.50914e-032	1.90362e-035	1.73039e-037	1.57441e-038	
0	0	0	0	4.8371e-011	1.40769e-010	1.97234e-006	4.70727e-006	9.45907e-006	5.90881e-005	0.000260791	1.58518e-005	5.54838e-007	2.09116e-009	1.02372e-010	9.66207e-012	1.14084e-013	1.05538e-011	1.17543e-011	1.6853e-008	2.9981e-006	7.22929e-006	3.14846e-006	5.09627e-007	1.25845e-008	6.33459e-010	1.47905e-008	4.32739e-006	8.42364e-007	0.00013413	0.00359846	0.0013565	0.0582431	0.0943871	0.0706888	0.644137	0.998391	0.999989	1	1	1	1	1	1	1	1	1	1	1	


1	0.881091	0.987602	0.670402	0.964958	0.535095	0.944327	0.997834	0.930292	0.987121	0.992911	0.648203	0.656644	0.0964807	0.276571	0.502681	0.443346	0.319417	0.293029	0.243518	0.3324	0.592495	0.394222	0.133855	0.0389018	0.00825188	0.00103748	4.81241e-005	4.14457e-009	2.1284e-010	6.63472e-012	7.36963e-014	4.17287e-016	7.27353e-019	8.2621e-022	7.11231e-023	3.19296e-024	6.87567e-025	1.88795e-025	4.31215e-027	2.72435e-028	8.62432e-029	4.59543e-029	2.68647e-029	6.98243e-029	9.30774e-029	1.15737e-028	1.30944e-028	2.86192e-028	
0	0.118908	0.0120971	0.325531	0.0199508	0.460359	0.0499786	0.00168012	0.0696765	0.0128683	0.00708661	0.351785	0.341927	0.90342	0.722974	0.493951	0.552703	0.155973	0.0171129	0.0197554	0.00603811	0.0102734	0.537302	0.163334	0.140357	0.0842288	0.0733327	0.0876219	0.0294691	3.05944e-005	2.06566e-008	1.34758e-011	1.86974e-014	1.58092e-017	7.03421e-021	2.18546e-023	1.15562e-025	4.23868e-027	7.62053e-028	5.09892e-028	7.9463e-031	7.00323e-030	1.06122e-031	8.11949e-032	1.22354e-028	1.50264e-030	4.38997e-029	9.60201e-030	2.08148e-028	
0	1.66238e-006	0.000300768	0.0040659	0.0149718	0.00449768	0.00557272	0.00041745	2.89961e-005	1.09456e-005	1.89644e-006	1.1356e-005	0.00142826	9.94871e-005	0.000454175	0.00336815	0.00395109	0.524567	0.656877	0.702013	0.48935	0.100306	0.0286238	0.688959	0.812416	0.900552	0.923399	0.911176	0.969299	0.0286629	0.00014769	4.1493e-007	5.08311e-010	2.26451e-014	7.42651e-019	2.52369e-022	7.34515e-027	7.23775e-030	8.23693e-031	2.73765e-032	2.55406e-033	2.69948e-033	1.74018e-033	1.53229e-035	1.0314e-032	3.95876e-031	6.40797e-033	8.5227e-031	2.47583e-030	
0	0	6.82085e-008	9.13376e-007	0.000119508	4.78039e-005	0.000121982	6.8418e-005	2.0256e-006	1.38434e-007	2.37503e-008	4.88947e-011	1.39768e-009	5.62752e-009	3.68085e-008	1.02365e-007	3.33191e-007	4.25714e-005	0.0329807	0.034403	0.171681	0.295625	0.00849158	0.00165043	0.00784665	0.00688337	0.00216456	0.0011482	0.0012257	0.97129	0.950429	0.979642	0.158134	0.00274252	4.8373e-005	9.7241e-006	4.11244e-008	2.02163e-010	8.76769e-013	1.59612e-017	2.19341e-020	2.33549e-023	1.57384e-025	3.02532e-027	9.22475e-030	1.79359e-031	2.64163e-033	1.94173e-034	5.22473e-033	
0	0	5.53763e-019	1.24832e-010	6.66252e-011	7.12459e-008	7.1278e-009	3.14995e-008	2.83004e-008	6.61303e-011	4.14382e-012	2.74229e-011	2.67918e-014	2.15977e-013	1.69603e-012	9.3186e-012	2.2954e-010	6.12767e-008	1.10065e-007	0.000308684	0.000462711	0.000704009	0.0307886	0.00960146	0.000385348	7.7472e-005	6.58377e-005	6.01967e-006	6.42764e-006	1.59546e-005	0.0494203	0.0201161	0.833167	0.866841	0.400351	0.0143103	4.33885e-006	1.71264e-010	1.99379e-014	1.15637e-017	2.00792e-022	1.86501e-023	9.28954e-027	8.50516e-030	2.78396e-029	1.512e-032	3.63764e-035	4.51605e-037	1.12604e-036	
0	0	0	6.09983e-019	5.056e-014	7.44083e-016	1.18298e-010	4.34731e-012	2.89435e-010	8.37147e-011	2.75951e-012	4.15971e-015	4.94715e-013	2.19089e-016	3.27709e-015	1.76921e-014	5.44891e-016	1.13644e-013	3.33681e-008	6.17579e-009	9.51252e-006	0.000215222	4.55072e-006	3.97762e-006	2.50312e-005	1.75428e-006	2.93643e-009	6.21848e-009	3.53906e-009	1.03655e-007	2.81305e-006	0.000241925	0.00868023	0.130107	0.588833	0.711613	0.000513896	1.18513e-005	1.17916e-007	9.90816e-012	1.90895e-015	9.75009e-021	2.20471e-022	7.85226e-026	1.0064e-029	1.92483e-031	3.69426e-034	1.44555e-038	6.525e-042	
0	0	0	5.74858e-028	9.27823e-019	5.43321e-017	1.62801e-015	1.53987e-011	4.06048e-011	1.04375e-009	3.7944e-008	4.57927e-008	1.20373e-008	1.47341e-009	3.15405e-009	5.65381e-009	1.27092e-009	1.41893e-008	4.75524e-008	1.47103e-006	5.69249e-005	0.000344595	0.000450246	0.00201569	1.80328e-006	7.1986e-009	2.99505e-009	1.98812e-012	7.52011e-013	2.96561e-012	1.02279e-010	4.04935e-010	1.8164e-005	0.000309818	0.0107675	0.273715	0.987928	0.938763	0.891342	0.973944	0.933518	0.629181	0.635641	0.201787	0.00768098	0.00792581	0.0011534	6.9915e-006	2.61081e-008	
0	0	0	0	1.7756e-024	1.07583e-019	8.14117e-018	1.20853e-015	4.53781e-012	3.13331e-011	6.50265e-010	3.5423e-009	4.99019e-009	9.41256e-010	2.53799e-009	5.7956e-009	5.10347e-009	1.29497e-008	2.54434e-008	1.27277e-007	1.6562e-006	3.62902e-005	0.000116995	0.000581116	6.68138e-005	4.812e-006	6.4085e-007	1.57756e-008	4.15393e-011	2.37452e-012	5.82093e-014	2.0734e-013	1.80734e-011	1.27343e-008	1.92835e-007	0.00035158	0.0115537	0.0612255	0.108658	0.0260558	0.0664822	0.370819	0.364359	0.798213	0.992319	0.992074	0.998847	0.999993	1	


1	0.985005	0.88022	0.185885	0.833846	0.0683738	0.88243	0.998697	0.997872	0.997283	0.998852	0.967505	0.986517	0.306739	0.946594	0.994093	0.894177	0.695554	0.977389	0.983146	0.861934	0.130109	0.0186045	0.00132309	0.00705177	0.0118109	0.000424404	2.44334e-005	1.45263e-008	4.45104e-009	1.97952e-011	4.41215e-014	1.51983e-017	4.03287e-020	6.71282e-023	1.86844e-024	1.04433e-024	1.92837e-023	3.40097e-023	1.59835e-023	1.97164e-024	2.40519e-024	3.35499e-025	7.83763e-026	9.03357e-025	4.13184e-025	2.22357e-024	4.15266e-023	1.19217e-021	
0	0.0149951	0.11975	0.805868	0.117038	0.93144	0.0635618	0.000317016	0.00208252	0.00271266	0.00114675	0.0324864	0.013279	0.693253	0.04928	0.00565216	0.105497	0.10846	0.00355084	0.00905885	0.00216467	0.000925947	0.0138661	0.00228916	0.048614	0.354195	0.978449	0.727032	0.615187	0.0144996	3.53266e-007	7.96482e-011	1.96092e-016	3.65059e-020	8.10868e-025	6.8899e-028	1.35586e-026	3.61124e-027	4.54706e-027	6.58767e-025	1.48849e-026	1.643e-024	8.44666e-029	2.17742e-027	2.44182e-023	2.93149e-027	2.21436e-025	3.45105e-023	9.65402e-021	
0	5.64959e-009	3.04819e-005	0.00824675	0.0488728	0.000166029	0.0539338	0.0001458	8.70963e-008	1.63208e-008	2.15011e-008	7.43482e-006	0.000201465	7.68086e-006	0.00412492	0.000254224	0.000324992	0.195977	0.00268618	0.000526504	0.000356197	1.18785e-006	1.09608e-005	0.000997957	0.0108851	0.0407597	0.0130863	0.272791	0.341933	0.153076	0.00590582	4.3626e-005	8.61446e-010	7.8673e-014	1.88813e-018	6.96228e-023	1.42279e-027	8.63885e-030	8.14634e-031	3.9042e-031	3.82769e-030	7.26698e-029	2.83831e-029	1.2498e-032	7.28824e-028	4.88286e-026	5.93017e-029	1.2309e-026	5.22802e-023	
0	0	4.40323e-011	8.04477e-008	0.000240928	1.97081e-005	6.1077e-005	0.000760886	3.70512e-006	1.26711e-010	2.4154e-011	8.82477e-011	2.52879e-008	7.97996e-010	9.22238e-009	9.51842e-008	1.00587e-007	7.19513e-006	0.0126758	0.000188298	0.000101193	1.67163e-005	2.44877e-007	1.25583e-007	0.00327625	0.0263184	7.96565e-005	6.08384e-005	0.0426641	0.152843	0.0453746	0.00107586	6.0451e-007	2.94796e-010	5.14211e-013	1.24519e-015	5.1421e-021	2.88948e-023	1.21436e-026	1.61063e-031	2.17959e-034	5.97636e-033	2.45514e-032	1.56252e-034	2.21062e-033	1.09464e-030	3.2293e-030	2.5815e-031	7.96002e-027	
0	0	2.39737e-013	8.49029e-011	2.59172e-006	9.04915e-008	1.31231e-005	7.90446e-005	3.82733e-005	1.76725e-006	3.47332e-008	1.87737e-011	6.1511e-010	1.52366e-010	8.96261e-010	5.03961e-008	6.46828e-010	6.64309e-009	0.00368762	0.000114106	6.53609e-006	5.6639e-006	1.08874e-007	4.58126e-011	1.68647e-005	0.000331775	5.74928e-007	3.36008e-006	0.000202862	0.679572	0.948594	0.998683	0.90718	0.458513	0.743269	0.983834	0.00353084	0.00914011	0.000516389	2.58468e-008	3.13068e-012	3.65822e-017	1.3928e-019	3.67189e-023	1.17638e-026	1.03862e-029	1.12225e-029	6.23469e-032	3.00101e-029	
0	0	0	4.10085e-016	6.00825e-014	6.25341e-010	6.57454e-010	1.35792e-007	3.63482e-006	2.42053e-006	3.1224e-007	5.68926e-007	3.11591e-008	2.04628e-008	3.67607e-008	4.15e-009	1.93751e-008	1.7922e-007	3.01374e-008	0.00668033	0.00192123	2.25651e-006	1.45955e-006	2.00187e-008	3.1116e-009	3.0048e-007	1.65382e-006	1.83028e-007	2.05538e-006	5.62172e-007	0.000124916	0.000197343	0.0928189	0.541196	0.246965	0.0149051	0.99421	0.510499	0.0609397	0.0148388	1.33943e-005	1.01482e-007	1.53458e-010	3.10751e-013	8.16954e-014	1.54906e-016	1.79931e-017	7.8709e-019	3.91221e-019	
0	0	0	4.54116e-020	1.98066e-015	4.85728e-014	3.52373e-011	3.16304e-010	1.6209e-008	4.04911e-008	2.29179e-007	6.46767e-007	1.65953e-006	2.29812e-007	1.2048e-007	1.12487e-008	5.63238e-010	3.0799e-007	8.41138e-006	0.00027996	0.133088	0.843071	0.817788	0.829505	0.217617	0.0258951	8.72142e-005	1.43689e-007	2.34754e-008	8.80059e-010	7.26645e-008	2.07811e-009	5.60942e-007	0.000286155	0.00971315	0.000633499	0.000666694	0.295802	0.0196064	0.0106355	7.37173e-005	1.50828e-005	4.43377e-008	1.23526e-011	2.69349e-013	8.84224e-016	1.17497e-019	4.91751e-021	1.21038e-021	
0	0	0	0	5.73293e-019	1.99887e-018	1.89543e-012	1.95619e-011	1.90919e-010	2.28475e-008	4.66742e-007	4.14194e-007	3.71502e-007	8.48466e-008	7.13625e-007	8.82297e-007	4.23089e-007	1.53796e-006	2.55975e-006	6.31192e-006	0.000428102	0.025868	0.149729	0.165885	0.712539	0.540688	0.00787154	8.72676e-005	1.10752e-005	8.49851e-006	4.71829e-007	4.5259e-009	1.52383e-009	4.56231e-006	5.23534e-005	0.000627498	0.00159281	0.184558	0.918938	0.974526	0.999913	0.999985	1	1	1	1	1	1	1	


1	0.997379	0.954612	0.567668	0.944078	0.911312	0.99412	0.999103	0.99853	0.997024	0.990386	0.980938	0.993066	0.849486	0.992528	0.992761	0.960778	0.720447	0.842598	0.685177	0.216852	0.166631	0.15805	0.0490219	0.016389	0.00444528	0.000156232	5.54208e-006	3.04661e-009	1.4796e-009	5.49365e-011	6.35336e-012	6.59179e-014	1.64283e-015	1.47037e-017	1.87421e-018	2.32358e-019	1.72936e-020	9.18591e-022	1.72912e-022	2.15906e-023	3.77279e-023	1.40585e-024	2.11731e-024	3.27665e-022	5.06337e-023	7.41145e-022	8.75444e-020	1.33524e-017	
0	0.00262086	0.0453874	0.432086	0.0519242	0.0886262	0.00478617	0.000164394	0.00110141	0.000161598	4.16161e-005	0.0188955	0.0059875	0.150504	0.00681342	0.00720594	0.0390929	0.265304	0.0059806	0.0172703	0.00108305	0.000763858	0.0609161	0.146775	0.396821	0.528045	0.97132	0.9886	0.744554	0.124079	0.00138339	5.01993e-005	5.44363e-008	1.56608e-010	1.43843e-013	2.34616e-017	2.73338e-020	1.47801e-024	1.68874e-025	6.59207e-025	1.40964e-026	2.42676e-024	5.142e-028	2.11507e-026	3.90493e-022	1.85205e-025	6.80649e-024	5.82098e-021	4.56639e-018	
0	9.55855e-008	7.7719e-007	0.000245605	0.00399465	5.64405e-005	0.00109316	0.000401904	2.15707e-005	5.49605e-007	3.52893e-007	4.25806e-006	0.000937728	7.89379e-006	0.000656978	2.62333e-005	0.000128417	0.0142176	0.120138	0.025595	0.0126831	0.00695443	0.00689941	0.00586244	0.0773315	0.283525	0.00415482	0.00986623	0.255045	0.376772	0.904844	0.782465	0.139404	0.00686073	0.000670059	9.74574e-006	3.67475e-010	1.92034e-013	9.20158e-017	3.21324e-020	3.08304e-024	2.33378e-026	3.18054e-027	1.58974e-029	6.81606e-027	6.03192e-025	7.90183e-027	3.92017e-025	1.29251e-020	
0	0	1.0277e-008	4.64505e-010	2.99994e-006	2.73746e-006	8.57623e-007	0.000331124	0.000346484	0.00281335	0.0095688	8.45601e-005	3.35663e-007	6.23439e-007	5.46328e-008	4.54001e-006	2.96116e-008	2.26889e-005	0.0311718	0.270603	0.760686	0.775244	0.0787454	0.0173717	0.000177382	0.000128878	0.000109539	1.47243e-006	0.000162537	0.48871	0.0348822	0.131392	0.725782	0.67777	0.286622	0.329942	0.399031	0.111252	0.00770695	0.000212363	2.0217e-005	5.90057e-007	4.26402e-008	4.39474e-008	4.44404e-009	2.38018e-010	4.13563e-010	2.13122e-009	1.11179e-009	
0	0	1.78032e-011	1.06453e-009	2.13658e-008	3.05588e-006	2.19289e-008	2.23218e-008	9.02107e-008	1.86118e-008	4.52026e-008	5.99045e-005	5.94806e-008	3.9053e-007	9.50591e-010	1.92918e-008	5.41046e-008	2.31021e-006	1.65712e-006	0.000194777	0.000713887	0.00403628	0.562092	0.652164	0.495333	0.175282	0.0242462	0.00151259	0.000190732	0.0103289	0.0569861	0.0835362	0.0182676	0.106291	0.0356447	0.000436836	6.26833e-005	1.66651e-006	4.3639e-007	7.63687e-007	4.99656e-009	1.31684e-006	8.99638e-011	7.66874e-011	4.55308e-007	1.39414e-010	1.06246e-011	1.48016e-010	8.55998e-009	
0	0	0	5.77863e-016	9.86733e-013	2.53642e-013	1.24108e-008	6.51763e-010	1.01727e-009	1.30219e-009	2.87536e-010	1.75273e-010	2.74508e-006	1.4745e-008	4.31354e-009	1.46622e-010	6.4485e-012	7.39063e-010	1.28511e-005	4.16209e-006	6.1516e-006	0.000324729	0.000180429	0.000419986	0.0123954	0.00854651	9.41256e-006	1.44896e-005	4.74457e-005	0.000107078	0.00189959	0.00252601	0.116008	0.184385	0.528303	0.223938	0.000340704	6.77524e-006	2.8649e-008	1.52769e-010	7.20826e-011	1.56563e-013	2.58332e-009	4.86137e-012	4.72713e-013	3.02358e-010	2.60504e-012	1.27971e-013	1.56109e-012	
0	0	0	5.79962e-019	6.50879e-016	9.82612e-017	3.65755e-013	3.31995e-012	8.01325e-013	3.33498e-012	1.1564e-011	7.75741e-013	5.2885e-012	1.99343e-009	9.34547e-011	1.14298e-011	1.1641e-013	1.71317e-012	9.49634e-011	5.42574e-006	3.3173e-006	3.52152e-006	1.28706e-005	1.35669e-005	2.78288e-007	3.33396e-006	2.48212e-006	2.71603e-009	5.48157e-009	2.92973e-006	4.28802e-006	1.50543e-005	0.00032643	0.00874776	0.0983788	0.00904846	0.00122139	1.21034e-006	2.31489e-009	3.62966e-011	7.72059e-013	2.08757e-013	1.23072e-013	6.44304e-011	2.24471e-011	1.53359e-013	3.09637e-012	3.82769e-013	2.1938e-014	
0	0	0	0	4.55689e-018	3.54769e-016	1.79303e-014	3.70914e-009	1.50817e-008	2.33344e-007	3.56132e-006	1.77837e-005	5.82916e-006	1.34779e-006	1.54186e-006	2.6785e-006	6.1875e-007	6.77816e-006	9.71472e-005	0.00115011	0.00797172	0.0460415	0.133104	0.128371	0.00155184	2.42855e-005	8.80086e-007	4.00968e-009	5.3597e-009	7.61736e-007	9.18124e-007	1.58471e-005	0.000211507	0.0159459	0.0503812	0.436626	0.599344	0.888739	0.992293	0.999787	0.99998	0.999998	1	1	1	1	1	1	1	


1	0.999924	0.995793	0.992672	0.999535	0.999944	0.999972	0.990513	0.84603	0.987468	0.99973	0.883463	0.997836	0.787018	0.989275	0.99244	0.962882	0.478129	9.39152e-005	1.3234e-008	2.39273e-012	1.77671e-016	2.31046e-018	2.83556e-019	1.41054e-020	7.75164e-022	1.36033e-022	4.41567e-024	1.69098e-027	1.51226e-029	8.03017e-032	1.39918e-034	1.28881e-036	7.78975e-037	5.21532e-038	4.34428e-039	2.08253e-040	1.10618e-040	1.17757e-039	1.54558e-039	7.95504e-040	2.20097e-040	6.4648e-040	2.7743e-040	1.76687e-041	3.66948e-041	6.7573e-041	5.27226e-041	1.92568e-040	
0	2.44015e-006	0.00155403	0.000678507	1.16519e-007	2.77154e-005	2.75806e-005	0.00948643	0.153968	0.012504	4.36539e-005	0.116387	0.0002	0.0688958	0.000881931	0.00479581	0.0027189	0.0574234	1.22169e-005	1.08382e-009	1.21654e-016	9.75954e-021	3.14239e-019	1.69513e-022	6.43825e-023	1.28601e-024	1.55633e-025	1.43425e-024	5.53338e-029	1.92513e-035	4.82447e-038	3.31363e-039	7.44846e-037	2.00169e-037	3.47509e-040	3.29543e-042	8.55609e-042	3.07356e-043	1.1597e-039	7.07064e-041	1.28575e-043	8.57174e-045	1.83065e-041	6.35547e-044	4.71598e-045	9.33466e-046	7.16471e-045	7.01012e-044	8.15009e-043	
0	7.32326e-005	0.00265318	0.00161849	2.31042e-005	8.25495e-007	2.41295e-007	1.55756e-007	1.0846e-006	2.44357e-007	9.14943e-007	0.000142124	0.00196204	0.144073	0.00901557	0.00117869	0.00422116	0.00783344	1.20628e-006	5.44035e-009	1.71893e-013	8.20118e-018	7.19302e-021	4.34871e-021	1.49795e-021	1.009e-022	1.25914e-021	4.97081e-024	5.58369e-024	2.96482e-029	5.49657e-034	3.33705e-041	1.34115e-042	5.07272e-041	9.22131e-044	2.13636e-048	8.72926e-046	5.50811e-048	4.58302e-046	9.85765e-042	1.3635e-044	9.03293e-045	7.65941e-045	1.5014e-042	6.71429e-042	2.24589e-045	1.88027e-045	4.34317e-045	1.73409e-045	
0	0	2.40468e-008	0.00503064	0.000440249	2.76195e-005	6.90332e-009	9.62431e-013	5.05307e-015	6.63807e-013	2.67535e-012	5.62123e-012	1.3137e-006	9.2992e-006	0.000823981	0.00155879	0.030141	0.423783	0.00511141	0.000160297	4.01847e-005	3.8594e-007	6.67894e-011	9.83842e-011	1.55198e-012	3.80823e-014	2.41617e-014	7.4602e-017	8.32337e-018	2.39651e-019	5.88639e-020	6.56599e-024	1.96503e-031	8.99426e-035	1.83356e-041	4.44794e-048	9.06813e-055	1.29456e-051	1.96286e-053	1.81668e-047	6.5526e-046	1.43254e-047	2.47047e-049	1.87104e-048	3.21671e-043	1.04873e-042	1.06513e-045	8.7004e-048	1.43404e-048	
0	0	3.56252e-021	9.70525e-012	1.20579e-006	2.61927e-007	1.66289e-007	4.26709e-010	2.31037e-012	1.49189e-014	1.72069e-016	4.51829e-015	9.00423e-016	2.5224e-010	1.27037e-009	2.24937e-005	3.14935e-005	0.032829	0.979648	0.854502	0.477175	0.983758	0.999263	0.990949	0.999876	0.999804	0.999071	0.991723	0.961234	0.995139	0.999858	0.993216	0.0942923	0.17973	0.223081	0.00247002	2.10685e-007	4.51984e-010	6.18082e-011	8.33124e-014	9.16122e-017	6.57995e-020	1.48977e-021	5.70838e-025	2.08326e-029	6.0897e-032	2.38176e-034	2.01043e-037	4.89944e-039	
0	0	0	2.73059e-020	2.92272e-014	5.62801e-010	1.28885e-009	2.10369e-008	4.98435e-007	2.70255e-005	0.000217388	5.26379e-006	9.35858e-010	1.22967e-014	2.98378e-015	6.37152e-013	8.36382e-010	3.40323e-007	0.015133	0.145325	0.520978	0.0161374	0.000732965	0.00901605	0.000115179	0.000190507	0.000920578	0.00827633	0.0387655	0.0048502	0.000141538	0.00678415	0.905707	0.392275	0.768544	0.967534	0.00622981	0.00436683	0.0214472	0.000228144	3.14205e-007	2.16429e-011	1.33257e-012	1.63285e-016	2.32688e-023	2.19563e-026	1.26272e-028	1.04452e-032	1.18699e-033	
0	0	0	1.6016e-040	2.81861e-023	1.85751e-015	1.14901e-011	4.12076e-011	3.76043e-010	4.31069e-007	7.67642e-006	9.29476e-007	2.87161e-009	2.72546e-011	1.83778e-013	1.78384e-016	3.84501e-016	4.77265e-011	8.94298e-012	1.29661e-005	0.00180587	0.00010403	2.3913e-006	3.47679e-005	4.75609e-008	3.81164e-010	6.39843e-008	4.97311e-009	4.90578e-008	1.08831e-005	4.46555e-008	6.56963e-009	6.28781e-007	0.427984	0.00710063	0.0299926	0.993581	0.985154	0.508725	0.559398	0.846138	0.783563	0.0013929	1.47278e-005	2.26677e-009	4.90891e-011	4.85792e-013	3.8195e-015	3.55342e-017	
0	0	0	0	9.3577e-025	6.67751e-019	2.48698e-014	1.13767e-013	4.11838e-013	3.41563e-012	5.47112e-010	7.61823e-007	3.13032e-007	3.81985e-006	3.19734e-006	4.51449e-006	5.22325e-006	1.93641e-006	1.52878e-010	3.61728e-011	2.51057e-010	1.15644e-007	1.72595e-006	3.08336e-007	8.82434e-006	5.56425e-006	8.70012e-006	3.233e-007	4.6632e-010	6.76659e-009	1.95385e-008	4.613e-012	2.34416e-010	1.10654e-005	0.00127427	3.31052e-006	0.000188914	0.0104795	0.469828	0.440374	0.153862	0.216437	0.998607	0.999985	1	1	1	1	1	


1	0.999914	0.989042	0.987854	0.999697	0.99983	0.999955	0.99982	0.992388	0.999774	0.999985	0.867632	0.995397	0.213111	0.788561	0.707055	0.148088	0.000239802	1.1205e-008	7.75278e-014	7.69641e-019	1.8328e-024	2.25893e-026	1.60724e-027	1.02849e-028	8.60183e-030	9.30385e-031	6.09215e-032	1.13974e-036	8.75919e-038	2.1761e-038	2.05437e-039	8.28534e-040	3.08373e-039	4.62595e-039	6.59965e-039	1.8692e-040	2.59073e-040	9.74923e-040	4.31507e-040	2.2042e-040	5.11969e-041	2.15129e-041	1.12953e-041	1.87594e-042	3.09404e-043	4.3875e-043	3.38968e-043	5.38444e-043	
0	3.2931e-005	0.0108099	0.00394006	1.3741e-006	1.48322e-005	3.4916e-005	0.000174705	0.00761144	0.000225754	6.36807e-006	0.132352	0.000859359	0.7852	0.128032	0.0922484	0.00941632	0.000186537	1.69161e-007	5.50248e-011	2.09337e-017	1.32013e-023	9.9697e-025	1.27898e-027	9.68612e-029	1.56683e-030	9.94002e-032	2.43691e-031	6.35271e-034	1.24409e-039	1.75369e-042	3.21711e-044	7.00989e-041	8.49469e-041	1.42652e-041	1.2625e-043	2.82231e-042	6.98425e-044	4.71073e-041	5.66987e-042	3.17884e-044	5.61153e-045	5.80189e-043	3.15251e-044	3.88322e-044	7.59703e-047	1.29604e-046	7.76548e-046	4.54083e-046	
0	5.33304e-005	0.000148583	0.00820625	0.000291386	0.000154586	9.82804e-006	5.12879e-006	5.54421e-007	5.12681e-007	8.15662e-006	1.59645e-005	0.00374315	0.0016894	0.0834068	0.200479	0.841762	0.997608	0.102805	0.0231533	0.00384142	1.78253e-005	5.09755e-007	4.01597e-006	1.57855e-006	6.07701e-007	3.84007e-006	8.83006e-007	3.49739e-007	6.17005e-008	3.11733e-007	2.66121e-009	1.05686e-012	1.76809e-013	1.3058e-016	3.96315e-021	4.30814e-026	1.74979e-029	3.46165e-033	1.13696e-034	3.9964e-037	1.39523e-039	2.34503e-043	4.86524e-045	9.19266e-044	1.65496e-045	9.11684e-048	7.47025e-047	3.62656e-048	
0	0	4.33776e-011	1.63145e-007	1.01227e-005	2.77568e-007	6.69259e-008	1.17753e-010	1.04193e-013	3.44902e-014	2.57935e-013	1.8864e-012	1.97145e-009	6.52598e-009	3.01007e-008	0.000106591	0.000661545	0.00136193	0.565704	0.0054366	0.00388805	0.00219385	3.17777e-006	1.62512e-006	2.60709e-007	2.12198e-007	2.91675e-008	3.70899e-010	2.89808e-010	1.66265e-008	2.87094e-007	1.36553e-008	3.22288e-014	1.61669e-016	6.99566e-018	2.61869e-022	5.83334e-030	1.46659e-031	5.19845e-036	4.75396e-038	8.5607e-039	1.49631e-040	3.4306e-045	8.57854e-049	1.36831e-048	1.158e-047	4.96899e-051	8.05917e-052	1.32449e-051	
0	0	8.16007e-010	1.14177e-009	5.03721e-008	1.35291e-009	6.7564e-009	2.65851e-010	3.43631e-010	2.50809e-011	6.51449e-012	6.61421e-010	2.36566e-010	3.6995e-008	1.15391e-007	0.000111971	7.30377e-005	0.000603346	0.331239	0.970378	0.923711	0.988059	0.999891	0.997159	0.999412	0.998211	0.999396	0.998035	0.997886	0.30676	0.698478	0.475231	0.0785494	0.055876	0.0623872	0.00016684	1.4259e-008	3.85306e-011	7.32141e-013	5.52544e-016	5.29844e-019	1.77515e-022	2.99796e-025	2.12136e-028	1.36308e-032	1.33088e-036	6.74078e-040	2.25683e-043	2.08241e-046	
0	0	0	3.04489e-016	2.89162e-012	1.22355e-011	1.89532e-011	1.29784e-011	4.33168e-012	2.77476e-011	1.38859e-011	5.76319e-016	8.30648e-015	3.92068e-018	1.51468e-013	2.01443e-011	7.32939e-011	1.56244e-010	0.000251801	0.00103216	0.068549	0.00972556	9.75363e-005	0.00282907	0.000585824	0.00178846	0.000599643	0.00196408	0.00211363	0.693224	0.295503	0.521549	0.920409	0.102524	0.224869	0.0783157	1.28347e-006	6.61923e-008	3.5595e-010	1.13155e-014	1.42669e-018	3.06899e-024	2.12754e-026	1.9385e-030	1.38132e-036	9.95913e-038	4.49813e-040	5.20905e-045	1.01353e-047	
0	0	0	4.92305e-023	4.67051e-019	8.69284e-014	1.18152e-013	4.09405e-014	6.46883e-015	3.46214e-013	1.25022e-012	4.27122e-014	1.04155e-017	4.24958e-018	1.36346e-019	8.07086e-017	1.36295e-014	6.9685e-014	7.09044e-016	1.47162e-008	1.01364e-005	3.47263e-006	7.26401e-006	6.22166e-006	5.80301e-008	3.9281e-009	7.38573e-007	1.11938e-008	1.78229e-008	1.59255e-005	0.0059382	0.0031485	0.000969468	0.840827	0.590769	0.789157	0.993722	0.710447	0.00470131	0.000175342	3.35445e-005	1.92511e-005	3.9108e-009	3.06008e-011	1.54249e-014	1.81601e-016	1.21053e-018	2.82719e-021	3.20684e-024	
0	0	0	0	8.05438e-020	5.40622e-016	3.69307e-014	5.58754e-014	2.62864e-014	8.46365e-015	2.97734e-014	3.23497e-013	5.31957e-013	5.08178e-013	2.89227e-012	6.46325e-012	5.48955e-012	5.01944e-014	3.27267e-018	1.77864e-013	1.7144e-012	5.51683e-011	7.54829e-008	3.67457e-007	3.40769e-007	7.9001e-008	6.6935e-008	1.64793e-008	3.01261e-012	1.95978e-008	8.00867e-005	7.22208e-005	7.22015e-005	0.000772746	0.121974	0.132361	0.0062768	0.289553	0.995299	0.999825	0.999966	0.999981	1	1	1	1	1	1	1	


1	0.992788	0.960435	0.92994	0.985514	0.997113	0.998223	0.985764	0.999573	0.984052	0.974567	0.972573	0.919363	0.536093	0.309041	0.102142	0.00841665	1.67547e-005	1.21433e-012	2.10396e-018	2.53841e-023	1.29302e-029	6.14477e-033	6.79298e-036	4.54625e-039	1.94769e-042	5.63538e-045	1.04161e-047	2.24732e-048	5.24697e-050	1.17588e-050	7.14967e-052	4.26949e-052	9.37758e-052	6.70203e-051	1.79708e-050	3.48664e-050	5.11264e-050	8.18759e-050	2.10125e-048	7.18439e-048	5.54393e-047	6.62184e-047	6.89515e-047	4.71708e-046	5.1001e-046	5.66677e-047	8.59812e-048	1.78546e-048	
0	0.00409469	0.0278663	0.00328557	0.00606399	0.000695128	0.00122799	0.0126661	0.0003336	0.0156643	0.0249623	0.00275914	0.00571969	0.0110989	0.00932	0.0388157	0.0189268	0.00864873	6.72142e-005	3.46429e-006	2.0385e-006	2.10881e-008	2.73312e-011	1.05634e-012	8.8535e-016	5.14476e-019	1.49146e-021	1.12018e-025	3.13461e-029	1.63159e-031	3.97296e-033	9.84723e-036	2.67587e-038	5.18117e-039	3.31795e-040	1.49438e-041	4.879e-042	1.63038e-042	5.49467e-043	1.76049e-041	4.3842e-040	1.9125e-039	5.94175e-039	1.12127e-038	6.49573e-039	3.83031e-038	2.45097e-040	8.70142e-042	2.3762e-045	
0	0.0031175	0.0116901	0.0667069	0.00840266	0.00195743	0.000522665	0.00156418	8.91967e-005	0.000279788	0.00046959	0.0246664	0.0749084	0.452709	0.681616	0.854987	0.969918	0.866856	1.86399e-005	5.70814e-008	3.42333e-009	1.3891e-011	8.04426e-012	3.14016e-013	1.05301e-015	1.23223e-018	2.72818e-020	7.27225e-023	4.72586e-024	2.42288e-027	6.12074e-029	2.97173e-032	4.22429e-035	3.52454e-036	5.40383e-038	5.14196e-041	8.53836e-043	2.76207e-044	5.39062e-045	6.07219e-043	9.29579e-043	3.08148e-040	1.07528e-040	2.78639e-040	2.28975e-038	2.44898e-038	1.3229e-040	2.95759e-042	6.69878e-045	
0	0	1.86206e-006	4.58559e-005	1.69155e-006	5.09629e-005	1.58307e-006	5.83203e-007	7.21777e-007	7.92162e-008	3.19368e-007	1.51909e-006	2.16473e-006	8.7178e-005	1.05643e-005	0.00394011	0.00269408	0.124067	0.999287	0.994865	0.99284	0.999717	0.999748	0.997594	0.971698	0.837231	0.271695	0.336451	0.00408202	1.07501e-005	1.03071e-008	2.35276e-011	1.60158e-013	2.64904e-014	1.95526e-016	4.34344e-019	7.19867e-022	2.07154e-024	2.20128e-026	4.61388e-027	7.35356e-029	2.24142e-030	6.95192e-033	7.27338e-037	1.78824e-038	1.60758e-040	3.83735e-042	2.6018e-043	3.73222e-046	
0	0	6.66997e-006	2.20632e-005	1.6702e-005	0.000183128	2.24677e-005	4.39907e-006	2.62254e-006	9.23524e-007	1.52322e-007	9.17125e-008	6.93308e-006	1.17265e-005	1.19e-005	0.000115342	4.43438e-005	0.000411657	0.000627055	0.00513133	0.00712979	0.000206013	0.000183683	0.000642328	0.0104898	0.00774031	0.0276289	0.0389007	0.927604	0.392667	0.0059349	0.000819872	8.13939e-005	3.30914e-005	1.33827e-006	2.40771e-008	4.76855e-010	1.58933e-011	4.25364e-013	7.63632e-014	2.62527e-016	2.97274e-018	2.80035e-021	7.78195e-025	2.42665e-026	2.37662e-028	2.13365e-030	3.5095e-032	6.94458e-034	
0	0	0	3.75908e-009	1.26665e-006	3.72721e-008	1.82404e-006	2.19022e-007	3.00992e-008	1.81165e-007	1.12115e-007	6.7613e-011	1.77375e-010	1.69912e-009	2.13449e-008	1.80086e-008	2.35712e-009	4.07807e-010	1.36424e-008	2.43754e-007	9.26705e-006	4.66125e-006	1.10225e-009	1.01264e-008	4.5678e-008	4.29069e-007	1.51485e-006	2.93753e-006	0.000199081	0.484503	0.908483	0.30148	0.0314729	0.00281581	0.00120965	3.93643e-005	2.8109e-006	2.85077e-007	3.46414e-008	2.72938e-009	1.0177e-009	1.79269e-011	4.38067e-013	1.211e-013	3.56924e-016	4.8558e-018	8.62058e-021	4.92555e-023	1.37742e-026	
0	0	0	1.99957e-012	1.66548e-011	5.44474e-010	9.19831e-011	3.10687e-010	1.20558e-011	1.00457e-011	4.52705e-012	5.8609e-013	2.20576e-016	2.64562e-014	1.0677e-014	8.84769e-012	2.65371e-011	6.88954e-010	1.10143e-008	3.08934e-008	1.91541e-005	7.19249e-005	6.79691e-005	0.00176327	0.0178092	0.155008	0.699349	0.618926	0.0238689	0.00596474	0.00726212	0.0329015	0.000248916	2.47201e-005	8.07011e-006	2.84034e-007	5.92808e-009	6.46815e-010	8.27167e-011	1.90932e-011	3.55976e-012	6.44276e-012	8.2972e-014	8.0537e-016	5.98253e-017	3.94555e-019	7.86941e-022	2.70066e-024	6.2795e-027	
0	0	0	0	2.35878e-010	2.82746e-007	4.62076e-007	7.53099e-007	6.43837e-007	2.39798e-006	7.29113e-007	8.9131e-009	1.21947e-011	5.15498e-014	2.56223e-013	1.18996e-011	1.27393e-012	1.16178e-013	1.31604e-016	1.74359e-014	1.34766e-012	6.87182e-012	2.74205e-009	3.91583e-008	3.08039e-006	2.08812e-005	0.00132583	0.00571957	0.0442461	0.116854	0.0783203	0.664799	0.968197	0.997126	0.998781	0.99996	0.999997	1	1	1	1	1	1	1	1	1	1	1	1	


1	0.76625	0.773865	0.831746	0.57151	0.557925	0.606758	0.862343	0.857821	0.866158	0.704888	0.976416	0.995324	0.99497	0.997334	0.996836	0.993028	0.996486	0.204459	8.57794e-007	6.47407e-012	3.57315e-015	5.35622e-018	2.88185e-018	1.19044e-017	1.38862e-016	3.23558e-015	3.1046e-015	2.32724e-014	4.37392e-014	1.55735e-013	3.57159e-013	3.47103e-013	3.19492e-013	2.28808e-012	3.51673e-012	6.69091e-012	3.23355e-012	1.14851e-012	1.02015e-012	1.85366e-012	5.81644e-012	5.52015e-012	9.45895e-012	1.65951e-011	5.3204e-011	1.50924e-010	1.33632e-010	1.49193e-010	
0	0.0321749	0.165046	0.166291	0.0480649	0.378332	0.194699	0.0815937	0.104111	0.0554922	0.0128429	0.0114011	0.00216616	0.00479951	0.00180554	0.00178241	0.00644213	0.00257715	0.0178668	3.51863e-007	7.72437e-012	5.5636e-015	3.43254e-018	7.67444e-019	1.87181e-017	9.16255e-016	5.42356e-014	8.95389e-013	7.20826e-012	5.59585e-011	1.28921e-010	2.42662e-009	4.39096e-009	1.73309e-009	3.76478e-009	2.1102e-009	6.25873e-010	2.22442e-011	2.61416e-012	1.78389e-013	1.3328e-014	1.8318e-014	1.15396e-014	3.90858e-014	3.53929e-013	2.15148e-013	8.04154e-012	1.77723e-011	9.22241e-011	
0	0.201575	0.0558555	0.0017509	0.233795	0.0501376	0.176453	0.0531926	0.0375205	0.0772685	0.275821	0.00953882	0.00239943	0.000133421	0.000782547	0.00124805	0.000320011	0.000572291	0.0153845	5.1425e-008	1.92619e-011	1.77419e-013	3.4457e-017	4.91956e-018	1.69805e-017	2.96238e-016	3.36821e-015	1.53802e-015	2.18968e-013	4.42408e-011	5.32407e-010	9.33275e-009	2.68853e-009	2.80171e-010	1.61393e-008	3.27153e-008	5.8272e-009	9.90593e-010	2.47325e-011	9.60128e-013	6.64137e-013	2.34695e-013	1.24112e-013	8.32635e-014	1.71896e-014	2.25864e-012	9.24188e-012	2.62521e-012	1.96355e-012	
0	0	0.000755523	4.66268e-005	0.14662	0.0129825	0.0216371	9.30213e-005	2.61724e-005	0.000511431	0.00603046	0.000113002	1.50447e-005	5.08033e-008	4.28256e-007	3.14329e-007	6.6721e-008	4.78012e-008	1.20204e-007	1.38136e-011	2.83317e-013	4.07767e-015	5.51297e-020	9.74857e-020	2.33059e-019	6.19221e-018	3.14004e-016	4.60983e-018	2.21943e-017	4.08897e-012	1.69942e-010	7.42131e-010	5.18958e-013	1.61757e-013	6.5202e-011	1.52287e-010	1.59349e-011	4.82622e-012	1.59026e-014	5.67924e-015	1.8276e-014	3.93205e-014	3.14238e-016	1.38016e-015	3.9581e-016	1.80602e-014	2.1049e-013	1.36503e-014	4.31848e-014	
0	0	0.00447822	7.19878e-005	5.52614e-006	0.000570588	0.000441092	0.00272282	0.00040349	0.000414374	0.000368836	0.0024842	1.89169e-005	3.50618e-006	6.11092e-007	5.49702e-006	5.55761e-006	1.37464e-006	0.000267517	1.98599e-007	7.52201e-011	2.76353e-012	5.84881e-016	1.10502e-017	4.68169e-018	3.90037e-018	2.59136e-017	4.0716e-017	3.67291e-019	1.49507e-014	7.16809e-012	1.06355e-010	3.51049e-010	6.28223e-011	1.16944e-010	4.22639e-010	7.21048e-010	4.8714e-011	1.75245e-011	1.96929e-013	2.68907e-014	6.44421e-015	1.09153e-014	4.79824e-015	1.68691e-016	9.24577e-016	3.88764e-014	4.27136e-014	6.1566e-015	
0	0	0	9.33796e-005	3.68469e-007	5.00596e-005	1.33504e-006	2.45859e-006	5.4519e-006	1.83614e-007	1.54075e-007	1.62987e-006	2.00996e-005	8.35154e-006	8.47938e-007	8.85346e-007	2.64134e-006	9.94593e-007	0.000254691	4.26985e-006	1.3004e-008	5.81952e-009	1.58943e-011	9.30357e-012	9.54076e-011	1.85393e-009	5.931e-008	6.18002e-007	1.81257e-006	2.48772e-006	2.30643e-006	1.59201e-006	8.95422e-007	1.09859e-006	6.40474e-007	6.5688e-008	1.1332e-008	2.20994e-011	3.26023e-013	9.44462e-014	1.65409e-015	2.40633e-016	2.28259e-017	1.45386e-016	1.6786e-016	1.07448e-017	2.06102e-016	8.42014e-016	6.54781e-017	
0	0	0	1.01119e-010	1.87582e-016	1.3049e-013	1.49181e-012	5.02815e-011	4.21279e-011	1.66462e-012	1.13257e-013	6.72083e-011	1.45593e-011	7.53327e-012	2.76426e-012	4.21211e-011	2.20028e-008	1.00713e-005	0.413699	0.996331	0.99992	0.995916	0.999984	0.994126	0.964683	0.809841	0.00488887	0.359625	0.00365242	1.17256e-009	4.55919e-012	9.32866e-011	7.01774e-009	1.24588e-008	9.34154e-011	3.4022e-010	1.05539e-013	1.26906e-014	4.36763e-017	1.05332e-019	7.51967e-023	2.26934e-024	1.48173e-023	1.30288e-026	1.75768e-024	5.75647e-023	7.53276e-025	1.25284e-023	9.15603e-023	
0	0	0	0	3.80222e-006	2.29091e-006	1.04935e-005	5.26007e-005	0.000112857	0.000155142	4.8202e-005	4.49491e-005	5.59945e-005	8.52732e-005	7.63114e-005	0.000126826	0.000202038	0.000352037	0.348068	0.00366376	8.00183e-005	0.00408378	1.57032e-005	0.00587428	0.0353169	0.190159	0.995111	0.640374	0.996346	0.999998	0.999998	0.999998	0.999999	0.999999	0.999999	1	1	1	1	1	1	1	1	1	1	1	1	1	1	


1	0.539607	0.0965409	0.0451013	0.0139876	0.0021435	0.00172563	0.00249966	0.00139728	0.00308376	0.0029873	0.000251645	2.41584e-005	1.07825e-006	8.20971e-008	6.4188e-009	6.96056e-010	4.55567e-010	1.38203e-012	4.16199e-016	2.80897e-020	7.45856e-025	8.43186e-027	6.15635e-027	3.27601e-027	1.19519e-027	9.1184e-028	3.50616e-028	4.88725e-027	8.10399e-027	4.67853e-027	1.22111e-026	2.94955e-027	1.93291e-028	2.83255e-029	6.79685e-030	1.01218e-030	4.73856e-031	4.86734e-032	3.05735e-033	4.54146e-034	9.2099e-035	5.09203e-035	4.95794e-035	2.70976e-035	1.26306e-035	1.12382e-035	2.40812e-035	1.23773e-034	
0	0.411516	0.0459107	0.134147	0.0838031	0.0364769	0.43605	0.426836	0.207497	0.201952	0.0303281	0.00429128	0.000544182	2.96255e-005	2.0573e-006	6.98177e-008	6.40016e-009	1.70876e-009	2.44246e-011	1.47488e-014	1.17756e-018	1.54299e-022	1.74522e-024	5.0667e-025	5.55238e-025	4.43184e-025	2.75829e-025	7.9829e-026	1.13139e-024	1.09222e-024	2.10186e-024	4.32976e-024	7.9326e-025	1.20378e-025	4.441e-026	1.14822e-026	8.61644e-028	3.91562e-028	6.67679e-029	3.87208e-030	3.60167e-031	6.22464e-032	1.80555e-032	4.58714e-033	1.24884e-032	5.96001e-033	6.43468e-033	1.13396e-032	1.45196e-031	
0	0.0488767	0.617477	0.128436	0.0219531	0.000306739	0.000271453	0.115343	0.160149	0.00944492	0.00198464	0.000894281	3.15906e-006	1.04936e-006	1.21003e-008	2.3511e-009	8.53227e-010	8.64085e-010	5.12098e-014	7.96627e-017	9.50448e-021	6.10404e-025	1.89423e-024	1.91221e-023	1.78856e-022	8.85117e-022	2.83679e-020	1.83718e-020	9.34511e-020	1.56672e-020	1.55307e-021	2.39508e-022	6.50172e-023	3.86306e-026	6.73361e-027	1.44065e-029	3.81297e-029	2.26308e-031	5.25027e-030	2.98874e-031	2.87587e-032	1.06009e-031	6.41065e-031	1.26684e-029	8.29347e-030	1.22218e-031	3.40662e-032	5.80048e-032	7.19552e-031	
0	0	0.240031	0.659688	0.827738	0.862933	0.162357	0.051063	0.0631545	0.00918798	0.000541554	2.79863e-005	1.19609e-006	1.12418e-008	1.48847e-009	1.84733e-011	2.47573e-011	1.13208e-012	3.12183e-015	3.01739e-018	2.5915e-021	1.55026e-025	8.68122e-026	3.16773e-025	1.70112e-022	4.46596e-021	8.24872e-020	5.69613e-019	3.1102e-017	1.793e-016	4.9723e-017	1.06842e-015	1.11665e-016	7.07067e-020	1.07629e-021	5.08859e-024	3.38772e-027	1.37236e-030	2.15553e-031	5.75992e-034	3.18132e-034	2.60758e-033	1.14743e-033	1.19596e-031	3.07501e-030	3.01723e-033	6.34876e-032	5.09465e-031	4.44448e-028	
0	0	4.06258e-005	0.0325629	0.0523364	0.000980666	0.150627	0.207779	0.392022	0.29563	0.119736	0.0752813	0.00621137	0.000287331	5.46841e-005	2.51103e-006	4.11777e-007	9.15819e-008	3.04589e-010	1.44637e-013	2.78857e-017	5.15796e-021	1.66415e-022	2.61873e-022	3.68057e-022	3.89648e-022	6.57735e-022	6.29288e-021	2.72964e-019	1.82395e-018	2.15298e-016	1.36987e-016	6.99572e-016	1.59909e-016	1.34415e-016	2.28742e-017	7.32545e-019	1.7097e-019	7.92793e-020	1.98798e-021	1.38877e-022	1.15411e-023	4.47865e-022	4.53261e-021	7.18711e-021	8.13469e-021	3.29201e-021	4.07472e-022	5.10674e-022	
0	0	0	6.43956e-005	0.000181143	0.0971564	0.218475	0.0811424	0.0189278	0.111113	0.0128619	0.00173468	0.000614834	0.000161832	4.14669e-006	1.20652e-007	2.43083e-008	7.88971e-009	3.81705e-010	2.6514e-013	5.3516e-018	4.07861e-022	6.97713e-024	9.2019e-025	4.47824e-023	6.70746e-023	1.02364e-022	7.23668e-022	2.06169e-020	7.21995e-020	1.26819e-019	3.28835e-016	1.07169e-016	9.40785e-017	7.75912e-018	1.17653e-017	2.94418e-018	5.32589e-019	1.46366e-020	6.38232e-022	1.84299e-023	1.59229e-024	8.72836e-027	1.68635e-024	1.76259e-021	2.57715e-023	4.10236e-022	3.80852e-021	2.88681e-019	
0	0	0	7.69182e-009	2.92904e-007	1.45198e-006	0.00703692	0.00135827	0.000856504	0.00051802	0.00175594	0.00382144	0.00246179	0.00042693	0.000596882	0.000149871	0.000205889	0.00118503	0.0292196	0.907628	0.998066	0.9944	0.971775	0.60811	0.102855	0.00886516	0.000117779	0.000170968	0.00335853	2.89014e-006	1.80135e-006	1.19107e-007	7.74265e-008	3.63297e-007	4.01913e-007	7.54133e-007	5.75049e-008	1.20225e-008	2.72483e-009	8.38203e-011	7.4594e-013	4.47284e-016	1.42274e-018	5.81922e-022	4.91634e-024	1.83974e-023	6.17848e-026	3.51696e-026	4.02566e-024	
0	0	0	0	5.026e-007	1.85924e-006	0.0234565	0.113979	0.155995	0.36907	0.829804	0.913697	0.990139	0.999092	0.999342	0.999847	0.999794	0.998815	0.97078	0.092372	0.00193392	0.00560004	0.0282246	0.39189	0.897145	0.991135	0.999882	0.999829	0.996641	0.999997	0.999998	1	1	1	1	0.999999	1	1	1	1	1	1	1	1	1	1	1	1	1	


1	0.951743	0.939359	0.274473	0.164323	0.0146588	0.0720074	0.359001	0.172742	0.253117	0.130117	0.00920804	0.00121506	0.000113463	1.01604e-005	1.74824e-006	5.27428e-007	1.95473e-007	9.14669e-008	1.7451e-008	1.30957e-008	5.99724e-010	8.14204e-010	4.47754e-010	5.16604e-010	2.79287e-010	1.87009e-010	1.54666e-010	3.10848e-010	3.54898e-011	2.45673e-011	3.35846e-012	1.18782e-011	8.38e-013	4.09393e-013	7.85172e-014	9.09523e-015	2.03525e-015	3.52379e-016	7.98741e-017	2.28687e-017	1.13349e-017	5.59861e-017	1.35198e-016	1.04439e-016	2.07284e-016	4.3701e-016	6.84262e-016	4.46003e-016	
0	0.0442748	0.0605093	0.723114	0.827182	0.979617	0.205652	0.101477	0.0106572	0.00158539	0.00105598	0.00329078	0.000208034	5.59974e-005	7.93e-007	1.00709e-007	6.31553e-007	7.87372e-007	1.76457e-008	1.16312e-009	2.18886e-009	5.8955e-011	1.53975e-009	1.76029e-008	1.68638e-007	6.32732e-007	1.45867e-005	5.41535e-005	0.000166508	2.18059e-006	1.13363e-007	1.73236e-009	4.08142e-010	5.03734e-013	3.42424e-014	4.12385e-016	6.55271e-017	2.0891e-018	1.67327e-018	3.10913e-018	3.01011e-019	3.92176e-017	8.85877e-018	2.47503e-017	7.76001e-016	1.87676e-017	2.51351e-017	5.31257e-016	8.84953e-015	
0	0.00398195	9.38017e-005	0.00214916	0.00777469	0.00443305	0.0465842	0.218537	0.702179	0.10952	0.0173892	0.176171	0.0693031	0.0223184	0.00147706	8.92462e-005	0.000230658	0.000265839	3.35526e-006	9.90134e-008	1.02454e-007	1.53535e-009	1.31735e-007	4.13516e-007	1.22423e-006	9.12554e-007	1.06395e-006	1.38971e-005	0.012952	3.48604e-006	8.51655e-008	1.94526e-010	2.84759e-009	1.13591e-011	2.05471e-011	7.788e-013	3.75289e-015	3.62436e-017	2.61157e-018	7.70824e-019	5.88391e-021	7.01296e-019	1.50824e-017	2.01024e-018	3.27747e-018	2.67694e-018	6.16863e-019	2.03283e-019	2.12218e-016	
0	0	2.36543e-005	0.000262787	0.000146109	8.84519e-006	0.000519396	0.00179328	0.00134566	0.00397328	0.000157658	0.000718002	0.0140739	0.0465326	0.0116346	0.0039525	0.00207623	0.00980692	0.0314799	0.0123311	0.00421791	0.000101468	0.000333725	0.00011668	0.00014734	8.29442e-005	2.55818e-005	1.43426e-005	0.00217659	2.90925e-007	9.10783e-009	2.11142e-012	3.16914e-011	2.04766e-011	3.8814e-013	4.46872e-015	2.57852e-016	1.08577e-017	4.91518e-019	1.29705e-019	4.28032e-021	1.50591e-022	3.8169e-018	9.21487e-019	3.85158e-018	3.48699e-018	2.70135e-020	6.53775e-020	2.37346e-019	
0	0	1.44387e-005	7.36768e-007	0.000574142	2.09336e-005	0.000502793	0.00100456	0.000121304	0.00520764	0.0109633	7.6123e-005	0.00191779	7.39513e-005	0.00147168	0.000266832	0.000107524	0.000109756	0.00248134	0.00284276	0.214946	0.901232	0.559686	0.869225	0.898863	0.957024	0.978252	0.0770779	0.747791	0.242045	0.806082	0.0817368	0.00639905	0.00021486	3.08008e-005	2.29682e-006	1.08425e-008	2.48731e-010	2.21081e-012	1.08811e-013	5.7876e-014	1.72427e-014	5.85481e-015	5.69961e-015	1.51067e-015	1.8354e-015	1.88418e-016	1.02711e-017	1.66954e-019	
0	0	0	1.57492e-007	6.16446e-007	0.00125895	0.65998	0.121109	0.00779215	0.0775191	0.0149568	0.000475909	3.05626e-006	2.7306e-006	1.50482e-006	2.35454e-006	4.75642e-007	9.98228e-008	5.73596e-005	1.71516e-005	0.000210969	0.00623028	0.0554583	0.0041945	0.0391918	0.0293747	0.013378	0.901497	0.196203	0.747938	0.115456	0.891025	0.304895	0.0634638	0.00558376	0.0423003	0.00158861	0.00056445	5.82673e-006	2.87823e-008	1.6047e-010	1.05982e-011	2.22426e-014	7.95785e-018	5.74094e-017	1.35029e-016	1.37245e-015	2.24954e-017	7.61508e-018	
0	0	0	5.84432e-009	5.08419e-010	2.07879e-006	0.0134424	0.081803	0.004838	0.0222247	0.0115666	0.000288354	2.548e-005	1.18508e-005	3.14023e-006	5.48429e-006	6.26132e-007	6.99664e-008	7.24602e-007	5.22821e-005	4.9053e-006	2.38177e-005	0.000595981	1.89426e-005	4.57394e-005	2.82169e-005	8.82033e-005	0.00601958	0.0232119	0.00807304	0.0484668	0.0205732	0.346528	0.739327	0.0783416	0.156456	0.463918	0.66813	0.467792	0.194533	0.0531921	0.000731258	5.19127e-006	4.717e-008	1.73479e-009	2.02024e-009	3.30005e-009	1.12595e-009	3.39509e-011	
0	0	0	0	4.59321e-009	8.08586e-009	0.00131171	0.115275	0.100325	0.526853	0.813793	0.809772	0.913254	0.930891	0.985401	0.995682	0.997583	0.989816	0.965977	0.984757	0.78062	0.0924125	0.383926	0.126445	0.0617511	0.013489	0.00824077	0.0153231	0.0174994	0.00193826	0.0299948	0.00666491	0.342178	0.196995	0.916044	0.801242	0.534493	0.331306	0.532203	0.805467	0.946808	0.999269	0.999995	1	1	1	1	1	1	


1	0.96344	0.91514	0.977815	0.978462	0.590054	0.317076	0.417922	0.557074	0.118406	0.0592111	0.0573581	0.153393	0.292491	0.347733	0.245363	0.498199	0.00639595	4.80996e-008	7.81158e-012	1.22287e-015	3.82906e-019	1.14049e-020	3.79662e-022	4.78545e-023	5.86922e-024	1.25302e-024	3.14915e-025	1.61799e-027	2.85664e-029	5.50478e-030	8.2173e-031	9.53441e-033	4.39111e-034	1.28305e-036	7.46666e-038	1.44497e-039	4.70597e-041	2.40542e-042	9.91469e-043	6.10554e-043	2.03051e-042	1.00911e-042	5.10473e-042	5.63044e-040	2.68448e-040	1.51993e-040	5.53459e-040	9.95778e-040	
0	0.0365338	0.0809519	0.0151817	0.0210028	0.409835	0.681486	0.572245	0.282312	0.813676	0.574318	0.27557	0.535409	0.533755	0.5611	0.571722	0.123451	0.000705564	2.00403e-007	9.20409e-011	4.61406e-015	1.40063e-018	6.3799e-021	6.66531e-024	1.96818e-024	3.09536e-025	3.28459e-026	1.36501e-025	7.19987e-027	5.30694e-028	1.10437e-029	1.44039e-029	2.11447e-031	1.38388e-031	2.81682e-034	1.89062e-034	3.99832e-035	5.13732e-036	8.26354e-037	1.49568e-037	9.6358e-038	4.56125e-038	5.58773e-040	4.08827e-041	6.73933e-041	2.86923e-041	3.49271e-041	2.40122e-040	1.44682e-040	
0	2.59151e-005	0.00390769	0.00695241	0.000253049	4.96044e-006	0.0014268	0.00923463	0.147474	2.47533e-005	2.45192e-005	0.0129937	0.0282226	0.110995	0.0660215	0.0738263	0.0904972	0.00652185	5.73469e-007	4.27329e-008	9.2588e-012	5.96756e-015	3.42699e-016	8.55932e-018	4.25762e-019	1.19424e-020	6.48927e-022	2.89022e-022	1.2094e-023	7.99409e-028	4.47884e-029	2.17962e-031	3.40902e-031	3.75577e-032	1.1587e-033	3.03462e-036	9.29873e-037	5.39525e-039	1.32747e-037	1.05234e-038	7.54578e-040	1.08748e-039	1.34401e-039	6.92924e-040	1.88434e-039	1.90023e-041	1.79506e-043	1.94318e-042	3.06323e-042	
0	0	5.16874e-007	4.22111e-005	8.25404e-005	5.26295e-006	5.94697e-007	0.000450688	0.000625323	0.0414682	0.011893	0.00102145	0.00112062	0.00276044	0.00452437	0.0936688	0.263483	0.965624	0.991841	0.827852	0.702477	0.870011	0.912548	0.688102	0.64303	0.600917	0.518611	0.352185	0.169907	0.0232794	0.00223857	0.000898671	2.47952e-005	7.32757e-006	5.93255e-008	5.14397e-009	1.80525e-010	2.15714e-011	4.16335e-013	1.18488e-013	6.22702e-014	3.94027e-014	3.54184e-014	1.6033e-014	5.51127e-014	3.05202e-014	8.98968e-015	1.301e-014	6.42345e-016	
0	0	1.60713e-007	8.52723e-006	0.000199921	4.33444e-007	4.29127e-007	9.13893e-005	0.010975	0.000973899	0.00150335	0.0026719	0.00582743	0.000599349	0.00296798	0.00829839	0.0218543	0.019947	0.00109259	0.166171	0.294794	0.117464	0.0845097	0.309437	0.279638	0.282958	0.326991	0.28435	0.491273	0.012679	0.0634743	0.0478817	0.00972747	0.00257867	0.000818328	0.000125698	3.67141e-006	1.01053e-007	1.29747e-008	1.49736e-009	1.63746e-010	6.54809e-011	7.35981e-011	7.10437e-011	9.64202e-011	3.96725e-011	4.34308e-012	2.24067e-013	3.06091e-014	
0	0	0	8.03058e-010	3.2755e-008	0.000100056	5.08916e-006	2.70519e-006	9.12041e-007	0.00128136	0.000386565	5.05167e-006	2.07035e-005	9.7793e-005	4.68105e-006	0.000147959	0.000830689	0.000649967	0.00706442	0.0040423	0.00142148	0.0122099	0.00114972	0.000210452	0.076278	0.11112	0.141627	0.309233	0.24742	0.961213	0.0639876	0.321742	0.00220505	0.000942985	2.41159e-007	7.46194e-006	2.03989e-006	5.91174e-008	3.37333e-010	1.06552e-010	5.00598e-011	4.85117e-012	2.07581e-014	5.61397e-013	2.5036e-011	2.92868e-013	4.63709e-013	1.19798e-011	2.69271e-012	
0	0	0	2.78097e-011	3.5435e-009	1.94122e-009	3.44801e-006	2.86623e-006	5.02893e-005	2.24685e-006	2.40288e-005	9.20866e-005	8.79982e-005	2.34964e-005	1.87615e-005	6.05501e-005	0.000181696	0.000123403	1.38764e-006	0.00193072	0.00129031	0.000312344	0.00178969	0.00224752	0.00104053	0.00495923	0.0126054	0.0536471	0.0907313	0.00142139	0.866869	0.360223	0.826969	0.843869	0.969289	0.409161	0.0281947	0.000813915	0.000146245	3.17717e-005	2.72624e-006	8.60811e-007	6.87801e-007	4.11899e-007	6.92835e-007	1.75139e-007	1.52805e-008	9.3343e-010	1.05706e-010	
0	0	0	0	3.5749e-012	2.38332e-010	1.60839e-006	5.00633e-005	0.001488	0.024168	0.352639	0.650288	0.275919	0.0592784	0.0176297	0.00691274	0.00150308	3.25694e-005	7.60439e-008	3.0582e-006	1.78208e-005	2.17429e-006	2.96907e-006	3.58064e-006	1.33693e-005	4.52854e-005	0.000166562	0.00058598	0.000668975	0.00140712	0.00343024	0.269255	0.161074	0.152602	0.0298924	0.590706	0.9718	0.999186	0.999854	0.999968	0.999997	0.999999	0.999999	1	0.999999	1	1	1	1	


1	0.969222	0.996122	0.909576	0.992445	0.99319	0.917025	0.973597	0.928064	0.983774	0.952213	0.0726879	0.00087767	3.53644e-006	3.52829e-008	2.06289e-009	6.32615e-011	6.59325e-014	2.46947e-018	2.80422e-022	3.65521e-027	2.45503e-033	1.48335e-035	2.16701e-038	2.40859e-042	1.61226e-046	1.21008e-049	7.29302e-052	1.22333e-054	3.04121e-056	3.1282e-058	8.85453e-060	6.28716e-062	7.90867e-064	1.27241e-066	1.79919e-069	2.33289e-070	1.31439e-071	1.26259e-072	5.00826e-073	1.03106e-073	2.25494e-074	1.41464e-074	4.87819e-075	3.25834e-075	2.17723e-075	7.28097e-076	8.7634e-076	1.36114e-075	
0	0.0307778	0.00387776	0.0903712	0.0075433	0.00680844	0.0829574	0.0263515	0.0719319	0.0162118	0.0477118	0.927143	0.998009	0.999686	0.999801	0.996773	0.994816	0.00500851	4.97356e-008	8.78024e-012	1.08936e-017	3.07202e-024	4.51739e-026	7.67094e-030	4.97227e-035	1.86312e-040	9.62461e-045	1.29147e-047	5.87277e-050	2.42723e-054	3.68437e-057	3.34701e-061	1.12048e-063	4.92258e-064	3.82047e-067	9.9671e-071	1.85054e-071	1.43542e-072	4.98898e-073	3.17267e-072	2.64235e-073	2.27697e-074	4.51864e-075	3.44469e-076	1.95587e-075	8.09282e-076	1.95688e-077	9.06677e-079	4.33076e-078	
0	6.55147e-007	8.67642e-008	5.23826e-005	1.11867e-005	1.45205e-006	1.7079e-005	5.11744e-005	3.48724e-006	9.92281e-006	3.9109e-005	0.00016559	0.00111325	0.000310408	0.000198707	0.00322744	0.00518348	0.994985	0.323642	0.944497	0.256282	0.00106054	6.98903e-005	2.4391e-005	1.63683e-010	1.1596e-015	5.8441e-019	3.08826e-022	7.73001e-026	4.0042e-031	1.18441e-035	5.5307e-042	1.70349e-047	9.59248e-051	2.98853e-056	2.02497e-062	1.64027e-066	2.21744e-070	2.29899e-074	2.48348e-074	1.77107e-075	1.14516e-075	7.72551e-078	7.4764e-080	6.2697e-079	1.66303e-077	1.57818e-081	1.55027e-082	1.01833e-082	
0	0	1.29578e-007	4.10098e-010	1.79963e-007	1.17576e-008	1.66581e-008	3.76203e-007	1.88134e-008	2.26344e-007	3.06518e-008	4.68214e-010	1.96062e-009	4.63026e-010	2.47427e-010	4.59043e-008	3.67879e-008	6.9656e-006	0.676358	0.0530261	0.743702	0.998935	0.99955	0.999776	0.999428	0.99956	0.990765	0.537917	0.00828474	0.00166716	3.343e-006	4.03358e-008	2.36704e-012	4.68418e-016	6.35997e-021	9.69035e-027	7.43324e-031	5.19885e-035	4.2496e-039	1.30512e-042	9.05802e-046	6.75323e-049	4.54124e-051	4.09397e-054	1.3618e-057	6.37539e-060	6.39923e-063	1.65408e-065	1.09626e-068	
0	0	5.38084e-014	5.60704e-008	5.154e-009	2.79674e-007	6.86991e-008	6.74384e-009	5.58485e-009	4.59075e-010	3.32142e-010	1.21581e-012	5.8515e-015	6.40693e-015	2.11604e-015	2.42017e-014	7.89059e-012	1.23937e-012	8.15053e-009	0.00247593	1.6227e-005	4.58749e-006	0.000380233	0.000199415	0.00057239	0.000440224	0.00923481	0.462082	0.988256	0.801531	0.0102531	0.012334	1.60982e-005	3.54703e-008	4.43539e-013	2.20986e-017	4.24599e-020	3.98721e-023	1.13998e-025	2.19089e-028	1.52038e-031	1.35086e-034	1.91115e-037	1.17829e-039	2.3617e-040	2.99358e-042	1.70474e-042	2.62911e-042	3.53187e-041	
0	0	0	5.84721e-014	2.16546e-011	6.10048e-013	2.07297e-009	8.93751e-011	9.83714e-012	1.16391e-012	1.42722e-013	3.46099e-015	3.65946e-017	2.45762e-018	3.24353e-018	2.61688e-017	6.58216e-016	2.76162e-016	2.72574e-011	8.17288e-007	7.23509e-008	1.15363e-007	2.10661e-007	1.28449e-008	2.45767e-008	1.71663e-008	8.73133e-009	8.2042e-007	0.00343793	0.196531	0.988983	0.982548	0.431604	0.449209	0.0518386	0.000131707	1.55744e-007	1.01484e-010	4.76824e-014	7.08329e-018	1.66922e-021	1.01387e-025	2.20993e-028	5.84407e-032	1.64627e-035	2.50624e-038	2.85992e-042	1.19242e-045	5.31028e-046	
0	0	0	5.85202e-019	1.6076e-011	2.44203e-013	1.73193e-008	1.69709e-008	2.65188e-007	3.56743e-006	3.01328e-005	2.13665e-006	1.69927e-009	3.29013e-014	1.45196e-017	7.0052e-019	8.17617e-020	1.15374e-017	4.25122e-018	8.26592e-014	1.967e-009	5.96852e-013	1.0406e-010	2.93239e-010	6.22965e-013	1.27857e-012	5.50174e-012	4.1184e-008	2.16045e-005	0.000271042	0.000759616	0.00509161	0.568367	0.546135	0.948073	0.999492	0.786783	0.946399	0.949064	0.0907292	0.00233592	2.02826e-006	5.72416e-007	6.5367e-010	1.80768e-014	2.05068e-015	1.18272e-017	8.41642e-022	2.57631e-024	
0	0	0	0	2.24897e-017	4.90575e-012	7.17028e-012	1.31923e-008	3.77483e-008	6.38004e-007	5.67621e-006	1.42014e-006	1.65326e-008	1.70419e-010	9.95662e-013	4.63336e-014	1.06555e-015	1.34776e-018	4.74572e-023	1.27344e-018	2.23688e-015	7.28711e-017	4.25632e-013	3.23211e-013	1.84821e-015	5.75893e-016	1.83431e-014	2.83378e-014	1.10739e-011	4.9349e-007	8.49277e-007	2.68014e-005	1.27037e-005	0.00465548	8.86666e-005	0.000376666	0.213217	0.0536014	0.0509361	0.909271	0.997664	0.999998	0.999999	1	1	1	1	1	1	


1	0.904316	0.997289	0.978864	0.902418	0.933422	0.526966	0.190059	0.0373688	0.0163786	0.00140183	1.51762e-005	4.54772e-007	4.56724e-008	1.14958e-009	6.02247e-012	1.03168e-015	2.33882e-019	1.22721e-027	1.36885e-036	1.5011e-045	2.6083e-054	2.03367e-059	5.19071e-064	3.02055e-070	1.12305e-076	6.38058e-082	2.74377e-087	2.80689e-091	1.33656e-092	7.98525e-095	2.04189e-097	5.05498e-101	1.69789e-103	1.77152e-106	1.26653e-107	2.16198e-108	1.44521e-108	2.40532e-109	1.65666e-109	1.23734e-109	9.68018e-109	1.42384e-109	8.77247e-110	1.62773e-108	7.57686e-108	2.25652e-107	1.53691e-106	1.56031e-105	
0	0.0956391	0.00260791	0.0208878	0.097576	0.0665544	0.473029	0.80565	0.962608	0.983508	0.998485	0.999383	0.985465	0.408372	0.119672	0.00108201	1.091e-006	4.11043e-010	1.17374e-018	1.18533e-027	8.73268e-036	1.7132e-043	1.43829e-047	1.8924e-052	2.9103e-059	2.6053e-066	1.33703e-072	1.10092e-078	1.0184e-085	1.81041e-088	9.69486e-091	3.86891e-094	9.88885e-098	3.10144e-100	3.32313e-102	1.51675e-102	1.67883e-103	3.16452e-103	1.32323e-103	1.96514e-103	9.31822e-104	1.13679e-102	2.07173e-103	2.34782e-104	4.54443e-104	7.12765e-104	5.77502e-105	1.62876e-106	4.83172e-106	
0	4.48642e-005	0.000103113	0.000247797	5.48359e-006	2.37306e-005	4.9192e-006	0.00429095	2.35119e-005	0.00011362	0.000113113	0.000601842	0.0145348	0.591627	0.880328	0.998897	0.999972	0.959366	0.000158262	1.16979e-008	1.5697e-013	9.50125e-019	5.34053e-022	2.62252e-026	1.31233e-032	1.27457e-039	9.17778e-046	1.86457e-051	5.03759e-056	2.22364e-060	5.15003e-064	9.88199e-070	3.13573e-075	3.53468e-078	1.42071e-083	5.96401e-087	5.75498e-089	2.8942e-090	7.36937e-092	3.06654e-092	1.27659e-093	1.32585e-094	8.95631e-096	3.90681e-097	2.63901e-097	4.76472e-097	2.91111e-099	1.3622e-100	9.81153e-104	
0	0	9.54328e-012	3.73889e-009	3.53779e-009	1.67736e-010	3.44474e-011	7.9112e-012	3.11546e-008	1.08035e-010	2.87467e-010	4.59729e-011	8.12825e-010	1.3849e-007	3.79145e-007	2.0768e-005	2.70054e-005	0.0406251	0.99984	1	0.999983	0.996769	0.0851039	0.395915	6.53152e-005	2.34052e-008	1.13495e-010	3.27172e-014	4.53624e-019	4.40874e-024	4.00926e-029	7.97954e-035	8.33431e-041	3.94641e-046	1.39044e-050	7.22133e-056	9.40079e-061	9.62971e-066	2.07437e-070	4.56785e-073	3.26724e-076	5.56156e-078	2.27935e-083	4.33634e-088	9.46865e-091	9.0019e-096	7.54401e-100	7.74434e-103	2.5218e-104	
0	0	1.26686e-010	1.68516e-010	4.83392e-010	9.42058e-011	3.46888e-011	8.68053e-012	5.9894e-008	1.61132e-011	4.02574e-012	1.1724e-011	5.7293e-012	7.10307e-010	1.46638e-010	6.14082e-009	2.5505e-009	8.83853e-006	1.79777e-006	2.07057e-007	1.68042e-005	0.00323103	0.914896	0.604083	0.999921	0.999992	0.999951	0.999733	0.00727734	8.67624e-005	5.90488e-009	2.54446e-012	1.0434e-017	8.28248e-024	5.41809e-029	1.34595e-034	2.98575e-040	1.51891e-045	9.95131e-051	5.86259e-056	3.36515e-061	2.41819e-063	5.61262e-068	2.91364e-072	1.2455e-074	3.24953e-080	2.84434e-084	3.47614e-087	6.87331e-088	
0	0	0	9.50719e-013	1.30483e-013	1.34103e-010	3.11707e-013	1.80787e-013	1.10365e-015	1.10035e-012	1.45936e-016	7.13293e-018	1.77267e-015	1.50621e-016	1.31695e-014	1.37639e-016	3.35494e-014	3.18571e-014	3.8051e-014	8.64631e-014	1.09678e-012	3.48252e-013	8.47178e-009	2.16214e-006	1.35671e-005	8.0837e-006	4.90926e-005	0.00026651	0.992723	0.790486	0.00481243	0.0001075	1.46509e-009	7.28757e-013	1.44518e-018	2.63448e-022	2.30888e-026	7.86802e-030	1.19988e-034	5.30679e-039	2.9679e-044	7.51211e-047	1.01511e-052	8.29719e-057	1.73032e-057	2.45588e-060	6.13058e-062	8.06758e-063	2.29348e-062	
0	0	0	3.28069e-021	9.71628e-017	1.80948e-017	7.20935e-014	3.68327e-016	9.30887e-017	5.91711e-018	2.0933e-017	1.16497e-021	1.87152e-023	1.26962e-020	1.73832e-021	8.22556e-020	2.81178e-022	9.37685e-020	1.02083e-018	1.36389e-020	1.08205e-020	1.0158e-018	1.84765e-015	8.40811e-014	6.04076e-013	1.59178e-012	4.2732e-013	8.74646e-011	1.92004e-009	0.20912	0.994943	0.999429	0.976144	0.916591	0.943198	0.649331	0.00139794	1.02103e-005	7.88986e-008	6.76445e-012	2.02518e-015	5.0932e-019	1.07578e-021	6.44432e-025	1.15934e-027	4.66824e-030	5.66981e-033	1.80962e-035	5.87611e-037	
0	0	0	0	3.24519e-016	4.25128e-017	5.30313e-014	4.39693e-014	2.70499e-014	2.07717e-014	5.35996e-015	3.90865e-017	1.38298e-019	6.61997e-019	2.80927e-020	5.80071e-019	1.40571e-022	1.18796e-019	4.5743e-022	9.50634e-023	1.3274e-022	2.39862e-021	1.37542e-019	2.73957e-015	8.06619e-015	2.91355e-014	2.00469e-013	1.44289e-012	3.19329e-010	0.000308008	0.000244226	0.000463947	0.0238559	0.0834093	0.0568023	0.350669	0.998602	0.99999	1	1	1	1	1	1	1	1	1	1	1	


1	0.392174	0.519023	0.0601935	0.00265478	0.00244482	0.00312972	0.0342457	0.155763	0.511989	0.486118	0.890018	0.144269	0.05958	0.0115714	0.00143154	1.07726e-005	1.88762e-008	4.49912e-014	1.16918e-019	5.88035e-024	4.34957e-028	2.00934e-029	1.60654e-030	1.97379e-032	9.08955e-035	1.92991e-036	4.54255e-036	6.91588e-039	3.16191e-041	1.13374e-042	2.34947e-044	2.69972e-046	1.69292e-048	6.1984e-051	3.41513e-052	2.56695e-052	2.59605e-052	1.66259e-051	2.35951e-051	4.14617e-051	1.05648e-050	3.26355e-050	1.13291e-049	4.8017e-049	6.42216e-049	2.5863e-048	2.29852e-047	2.18307e-046	
0	0.0142555	0.439376	0.878378	0.460763	0.368056	0.134858	0.869952	0.840228	0.458397	0.0360473	0.0260626	0.00371904	0.00151473	0.000455854	3.00381e-005	2.21054e-007	1.48017e-009	2.91533e-015	8.28899e-021	1.36106e-024	5.15322e-029	3.58872e-031	4.46669e-031	6.55405e-033	4.31388e-035	1.67012e-036	4.23959e-037	1.61481e-039	2.64746e-041	8.85288e-042	4.53501e-043	1.78486e-045	1.96029e-048	2.17282e-051	1.37585e-053	4.22174e-054	6.1718e-054	3.66005e-053	3.28562e-053	2.69273e-052	4.4002e-051	3.84868e-050	1.29909e-048	4.86712e-047	4.12242e-047	7.26719e-047	4.71842e-045	2.84473e-043	
0	0.593571	0.0414687	0.0613636	0.536577	0.628427	0.859586	0.0804321	0.00326461	0.029503	0.477048	0.0791951	0.843086	0.228589	0.461159	0.0367838	0.000247156	6.36415e-008	3.31434e-015	3.48353e-021	1.35797e-023	3.28934e-027	5.64449e-030	8.41015e-031	8.07221e-034	3.44285e-036	2.92884e-037	1.26218e-038	3.3252e-040	1.83648e-041	2.37893e-041	1.32615e-043	3.13628e-048	2.80906e-049	3.96845e-052	1.49459e-053	1.41629e-054	1.0653e-053	3.79207e-055	3.17715e-052	2.54058e-051	2.80898e-050	1.87223e-051	4.24656e-050	2.14462e-047	3.61382e-046	9.05171e-046	7.60924e-046	9.58758e-046	
0	0	3.52064e-005	5.9128e-008	3.99427e-006	0.000472426	0.00204911	0.011297	0.00072679	0.000108536	0.000768083	0.000463086	3.32688e-006	4.19214e-006	2.10372e-005	3.62993e-006	2.15239e-008	2.20851e-011	1.25631e-017	1.8792e-024	4.89024e-027	8.55385e-030	1.7268e-031	8.64998e-035	1.06796e-036	2.86774e-040	1.7403e-042	5.6416e-041	4.23483e-045	1.30408e-044	1.56221e-044	4.53394e-044	4.12625e-047	1.0227e-050	9.37282e-053	1.25043e-053	1.1758e-055	1.49885e-056	2.52697e-056	7.35704e-059	4.04526e-055	2.0496e-054	2.17675e-053	6.03235e-055	1.8582e-054	4.88939e-050	4.63466e-049	3.99483e-049	1.45633e-048	
0	0	9.74717e-005	6.49178e-005	1.20879e-006	0.000599499	0.00037695	0.00406881	1.34451e-005	1.74083e-006	1.68769e-005	0.00426072	0.00892238	0.710312	0.526793	0.961749	0.999742	0.999997	0.999323	0.99993	0.986389	0.936859	0.987145	0.540111	0.00491067	1.53079e-005	3.75995e-008	8.12641e-009	9.84816e-010	5.61039e-015	1.9761e-018	3.76979e-023	4.5591e-028	5.93929e-031	1.30417e-035	1.14983e-039	7.49912e-042	7.17671e-044	2.58423e-045	3.23595e-045	7.1201e-046	3.02444e-047	3.55934e-049	3.03842e-051	7.44441e-051	1.08636e-048	9.73088e-049	4.4868e-047	3.32341e-049	
0	0	0	4.76662e-009	2.17866e-007	1.11762e-009	3.78003e-007	4.06263e-006	3.62515e-006	1.04596e-007	5.699e-010	6.43796e-011	6.96719e-010	1.10728e-009	8.88863e-008	1.6594e-006	2.32839e-007	3.13602e-006	0.000677348	6.96518e-005	0.013582	0.0569243	0.00421619	0.44141	0.98168	0.988875	0.997087	0.888597	0.838563	0.94289	0.025579	0.00488191	2.99996e-006	7.74906e-012	9.94344e-016	2.96951e-020	3.30275e-023	3.59074e-027	1.47541e-029	1.08726e-033	8.53908e-036	2.38098e-037	2.67424e-038	2.88838e-038	1.09094e-040	3.36309e-043	1.55289e-043	8.27254e-043	3.02701e-043	
0	0	0	1.46564e-040	3.91598e-016	2.64934e-013	2.38157e-015	1.58153e-011	2.29122e-011	1.77301e-011	1.59875e-013	1.94257e-016	1.83268e-017	1.9963e-016	2.50709e-016	2.15398e-013	6.31031e-013	7.99817e-012	6.54669e-009	4.41585e-007	2.73482e-005	0.00607539	0.00809336	0.0181897	0.0131627	0.0108978	0.00191262	0.0459026	0.000686732	0.00127656	0.0179647	0.00310925	0.000123483	7.4154e-006	1.63881e-007	1.48143e-010	6.04444e-014	4.72095e-018	8.67463e-022	6.85987e-026	1.55823e-029	7.09058e-034	1.06126e-037	1.23289e-041	2.448e-043	4.09528e-046	1.51747e-048	8.34119e-048	9.20304e-048	
0	0	0	0	1.01026e-011	2.97929e-009	1.81147e-009	2.30258e-007	1.05801e-006	1.36693e-006	1.08116e-006	6.22001e-007	1.36801e-007	1.8723e-008	4.30171e-009	2.33118e-009	1.2099e-009	1.17458e-010	5.08492e-010	2.2768e-007	1.37932e-006	0.000141732	0.000545026	0.000288627	0.000246558	0.000211701	0.00100024	0.0655006	0.16075	0.0558333	0.956456	0.992009	0.999874	0.999993	1	1	1	1	1	1	1	1	1	1	1	1	1	1	1	


1	0.932952	0.965018	0.995731	0.912231	0.920312	0.879597	0.705858	0.90975	0.438657	0.207774	0.954024	0.973449	0.992882	0.984203	0.951809	0.265424	0.000383186	1.66171e-009	8.93919e-015	3.06646e-019	1.86786e-025	2.60128e-029	2.05406e-033	3.46896e-037	3.25339e-041	2.52678e-045	1.07956e-048	1.11682e-053	6.86211e-056	7.69749e-057	1.65608e-059	1.26831e-061	2.9164e-064	5.78196e-067	3.55646e-068	2.51155e-069	9.95129e-070	1.52649e-070	1.51238e-070	1.76823e-070	3.37006e-069	2.29629e-069	7.36229e-069	8.16036e-067	4.31582e-066	8.64889e-065	7.8216e-063	6.83625e-061	
0	0.0431802	0.0177032	0.00310107	0.0602083	0.00415386	0.0967545	0.28716	0.0880318	0.553885	0.784535	0.0411015	0.0252146	0.00137683	0.00927233	0.03343	0.00210609	5.50678e-005	3.00508e-006	2.17122e-009	2.30576e-010	2.06984e-013	2.4982e-018	1.5448e-022	9.29055e-027	4.82331e-031	3.30209e-036	6.95557e-041	1.32632e-046	1.38136e-048	8.17787e-050	5.69598e-053	5.76601e-056	1.84264e-059	3.61061e-063	2.94256e-064	2.87387e-066	8.64058e-066	3.54794e-067	4.2874e-068	3.39327e-068	1.64273e-068	2.87571e-068	1.32158e-068	8.42404e-069	5.06971e-066	1.41918e-065	1.86376e-064	1.33076e-063	
0	0.0238682	0.0170215	0.000762256	0.0275592	0.0754951	0.0234615	0.00679735	0.00188669	0.00744722	0.00766945	0.000255671	2.2622e-005	9.96443e-007	7.65499e-006	1.75369e-005	1.62709e-005	4.61807e-008	1.23206e-009	1.15037e-011	4.12104e-012	1.59332e-015	3.13048e-020	3.24127e-024	1.89121e-027	1.32032e-031	7.98276e-036	3.37255e-040	1.71833e-046	2.82906e-047	9.88886e-049	3.46409e-050	2.6737e-054	1.56485e-059	5.46443e-064	1.08745e-065	7.82556e-068	5.57544e-069	2.1867e-069	5.58783e-071	1.2402e-070	1.63801e-069	1.27952e-071	4.66828e-070	8.00771e-070	6.33524e-069	1.71295e-065	2.56224e-064	2.20681e-062	
0	0	0.000256531	0.000145626	1.12998e-006	3.18085e-005	0.000170836	0.000112685	0.000314784	1.13435e-005	2.12598e-005	0.00315303	4.86708e-006	2.57808e-006	6.83627e-008	2.9415e-007	3.2748e-006	3.41434e-009	4.15436e-012	2.41639e-012	8.38391e-015	1.41528e-017	8.00964e-020	1.16755e-024	2.68913e-029	1.23395e-033	2.2568e-037	1.06611e-040	6.77614e-046	2.68345e-048	2.63085e-048	1.14098e-050	3.25438e-051	2.67353e-053	4.30025e-055	6.18856e-057	3.94655e-059	6.70396e-062	7.28256e-064	6.62284e-066	5.52918e-068	2.04313e-068	8.10247e-070	2.51082e-070	1.02265e-069	3.00034e-071	5.14359e-069	1.58711e-066	2.09735e-064	
0	0	5.20516e-007	0.000260151	3.75192e-008	7.68494e-006	1.57517e-005	7.12794e-005	1.61732e-005	2.35077e-007	2.88748e-007	0.001466	0.00130869	0.00573628	0.00651735	0.0147412	0.732415	0.978395	0.365266	0.816347	0.51296	0.00114723	5.56618e-005	1.66986e-007	5.76197e-011	7.15628e-015	2.25803e-019	2.18998e-021	1.05483e-023	2.4693e-029	6.03963e-032	4.21107e-037	3.49669e-039	3.17542e-041	5.77879e-045	1.58732e-047	3.79093e-050	5.58022e-052	1.52526e-053	4.8399e-054	2.88485e-056	4.80176e-057	9.31725e-059	5.60564e-061	4.01503e-060	3.0329e-061	5.06024e-063	9.44237e-064	4.04794e-064	
0	0	0	3.15059e-009	1.17499e-008	1.80502e-010	8.00044e-010	1.98203e-009	1.04172e-008	1.35538e-010	1.59497e-012	1.41057e-010	1.53432e-007	8.97066e-007	2.59318e-008	2.11624e-006	3.58903e-005	0.0211671	0.63473	0.18362	0.48676	0.998851	0.999941	0.999997	0.999175	0.99954	0.999776	0.991277	0.00693363	4.45038e-006	4.87954e-009	4.5221e-014	6.03808e-018	9.84738e-023	5.21119e-028	1.16463e-033	4.16086e-039	4.75221e-044	1.82815e-048	1.07795e-050	1.1874e-053	4.24144e-054	2.07439e-057	5.76445e-060	3.44395e-059	8.50509e-063	2.33106e-064	3.43592e-064	2.50145e-064	
0	0	0	8.37083e-016	1.0131e-011	4.35671e-009	9.00691e-011	1.67487e-011	1.45742e-011	8.31813e-012	2.87268e-014	5.06152e-016	3.56484e-014	2.65626e-012	1.61527e-011	6.28113e-013	2.72416e-010	4.85447e-010	1.23838e-006	3.36498e-005	0.000279904	1.8836e-006	3.10317e-006	3.17758e-006	0.000825369	0.000460397	0.000223907	0.00872321	0.993065	0.998702	0.895398	0.99886	0.0226355	9.985e-006	2.04209e-009	2.75408e-012	3.3311e-016	2.18933e-019	4.93464e-023	3.66532e-027	2.242e-031	1.43496e-033	1.1999e-037	2.91194e-040	1.09878e-040	1.44445e-043	6.59194e-044	4.71393e-043	1.25155e-040	
0	0	0	0	1.61126e-018	6.91326e-015	1.6932e-010	9.29843e-011	2.83785e-010	3.48395e-010	1.37213e-010	2.478e-010	1.23845e-011	1.30852e-012	2.77793e-013	3.65174e-013	5.35465e-015	1.40817e-013	4.32627e-013	3.30857e-009	1.6752e-007	1.45762e-008	5.03247e-011	4.68134e-011	4.88092e-012	5.91782e-010	4.21371e-010	2.34635e-009	1.76057e-006	0.0012936	0.104602	0.00114007	0.977365	0.99999	1	1	1	1	1	1	1	1	1	1	1	1	1	1	1	


