E:\Google Drive\Progetti\MSR Action3D\Real\a19_s07_e01_skeleton3D.txt
19
TRUE
-1087.95
-1071.45
-1048.11
-1096.44
-1063.38
-1084.19
-1041.06
-1068.86
-1050.39
-1075.25
-1082.65
-1111.46
-1095.35
-1086.15
-1108.71
-1078.03
-1015.85
-1044.27
-976.517
-1055.63

41
20
1	0.8244	0.303669	0.148492	0.0379415	0.00596716	0.113757	0.0318369	0.0853545	0.155681	0.318061	0.451595	0.655882	0.768724	0.704204	0.574971	0.457355	0.121347	0.0222228	0.00564881	0.00188079	0.000306423	2.80049e-005	1.96334e-006	3.36189e-007	5.24621e-009	2.71976e-011	7.61708e-013	1.80801e-014	2.36913e-015	7.22285e-017	1.78203e-016	2.94855e-016	3.1677e-016	6.64949e-016	2.13277e-015	6.00867e-015	8.66547e-015	1.06028e-014	1.84877e-014	2.1579e-013	1.00434e-012	
0	0.0732489	0.0773303	0.393398	0.254485	0.0884371	0.437591	0.279486	0.473164	0.291288	0.0994089	0.030885	0.0765614	0.0531439	0.0851896	0.152235	0.133193	0.310553	0.29439	0.208901	0.377038	0.43247	0.492386	0.372534	0.431103	0.0403157	0.000374805	4.40855e-006	3.52253e-008	1.39493e-009	8.85092e-012	2.69067e-012	8.16943e-013	3.90512e-013	2.98775e-013	2.03667e-013	1.61029e-013	1.27171e-013	1.72416e-013	2.48314e-013	1.07751e-012	1.43648e-011	
0	0.102351	0.04137	0.271616	0.0229383	0.00299059	0.338095	0.077504	0.366714	0.356158	0.515604	0.508931	0.144487	0.0497994	0.0263593	0.0888606	0.0279455	0.0227263	0.0606071	0.254314	0.553497	0.488451	0.08715	0.0265373	0.00316032	0.00185475	1.97818e-005	2.13921e-007	1.91752e-008	1.16093e-008	1.2814e-010	3.74807e-010	6.18278e-010	1.82941e-010	5.62297e-011	4.52077e-011	5.24519e-011	9.91768e-012	5.07854e-012	1.19496e-011	1.54993e-010	4.52091e-010	
0	0	0.0632186	0.0374254	0.589166	0.897881	0.0939642	0.536254	0.0667934	0.195639	0.0660174	0.00752988	0.115711	0.0376398	0.152644	0.172537	0.233112	0.0522763	0.01195	0.00439146	0.00846048	0.0578654	0.397111	0.429945	0.308584	0.0257427	0.000105744	1.20928e-006	2.91343e-009	3.73411e-011	3.31495e-011	3.12774e-012	1.14859e-011	6.18398e-011	7.30575e-011	1.38257e-011	6.97886e-012	3.06609e-011	8.73446e-012	3.49062e-012	1.70022e-010	7.1547e-009	
0	0	0.514412	0.142184	0.0828224	0.0028055	0.00234854	0.0699537	0.000895925	0.000786545	0.000399201	0.000736582	0.00726749	0.0906138	0.0313899	0.0102186	0.0945084	0.00221482	0.00605035	0.00459603	0.00111292	0.00764693	0.019602	0.138288	0.00705887	0.02845	0.00180118	5.22285e-006	1.03623e-008	2.19358e-010	2.71505e-012	1.53276e-012	5.5652e-013	5.48097e-013	9.75483e-014	3.62551e-013	1.25572e-013	4.83074e-014	9.08894e-015	1.74855e-013	9.45938e-011	8.14095e-010	
0	0	0	0.0068843	0.0126356	0.00189621	0.0135417	0.0049154	0.00684253	7.82287e-006	1.13031e-005	2.27102e-006	2.66605e-006	6.98612e-005	0.000212756	0.00117669	0.053821	0.484838	0.558434	0.261885	0.005808	0.000295077	0.00233858	0.0326629	0.249933	0.895	0.824924	0.0483295	1.57836e-005	8.45445e-007	4.3341e-010	2.22162e-013	1.32105e-015	1.65774e-015	9.02991e-015	5.67648e-015	6.59123e-016	8.60799e-016	1.3896e-014	1.68064e-015	1.66492e-014	4.16576e-010	
0	0	0	5.9802e-011	3.6643e-007	4.97084e-007	8.37402e-006	2.68058e-006	4.54348e-006	2.09397e-006	3.43442e-008	9.5563e-009	9.98356e-010	1.70998e-009	3.7674e-008	1.20998e-007	2.49107e-006	0.00401085	0.0287257	0.163336	0.00187252	3.45218e-006	4.41613e-007	6.93659e-007	7.4929e-005	0.00835274	0.172174	0.945659	0.955174	0.804132	0.920168	0.501547	0.168146	0.000660754	3.70689e-007	2.11899e-010	1.18733e-013	5.48986e-017	1.39599e-018	6.8734e-018	2.61954e-018	1.05945e-017	
0	0	0	0	9.91327e-006	2.20644e-005	0.000695135	4.7169e-005	0.000230666	0.000437557	0.000497761	0.000319786	8.78465e-005	9.03429e-006	1.05914e-006	1.24222e-006	6.32245e-005	0.00203356	0.0176199	0.0969284	0.0503305	0.0129622	0.00138384	2.97926e-005	8.63714e-005	0.00028395	0.000601421	0.00600003	0.0448106	0.195867	0.0798325	0.498453	0.831854	0.999339	1	1	1	1	1	1	1	1	


1	0.83821	0.0380929	0.00287475	0.000182757	1.43006e-005	0.000338105	4.29345e-005	0.000430672	0.00292515	0.0180924	0.0179373	0.00319471	0.00211827	0.000338307	2.24674e-005	1.61308e-005	1.13945e-006	3.20266e-008	7.59092e-009	3.09247e-009	7.74266e-009	2.78694e-009	3.12656e-010	2.32584e-010	2.70715e-012	7.47007e-015	7.50787e-018	3.61517e-021	4.91521e-023	3.57708e-026	1.01401e-027	4.21536e-028	1.25031e-028	1.65456e-029	2.14014e-030	7.24772e-032	5.50704e-034	9.57979e-036	9.05938e-038	1.61012e-038	2.1499e-038	
0	1.6999e-006	9.80304e-005	1.48149e-007	7.40288e-009	2.60964e-009	4.17845e-009	1.06389e-009	2.28235e-008	2.3191e-007	6.01773e-006	1.17691e-006	2.64137e-007	1.80211e-007	6.90216e-007	1.26236e-008	1.09625e-007	9.67244e-010	4.51751e-011	6.12848e-011	1.14993e-013	5.46767e-013	1.39768e-011	1.02104e-011	1.37147e-012	3.40923e-012	4.63978e-015	6.02524e-018	2.17606e-021	1.40061e-024	1.51574e-027	1.39622e-030	1.08096e-030	3.75264e-033	6.13918e-034	6.25359e-035	2.683e-036	3.08689e-039	2.30537e-041	1.04601e-042	1.14013e-042	3.81541e-041	
0	0.161789	0.961764	0.977564	0.872902	0.781113	0.976145	0.89182	0.899882	0.984873	0.88886	0.364332	0.0889852	0.0429249	0.0481837	0.0367001	0.322611	0.300287	0.427598	0.62173	0.421598	0.449178	0.679073	0.918701	0.846487	0.417778	0.0166692	8.02585e-005	5.00396e-007	7.88404e-008	2.45837e-010	2.049e-011	3.17931e-012	4.07294e-013	1.11029e-014	3.61605e-016	1.02077e-017	2.75387e-020	6.09575e-022	7.91227e-024	6.35947e-024	1.50109e-023	
0	0	4.46507e-005	0.0195611	0.126903	0.218808	0.0221962	0.108082	0.0991151	0.00389248	0.000314458	6.81014e-005	2.40801e-005	8.35254e-006	1.09978e-005	3.5735e-005	0.00155995	0.0659088	0.198402	0.212835	0.0526038	0.0547008	0.164946	0.0587392	0.125546	0.215434	0.0705893	5.26415e-005	1.88859e-008	2.80838e-009	3.73716e-012	8.01355e-015	3.48865e-015	5.76325e-016	1.62625e-017	9.8427e-020	3.34239e-021	2.98535e-022	5.12113e-023	1.00067e-025	1.39346e-026	1.28622e-025	
0	0	7.51765e-007	1.22718e-007	1.22789e-005	6.52988e-005	0.00121911	4.85282e-005	0.000538787	0.00240028	0.000834595	5.65098e-005	1.48243e-006	4.42607e-007	8.45727e-007	3.88741e-008	8.77696e-007	2.19056e-006	0.000262209	0.0066453	0.000118216	7.20853e-005	0.00175018	0.00593519	0.0207823	0.366678	0.912723	0.997002	0.990778	0.953148	0.988446	0.971167	0.737323	0.00422909	1.28221e-006	1.28078e-009	1.61783e-013	4.72745e-018	6.01098e-022	9.85607e-026	2.59705e-027	1.51114e-028	
0	0	0	1.8438e-009	4.56506e-011	3.16702e-008	0.000101655	1.65521e-006	5.00371e-006	0.000663033	0.0243509	0.102823	0.0133083	0.000692068	4.11e-005	1.75656e-006	6.70207e-006	3.80801e-006	5.05084e-007	1.82639e-005	7.09927e-005	8.58126e-006	1.80428e-007	8.76179e-008	8.82795e-006	5.6585e-006	1.80003e-005	0.00286522	0.00922082	0.0468411	0.0115448	0.0286181	0.261419	0.643071	0.501546	0.105473	0.0140289	0.000323379	2.2576e-005	5.51635e-008	3.07712e-010	6.21118e-012	
0	0	0	1.48069e-011	9.78969e-011	4.1165e-010	5.88457e-008	5.35219e-006	2.09084e-005	0.00491154	0.0553527	0.453155	0.819627	0.630762	0.409788	0.0300036	0.0670713	0.0519687	0.00303571	0.000334145	0.000188079	0.00044399	0.000101415	2.40532e-006	1.55861e-007	3.20794e-009	4.35341e-009	1.38425e-008	9.33145e-007	1.10713e-005	9.09377e-006	0.000213812	0.00122632	0.352596	0.490779	0.882905	0.959572	0.992777	0.90734	0.973327	0.543887	0.362323	
0	0	0	0	1.97733e-012	3.66797e-011	1.5051e-009	4.20834e-008	7.14156e-006	0.000334622	0.0121886	0.0616278	0.0748587	0.323494	0.541636	0.933236	0.608734	0.581829	0.370702	0.158437	0.525421	0.495597	0.154129	0.0166219	0.00717594	0.000104262	6.73172e-007	2.13641e-009	4.48079e-009	7.07466e-008	6.07804e-008	1.15994e-006	3.23272e-005	0.000103434	0.00767364	0.0116224	0.0263992	0.00689989	0.0926374	0.026673	0.456113	0.637677	


1	0.998809	0.988766	0.997349	0.944891	0.991083	0.999582	0.97957	0.99924	0.994223	0.999503	0.999727	0.994051	0.676991	0.89231	0.935921	0.000990031	5.36046e-006	3.82598e-007	6.0048e-010	8.06276e-012	6.1207e-013	5.99517e-013	1.51199e-012	1.40893e-012	2.72292e-013	2.5623e-015	1.29412e-017	1.88109e-018	6.74136e-019	2.2935e-020	2.84386e-021	1.71317e-021	2.44675e-022	1.88724e-023	2.24147e-024	1.08776e-025	6.18661e-027	3.59068e-027	2.57799e-027	1.70775e-026	1.67946e-026	
0	0.00117153	0.011222	0.000580282	0.0549662	0.00865134	0.000374786	0.0204114	0.000270288	0.00577501	0.000492857	0.000269076	0.00594317	0.323004	0.10764	0.0628517	0.999	0.59466	0.0286976	7.401e-007	8.85758e-012	8.29078e-015	2.50379e-015	1.99289e-015	3.19831e-014	5.9656e-015	1.04234e-015	3.19763e-017	2.5309e-020	2.7253e-021	5.48206e-023	5.53497e-026	1.02451e-025	1.40037e-024	9.86102e-026	1.70346e-027	1.10981e-028	1.31289e-028	5.09347e-031	1.74049e-031	2.27204e-029	7.67823e-027	
0	1.91921e-005	1.1873e-005	0.00206698	0.000141192	0.000264481	2.88179e-005	1.88143e-005	0.000443555	2.10962e-006	3.27307e-006	1.5202e-006	2.19572e-006	4.04678e-006	5.05098e-005	0.00122733	1.02983e-005	0.405333	0.924757	0.0789006	0.00424942	2.80176e-005	8.13697e-007	7.48276e-007	2.01082e-007	1.41089e-007	7.85526e-009	1.76623e-012	5.68346e-015	3.9733e-015	6.30535e-019	1.95842e-023	1.43046e-027	5.28357e-029	6.35856e-030	5.12378e-031	4.63452e-031	1.68854e-032	1.85984e-031	2.32994e-032	4.96821e-031	6.66083e-030	
0	0	1.97964e-010	3.46556e-006	1.53024e-006	1.43366e-006	1.44184e-005	1.27529e-007	4.57672e-005	1.7924e-007	4.43777e-008	2.32227e-008	2.39225e-010	7.44327e-011	7.41527e-009	1.35015e-007	2.09574e-010	1.26454e-006	0.0465446	0.921099	0.995743	0.99974	0.866441	0.370805	0.0225978	0.0525061	0.00782974	5.6333e-007	1.62575e-007	0.000106497	3.6521e-006	1.95653e-007	1.91232e-008	9.59474e-012	9.69061e-016	4.78713e-020	5.76127e-024	4.07721e-028	8.21204e-029	2.62662e-030	2.59041e-032	6.23923e-034	
0	0	6.24735e-014	3.61383e-014	3.23819e-010	7.09409e-011	3.31465e-011	3.46749e-009	5.12701e-012	5.08058e-008	5.05305e-011	3.72148e-011	7.86992e-011	7.26782e-013	9.14512e-014	1.62778e-013	3.00026e-015	2.36061e-017	2.36217e-011	4.30048e-008	7.01349e-006	0.00022841	0.133155	0.628566	0.888152	0.94496	0.990763	0.071867	0.277601	0.667476	0.900003	0.973126	0.144999	0.000516781	1.28545e-008	2.14725e-012	5.65497e-017	2.65141e-021	1.70196e-025	2.19188e-028	8.11497e-030	1.63416e-032	
0	0	0	4.70211e-016	1.17935e-011	4.8052e-012	1.75648e-009	8.63467e-011	7.74323e-012	7.46601e-008	4.00452e-008	4.89753e-009	4.71227e-010	6.03478e-011	9.2454e-012	8.03781e-012	2.66681e-012	2.15453e-015	3.0598e-012	1.19885e-008	1.62575e-007	3.92387e-006	0.000403062	0.000577242	0.0891589	0.00177497	0.00139476	0.928131	0.626603	0.0395525	0.085374	0.017502	0.842575	0.0455742	0.000288793	1.50175e-006	4.74133e-010	2.51794e-013	3.84726e-017	1.913e-021	1.33876e-024	1.67326e-026	
0	0	0	1.02148e-021	7.6567e-019	6.40343e-014	1.14828e-011	8.20966e-013	5.45327e-012	3.75857e-011	3.09719e-007	2.62142e-006	3.24308e-006	7.16362e-007	6.30017e-008	5.6243e-009	1.15761e-011	3.74102e-014	2.35004e-017	2.11921e-016	1.02314e-011	6.59308e-010	1.21859e-008	2.46417e-007	3.09006e-006	3.48066e-006	3.87152e-008	1.74323e-006	0.0928708	0.252146	0.0134374	0.00912257	0.0121971	0.951451	0.991426	0.990489	0.983807	0.9748	0.857717	0.590641	0.0214157	0.000346987	
0	0	0	0	7.34095e-018	1.5707e-013	1.33344e-013	9.23676e-012	1.06003e-011	7.78893e-012	6.39068e-010	2.32065e-008	2.45767e-007	1.38534e-007	4.37422e-008	1.68801e-008	5.05549e-011	1.94761e-012	2.95958e-013	5.44411e-015	2.08359e-011	1.17329e-009	1.34574e-007	5.09835e-005	8.75949e-005	0.000755541	1.2568e-005	9.34222e-008	0.00292519	0.0407195	0.001182	0.000248893	0.000228431	0.00245753	0.00828514	0.00950973	0.0161928	0.0252002	0.142283	0.409359	0.978584	0.999653	


1	0.933676	0.0115399	0.0623384	0.00561491	0.00461263	0.243266	0.0256541	0.0724374	0.0297582	0.0150145	0.0111581	0.0111342	0.000897939	4.92342e-005	9.90013e-006	3.80633e-008	5.86452e-009	7.40171e-009	3.40977e-009	2.80337e-009	2.13598e-009	5.265e-009	2.06108e-008	4.05958e-008	1.89204e-008	2.10398e-009	4.97867e-011	1.0625e-011	8.71316e-014	8.80394e-016	4.63746e-016	3.33412e-016	1.17703e-015	5.25007e-015	1.17405e-014	8.68453e-015	2.70163e-015	1.82964e-015	1.00786e-015	1.57929e-015	3.80852e-015	
0	0.0460046	0.00406827	0.0654483	0.0179053	0.0701093	0.643818	0.493074	0.898259	0.958278	0.979474	0.972277	0.56014	0.230112	0.0281213	0.00455902	5.99668e-006	9.08173e-007	2.66452e-006	6.60571e-006	1.54197e-005	2.54219e-005	0.000110002	0.000515169	0.00163533	0.00524939	0.00543811	0.000144704	2.22402e-005	1.00225e-007	1.75763e-009	8.66006e-010	2.87542e-010	1.37624e-010	2.43571e-010	7.52564e-011	2.31613e-011	9.45139e-012	1.21331e-011	5.29591e-012	4.21571e-011	3.12189e-010	
0	0.0203194	0.982654	0.858582	0.934089	0.847505	0.0415323	0.477836	0.0238792	0.0117158	0.00545317	0.016451	0.427258	0.522658	0.857307	0.870721	0.035942	0.00170473	0.000607344	7.52324e-006	6.58646e-008	1.66098e-007	9.00304e-006	0.0021829	0.00107312	0.0112661	0.00570346	0.000265373	1.01198e-005	3.04107e-009	9.89646e-011	5.33691e-011	1.19376e-011	1.74009e-011	8.26256e-012	8.40686e-012	1.16629e-012	9.48585e-014	3.37781e-014	2.86392e-013	1.57847e-011	4.5803e-010	
0	0	0.00173734	0.0136167	0.0422644	0.077017	0.0352983	0.00269263	0.00534743	0.000218085	4.93009e-005	0.000109469	0.00146495	0.246287	0.11265	0.106417	0.955886	0.603477	0.263992	0.00311475	1.00446e-006	6.84789e-010	1.47056e-008	3.23382e-006	0.0010779	0.00872742	0.301822	0.688849	0.0459555	0.000114044	3.22043e-007	1.71166e-009	9.17045e-012	6.27771e-013	3.35604e-013	1.01088e-013	2.93255e-014	5.26669e-015	7.071e-017	6.86772e-017	9.21414e-014	2.3539e-010	
0	0	4.00342e-008	1.46791e-005	0.000126486	0.000742756	0.0356826	0.000657034	2.66462e-005	2.00886e-006	3.6311e-007	2.68357e-007	1.55989e-006	4.5587e-005	0.00186721	0.0182532	0.00779708	0.390479	0.257354	0.00847993	9.99189e-006	8.0016e-010	1.27575e-012	4.59821e-010	4.93015e-008	0.000263123	0.0169111	0.2588	0.194124	0.0420846	0.00105864	5.56391e-005	7.43835e-007	7.90132e-009	6.49701e-011	4.44604e-013	3.7067e-015	4.53192e-018	4.86897e-018	5.79286e-020	7.15262e-018	1.55236e-014	
0	0	0	3.8865e-007	2.34497e-007	1.30882e-005	0.000363559	8.50797e-005	4.05548e-005	3.74005e-006	1.34915e-007	1.83737e-008	1.79073e-008	6.53392e-008	5.79343e-006	3.00814e-005	0.000303776	0.00412062	0.433711	0.600266	0.0160492	0.000113307	6.78806e-006	2.37566e-006	4.02101e-007	1.54523e-005	0.00191775	0.0189942	0.698061	0.940056	0.962526	0.97861	0.966695	0.820411	0.308814	0.0271862	0.00294281	7.16015e-005	2.61209e-006	3.67759e-008	1.33836e-008	1.97694e-008	
0	0	0	2.90186e-011	6.01462e-010	5.64281e-007	2.95142e-005	9.91059e-007	5.74539e-006	2.24781e-007	2.09152e-008	1.61625e-009	1.30211e-009	9.37242e-011	1.36349e-008	1.05407e-005	6.49212e-005	0.00018525	0.0408768	0.027307	0.000694523	1.69825e-006	4.17553e-008	1.0874e-008	4.36657e-010	5.59295e-009	1.03728e-006	6.43784e-005	0.0267095	0.0166052	0.0333131	0.00498556	0.0119968	0.0141542	0.0290467	0.00288111	0.00081259	3.08207e-006	5.53719e-008	4.28144e-010	1.18837e-010	1.44271e-010	
0	0	0	0	1.01224e-010	1.84001e-009	9.57497e-006	3.29413e-007	4.26695e-006	2.42862e-005	8.41919e-006	4.54695e-006	1.08372e-006	2.44089e-008	1.70996e-010	1.5676e-009	1.66755e-008	3.32437e-005	0.00345722	0.360818	0.98323	0.999859	0.999874	0.997296	0.996213	0.974479	0.668207	0.0328825	0.0351178	0.00113977	0.0031019	0.0163489	0.0213078	0.165435	0.662139	0.969933	0.996245	0.999925	0.999997	1	1	1	


1	0.261735	0.0617588	0.132319	0.0210873	0.00747443	0.0400046	0.0193352	0.043591	0.00980588	0.000264866	7.24947e-006	2.89769e-006	3.90809e-007	2.04316e-007	4.29392e-008	1.01057e-009	1.07628e-010	3.47556e-011	1.69406e-012	1.67892e-012	1.42571e-011	6.32848e-011	3.15203e-011	5.92451e-011	2.94607e-012	6.05927e-015	3.11632e-017	4.95836e-020	3.55974e-022	2.76872e-025	2.83032e-026	1.02236e-027	8.21486e-029	4.33719e-030	1.68827e-031	2.34342e-033	5.7854e-035	3.29737e-035	1.08343e-035	4.59349e-036	5.216e-036	
0	0.705391	0.0164495	0.00541452	0.000199788	0.000324277	0.793355	0.00444677	0.409855	0.964806	0.998735	0.999332	0.894022	0.386234	0.0420979	0.00933869	0.0002532	1.46028e-005	2.63037e-007	1.06459e-008	9.90259e-009	9.88303e-009	3.78159e-010	3.86274e-013	6.12277e-013	1.23031e-015	8.40886e-017	1.10832e-017	1.07406e-018	4.57618e-019	4.13441e-021	2.16395e-020	3.26523e-020	2.88111e-020	1.77216e-020	1.45134e-020	7.33525e-021	3.20167e-021	9.29713e-021	8.46571e-021	3.66507e-021	2.64048e-022	
0	0.0328746	0.92142	0.774553	0.958279	0.981832	0.151385	0.973159	0.421512	0.0253413	0.000998319	0.000659998	0.105972	0.61373	0.957687	0.983882	0.989034	0.791852	0.109218	0.000176886	4.43962e-006	1.56706e-006	1.37813e-006	3.56096e-007	7.93748e-008	2.43696e-009	6.99954e-012	4.74747e-014	4.53612e-017	8.21498e-020	1.78697e-022	3.44423e-023	4.2213e-023	1.69764e-022	9.67782e-023	4.49321e-023	2.36091e-023	2.59128e-023	1.21875e-022	5.52707e-022	1.00494e-020	8.75345e-021	
0	0	0.000371244	0.0877136	0.0204341	0.0103693	0.0150802	0.00305807	0.125007	3.28011e-005	1.12792e-007	1.54917e-008	8.51924e-008	3.3733e-005	0.000213176	0.00677905	0.0107129	0.208133	0.890334	0.994256	0.998888	0.994369	0.979078	0.998831	0.938417	0.702507	0.344111	0.00026035	8.10505e-008	1.05935e-007	4.94577e-012	6.03883e-015	6.67984e-019	3.41011e-023	6.44771e-028	3.40256e-028	3.34771e-028	2.00401e-028	2.44724e-026	9.41401e-026	2.04117e-023	3.31286e-021	
0	0	9.47803e-023	1.09138e-008	1.40447e-007	4.5922e-007	7.68453e-005	3.51675e-007	2.98047e-005	3.54037e-006	1.65432e-010	3.67639e-013	1.78344e-013	2.83079e-013	3.6128e-010	1.31161e-009	2.85173e-008	4.98073e-007	0.000445159	0.00556005	0.00109915	0.00550822	0.020382	0.00105485	0.0613291	0.297477	0.655856	0.321262	0.0374089	0.253239	0.0358924	0.00728596	0.000468271	1.35684e-007	2.67502e-012	2.9552e-017	2.56825e-023	2.46903e-029	6.66563e-033	1.11626e-031	2.28107e-030	2.52987e-026	
0	0	0	1.07534e-010	2.80544e-011	6.43916e-010	9.86317e-005	7.95396e-010	1.2694e-007	6.41057e-006	4.73542e-007	1.21981e-008	5.52475e-011	1.79004e-013	1.39734e-011	1.51083e-011	4.25555e-009	3.90805e-008	2.5365e-006	7.10403e-006	6.49572e-006	7.8166e-006	2.18244e-006	2.95581e-008	8.46932e-006	3.3253e-006	3.26446e-005	0.678478	0.960866	0.729229	0.963451	0.902262	0.97646	0.116537	0.0056674	0.00010708	1.82713e-007	2.60359e-010	1.52081e-012	3.79281e-016	9.8883e-020	3.80636e-023	
0	0	0	5.53262e-030	2.7476e-013	2.72242e-013	3.49746e-009	1.27325e-007	2.02398e-007	4.28046e-007	8.16218e-007	7.95416e-007	3.71128e-006	2.0733e-006	1.60857e-006	1.67967e-007	1.38278e-007	3.39607e-008	4.57744e-010	4.48539e-009	1.80749e-007	1.29652e-006	1.80154e-007	1.43958e-009	5.83236e-010	1.92852e-010	3.67611e-011	5.41476e-008	0.00161153	0.0074877	0.000527484	0.0841429	0.0183923	0.880549	0.977899	0.983034	0.989323	0.98718	0.605512	0.398807	0.0461281	0.00562435	
0	0	0	0	4.0587e-014	9.2388e-014	5.27615e-010	1.26887e-007	5.39212e-006	3.3492e-006	1.87998e-007	2.83231e-008	3.05583e-008	5.34648e-008	1.43324e-008	1.15069e-008	7.27779e-010	7.15349e-009	2.69085e-008	6.0721e-008	1.89462e-006	0.000112004	0.000536541	0.000113426	0.000245529	1.25051e-005	1.70663e-007	4.01822e-009	0.000113606	0.0100435	0.000128643	0.00630957	0.00467902	0.00291346	0.0164337	0.0168588	0.0106769	0.0128197	0.394488	0.601193	0.953872	0.994376	


1	0.920387	0.476524	0.602592	0.472822	0.295123	0.58281	0.461098	0.919475	0.855979	0.645946	0.711069	0.541825	0.129036	0.00938769	0.00324027	3.54666e-006	2.57071e-008	5.18636e-009	2.37858e-009	3.92354e-008	1.16688e-006	2.80884e-005	0.000465736	0.020719	0.00201099	2.869e-005	4.43676e-007	1.34279e-009	3.71478e-012	4.34666e-015	3.71056e-016	6.68056e-017	2.32243e-017	6.96786e-018	1.91915e-018	4.86758e-019	2.04678e-019	1.52844e-019	2.16464e-019	3.09303e-018	3.72594e-017	
0	0.0716005	0.31261	0.392783	0.37605	0.679865	0.412286	0.321788	0.0786925	0.134083	0.346458	0.282483	0.339085	0.070913	0.0259321	0.00730129	1.00726e-005	9.79643e-008	5.05563e-008	5.12578e-009	1.06722e-008	5.93538e-008	6.36407e-006	4.70378e-005	0.00257582	0.00137118	1.47892e-005	2.37193e-006	4.04321e-008	8.15471e-012	6.08997e-014	3.02129e-015	2.44865e-016	5.2587e-017	1.47821e-017	3.50251e-018	4.74593e-019	1.02135e-019	1.31272e-019	1.26943e-019	7.34254e-019	1.12872e-018	
0	0.00801232	0.210825	0.00293068	0.149613	0.024157	0.00370258	0.215792	0.00144235	0.00945245	0.00742477	0.00612194	0.118864	0.79713	0.963632	0.981685	0.995938	0.01555	0.000202253	1.73764e-007	3.14346e-010	3.49372e-010	4.77454e-008	8.70021e-007	4.40294e-005	4.10326e-005	1.83285e-006	2.47127e-006	2.26137e-009	1.56906e-012	2.59136e-015	3.16339e-017	7.88292e-018	1.50392e-017	4.40667e-018	4.77754e-019	3.32135e-020	1.87537e-020	1.77294e-022	3.10357e-022	1.27561e-019	8.78992e-018	
0	0	4.10221e-005	0.00166956	0.00147842	0.000848949	0.00120116	0.00128673	0.00038175	0.000485516	0.000171112	0.00032404	0.000224836	0.00292044	0.00104634	0.00775045	0.00404693	0.978399	0.767085	0.0202579	0.00120752	9.39942e-006	2.85558e-007	2.48166e-008	2.68558e-005	5.04813e-006	8.70884e-006	6.2624e-006	6.12582e-009	1.21905e-012	4.99944e-016	8.90859e-019	5.48441e-020	3.334e-020	7.56855e-021	1.6769e-021	8.29456e-022	1.25696e-021	1.52801e-022	3.71634e-023	1.84855e-021	3.26574e-019	
0	0	3.89287e-007	2.42755e-005	4.49485e-006	2.22146e-006	8.93236e-008	8.29888e-007	3.15728e-006	5.76897e-008	1.27285e-007	5.03417e-008	7.19188e-008	3.0477e-007	2.05561e-006	2.28727e-005	1.53746e-006	0.00604455	0.16121	0.371218	0.0815908	0.000191896	9.19294e-007	3.71478e-007	8.12205e-007	7.5881e-007	8.60289e-008	3.46904e-009	4.16873e-010	1.25049e-013	6.04146e-018	2.2524e-021	2.32173e-024	1.95371e-025	9.58546e-026	6.93589e-026	2.8251e-025	3.94388e-026	9.89459e-026	2.10876e-026	1.75825e-024	2.97451e-022	
0	0	0	6.28281e-007	3.24778e-005	3.40394e-006	7.79536e-007	3.45582e-005	5.15029e-006	1.49914e-008	1.06219e-008	3.08508e-008	7.8493e-008	8.01535e-009	4.61197e-008	5.31187e-007	1.12626e-007	6.72159e-006	0.0715026	0.591763	0.853921	0.684097	0.242943	0.799561	0.319533	0.743087	0.146615	0.000302849	2.61052e-007	1.93422e-008	2.32604e-012	2.32798e-015	6.14927e-019	1.44854e-022	3.49636e-025	1.28358e-025	5.52461e-026	2.62688e-026	2.84699e-024	9.43406e-025	1.29812e-024	5.33733e-023	
0	0	0	7.68841e-024	6.31965e-012	1.20091e-009	2.71123e-009	5.56751e-011	1.04307e-007	5.17737e-009	5.13181e-011	2.00037e-011	5.91162e-012	2.61526e-012	1.79218e-013	2.07274e-012	3.16285e-013	7.29378e-013	4.94165e-008	0.0166768	0.024943	0.0247291	0.108027	0.00500002	0.103872	0.233831	0.852587	0.972054	0.965331	0.987541	0.989916	0.865668	0.751168	0.00689212	6.25117e-006	2.73809e-009	7.10424e-013	1.80935e-016	2.12701e-019	1.50116e-022	2.04102e-024	2.11646e-026	
0	0	0	0	7.18892e-012	1.10497e-009	1.07118e-008	2.52817e-010	1.10133e-008	1.09295e-007	3.32114e-007	1.79158e-006	1.18792e-006	4.88367e-008	9.84956e-010	3.32746e-011	7.893e-013	1.20701e-012	1.50085e-009	8.39664e-005	0.038338	0.290972	0.648994	0.194924	0.553228	0.0196528	0.000743891	0.0276313	0.0346685	0.0124593	0.0100839	0.134332	0.248832	0.993108	0.999994	1	1	1	1	1	1	1	


1	0.815028	0.0710852	0.16305	0.134648	0.568275	0.990907	0.58006	0.987694	0.985325	0.9929	0.977114	0.927149	0.405872	0.235083	0.468297	0.237367	0.083087	0.0864047	0.0499136	0.201024	0.54878	0.735568	0.742182	0.582024	0.00697499	9.99487e-007	5.4437e-010	3.48061e-014	2.06151e-017	6.90022e-022	1.61771e-024	1.08561e-026	2.43462e-028	4.05139e-030	7.6226e-032	1.62545e-033	3.2023e-035	1.58495e-035	6.30332e-036	1.67882e-035	2.20124e-035	
0	0.18496	0.928872	0.819465	0.840586	0.422696	0.00668962	0.419758	0.0105811	0.0146649	0.00709932	0.0228847	0.0728422	0.594024	0.76427	0.512335	0.364654	0.00607915	0.0157653	0.00401856	0.00153554	0.00675531	0.0289103	0.190271	0.0203271	0.00481108	3.10589e-006	5.85294e-010	2.3038e-014	7.39456e-018	8.86298e-023	1.29473e-025	2.50943e-028	2.54914e-030	1.35982e-032	1.29701e-033	2.52856e-035	3.30017e-037	3.36938e-038	1.46107e-037	5.23009e-035	2.54336e-035	
0	1.24533e-005	4.31058e-005	0.0174848	0.0247588	0.00880689	0.00223521	0.000179429	0.00171102	1.58612e-006	9.41337e-007	1.22541e-006	8.21943e-006	0.000102373	0.000646423	0.0193671	0.397948	0.898643	0.73053	0.117396	0.00827519	0.000849456	0.0006848	0.00406958	0.0896629	0.0100083	9.31373e-005	9.68225e-008	6.03334e-014	2.93447e-017	6.8962e-024	2.17643e-029	2.64101e-031	2.28273e-033	7.13594e-036	5.01838e-038	2.68376e-039	1.09977e-040	4.82757e-041	2.23362e-042	2.05312e-040	1.13115e-035	
0	0	1.05127e-011	2.42576e-007	7.82189e-006	0.000221833	0.00016833	2.07932e-006	1.36738e-005	8.59395e-006	5.34455e-008	2.13061e-009	4.69175e-010	7.34501e-011	3.82577e-009	1.49797e-007	2.45486e-005	0.0121868	0.167299	0.828671	0.789097	0.443425	0.214137	0.0109987	0.00133208	0.00137272	1.48827e-005	2.5678e-008	2.05362e-011	6.83425e-013	3.88398e-016	1.99957e-019	1.37461e-021	3.83939e-024	1.12798e-027	1.28994e-031	1.61582e-035	5.88173e-039	3.7419e-040	2.57589e-042	6.14211e-045	4.77074e-043	
0	0	1.17935e-017	3.31733e-015	4.75709e-010	6.49855e-009	1.40128e-008	2.14123e-007	2.42112e-010	1.48867e-009	2.82814e-010	6.25888e-012	1.71946e-012	6.39955e-013	3.22082e-013	1.22233e-012	6.08162e-012	3.95256e-010	8.80166e-008	4.17091e-007	6.70234e-005	0.000182258	0.0206857	0.052471	0.306642	0.976594	0.999714	0.754325	0.00251142	1.42562e-005	1.26874e-008	1.90398e-011	1.11724e-014	1.53272e-018	1.94306e-024	1.4649e-029	2.42472e-035	1.70356e-040	6.91021e-044	1.80365e-044	1.55234e-045	2.26082e-047	
0	0	0	3.74568e-021	6.54001e-019	4.37005e-014	6.43832e-011	4.51989e-014	2.54246e-010	9.14171e-013	1.20126e-010	2.96657e-011	7.62632e-014	6.50952e-016	1.95333e-016	2.39734e-015	2.52931e-015	5.47519e-014	6.67916e-010	7.23978e-009	2.97699e-009	1.48633e-009	1.23448e-008	4.87687e-007	7.80443e-006	0.000238534	0.000173497	0.245675	0.997452	0.999753	0.999904	0.998176	0.992752	0.00087875	2.20419e-007	5.56912e-011	3.16513e-014	2.87098e-019	8.20146e-022	1.4599e-025	2.55966e-028	5.53162e-033	
0	0	0	1.1241e-025	2.35612e-023	1.22342e-017	2.40738e-014	1.23839e-013	1.47746e-014	8.62197e-010	4.73612e-009	7.09471e-008	6.48434e-007	8.89503e-007	9.30419e-007	4.7131e-007	5.6733e-006	2.61427e-006	7.12523e-008	6.75071e-010	1.87375e-010	1.19342e-010	8.73973e-012	7.50901e-012	1.2753e-009	6.8058e-011	1.81696e-010	1.68207e-007	3.61362e-005	0.000232603	9.63633e-005	0.00182395	0.00724644	0.998982	0.990413	0.986778	0.982284	0.976041	0.734376	0.346603	0.0269656	0.000955415	
0	0	0	0	1.05253e-026	1.15555e-023	2.51496e-018	6.36478e-016	1.87225e-014	1.17863e-013	1.3089e-010	1.53668e-009	2.29245e-008	4.87948e-008	1.10041e-007	3.87083e-007	6.45939e-007	1.61157e-006	1.16367e-006	3.5155e-007	1.95866e-006	8.27497e-006	1.41298e-005	7.15518e-006	3.95114e-006	1.59318e-008	1.0354e-012	2.90904e-013	5.35133e-011	3.88257e-009	1.17983e-009	3.3311e-008	1.97817e-006	0.00013884	0.00958665	0.0132224	0.0177157	0.0239588	0.265624	0.653397	0.973034	0.999045	


1	0.982066	0.166674	0.0827332	0.00463392	0.0056885	0.890299	0.125939	0.892595	0.997562	0.999877	0.999403	0.992807	0.894235	0.919666	0.952555	0.82572	0.856127	0.573044	0.866714	0.962841	0.932563	0.676755	0.132074	0.00213048	6.7365e-006	1.09455e-008	1.41266e-011	2.33906e-015	1.92066e-018	2.10905e-022	1.2901e-024	1.00084e-026	7.27225e-027	1.9597e-026	9.55985e-027	1.7358e-027	1.49834e-028	1.72233e-029	3.55319e-030	2.45254e-029	3.97035e-028	
0	0.017933	0.833311	0.916613	0.96761	0.968825	0.01654	0.870981	0.0546597	0.00239584	0.000116035	0.000574067	0.00715239	0.105711	0.0801583	0.0473686	0.144079	0.0662497	0.422692	0.1214	0.0369238	0.0669923	0.249901	0.552779	0.000458236	4.66708e-005	4.08522e-007	3.94369e-012	3.01377e-017	6.43892e-020	3.3381e-025	5.11171e-027	2.94641e-030	1.01348e-029	6.13857e-030	6.57646e-030	6.26572e-030	1.52887e-030	9.77973e-032	2.0377e-031	7.92689e-029	1.92344e-027	
0	6.48105e-007	1.41919e-005	0.000653593	0.0277558	0.0254813	0.075062	0.00304814	0.0527149	2.25725e-005	1.47882e-008	6.05217e-010	2.25705e-007	3.03519e-005	0.000160924	7.15744e-005	0.0301791	0.0621794	0.00118156	0.00297172	1.87278e-005	0.000393212	0.0733352	0.313562	0.959544	0.376788	0.328004	0.00320251	3.1801e-009	9.41468e-014	9.14274e-020	4.01448e-026	2.60008e-031	3.58079e-034	2.50697e-033	2.34041e-034	4.34519e-036	4.75659e-034	1.8225e-035	2.21523e-036	1.41322e-033	2.96035e-028	
0	0	2.28998e-011	1.22764e-008	1.28612e-008	4.75826e-006	0.015378	2.73865e-005	2.42795e-005	2.80132e-006	5.26496e-009	6.0262e-012	5.13356e-012	1.29506e-010	2.69149e-008	3.35005e-008	7.73955e-008	0.0152321	0.00255242	0.00017983	1.12064e-006	1.72235e-009	4.33959e-006	0.00158132	0.0378622	0.618385	0.66038	0.767637	0.000208986	1.30261e-007	2.63657e-011	2.67014e-015	9.66338e-019	3.75375e-023	3.3818e-027	6.27737e-032	6.70243e-038	3.78889e-040	1.9077e-038	1.00258e-040	1.97089e-039	4.09306e-034	
0	0	6.97504e-013	5.45494e-011	1.07068e-011	6.41246e-008	0.00272141	2.2933e-007	6.28496e-006	1.62489e-005	4.18729e-006	3.2058e-007	3.89646e-010	1.00677e-012	7.03065e-010	3.45409e-009	1.07083e-009	3.17162e-006	0.000413391	0.00837837	9.52785e-005	3.04958e-007	1.56041e-007	3.50654e-006	4.80789e-006	0.00477389	0.0116043	0.228562	0.999462	0.998539	0.999191	0.998206	0.997507	0.0157554	0.000288038	6.1307e-007	2.23718e-010	6.93362e-015	4.11314e-018	6.25679e-022	7.99396e-025	3.43014e-027	
0	0	0	3.18694e-016	7.06668e-014	5.79866e-014	4.22829e-009	4.41191e-006	8.38724e-009	5.09303e-008	1.0986e-007	6.66553e-008	1.7819e-007	9.55016e-008	2.02331e-007	1.0785e-008	3.50318e-007	3.26427e-009	2.66763e-008	2.47632e-006	4.63361e-007	3.00629e-007	1.70171e-008	3.28185e-009	8.27096e-010	9.49709e-008	1.13755e-005	0.000520333	0.000327895	0.00146054	0.000805632	0.00179309	0.00249129	0.982351	0.31572	0.028184	0.000221917	5.49547e-007	1.47216e-011	1.02997e-014	1.89225e-015	2.60799e-015	
0	0	0	1.06947e-019	5.33353e-018	4.97576e-017	8.89043e-011	8.68391e-010	1.79594e-009	1.35029e-010	4.61626e-009	3.6217e-009	4.61883e-009	7.40144e-008	6.94108e-008	6.13278e-008	5.4944e-006	0.000111579	5.44741e-006	4.57797e-009	4.15424e-010	7.48368e-012	1.80687e-011	6.48646e-014	3.49779e-013	1.71648e-013	1.66855e-009	7.79948e-005	6.83271e-007	3.07969e-007	2.91559e-006	4.17138e-007	1.63823e-006	0.00186718	0.650873	0.0400262	0.00130067	7.47234e-006	7.37781e-009	3.71755e-013	8.58572e-016	1.75554e-016	
0	0	0	0	1.66395e-021	2.00207e-017	3.29467e-014	4.42372e-013	3.17666e-008	2.86977e-007	2.6808e-006	2.21775e-005	3.97007e-005	2.32527e-005	1.44179e-005	4.67944e-006	1.62257e-005	9.71559e-005	0.000110786	0.000353109	0.000120109	5.10848e-005	4.58477e-006	1.72944e-008	2.00155e-011	1.80182e-014	5.14977e-014	2.17398e-010	2.59913e-007	2.29835e-009	6.0749e-009	7.86486e-008	1.12731e-007	2.61327e-005	0.0331191	0.931789	0.998477	0.999992	1	1	1	1	


1	0.963832	0.706387	0.847044	0.258462	0.466567	0.985423	0.62539	0.990319	0.999001	0.999921	0.999924	0.997019	0.97512	0.985383	0.992598	0.827129	0.646936	0.669936	0.674222	0.821154	0.884322	0.439198	0.0470174	0.00590438	4.52797e-005	7.60156e-008	2.67124e-011	7.65865e-015	2.1541e-017	5.019e-021	1.17835e-022	4.04838e-024	4.80008e-025	1.12436e-026	2.5902e-028	1.92552e-029	8.99839e-031	1.17047e-030	1.55627e-030	3.65522e-029	2.78368e-028	
0	0.0361668	0.29351	0.152731	0.74146	0.532369	0.000465616	0.374463	0.00771296	0.000893447	2.03425e-005	2.08592e-005	0.00272675	0.0239271	0.0120895	0.00684915	0.166205	0.103201	0.190277	0.0252593	0.00397261	0.0256556	0.52202	0.922695	0.679708	0.137504	0.0442397	6.51961e-006	9.11083e-011	2.24322e-014	2.21823e-019	9.11576e-024	2.61204e-027	5.01516e-028	1.86958e-030	6.15923e-032	2.86114e-033	3.493e-033	5.89247e-034	3.85546e-033	4.39172e-030	6.5708e-029	
0	1.55396e-006	0.000102768	0.000223958	7.7934e-005	0.00106427	0.0139309	8.7121e-005	0.00196175	5.77025e-006	3.20694e-006	2.37624e-007	8.39527e-007	1.48033e-005	0.000309511	9.70059e-005	0.000714607	0.237017	0.116289	0.0521718	9.43403e-005	1.09333e-006	0.000133843	0.00496067	0.226428	0.723994	0.393352	0.512245	0.00584571	2.54864e-005	1.76915e-007	7.47482e-010	1.02344e-011	2.89826e-015	9.50743e-020	4.95564e-024	9.68883e-029	8.2634e-034	5.1104e-036	2.56641e-037	8.39771e-036	1.11689e-031	
0	0	2.47508e-010	8.26778e-007	2.70952e-008	3.73895e-007	0.000180181	2.57146e-006	6.18139e-006	9.98506e-005	5.34208e-005	2.97177e-005	3.52778e-006	1.21844e-008	3.23497e-008	1.0988e-006	9.46351e-006	9.59615e-005	0.0222089	0.247866	0.174659	0.0894253	0.00377278	2.07283e-006	4.76883e-006	4.06788e-005	4.07152e-005	3.15526e-005	0.00105075	0.000299344	8.43825e-007	2.76845e-008	2.09415e-009	2.11101e-009	1.49969e-010	3.01418e-012	3.71086e-013	2.24371e-014	2.01518e-014	2.90122e-015	1.02864e-016	5.36749e-018	
0	0	1.00569e-009	3.57547e-008	5.80594e-007	1.07537e-007	1.80142e-008	5.81841e-005	1.32852e-007	2.25871e-007	6.78069e-009	3.6349e-009	4.768e-008	3.22298e-008	1.2191e-008	4.83179e-009	1.29716e-007	1.23664e-006	0.000297896	0.000313565	0.000114781	0.000595089	0.034876	0.025323	0.0879307	0.137828	0.561608	0.00475891	9.38957e-006	6.24195e-007	4.07562e-008	2.31068e-010	2.82441e-012	2.00101e-013	2.41217e-015	4.91584e-016	1.11796e-017	2.77458e-017	4.63682e-018	4.99992e-017	1.04314e-015	3.14747e-016	
0	0	0	8.27684e-014	1.2804e-013	5.01227e-011	1.07448e-009	3.18451e-013	3.53782e-008	7.46122e-011	1.86719e-008	1.12797e-009	1.86861e-011	8.29409e-011	1.65631e-010	5.05655e-010	2.92833e-010	3.7734e-009	7.39701e-008	2.08206e-005	1.96189e-007	2.89081e-009	1.45138e-007	1.52615e-006	2.44151e-005	0.00058782	0.000759749	0.482957	0.992177	0.998435	0.997347	0.992431	0.965458	0.00340382	1.3821e-006	2.35304e-010	1.50896e-013	2.1878e-018	2.81063e-020	1.78586e-022	6.60573e-020	1.06603e-018	
0	0	0	1.56195e-016	8.63164e-016	2.38622e-013	4.73291e-013	1.7416e-013	1.16965e-011	7.10014e-010	2.18628e-011	4.39895e-011	4.83983e-012	5.57934e-014	6.2477e-014	2.74358e-014	3.11623e-011	1.28372e-011	1.01032e-010	1.88694e-009	1.24463e-008	8.90812e-010	6.12032e-010	2.27239e-010	2.81261e-009	3.11207e-009	2.27243e-007	7.1821e-007	0.000658185	0.00101851	0.00212351	0.000497395	0.00242933	0.0232066	9.06735e-005	2.39956e-007	5.80906e-010	1.09429e-011	4.76355e-013	1.52866e-014	8.2269e-016	5.74289e-018	
0	0	0	0	4.46413e-017	9.72845e-016	5.26352e-011	1.8164e-012	8.91849e-013	7.37981e-008	1.67783e-006	2.52484e-005	0.000250245	0.000938465	0.00221765	0.000454577	0.00594145	0.0127491	0.000991394	0.000146422	5.11055e-006	4.79529e-007	8.51554e-009	1.49849e-011	2.71591e-009	4.73269e-010	6.09723e-009	8.87485e-007	0.000258497	0.000221149	0.000527941	0.00707114	0.0321126	0.97339	0.999908	1	1	1	1	1	1	1	


1	0.999941	0.142063	0.966991	0.489007	0.0691668	0.946812	0.854796	0.975739	0.999481	0.999921	0.999875	0.958726	0.927895	0.434977	0.913456	0.346179	0.532534	0.307451	0.0532813	0.871993	0.991303	0.995166	0.600946	0.854878	0.806574	0.00548531	5.85714e-005	2.34759e-007	4.18575e-009	1.06778e-011	7.85893e-011	1.92698e-010	8.00074e-011	7.99079e-012	5.974e-012	8.27643e-013	6.16016e-015	1.30398e-015	1.57252e-015	3.39674e-016	1.06896e-015	
0	1.63323e-005	0.842429	0.000140138	0.000105068	1.79273e-007	1.88342e-007	6.06907e-005	3.48966e-007	5.55078e-005	6.11718e-005	0.000110602	0.0412662	0.0719309	0.564937	0.0825143	0.635294	0.00181503	4.14659e-006	6.35145e-007	2.9682e-006	9.12126e-005	0.00356924	0.397528	0.123667	0.0343163	7.1694e-006	4.89484e-007	8.69708e-012	1.75254e-014	1.4771e-016	6.45043e-016	4.57588e-015	1.12814e-013	7.96324e-016	3.24591e-015	1.36355e-016	8.24702e-020	8.30009e-024	1.25742e-021	3.84612e-020	2.37019e-015	
0	4.31516e-005	0.0155078	0.0325507	0.0782414	0.00231162	1.93694e-008	0.00162173	3.21717e-007	1.55559e-008	2.55736e-008	8.33444e-009	6.3217e-006	0.000173958	8.6038e-005	0.00402893	0.0183351	0.224085	0.259148	0.000289979	8.63145e-006	4.20715e-006	0.000302934	0.000640936	0.0206303	0.068005	0.0012815	5.39271e-007	3.76656e-011	5.83632e-014	1.6941e-016	3.731e-018	6.50855e-019	7.80998e-018	2.04638e-018	1.40644e-019	3.1475e-019	4.18524e-020	2.45591e-021	1.87235e-022	3.21803e-020	1.58031e-019	
0	0	4.07457e-010	0.000317763	0.432647	0.928517	0.0312553	0.143489	0.0241809	4.16384e-007	2.66238e-012	8.02786e-014	3.276e-014	3.85718e-009	8.73225e-009	4.92596e-007	0.000191443	0.240841	0.10463	0.00876552	1.07933e-005	6.7633e-009	3.10945e-009	9.70352e-008	3.29321e-005	0.0899738	0.964859	0.00283801	8.81978e-008	4.45209e-010	4.67962e-015	1.62771e-018	1.19335e-022	2.38143e-025	2.85228e-024	4.61347e-025	1.54256e-026	1.49183e-024	1.93766e-022	1.47447e-024	2.54625e-026	1.48786e-022	
0	0	1.30837e-021	3.40964e-013	1.72257e-008	4.83251e-006	0.0219315	3.25654e-005	7.92116e-005	0.000462707	5.99308e-006	4.59324e-008	4.93157e-010	4.49867e-012	3.56774e-012	8.63977e-012	5.36464e-009	0.000723924	0.328762	0.879619	0.0305095	9.05526e-005	2.07227e-006	5.30411e-008	2.4172e-009	0.000743375	0.0283478	0.99683	0.978245	0.716985	0.99847	0.354264	0.110688	0.000180776	2.72007e-008	1.77671e-010	4.20901e-014	4.20878e-019	4.60399e-023	9.67051e-025	1.07127e-027	1.2253e-028	
0	0	0	2.08915e-020	1.33979e-018	1.42189e-015	5.68815e-007	1.39915e-008	6.77514e-009	4.98457e-007	1.13128e-005	1.26929e-005	1.97667e-007	2.41161e-010	8.48706e-014	9.78072e-016	3.12659e-014	9.16302e-011	5.79781e-006	0.0580433	0.0927001	0.00581188	6.77127e-006	7.52221e-010	6.99111e-012	2.809e-011	4.55062e-009	0.000272344	0.0217544	0.282997	0.00152685	0.645579	0.882055	0.256156	0.0140357	0.00802536	0.000252399	3.8913e-008	1.44743e-011	2.1582e-014	1.3487e-019	2.05933e-021	
0	0	0	2.18881e-039	7.95289e-023	2.39427e-021	4.14947e-017	3.27335e-009	5.7092e-010	2.03505e-009	6.85012e-009	2.08874e-006	1.25662e-006	1.21627e-008	1.09213e-010	1.57207e-013	5.28491e-015	5.32734e-016	2.56576e-014	2.90509e-009	0.00474527	0.00255993	2.67139e-005	9.20489e-009	3.85887e-011	2.07561e-014	3.71214e-017	3.47918e-015	1.09873e-009	1.7254e-005	2.79454e-006	0.00015602	0.00723671	0.743593	0.98547	0.97991	0.996865	0.999657	0.986838	0.650346	0.00834015	0.000316033	
0	0	0	0	1.07472e-023	9.73204e-023	1.29172e-019	2.39511e-010	1.79006e-010	1.94045e-010	1.11124e-010	1.11795e-010	1.90322e-007	4.40108e-007	3.26214e-007	7.09351e-007	8.51659e-008	6.74334e-008	1.43708e-007	7.35706e-009	2.93697e-005	0.000139504	0.00092594	0.000884597	0.00079209	0.000387434	1.87864e-005	7.37047e-008	1.58934e-010	1.15951e-009	1.14289e-007	6.15168e-007	2.024e-005	6.98294e-005	0.000494049	0.0120644	0.00288248	0.00034316	0.0131622	0.349654	0.99166	0.999684	


1	0.99919	0.0212919	0.845868	0.258603	0.123428	0.984172	0.979416	0.999543	0.999891	0.999955	0.99998	0.970302	0.939414	0.324839	0.866976	0.134408	0.00397995	0.000666024	0.000132525	0.00687645	0.0993441	0.196277	0.143185	0.0585069	0.0289676	0.000155729	1.77567e-005	6.28851e-007	4.99459e-010	1.6766e-011	7.39951e-011	6.14715e-010	2.52363e-011	2.11402e-012	9.90103e-013	6.13041e-013	1.32105e-015	2.24186e-016	9.64765e-017	7.29693e-017	5.23423e-017	
0	0.000582043	0.978702	0.0121465	0.00672938	4.55045e-005	1.89694e-007	0.00545189	9.60672e-007	0.000105789	4.15044e-005	1.65935e-005	0.029676	0.0604111	0.674876	0.107293	0.72035	0.000299769	1.92412e-006	3.22224e-008	2.71581e-008	1.25495e-005	0.00324581	0.0789836	0.0164457	0.00661043	1.39198e-005	5.54872e-007	3.05666e-010	4.26045e-015	8.44513e-015	2.48988e-016	1.2374e-014	2.691e-014	1.21087e-016	1.2105e-016	3.30868e-017	1.25688e-019	8.22944e-024	1.59405e-022	5.98759e-019	2.82377e-017	
0	0.000228046	6.50347e-006	0.141985	0.734574	0.875463	0.00259373	0.0150826	0.000421977	1.00092e-006	1.006e-006	1.53862e-006	1.72897e-005	0.0001657	0.00027326	0.0256758	0.145195	0.872282	0.794008	0.146896	0.00171236	1.9645e-005	1.93267e-005	3.2393e-005	0.00319724	0.42153	0.929121	0.539041	0.00309996	4.49396e-006	1.31822e-008	5.14693e-012	1.8145e-015	7.32298e-017	1.98334e-017	7.1772e-019	1.75049e-018	3.2053e-019	3.42802e-020	3.30006e-022	5.65674e-021	3.44272e-020	
0	0	1.01052e-011	5.25746e-009	9.3333e-005	0.00106244	0.0131505	4.61189e-005	3.30572e-005	6.23503e-009	6.29552e-012	2.34695e-012	3.07138e-012	2.59558e-010	9.31762e-010	6.8813e-007	5.99366e-006	0.122436	0.113788	0.00946141	7.88932e-005	3.4566e-009	6.43804e-011	1.42462e-010	7.0738e-010	0.000789418	0.0633994	0.286276	0.00225282	1.19763e-006	3.57107e-008	3.34156e-011	4.08392e-014	1.30447e-021	2.63652e-024	5.73167e-024	3.7524e-025	4.40102e-027	6.2444e-023	2.75418e-024	1.27336e-027	3.02538e-026	
0	0	2.51984e-010	1.08101e-009	2.7821e-007	1.72907e-006	7.45049e-005	1.88772e-006	4.2022e-008	1.27051e-007	7.15299e-010	3.49155e-011	2.70558e-010	1.59592e-009	9.29387e-009	2.89137e-008	1.83489e-005	0.0010005	0.0898263	0.0979172	0.00433245	5.54577e-005	3.08263e-007	9.89905e-010	5.802e-010	0.000229007	0.000265266	0.173114	0.150018	0.000247249	0.000344262	1.09511e-006	1.80092e-008	2.06571e-012	3.81619e-016	5.6151e-019	6.05734e-022	7.98531e-026	2.3128e-025	1.54499e-025	4.20926e-027	1.10267e-025	
0	0	0	7.90755e-013	2.22303e-018	9.18958e-013	9.00393e-006	4.04427e-011	9.09577e-010	6.75263e-010	6.27233e-010	3.63504e-011	1.87402e-015	4.47762e-016	1.60717e-016	1.75002e-013	1.11998e-012	4.94753e-008	0.00170931	0.745588	0.962507	0.0120643	2.1052e-007	6.5124e-014	2.40413e-016	1.07817e-012	3.6784e-009	0.000771331	0.844615	0.999697	0.997623	0.946872	0.812448	0.000112601	8.23698e-008	2.05393e-010	1.52121e-012	1.83864e-018	1.88735e-021	2.42496e-025	9.63347e-031	1.82643e-033	
0	0	0	2.81741e-021	2.18258e-014	1.99139e-015	4.51383e-014	1.21977e-006	3.28874e-007	5.52211e-007	4.56234e-008	1.80604e-008	5.01738e-009	1.23768e-011	5.85701e-014	8.71501e-018	4.5467e-016	6.80375e-017	1.69891e-011	4.8179e-006	0.0215773	0.799675	0.0219755	2.11947e-006	6.19963e-010	1.24588e-013	5.8829e-018	2.0236e-014	1.6653e-007	4.99008e-005	0.00202873	0.052099	0.127438	0.995636	0.982552	0.896611	0.857705	0.998023	0.929309	0.791348	0.243373	0.000274861	
0	0	0	0	4.2023e-016	1.1324e-014	1.77917e-013	1.11928e-008	7.07437e-007	1.53926e-006	2.36567e-006	2.31873e-006	4.79158e-006	9.25785e-006	1.13659e-005	5.41696e-005	2.30561e-005	1.53666e-006	3.78297e-007	8.20092e-008	0.00291528	0.0888293	0.778481	0.777796	0.92185	0.541873	0.00704467	0.000779554	1.3552e-005	2.8377e-008	4.24248e-006	0.00102766	0.0601141	0.00425096	0.0174476	0.103389	0.142295	0.00197653	0.070691	0.208652	0.756627	0.999725	


1	0.958708	0.899545	0.982084	0.335083	0.130453	0.785061	0.75671	0.850002	0.778868	0.780979	0.799631	0.618539	0.180562	0.148849	0.0278935	4.27948e-005	1.9584e-008	1.31155e-009	5.88765e-012	3.97103e-013	7.30403e-015	2.19302e-015	1.17865e-015	1.01338e-015	5.00783e-016	6.54057e-016	9.43426e-014	4.57419e-013	8.86724e-014	3.88375e-012	5.47618e-011	1.51688e-009	1.49909e-008	1.74452e-007	1.31958e-006	4.2497e-006	8.40595e-006	1.53881e-005	1.31783e-005	4.21693e-005	3.04256e-005	
0	0.00737243	0.00294947	0.00450648	0.0213894	0.0229622	0.0980885	0.0140356	0.127795	0.218044	0.217871	0.199365	0.374929	0.744773	0.698379	0.876337	0.168021	0.0186643	0.00102806	9.28528e-007	2.13997e-008	8.50752e-011	6.32811e-013	6.04617e-015	1.13022e-016	9.92709e-019	8.23294e-019	3.2301e-016	1.84046e-015	2.40427e-016	1.01252e-014	1.60187e-013	2.82435e-012	3.77586e-010	1.19139e-008	6.82048e-008	6.22909e-007	2.78107e-006	6.25356e-006	5.33133e-006	4.35112e-007	2.49498e-007	
0	0.0339198	0.0969712	0.0132907	0.643512	0.84643	0.10961	0.229072	0.0218865	0.00262516	0.000917811	0.000267339	0.00592545	0.0508032	0.0886592	0.0189436	0.088804	0.00177054	5.29487e-005	1.0693e-008	2.4136e-011	7.68626e-013	4.14102e-013	2.90539e-014	7.30479e-015	8.76525e-016	6.65237e-016	2.02818e-014	1.64796e-015	3.15881e-017	4.53115e-015	5.50003e-015	1.63427e-013	1.47511e-011	3.48734e-010	2.90803e-009	6.35005e-009	1.37831e-007	1.00073e-007	1.77883e-007	1.26119e-006	6.1205e-007	
0	0	0.000261354	1.48876e-005	1.26296e-005	8.57774e-005	0.00187827	0.000125487	0.000151302	0.000458007	0.000230114	0.000736404	0.000605746	0.0238595	0.0640578	0.0755608	0.737929	0.972035	0.200077	0.00168839	2.34395e-006	8.28823e-011	9.45015e-015	1.50622e-015	1.01485e-017	1.11013e-016	8.95576e-017	1.82354e-015	4.21907e-016	2.88793e-017	9.24703e-018	1.77608e-017	1.27132e-016	9.4973e-016	4.15914e-014	6.61167e-012	6.11813e-011	4.27335e-011	5.70605e-011	1.1548e-009	1.27083e-008	6.39768e-008	
0	0	0.000272538	9.46695e-005	3.46388e-006	6.82127e-005	0.00535546	5.4745e-005	0.000161275	1.10699e-006	1.16852e-006	7.69014e-007	8.97685e-007	2.58483e-006	5.53958e-005	0.00126517	0.00520359	0.00749776	0.715653	0.399895	0.0101026	8.87348e-006	1.5651e-008	4.41374e-010	4.27424e-012	4.05424e-012	3.71133e-012	7.09403e-011	4.70145e-011	5.65073e-010	5.79838e-010	3.09069e-011	8.92387e-013	6.77239e-015	1.86017e-014	2.23368e-013	4.80248e-012	3.94891e-013	1.42792e-011	4.38827e-012	2.72954e-010	2.67486e-008	
0	0	0	9.39273e-006	1.26956e-008	9.83035e-009	6.11878e-006	2.46279e-006	2.07074e-006	2.46039e-006	1.5508e-007	1.1607e-008	2.72316e-010	8.58216e-012	2.24179e-010	4.52083e-008	2.01342e-007	2.6452e-005	0.0827816	0.528012	0.166202	0.0010175	6.29855e-006	1.95677e-009	1.19546e-012	5.48385e-014	1.76085e-014	5.02955e-012	5.45647e-010	1.31699e-009	2.34557e-007	6.30751e-008	9.62367e-008	2.95592e-008	4.60939e-008	6.25684e-009	2.59265e-009	3.82048e-010	9.45737e-010	3.55697e-011	7.5195e-013	1.12717e-013	
0	0	0	3.15002e-010	3.90506e-010	8.50481e-013	6.72239e-010	9.8858e-010	1.02675e-008	3.6522e-008	1.83428e-009	1.38353e-010	1.94431e-012	1.01766e-012	1.00246e-012	3.10332e-011	1.08638e-008	5.49166e-006	0.000405565	0.059006	0.067752	0.000609739	8.63779e-007	1.09331e-009	6.46723e-013	1.50311e-014	3.79882e-015	2.3219e-015	1.77294e-013	1.3671e-012	1.04077e-010	9.61325e-011	5.09817e-011	6.57597e-011	9.43509e-012	5.97872e-011	3.45936e-012	2.71637e-012	1.04223e-012	9.18522e-012	5.80343e-014	1.52065e-016	
0	0	0	0	5.46466e-008	4.77862e-009	4.12945e-008	6.54801e-008	1.94033e-006	8.4166e-007	1.04396e-007	1.99088e-008	6.00259e-010	2.3454e-012	1.34786e-014	5.42866e-014	1.08119e-012	2.72102e-011	2.77461e-006	0.011398	0.755941	0.998364	0.999993	1	1	1	1	1	1	1	1	1	1	1	1	0.999999	0.999995	0.999989	0.999978	0.999981	0.999956	0.999969	


1	0.955007	0.974292	0.782325	0.956305	0.982457	0.523528	0.9397	0.633143	0.539525	0.217214	0.0440307	0.0100193	0.00451511	0.0198015	0.0672232	0.0185796	0.0569435	0.229158	0.145526	0.00897837	0.000872578	8.8769e-005	6.41852e-005	0.000136776	4.77411e-005	1.64401e-005	1.23615e-005	3.39113e-005	3.53397e-005	3.17594e-005	0.000138671	0.000589853	0.00285271	0.00212777	0.00140724	0.000364093	0.000420688	3.56239e-005	1.14888e-005	3.969e-005	0.00265181	
0	0.00833153	0.0249183	0.130177	0.0409927	0.0121295	0.00345364	0.0201782	0.00925123	0.00934041	0.000565883	7.68527e-005	6.84024e-006	8.1838e-006	5.08902e-005	0.000274485	0.000261297	0.00053566	0.0193	0.0419916	0.0101571	0.00188799	8.05281e-005	0.000154801	0.000593605	0.000744353	0.000149668	6.62079e-006	1.83771e-006	1.03519e-005	1.00177e-006	2.81627e-006	7.08029e-006	1.17272e-005	1.49153e-005	4.57382e-006	4.26455e-006	2.74754e-006	8.83666e-008	4.58645e-008	2.65797e-006	0.000857123	
0	0.0366611	0.000721502	0.0837025	0.00231278	0.00485789	0.428258	0.0308047	0.267408	0.378325	0.659437	0.309945	0.00625383	6.65731e-005	2.31527e-005	0.000290982	2.15735e-005	0.000764783	0.0880962	0.548612	0.724188	0.0842395	0.000672489	5.37583e-006	4.54008e-006	3.37863e-006	1.60661e-006	1.7758e-006	2.42741e-005	0.000302804	0.000543144	0.0116883	0.143292	0.572484	0.877357	0.952442	0.97343	0.783621	0.18308	0.066823	0.0860037	0.0608807	
0	0	9.67188e-007	0.00379043	0.00019181	0.000540438	0.0447275	0.00633579	0.0898247	0.0515081	0.0646621	0.196059	0.00124027	1.86043e-005	8.74021e-009	3.91989e-008	7.35021e-010	6.9223e-007	0.00210826	0.0848653	0.250133	0.389781	0.00504157	8.31485e-007	4.9032e-009	2.97912e-009	1.95646e-008	6.44274e-009	6.44191e-007	6.00309e-006	1.91046e-005	0.000411615	0.00382875	0.00851784	0.0283825	0.02415	0.0218397	0.181962	0.816363	0.927068	0.845281	0.00247887	
0	0	6.71057e-005	4.07453e-006	0.000192191	1.20303e-005	3.25802e-005	0.00290843	0.00036673	0.0212907	0.0580957	0.449804	0.980254	0.973427	0.805548	0.129445	0.000703909	4.51258e-005	2.031e-005	0.00793931	0.0033181	0.523052	0.980325	0.731323	0.150643	0.00134318	4.35166e-006	4.39942e-008	3.57539e-008	1.04228e-007	5.86609e-006	1.72741e-005	0.000683902	0.0142682	0.011905	0.011727	0.00368649	0.0338514	0.000514321	0.00605154	0.0633681	0.558102	
0	0	0	4.97948e-007	5.46651e-006	2.56842e-006	9.68126e-009	7.23493e-005	4.17106e-006	1.0178e-005	2.45909e-005	8.41216e-005	0.00222248	0.0216328	0.114007	0.103626	0.00619767	0.00759283	0.00205057	0.000439765	1.22412e-005	8.92123e-005	0.013783	0.261131	0.29287	0.187862	0.461898	0.0937571	0.245183	0.60889	0.897109	0.446333	0.148451	0.0154203	4.67881e-005	6.68507e-006	7.05749e-006	1.71012e-005	4.68838e-006	4.5345e-005	0.00530059	0.0734032	
0	0	0	9.23256e-018	4.94442e-014	1.37451e-014	2.20141e-015	8.90322e-013	9.78795e-013	4.16312e-011	1.01765e-009	7.02899e-009	1.01413e-007	3.02519e-005	0.0221458	1.50331e-005	0.683217	0.0122213	1.27673e-008	1.336e-008	3.22338e-015	2.63685e-013	5.77068e-012	3.83315e-008	4.42842e-007	2.85593e-005	4.22573e-005	0.000494082	9.85504e-007	1.18443e-005	8.68041e-006	2.29722e-006	6.78662e-006	1.13712e-006	2.4797e-010	1.2266e-010	4.88028e-013	4.34618e-012	1.1999e-015	3.57971e-015	3.59343e-011	3.79448e-005	
0	0	0	0	8.4321e-008	5.58322e-007	8.93471e-008	3.48282e-008	2.87291e-006	4.48811e-007	4.20835e-007	5.34985e-007	2.97955e-006	0.000301366	0.0384229	0.699125	0.291019	0.921896	0.659267	0.170626	0.00321334	7.82369e-005	8.21075e-006	0.00732055	0.555752	0.809971	0.537888	0.905728	0.754755	0.390744	0.102281	0.541406	0.703141	0.386445	0.0801664	0.0102626	0.000667972	0.000124944	2.44346e-006	1.57501e-007	4.26715e-006	0.301589	


1	0.707348	0.352003	0.0379122	0.244318	0.298863	0.134583	0.111853	0.227798	0.0850229	0.0459848	0.0103188	0.00121792	3.61049e-005	2.84237e-006	2.84148e-007	3.45924e-008	5.8677e-009	6.98512e-009	1.62738e-008	3.00013e-008	1.0756e-008	8.79581e-010	2.30192e-011	3.59566e-012	2.28207e-013	1.8669e-014	7.64248e-016	1.83834e-016	1.05237e-016	3.17032e-018	5.35564e-019	6.56484e-020	2.1942e-020	6.41129e-021	1.6657e-021	1.39251e-022	3.88357e-023	2.83804e-023	7.4627e-024	4.38219e-025	1.87684e-025	
0	0.249665	0.542681	0.0266787	0.164297	0.470088	0.792827	0.777467	0.72428	0.789536	0.597963	0.12265	0.00628363	0.000546043	4.55308e-005	3.67141e-006	2.14618e-007	2.2348e-008	4.67746e-008	1.35224e-007	1.62744e-007	1.02573e-008	2.27587e-010	1.22011e-011	5.3108e-012	5.36247e-013	6.48957e-013	1.6596e-013	2.55458e-014	1.48825e-014	1.89163e-015	5.09347e-016	6.87694e-017	3.51421e-018	3.41497e-019	2.71652e-020	7.00753e-022	3.77102e-023	2.01615e-023	4.79066e-024	9.54377e-025	6.48862e-025	
0	0.0429864	0.104435	0.267258	0.301347	0.0369414	0.00767786	0.02781	0.0064411	0.0540886	0.00648724	0.000833405	0.00341212	6.38793e-005	7.69567e-006	5.14962e-007	2.64942e-008	2.10875e-007	1.06806e-006	1.76368e-006	2.67509e-005	5.02086e-005	9.38982e-005	6.43693e-005	9.99599e-005	4.69001e-006	1.7163e-007	2.58309e-009	1.78701e-011	5.49178e-015	9.22117e-018	1.50035e-019	1.46773e-019	5.23721e-019	8.41076e-021	1.92837e-021	4.971e-023	3.34845e-024	6.70006e-025	2.75946e-024	2.47731e-026	7.80793e-026	
0	0	0.000875889	0.668104	0.088172	0.0183728	0.00285795	0.0383004	0.0238949	0.00240186	0.000567693	0.0002409	7.71809e-006	7.54431e-007	1.35365e-008	3.12209e-009	3.97669e-011	4.98642e-009	2.94275e-006	0.000482308	0.0754872	0.917999	0.98771	0.996987	0.581812	0.902166	0.8107	0.00149908	1.46286e-005	9.03234e-007	9.90577e-010	2.94735e-012	4.76098e-015	1.70509e-018	9.80403e-022	2.66522e-023	2.0534e-024	9.8349e-026	6.35612e-025	2.19573e-025	2.34004e-026	2.45844e-026	
0	0	5.45257e-006	4.6893e-005	0.200985	0.141284	0.0587984	0.0160845	0.00625044	0.0260888	0.0385128	0.00840786	0.000251501	3.95007e-005	1.62403e-006	5.12234e-009	2.12616e-010	9.71047e-011	3.48535e-009	2.9626e-006	0.000117651	0.00706078	0.0107907	0.00256405	0.418054	0.031587	0.0844517	0.215295	0.0819906	0.000645638	4.33236e-005	2.39487e-006	1.06729e-007	6.84251e-009	9.83818e-010	5.42658e-011	9.59707e-013	3.82638e-013	1.86332e-013	1.70336e-014	3.1803e-016	3.74419e-017	
0	0	0	3.15942e-008	0.000879971	0.0342129	0.000853385	0.0259801	0.00809294	0.00047417	0.000196705	0.00045054	4.23129e-005	1.51549e-006	1.00619e-006	1.44521e-007	5.91325e-009	5.24263e-011	3.89987e-011	2.05273e-009	1.84239e-007	1.2219e-006	2.89646e-005	0.000349695	2.84284e-005	0.0662062	0.10263	0.0119442	0.0164418	0.245071	0.00897802	0.00742977	0.00123871	4.06473e-005	3.51962e-007	3.77573e-009	2.12835e-011	1.20515e-013	5.9713e-015	1.40016e-015	2.03529e-015	1.07275e-014	
0	0	0	6.70704e-013	1.46086e-007	0.000139402	0.000101557	0.000145959	4.49604e-005	0.00280568	0.00498838	0.00434125	0.00108101	0.00133304	0.0132807	0.00100182	0.00990358	0.000704934	5.71894e-006	7.82252e-008	1.18796e-011	3.0123e-010	2.91802e-009	7.38106e-009	3.98728e-007	3.59702e-005	0.00189137	0.765098	0.564456	0.106556	0.451602	0.0959641	0.0781262	0.0390045	0.00625261	0.000441444	8.117e-007	2.62201e-008	4.03294e-011	1.19043e-014	1.12399e-016	9.86245e-017	
0	0	0	0	1.2756e-008	9.75719e-005	0.00230021	0.00235929	0.00319745	0.0395824	0.305299	0.852757	0.987704	0.997979	0.986661	0.998994	0.990096	0.999295	0.99999	0.999513	0.924368	0.0748889	0.00137668	3.51948e-005	4.76131e-006	1.17841e-007	0.000327003	0.00616348	0.337097	0.647726	0.539377	0.896604	0.920635	0.960955	0.993747	0.999559	0.999999	1	1	1	1	1	


1	0.939039	0.63967	0.23497	0.0459308	0.0459331	0.477328	0.120726	0.469626	0.238831	0.0275511	0.0013224	0.000741505	7.96261e-005	6.02646e-006	6.80703e-007	7.76237e-008	8.39227e-008	1.39139e-007	7.17167e-008	4.82392e-008	2.68813e-008	2.67769e-007	4.19533e-007	7.01878e-007	1.11837e-006	8.94e-007	9.05865e-008	3.70341e-008	1.34913e-008	1.55933e-009	3.87408e-010	7.68413e-011	1.30461e-011	2.22264e-012	3.86433e-013	1.34059e-013	4.12257e-014	5.21426e-014	4.02635e-014	5.45197e-015	6.9065e-016	
0	0.0504543	0.259793	0.754563	0.94731	0.944537	0.246858	0.810069	0.229608	0.0246805	0.000122751	1.16897e-005	3.13023e-005	2.58321e-005	2.98493e-006	4.0439e-007	8.23546e-008	4.76554e-007	1.95713e-006	1.90293e-007	3.39649e-008	1.81134e-008	8.04888e-007	2.17688e-005	0.000114909	0.000646604	0.00209606	5.32141e-005	2.98348e-007	1.39006e-009	1.03838e-011	2.45952e-012	5.06562e-013	1.72396e-013	1.38114e-014	3.44351e-015	1.02685e-015	9.79163e-016	2.00359e-015	6.8011e-015	2.51215e-015	9.488e-016	
0	0.0105067	0.0687036	0.00524067	0.00444337	0.00236437	0.0655168	0.0342613	0.00194247	0.016645	0.00231554	0.000151494	0.000434977	0.000458503	0.000667963	3.63362e-005	1.18832e-005	7.45847e-006	2.2218e-006	5.34349e-008	2.21921e-010	2.3452e-010	5.85391e-009	1.65053e-007	4.64056e-006	1.80715e-005	1.82545e-005	0.000438211	5.0867e-005	4.38281e-008	3.09978e-009	1.03474e-010	9.18445e-012	1.08844e-012	7.64752e-014	1.52317e-014	6.70817e-016	1.71848e-016	3.71976e-017	1.28996e-016	1.05251e-016	1.77751e-017	
0	0	0.0318301	0.000232569	0.00202986	0.00445161	0.000456688	0.000750684	0.000199271	7.49555e-006	1.10632e-005	3.15803e-007	1.60957e-006	0.000135824	0.000154117	0.000221111	0.00241105	0.00384451	0.000727004	1.46383e-006	3.0553e-010	2.84401e-013	8.97171e-011	6.45617e-009	9.7448e-007	1.15542e-005	5.7029e-005	0.000239249	4.30341e-006	1.71522e-008	4.90352e-011	2.49676e-012	2.82764e-014	1.65048e-015	4.9122e-016	1.30331e-017	8.83186e-018	2.53973e-019	6.04703e-020	1.18781e-020	5.27849e-019	1.9758e-017	
0	0	2.39628e-006	0.00495533	0.000260935	0.00268078	0.142915	0.0126495	0.213754	0.0972634	0.0215477	0.00224745	8.5749e-005	4.86312e-006	2.03698e-007	2.81648e-006	1.23135e-005	0.0268831	0.183661	0.200448	0.106432	0.0121258	0.00289424	2.11493e-005	1.54128e-006	2.23975e-007	1.59407e-006	4.46097e-006	0.000117899	0.000101055	2.22766e-005	1.31638e-005	1.14477e-006	2.83315e-008	4.01822e-009	1.40321e-010	3.64632e-011	2.80765e-011	8.37513e-010	9.54452e-010	3.64556e-011	1.67756e-013	
0	0	0	3.88034e-005	1.23263e-005	8.80773e-006	0.0666689	0.0118494	0.03873	0.489413	0.857371	0.917973	0.0398726	0.0150718	1.95538e-005	4.52853e-008	3.2887e-008	1.46654e-006	0.00125253	0.689195	0.862136	0.936351	0.107116	0.000211806	8.1875e-007	1.41438e-008	5.54571e-008	2.17724e-008	4.74897e-006	0.00335271	0.000343495	0.00117299	0.000305991	8.88489e-006	5.5422e-007	2.40465e-008	8.46313e-009	6.60188e-009	5.19345e-009	3.98472e-009	1.19238e-008	8.96589e-010	
0	0	0	6.46614e-011	1.17926e-005	1.58738e-005	0.000129677	0.00762965	0.0360114	0.0498434	0.0308002	0.0506129	0.560881	0.0341167	0.00626324	0.000410772	4.44142e-005	9.54172e-008	2.27265e-006	8.81665e-005	0.0047876	0.0315931	0.297142	0.0435559	0.0012601	8.20459e-005	5.3137e-006	1.91958e-008	1.14597e-008	4.88975e-005	0.000301749	0.000241283	0.000336496	0.000335206	0.000141916	6.94457e-005	3.66139e-005	2.71388e-005	3.4072e-006	6.19953e-007	1.89672e-006	1.54544e-006	
0	0	0	0	5.55733e-007	8.04125e-006	0.000126068	0.00206367	0.0101296	0.0833166	0.0602804	0.0276812	0.397951	0.950107	0.992886	0.999328	0.99752	0.969263	0.814352	0.110267	0.0266445	0.0199299	0.592846	0.956189	0.998616	0.99924	0.997821	0.999265	0.999822	0.996497	0.999332	0.998573	0.999356	0.999656	0.999858	0.999931	0.999963	0.999973	0.999997	0.999999	0.999998	0.999998	


1	0.932796	0.55783	0.8588	0.951826	0.93334	0.807688	0.933859	0.757144	0.645952	0.384543	0.207179	0.193278	0.145443	0.191868	0.117943	0.0244572	0.000840875	0.000236338	3.25414e-005	0.000108516	0.000645924	0.00148407	0.00827338	0.0140609	0.00338955	4.35273e-005	2.03626e-007	3.22905e-009	5.65605e-011	7.66565e-013	3.01242e-013	2.07572e-014	2.9677e-016	7.55805e-018	1.44252e-019	3.37855e-021	1.40889e-021	2.22408e-021	2.14273e-021	5.63681e-021	1.26334e-020	
0	0.0665713	0.437321	0.14087	0.045454	0.0663181	0.19212	0.0647988	0.2427	0.353427	0.615121	0.792592	0.737301	0.833314	0.535117	0.781806	0.334896	0.0025876	0.000124215	1.05477e-005	3.44574e-005	0.000107972	0.000102149	0.000588814	8.42089e-005	0.000161309	1.46476e-006	4.19409e-008	5.1641e-009	1.11818e-008	5.25346e-010	1.42371e-009	4.2569e-010	1.96185e-011	1.11299e-012	5.36932e-014	1.10896e-014	2.51057e-015	6.32517e-016	2.9854e-016	4.05231e-015	3.24113e-014	
0	0.000632926	0.00482647	0.000229652	0.00271203	0.000284165	2.22235e-005	0.00133797	6.38493e-005	0.000596072	5.48059e-005	5.32537e-005	0.0692508	0.00648033	0.263749	0.00782527	0.0339248	0.00116991	2.7306e-005	3.76956e-008	3.01385e-008	6.14063e-007	0.000137708	0.00442428	0.198884	0.252557	0.31654	0.0150477	2.35921e-005	5.05063e-009	2.0052e-010	5.72516e-014	7.26113e-013	5.02334e-013	1.64383e-015	2.44503e-016	4.85948e-019	5.94473e-018	3.31947e-019	9.96564e-020	8.15746e-019	3.96931e-016	
0	0	2.21321e-005	7.80694e-005	6.96566e-006	5.30959e-005	0.000131767	3.02393e-006	7.68898e-005	1.6975e-005	0.00027076	0.00016138	0.000118295	0.0139906	0.00809148	0.0911278	0.601964	0.941521	0.54958	0.437646	0.131286	0.0213445	0.000757443	9.47773e-005	2.89213e-005	0.0137472	0.00258784	0.00534756	0.00485987	0.00527604	0.00120467	0.00132217	7.46663e-005	1.11817e-006	1.6861e-008	2.73473e-010	1.43251e-011	9.6044e-013	2.11401e-013	7.31319e-014	8.24832e-015	1.41328e-015	
0	0	8.9977e-007	2.11981e-005	6.01976e-007	4.36495e-006	3.7882e-005	9.23787e-007	1.54405e-005	7.85183e-006	9.65367e-006	1.18864e-005	4.50203e-005	0.000770254	0.00113414	0.000308958	0.00288173	0.0505248	0.396484	0.156621	0.121921	0.0860841	0.0418357	0.0140116	0.0584111	0.0572118	0.026741	0.0358514	0.0262683	0.00284275	0.0058684	0.000362623	4.07802e-005	3.0318e-006	1.34857e-007	7.96691e-009	6.04348e-011	8.4865e-012	1.987e-012	8.76544e-014	3.64774e-015	1.93829e-016	
0	0	0	1.22858e-007	4.94169e-007	6.37941e-008	7.13583e-008	3.60791e-007	7.65862e-008	4.00415e-008	1.15776e-007	1.40769e-006	3.2483e-007	1.21052e-007	3.4398e-005	0.000987851	0.00181411	0.00329919	0.053101	0.403595	0.687798	0.152451	0.00905478	0.0176721	4.3414e-005	0.0154073	0.00048233	3.0585e-005	0.00252971	0.717762	0.0448773	0.10563	0.00331375	4.21903e-006	4.64031e-009	1.51538e-011	2.59048e-011	1.30149e-013	1.68261e-013	3.76174e-014	3.61149e-014	5.67024e-014	
0	0	0	9.9006e-011	1.73259e-009	2.07581e-009	1.11139e-008	2.85159e-009	5.30564e-009	3.06833e-008	7.53708e-009	1.18196e-008	6.14898e-007	1.26076e-007	3.96471e-006	4.21623e-007	5.87688e-005	5.5897e-005	0.000439013	0.00187554	0.0114331	0.0503419	0.0711967	0.0830365	0.586595	0.64969	0.653533	0.942709	0.934938	0.113567	0.919322	0.117903	0.0422226	0.00471642	0.000107458	5.89765e-006	2.35348e-008	2.39941e-009	1.47387e-010	4.83422e-012	2.86783e-013	1.83098e-014	
0	0	0	0	5.12132e-011	4.07645e-010	1.54091e-008	5.84323e-010	5.60347e-009	1.58397e-008	1.0135e-007	9.89794e-007	5.84432e-006	1.76451e-006	1.6664e-006	7.44039e-007	4.24127e-006	3.45875e-007	8.45152e-006	0.000218816	0.0474184	0.689023	0.875431	0.871899	0.141893	0.00783542	7.07558e-005	0.00101367	0.0313806	0.160553	0.0287277	0.774782	0.954348	0.995275	0.999892	0.999994	1	1	1	1	1	1	


1	0.8592	0.134595	0.957389	0.563826	0.647056	0.955451	0.562869	0.982623	0.803033	0.530449	0.577386	0.131832	0.00275647	8.93516e-005	3.70518e-005	8.58775e-009	7.06103e-012	6.15058e-013	1.10952e-014	4.90104e-015	5.97133e-016	5.78989e-016	1.18251e-016	3.07984e-016	7.79221e-018	1.42286e-020	4.47409e-024	1.19014e-027	1.4022e-030	1.97371e-034	1.39109e-035	2.3369e-037	5.04868e-039	2.89972e-040	1.00366e-041	2.28617e-042	4.85368e-043	1.96393e-043	4.49643e-044	4.06286e-044	1.9814e-044	
0	0.140772	0.865396	0.0425581	0.43541	0.351985	0.0438961	0.437043	0.0173254	0.196933	0.469316	0.422145	0.867423	0.984999	0.99788	0.981305	0.00305024	5.72282e-007	5.50264e-010	1.99043e-014	4.35865e-018	3.99665e-019	1.39361e-018	9.72993e-019	1.00465e-017	2.05316e-019	1.39211e-021	2.93001e-023	5.62519e-027	7.20368e-032	2.09353e-034	2.87782e-036	2.26268e-038	5.08414e-040	6.72795e-041	3.37664e-042	2.95943e-043	1.39619e-043	7.56798e-045	1.17848e-045	1.52777e-044	5.03599e-045	
0	2.86493e-005	8.71474e-006	2.02333e-005	0.000763204	0.000958356	0.000634884	8.74272e-005	4.45759e-005	3.39089e-005	0.000232079	0.000435458	0.000735804	0.0122441	0.00203046	0.0186495	0.996944	0.59182	0.000102454	1.81023e-010	1.24717e-016	9.37603e-023	8.98294e-023	1.16316e-023	1.35999e-020	8.53847e-023	1.11398e-023	1.80966e-024	1.24162e-029	1.33357e-033	2.48862e-038	3.58355e-040	1.27587e-042	4.05427e-043	6.02151e-044	2.07911e-045	2.77418e-046	5.26828e-046	3.41814e-047	2.2798e-049	5.2914e-050	1.18895e-047	
0	0	5.78475e-009	3.29656e-005	1.71262e-008	4.97392e-007	1.83988e-005	4.27465e-008	6.29192e-006	8.61301e-008	1.6618e-006	3.04392e-006	8.87409e-008	5.975e-008	4.33598e-008	8.82973e-006	6.09158e-006	0.408179	0.977572	0.458635	0.0985454	6.3567e-005	1.68121e-008	9.27544e-013	4.25221e-016	2.1471e-019	1.58893e-023	5.03654e-028	1.49388e-028	2.53128e-031	4.90083e-036	2.48568e-039	1.05813e-043	1.31992e-046	1.18178e-047	1.06385e-048	5.54814e-048	4.46896e-050	1.42532e-048	4.1905e-050	6.26967e-052	2.35319e-051	
0	0	2.32026e-014	1.96142e-009	8.4357e-007	7.2847e-008	6.18776e-009	4.19094e-007	3.40139e-007	4.04057e-009	2.28697e-011	3.58931e-009	6.82072e-010	1.38763e-012	6.05001e-013	2.49017e-011	5.55538e-011	4.80805e-010	0.0223183	0.5413	0.901311	0.999815	0.999331	0.999807	0.9453	0.825869	0.022752	7.89375e-008	1.28499e-012	2.13368e-014	4.29162e-020	3.02415e-023	2.24782e-027	7.81975e-032	7.06467e-036	5.30141e-040	2.73408e-043	2.64113e-046	2.21878e-048	1.72303e-050	1.77227e-051	1.15143e-051	
0	0	0	7.94981e-015	2.53391e-012	9.13796e-011	6.82555e-011	4.09686e-012	3.7595e-010	5.58881e-011	3.23143e-012	2.77921e-012	2.44033e-013	6.56037e-016	4.86643e-016	8.24239e-015	1.1692e-015	3.96511e-013	6.85781e-006	6.28006e-005	7.95397e-005	2.68886e-006	0.000564398	0.00018755	0.0544208	0.174129	0.977246	0.997667	0.992975	0.994784	0.993048	0.631175	0.0416377	4.17743e-006	1.37133e-010	1.80607e-015	1.67829e-019	1.05365e-023	2.27658e-026	2.44839e-030	1.22418e-033	2.09905e-037	
0	0	0	2.95563e-018	2.3075e-015	5.72895e-012	1.57177e-008	1.61851e-012	8.74518e-010	7.72884e-008	1.01068e-006	2.99442e-005	4.96194e-006	9.51859e-009	7.42822e-012	1.11379e-014	3.07683e-017	1.09521e-017	6.47183e-015	1.77483e-006	6.37381e-005	0.000116478	9.21362e-005	1.32976e-006	0.000275552	1.63805e-006	1.86471e-006	0.00233295	0.00702418	0.00521144	0.00695217	0.368667	0.958004	0.990803	0.975153	0.982799	0.694206	0.319565	0.0143416	0.000255435	1.31251e-006	2.70502e-009	
0	0	0	0	1.59697e-017	4.60487e-015	1.84634e-012	2.15839e-009	3.91486e-009	4.49512e-009	1.8752e-008	4.54059e-007	3.94798e-006	1.39515e-007	2.56955e-009	6.28297e-010	1.50514e-013	1.24447e-016	2.06962e-017	1.62242e-010	2.87022e-007	2.69604e-006	1.27318e-005	3.76948e-006	4.11444e-006	1.04088e-006	1.26103e-007	1.30061e-007	5.10821e-007	4.37124e-006	1.2035e-007	0.000157707	0.000358513	0.00919237	0.0248467	0.0172007	0.305794	0.680435	0.985658	0.999745	0.999999	1	


1	0.764203	0.550203	0.961171	0.919863	0.955031	0.551635	0.489682	0.870875	0.182482	0.00420959	0.000156417	7.72022e-006	5.30925e-007	9.82911e-009	5.83336e-010	1.30123e-012	3.49549e-016	5.14663e-018	1.05877e-019	1.58399e-018	6.56263e-017	4.34664e-016	8.1611e-016	2.05988e-015	2.48375e-017	1.31991e-019	1.1827e-022	8.95348e-026	6.9215e-028	1.66845e-031	3.1741e-033	1.20981e-034	5.02732e-035	5.16572e-035	2.55057e-035	1.4909e-035	3.78387e-035	2.95768e-034	5.32994e-034	7.01949e-033	5.09339e-032	
0	0.235379	0.391316	0.0387894	0.0454978	0.0331682	0.448326	0.491607	0.128419	0.81707	0.9932	0.998638	0.937803	0.941838	0.319068	0.0327654	0.000153086	3.27345e-008	5.55328e-011	5.64731e-014	1.17599e-014	1.94016e-014	3.29592e-015	1.99894e-016	1.47753e-016	9.22576e-019	2.34833e-021	2.61605e-021	1.82262e-023	1.53032e-026	1.23418e-028	1.9835e-029	1.04502e-029	3.48803e-029	5.20346e-028	3.4178e-027	4.86706e-027	2.77065e-026	2.59753e-025	3.65083e-025	2.17784e-024	3.07205e-024	
0	0.00041874	0.0584809	3.45092e-005	0.0346389	0.011801	3.87832e-005	0.018711	0.000706826	0.000447329	0.00259062	0.00120572	0.0621891	0.0574543	0.680814	0.956547	0.935084	0.00187065	7.11896e-008	3.51201e-012	8.51845e-016	4.08402e-017	3.6533e-017	3.88951e-017	3.47897e-018	1.31374e-019	2.8648e-022	7.43584e-024	4.98248e-026	5.42849e-029	6.02368e-031	9.61595e-033	6.85515e-033	4.53872e-032	2.61456e-031	1.50297e-030	4.17286e-030	3.54835e-029	1.26969e-028	9.48906e-028	1.15793e-026	6.73134e-026	
0	0	2.76505e-009	1.17055e-006	2.99254e-011	1.72516e-007	9.30006e-008	2.46083e-011	1.37836e-008	1.09779e-006	2.22722e-009	1.48167e-007	1.30144e-007	0.000706731	0.000118197	0.010686	0.0647116	0.982561	0.0919346	0.00012412	2.98796e-006	1.62727e-009	5.7071e-014	1.97375e-018	1.3233e-022	5.71584e-023	1.39663e-023	2.08805e-025	7.17056e-029	7.11874e-031	3.95913e-034	5.17824e-037	3.22456e-038	6.53163e-038	4.84136e-037	1.1649e-035	5.78148e-035	1.50574e-035	1.81508e-033	1.15635e-032	3.23429e-032	4.23534e-031	
0	0	3.51396e-009	3.82783e-006	1.21105e-010	1.10863e-009	7.35662e-010	4.93999e-011	4.46269e-009	1.4909e-009	7.0815e-011	8.54605e-010	3.2954e-010	1.41913e-007	2.48392e-008	1.64727e-006	5.153e-005	0.0155686	0.908028	0.771979	0.837356	0.149733	0.000669245	7.54689e-006	8.31868e-009	1.05104e-010	9.94475e-014	1.8387e-017	2.21884e-021	2.6823e-025	1.21728e-030	1.37374e-036	1.49259e-040	5.22316e-040	1.98469e-039	3.26139e-038	5.40468e-037	1.5251e-036	7.42329e-035	5.17814e-034	7.50489e-032	9.79727e-031	
0	0	0	1.5451e-011	7.57978e-008	5.5603e-010	9.81897e-014	1.59027e-011	3.96483e-013	2.58623e-015	2.82261e-015	7.48839e-016	1.0118e-014	1.01606e-015	1.54188e-012	1.54624e-012	3.8424e-011	6.48586e-010	3.70788e-005	0.227897	0.148829	0.728046	0.129191	0.267639	0.136592	0.661668	0.127953	1.12867e-005	1.73025e-009	3.50899e-010	9.75287e-015	1.26626e-018	4.19112e-023	7.26831e-028	3.42729e-032	3.25507e-037	5.82809e-042	2.11706e-041	5.35384e-039	1.35686e-038	1.49831e-035	1.57566e-033	
0	0	0	2.62783e-020	1.84171e-016	2.34633e-012	1.51055e-013	3.02272e-017	8.95263e-015	5.05213e-016	1.11031e-018	2.48631e-018	1.94766e-019	2.41306e-018	2.9842e-018	1.18097e-016	4.6874e-018	2.58823e-017	2.4646e-013	8.42978e-008	0.00674231	0.0490445	0.675746	0.28742	0.433782	0.33284	0.871398	0.996166	0.993606	0.993611	0.998459	0.929595	0.846523	0.00868036	1.1524e-005	1.37119e-008	2.34965e-012	1.0609e-015	1.94173e-018	2.50805e-021	1.48406e-023	1.42486e-025	
0	0	0	0	3.62383e-015	2.77756e-011	3.1733e-012	3.90742e-014	2.71401e-014	9.38188e-015	3.43495e-016	3.37094e-017	3.68795e-018	4.38972e-018	3.89867e-019	5.0842e-016	8.42804e-017	7.2311e-017	2.45559e-014	5.19519e-009	0.0070696	0.0731769	0.194394	0.444933	0.429625	0.00549222	0.000649115	0.00382234	0.00639392	0.00638863	0.0015405	0.0704048	0.153477	0.99132	0.999988	1	1	1	1	1	1	1	


1	0.448456	0.749118	0.41289	0.0350752	0.000279684	2.13663e-005	1.14944e-006	4.33224e-008	2.69362e-007	6.82012e-008	4.71309e-011	8.35322e-013	9.28126e-015	7.88148e-018	3.10467e-021	6.42548e-025	7.87419e-027	4.5055e-030	5.21608e-034	2.79269e-038	2.11059e-040	1.01352e-041	3.30982e-041	1.2075e-041	1.50577e-043	3.93966e-046	4.18012e-049	5.07349e-052	1.01894e-054	7.10886e-058	7.64458e-060	3.18762e-061	1.4852e-061	1.42419e-061	1.80213e-061	3.95502e-061	6.84057e-061	6.39842e-061	1.88078e-060	1.7002e-059	3.60215e-058	
0	0.010595	0.0126849	0.244516	0.0559455	0.002997	8.36411e-005	5.09536e-006	1.55956e-007	2.35832e-008	9.96586e-011	2.59904e-014	6.56896e-016	3.42122e-017	2.77408e-020	1.53902e-023	3.12851e-027	1.22787e-027	3.76016e-030	2.33775e-034	1.58208e-038	6.74435e-041	1.19644e-040	3.29586e-039	5.59398e-038	1.97769e-038	2.33402e-039	4.10236e-042	7.77578e-046	1.40268e-049	1.22928e-053	7.69274e-057	2.07933e-059	3.77367e-061	3.24166e-062	2.52848e-063	1.93785e-063	1.27061e-062	1.49835e-061	2.22682e-061	3.03071e-061	2.65811e-059	
0	0.540949	0.0284782	0.318939	0.899797	0.996044	0.997976	0.996245	0.999517	0.88529	0.115116	3.81153e-005	4.63789e-008	1.35476e-010	5.99885e-015	2.79116e-019	1.6502e-024	6.78306e-027	5.27463e-030	2.73195e-034	4.00255e-039	7.79877e-042	3.77522e-043	4.74643e-043	3.56111e-041	3.43459e-041	3.28804e-041	3.71133e-043	6.55018e-045	4.58916e-047	9.31659e-050	5.30241e-051	1.62689e-052	1.08093e-053	8.6628e-054	2.76977e-054	1.52719e-054	1.88195e-053	4.27498e-051	5.60157e-050	9.2895e-049	8.73123e-050	
0	0	1.27217e-005	5.3474e-006	1.21698e-006	1.3134e-006	0.00184207	3.80806e-005	0.000335409	0.0780609	0.863282	0.999924	0.949031	0.0126052	1.33971e-006	2.33909e-012	9.57725e-020	2.89182e-025	3.32138e-031	8.49733e-035	7.67072e-040	3.01124e-040	2.07587e-040	3.00413e-041	1.34722e-044	1.52103e-046	2.52504e-048	1.42245e-047	7.05692e-048	2.40154e-049	2.15245e-051	9.91636e-053	4.3634e-053	8.56427e-054	3.97168e-054	2.14482e-054	5.16589e-055	1.43788e-055	1.65579e-055	6.6685e-053	1.19671e-051	5.78484e-052	
0	0	0.209706	2.47866e-005	0.00912172	0.000678276	7.64108e-005	0.00371084	0.000146549	0.0366472	0.0215892	3.73936e-005	0.050969	0.987394	0.999999	0.999996	1	0.600292	0.000101846	6.81297e-010	7.46065e-017	3.72975e-022	2.63845e-026	7.81487e-028	7.62997e-031	1.00683e-033	1.05043e-036	1.21781e-039	5.53433e-044	7.17848e-048	3.08069e-051	3.75889e-054	8.57343e-055	3.87236e-055	6.58426e-056	5.04278e-056	2.71476e-056	3.71421e-057	8.45566e-057	7.22514e-054	1.80417e-051	2.74956e-049	
0	0	0	0.0236249	3.91914e-007	3.10897e-008	6.46588e-007	7.8961e-011	3.59762e-007	1.31821e-006	1.2751e-005	1.14678e-008	3.57992e-010	5.23442e-007	3.50016e-008	4.04809e-006	2.60739e-007	0.399708	0.999882	0.999991	1	0.999969	0.99494	0.693699	0.00568916	1.15947e-005	5.93294e-009	3.29391e-014	4.72817e-018	1.11245e-020	4.34086e-025	3.89528e-030	1.68846e-034	8.50159e-038	4.50068e-041	3.46608e-044	3.53162e-046	3.20979e-049	9.39915e-051	1.69151e-051	3.79142e-054	2.06872e-054	
0	0	0	3.39074e-037	1.85476e-009	7.86933e-015	4.80384e-015	2.76422e-014	9.68679e-018	1.1744e-012	5.97013e-013	1.94111e-014	5.53109e-016	3.55802e-017	2.36093e-014	1.19344e-015	8.1265e-013	3.04763e-010	1.60031e-006	3.65583e-007	1.20776e-009	1.86959e-009	5.67955e-007	0.000149444	0.000409873	0.000405215	0.000538231	0.000165193	3.42284e-005	2.24527e-005	3.42882e-006	3.75153e-008	3.04102e-011	3.62891e-015	6.74073e-020	1.34768e-024	6.88451e-029	3.94552e-034	1.25767e-038	3.11312e-043	6.82175e-048	2.17599e-051	
0	0	0	0	5.93098e-005	1.91364e-007	1.22334e-008	1.16033e-009	1.8403e-011	2.80932e-008	1.19939e-008	3.39399e-010	1.03233e-011	8.2808e-014	9.80761e-012	1.66043e-013	3.53973e-011	3.46803e-010	1.48157e-005	8.43464e-006	1.75553e-007	3.11591e-005	0.00505929	0.306151	0.993901	0.999583	0.999462	0.999835	0.999966	0.999978	0.999997	1	1	1	1	1	1	1	1	1	1	1	


1	0.957593	0.999121	0.974856	0.998085	0.984352	0.321656	0.985014	0.612789	0.834063	0.178834	0.0113326	0.0145101	0.00065018	1.71841e-006	1.71228e-007	1.41282e-010	6.91284e-014	6.59149e-015	1.47699e-016	2.9937e-016	6.80531e-016	3.9365e-015	5.90186e-015	3.65703e-014	2.13263e-016	4.49417e-018	1.78012e-019	2.78096e-021	2.42059e-022	1.83681e-024	4.81765e-025	1.33352e-025	1.933e-026	1.09954e-026	1.05327e-026	1.92317e-026	2.69653e-026	2.80402e-025	5.84361e-024	8.11585e-022	1.2289e-020	
0	0.0386553	0.000776828	0.0119752	0.00169122	0.0149617	0.63958	0.00959253	0.32734	0.145518	0.814119	0.827354	0.637895	0.0124309	1.58089e-006	2.413e-007	9.16917e-011	1.63666e-013	7.85727e-015	1.04062e-015	7.79012e-015	1.56909e-014	3.76551e-015	2.10762e-017	8.82169e-017	5.43781e-019	2.07007e-020	1.27382e-020	1.8356e-021	9.68487e-022	3.77289e-024	3.48701e-024	1.64049e-024	6.50897e-026	3.8907e-026	1.21678e-026	2.74139e-026	1.00644e-026	5.06852e-025	1.75236e-024	1.76243e-024	2.89064e-023	
0	0.00375135	9.54806e-006	0.0131692	0.000106101	0.000685419	0.0387638	0.0038024	0.0598687	0.0193389	0.00699003	0.161107	0.148229	0.000407914	2.38422e-009	3.2509e-010	2.48552e-014	7.66145e-016	2.6543e-015	1.15237e-014	2.90507e-012	6.43751e-009	1.7833e-007	3.76911e-008	3.16891e-010	1.66243e-014	2.15256e-018	2.4494e-023	8.52478e-024	2.87718e-022	1.4783e-025	4.07484e-026	2.34993e-026	1.66206e-027	4.5764e-028	3.13652e-028	4.00294e-028	2.50004e-028	4.34906e-026	2.90463e-024	3.77213e-024	2.07594e-024	
0	0	1.20371e-005	1.06045e-007	3.57347e-005	3.65361e-007	2.01304e-007	0.00122451	1.48985e-006	0.000989149	4.2319e-005	0.000201721	0.118661	0.00581858	2.88124e-006	1.23621e-009	3.1053e-014	1.32582e-017	2.72871e-018	1.56102e-018	2.13351e-016	1.1106e-011	4.60689e-007	6.5144e-006	0.000666123	1.89223e-005	3.64054e-006	9.26297e-007	1.41446e-008	1.35657e-010	1.92263e-012	4.63834e-014	6.1337e-016	8.45963e-018	5.23099e-020	4.96737e-022	1.82924e-024	6.47891e-026	1.54082e-027	1.5265e-027	2.59398e-025	1.22025e-024	
0	0	8.0357e-005	3.5636e-009	8.14928e-005	6.70509e-007	4.17706e-009	0.000366363	1.08517e-007	9.13373e-005	1.54008e-005	4.71633e-006	0.0807043	0.980664	0.999983	0.994122	0.984015	0.00459207	2.80501e-006	1.13449e-009	2.01753e-013	2.64579e-015	3.12213e-011	6.49015e-008	3.56023e-006	2.64013e-006	1.44967e-006	7.44004e-006	7.16133e-009	6.3551e-012	6.05761e-014	6.70934e-016	5.03477e-017	5.10079e-019	7.30279e-021	1.23389e-022	2.94435e-025	2.41046e-027	1.947e-029	1.45427e-029	2.71108e-026	2.79469e-024	
0	0	0	1.4835e-008	7.03063e-011	4.52386e-009	1.96415e-012	3.97445e-012	8.76049e-010	2.06072e-011	1.11248e-009	9.45122e-011	2.02042e-009	2.79498e-005	1.0974e-005	0.00587753	0.0159849	0.995408	0.900815	0.0266718	0.000499156	6.17398e-007	1.27077e-009	2.2893e-011	3.15373e-010	4.30494e-009	5.04218e-008	2.88642e-008	6.59205e-010	4.02931e-012	2.53726e-016	2.06812e-019	5.48066e-022	1.32132e-023	1.66996e-025	1.10794e-026	1.64207e-027	1.50549e-030	4.11763e-031	1.744e-032	3.1975e-032	2.14124e-027	
0	0	0	3.78159e-014	9.76814e-012	3.82306e-014	7.60675e-013	3.49513e-014	9.10691e-014	2.69739e-014	3.16037e-016	1.11691e-014	7.4831e-015	3.32791e-015	2.8962e-012	3.12199e-010	7.38617e-009	3.04141e-007	0.0991823	0.973174	0.981632	0.973343	0.904676	0.993646	0.465702	0.997972	0.979498	0.0135127	0.00027444	0.00393032	1.61734e-005	7.65796e-008	2.68999e-010	2.06339e-014	2.86919e-018	4.69005e-022	1.33702e-025	9.26286e-030	2.25187e-031	7.37577e-033	1.83857e-033	4.59987e-033	
0	0	0	0	2.99267e-017	2.12773e-014	1.12318e-015	1.93025e-015	7.82976e-017	1.80959e-014	4.49992e-015	2.07788e-016	2.02675e-015	3.55187e-017	6.36118e-019	2.84676e-015	6.0552e-014	3.05098e-013	4.42724e-010	0.000154047	0.0178692	0.0266567	0.0953232	0.00634696	0.533628	0.00200672	0.020497	0.986479	0.999726	0.99607	0.999984	1	1	1	1	1	1	1	1	1	1	1	


