E:\Google Drive\Progetti\MSR Action3D\Real\a01_s03_e01_skeleton3D.txt
1
TRUE
-969.579
-1073.88
-1062.41
-1091.82
-1112.71
-1135.2
-1130.41
-1075.17
-1027.14
-1069.07
-1097.17
-1009.03
-1067.09
-1026.89
-1028.61
-1033.62
-1018.3
-970.718
-999.069
-1003.29

42
20
1	0.175567	0.253909	0.0958844	0.114594	0.0286193	0.0524627	0.0273871	0.0139686	0.0193823	0.000256965	3.01633e-006	5.20923e-008	7.17808e-011	1.96069e-012	4.80688e-014	1.2041e-015	2.09561e-018	1.72558e-024	7.76416e-031	5.78013e-038	1.13597e-045	6.71467e-052	9.58675e-055	2.96676e-061	2.65554e-067	5.77109e-074	3.37099e-080	4.41416e-085	5.764e-090	2.53011e-095	1.13111e-095	3.41036e-096	7.1642e-097	1.01023e-097	5.97401e-099	1.98267e-099	1.39487e-099	2.6368e-099	2.65855e-099	6.54393e-099	2.26212e-098	2.26936e-098	
0	0.567102	0.633337	0.60887	0.513824	0.47698	0.542819	0.341251	0.18624	0.179007	0.00138163	1.29868e-005	1.19128e-007	1.96075e-010	1.77473e-011	1.11954e-012	4.25847e-014	3.74693e-016	1.13277e-021	3.55447e-027	1.01441e-034	4.85083e-042	2.68529e-048	1.90517e-050	2.3401e-057	1.44036e-063	1.98856e-070	1.01777e-076	1.60785e-081	2.88022e-086	1.68505e-091	2.02383e-092	2.1134e-093	1.27644e-094	1.34215e-095	1.94633e-096	3.80125e-096	6.31471e-096	6.59034e-096	5.75646e-096	1.05282e-094	2.4366e-094	5.15191e-094	
0	0.257331	0.0793698	0.175171	0.0592143	0.0823335	0.218938	0.0247152	0.128479	0.0971163	0.00506424	1.70928e-005	3.39526e-007	1.11613e-010	4.39351e-012	2.15105e-013	8.0112e-015	8.17244e-018	5.7179e-022	2.67896e-028	4.54337e-035	2.07855e-042	1.94896e-049	1.58557e-051	2.39385e-057	4.11873e-063	2.18482e-069	1.73811e-075	1.59638e-080	1.84515e-085	1.79526e-090	1.27747e-091	2.04536e-092	3.13972e-093	1.63446e-094	8.07199e-096	2.39881e-097	3.15154e-097	9.17143e-097	1.18246e-096	7.11929e-097	1.59157e-095	1.08105e-094	
0	0	0.0331274	0.118055	0.166392	0.353656	0.178933	0.606479	0.0161796	0.252868	0.000837934	4.1729e-005	2.77535e-007	2.02232e-009	3.15957e-011	3.78178e-013	5.36427e-015	3.44214e-016	5.71145e-022	3.06937e-026	9.9076e-034	1.23194e-040	1.84512e-045	6.23515e-048	1.22187e-053	1.50035e-058	9.45239e-065	2.52449e-070	1.11084e-073	3.04605e-078	7.19876e-083	1.07545e-084	4.52933e-086	1.14217e-087	3.16425e-089	2.53903e-091	4.22423e-091	1.57905e-091	3.12968e-092	1.57448e-092	3.95705e-091	3.11445e-091	2.61823e-091	
0	0	0.000256296	0.00200771	0.143561	0.0569185	0.00466985	6.42127e-005	0.652244	0.451384	0.992393	0.999802	0.999604	0.999066	0.0202894	0.000238903	4.91861e-006	5.61275e-009	2.93432e-013	7.51843e-019	1.34024e-025	3.78555e-033	3.78881e-038	2.00639e-041	6.15111e-045	4.50347e-046	1.28362e-050	1.01268e-055	1.69911e-055	2.20825e-059	2.96432e-063	3.58012e-066	1.84763e-068	1.0141e-070	2.3512e-073	9.87733e-077	1.09519e-080	4.88152e-084	2.6803e-086	1.46546e-088	1.93552e-088	4.04529e-089	5.21006e-090	
0	0	0	1.12683e-005	0.00241519	0.0014871	0.00213982	2.61342e-005	0.00288557	0.000211853	6.6656e-005	0.000122972	0.000395443	0.00093443	0.979708	0.997292	0.998044	0.957714	0.30273	0.145064	7.51837e-005	1.03108e-008	1.11932e-010	9.76369e-012	5.23043e-016	8.7131e-019	1.36306e-022	3.29685e-026	1.21149e-026	1.26456e-027	2.07705e-030	1.25893e-032	4.42342e-035	1.34369e-037	1.09713e-039	9.16669e-041	2.82214e-042	4.63218e-044	2.48555e-047	2.95658e-050	9.11219e-051	1.72385e-052	4.28241e-054	
0	0	0	9.40232e-015	4.42419e-009	8.96353e-007	2.43421e-007	2.82151e-007	3.73697e-009	1.39176e-006	2.361e-010	1.01319e-010	1.04018e-010	5.74393e-009	4.54996e-007	0.00130076	0.00100616	0.0421088	0.696376	0.849635	0.999527	0.999594	0.995838	0.996515	0.998051	0.99756	0.997829	0.986753	0.961333	0.628912	0.666323	0.0567021	0.00200941	3.53977e-005	2.62439e-006	1.47505e-008	9.58682e-012	4.64712e-015	2.75375e-017	4.07959e-020	5.21016e-022	6.49951e-024	5.88316e-027	
0	0	0	0	3.03337e-008	5.46266e-006	3.67671e-005	7.63101e-005	3.0279e-006	2.92275e-005	2.02898e-008	2.30673e-009	3.74333e-009	1.7696e-008	1.89048e-006	0.00116796	0.000944984	0.000177468	0.000893199	0.00530078	0.000398309	0.000406306	0.00416182	0.00348499	0.00194861	0.00243974	0.002171	0.0132467	0.0386671	0.371088	0.333677	0.943298	0.997991	0.999965	0.999997	1	1	1	1	1	1	1	1	


1	0.995437	0.998403	0.997563	0.971132	0.996271	0.99988	0.999878	0.997634	0.999363	0.611948	0.241534	0.0610028	0.000129117	0.00118351	0.108822	0.0382632	0.0137374	0.000103413	1.34344e-007	2.18201e-011	1.07122e-015	3.11209e-019	2.75331e-020	2.35394e-023	1.07543e-026	2.94851e-030	1.23334e-033	1.8875e-035	1.76245e-038	2.0329e-042	1.07094e-043	1.92192e-044	1.10405e-044	7.75499e-045	7.16414e-046	9.49528e-046	1.05968e-046	6.22417e-049	4.36108e-050	2.50462e-050	5.64503e-051	7.04238e-051	
0	0.00452251	0.00157722	0.00243602	0.000187929	0.00345172	0.00011471	0.000116346	0.00232874	0.000566286	0.387602	0.247448	0.936124	0.0121386	0.378509	0.253597	2.81686e-005	2.84022e-005	1.00645e-007	4.55315e-009	2.20443e-017	4.47784e-019	3.86591e-022	1.03886e-020	1.0892e-026	1.20705e-026	1.92673e-032	8.73874e-037	9.34233e-034	1.40047e-038	4.24773e-044	1.94533e-048	1.57518e-048	8.76084e-050	2.38945e-050	1.67587e-048	6.24835e-049	9.12308e-051	1.97403e-054	2.07016e-053	3.52349e-051	7.00608e-054	3.92123e-054	
0	4.09549e-005	2.01697e-005	6.40567e-007	0.02868	0.000275178	4.64778e-006	5.31242e-006	3.76709e-005	7.10219e-005	0.000449958	0.511018	0.00284519	0.987732	0.55638	0.251028	0.00023352	0.000526828	2.46975e-007	4.40303e-009	2.57578e-013	2.03485e-019	1.71515e-018	1.10302e-022	2.19689e-023	1.38115e-024	2.97877e-029	8.04118e-033	3.26641e-030	5.47023e-032	5.68432e-036	1.11218e-041	1.04279e-046	9.02766e-050	1.53498e-048	2.31529e-052	6.3154e-051	1.23648e-054	3.02304e-056	2.9037e-057	9.48457e-052	8.02573e-054	1.13978e-053	
0	0	2.17189e-008	5.13489e-011	1.27911e-007	1.69829e-006	6.82112e-007	5.35425e-010	1.01951e-009	1.71628e-010	9.76458e-010	3.00824e-008	2.84152e-005	1.29059e-007	0.063928	0.186297	0.95589	0.97984	0.452057	0.221045	0.118367	2.35068e-006	9.66071e-006	9.70671e-010	2.55573e-012	2.74261e-015	1.50887e-019	6.89418e-024	9.9379e-025	2.3403e-026	5.29683e-032	1.40787e-036	4.93698e-041	6.6211e-044	6.86125e-047	5.29254e-051	1.85341e-053	2.46605e-054	3.0462e-060	2.27985e-061	1.52801e-060	3.03309e-055	4.18088e-057	
0	0	6.24251e-021	4.84868e-011	3.40947e-014	1.42618e-010	4.02311e-010	9.27472e-010	2.77743e-012	8.41971e-013	9.05676e-014	3.07569e-013	6.29692e-012	2.19855e-009	2.16235e-008	0.200254	0.00542024	0.00586677	0.538988	0.774817	0.881064	0.989728	0.999972	0.998625	0.980077	0.998246	0.856257	0.460534	0.893515	0.0240445	0.00031293	4.1642e-006	4.69538e-008	2.20437e-009	6.72628e-011	7.95357e-013	1.95855e-015	6.92768e-019	2.44658e-023	2.34704e-026	4.0945e-029	1.63056e-032	2.9379e-035	
0	0	0	2.62478e-017	5.19419e-017	9.73611e-017	3.94745e-014	5.6807e-012	1.72273e-012	1.92697e-014	3.99659e-016	1.1574e-017	3.64531e-017	3.53117e-018	7.3962e-009	9.53895e-007	0.000164129	3.69873e-008	0.00885156	0.00412219	0.0005683	0.0102693	8.8289e-006	0.00137506	0.0199232	0.00175375	0.143743	0.539465	0.106473	0.975955	0.999686	0.99963	0.5146	0.76858	0.992292	0.965655	0.0101372	4.20759e-005	5.79381e-009	1.08059e-012	4.02102e-017	2.35077e-021	1.23663e-023	
0	0	0	1.18671e-037	3.49395e-020	6.98618e-021	1.06244e-018	3.20083e-015	1.18706e-014	1.19287e-015	2.2906e-018	1.16775e-021	9.93683e-023	2.07502e-025	6.05748e-022	3.80589e-008	4.04275e-007	1.26192e-008	4.0987e-010	1.61952e-005	1.24152e-006	6.00381e-008	9.56936e-006	5.18758e-009	2.55185e-008	1.71357e-007	5.62657e-009	8.27954e-007	2.25042e-006	5.54409e-007	8.75964e-007	0.000365989	0.485399	0.221759	0.00502823	0.0343383	0.987695	0.998867	0.999509	0.988119	0.00380799	3.42606e-007	2.04104e-010	
0	0	0	0	1.48523e-020	1.277e-020	7.64948e-021	9.18552e-019	6.15166e-016	1.57774e-015	1.15606e-015	3.49642e-015	1.25172e-015	4.62514e-017	1.73632e-017	5.66203e-012	8.83507e-010	1.3009e-007	3.48511e-010	3.8136e-010	2.4665e-009	2.08348e-011	1.00173e-008	1.92731e-007	2.01724e-010	3.90938e-009	1.59083e-011	9.97036e-010	9.83444e-006	1.16757e-009	6.51709e-009	1.54716e-007	1.58949e-006	0.00966073	0.00267942	6.55172e-006	0.00216772	0.00109057	0.000490818	0.0118807	0.996192	1	1	


1	0.996364	0.996405	0.999697	0.980871	0.989047	0.999666	0.999752	0.997915	0.998558	0.634099	0.0636436	0.00669539	2.00976e-005	9.69154e-006	9.33209e-005	1.53765e-005	3.37919e-006	3.58798e-009	1.99653e-012	1.82957e-017	5.71548e-021	1.38937e-024	7.21507e-024	6.81144e-027	4.10674e-030	2.65075e-033	8.89748e-037	2.7734e-039	1.6837e-042	2.5362e-046	9.27572e-048	3.49575e-048	7.82449e-049	1.32822e-049	1.25907e-049	3.08389e-049	1.57372e-049	9.72171e-052	1.61865e-053	2.43199e-053	5.41691e-054	9.91772e-054	
0	0.00359707	0.00341727	0.000301536	0.0112143	0.0109172	0.000128006	0.000218874	0.00204234	0.00143898	0.365874	0.936147	0.992876	0.996555	0.740005	0.0122291	1.76614e-006	1.29123e-007	2.01168e-010	9.19571e-012	1.06923e-018	3.21904e-022	6.22885e-023	4.90278e-022	5.60812e-025	8.18964e-025	1.36944e-028	1.55345e-031	2.07293e-028	3.50852e-031	1.50864e-034	4.71906e-040	5.46443e-044	1.4753e-048	9.19611e-054	7.2943e-053	7.90193e-053	1.14455e-054	2.21815e-057	4.04071e-057	1.5141e-053	1.07704e-055	8.76376e-057	
0	3.85285e-005	0.000178037	1.18523e-006	0.00791493	3.5665e-005	0.000205949	2.86829e-005	4.26149e-005	2.95601e-006	2.70828e-005	0.000209284	0.000428913	0.00342485	0.259982	0.981543	0.996906	0.993691	0.0844015	0.123115	0.000521058	4.85961e-007	2.74258e-006	6.11482e-007	1.37349e-008	6.92357e-010	7.55578e-013	1.51174e-015	6.03161e-015	1.42042e-015	6.38164e-019	1.6706e-022	1.25434e-024	1.1415e-026	4.10487e-029	1.09826e-030	2.38126e-032	4.95443e-035	1.48534e-040	1.417e-045	9.17714e-047	3.12792e-049	1.94518e-051	
0	0	1.3882e-009	1.10327e-010	2.36233e-010	3.24925e-008	1.86073e-009	1.64978e-009	6.72917e-010	1.58634e-011	9.17274e-013	2.13012e-012	5.4913e-011	8.73718e-011	1.03349e-006	0.00359007	0.00298293	0.0061003	0.910471	0.688309	0.996438	0.695079	0.736135	0.0249175	0.000108683	4.525e-008	5.34532e-010	2.11064e-014	3.6283e-017	1.61981e-018	7.43018e-020	9.13181e-024	1.60267e-027	1.70565e-028	2.56989e-031	1.28867e-033	1.57952e-035	3.14608e-036	2.40861e-041	8.83137e-047	9.40901e-050	7.03382e-051	2.91062e-054	
0	0	8.05414e-010	6.29541e-009	1.26747e-011	2.87253e-007	2.43086e-010	1.12364e-008	3.47134e-010	1.40774e-009	2.80177e-011	9.88262e-011	4.00818e-010	3.60118e-009	2.58903e-006	0.00254382	9.38836e-005	0.000204887	0.00505692	0.188548	0.0030039	0.302975	0.262845	0.972931	0.954793	0.999791	0.706631	0.35298	0.999751	0.171299	0.0238955	0.000110505	4.10542e-006	4.48182e-008	4.73906e-010	3.71464e-011	1.472e-013	4.32311e-017	1.77791e-022	3.40766e-027	1.50007e-029	5.25889e-033	5.14869e-036	
0	0	0	3.35494e-013	8.36633e-016	1.74235e-015	1.88256e-011	2.18165e-013	6.80453e-013	7.35534e-014	4.49189e-015	4.72138e-018	1.35513e-017	1.37602e-017	4.03401e-011	3.27271e-007	8.95949e-008	8.61503e-010	7.0727e-005	2.84975e-005	3.74612e-005	0.00194449	2.57557e-007	0.000566816	0.0450976	0.000207494	0.293369	0.646993	0.000226738	0.828701	0.9761	0.99979	0.784517	0.884438	0.997698	0.769865	0.000227829	6.11712e-008	4.42059e-013	2.70904e-019	1.98661e-025	2.7421e-030	1.36026e-032	
0	0	0	8.8758e-022	1.96716e-015	1.91854e-019	1.51023e-017	8.10268e-013	2.46738e-015	1.81961e-016	9.74294e-019	1.97278e-021	2.14292e-024	7.44116e-026	4.16115e-024	8.45863e-013	7.49918e-008	2.9912e-011	2.93564e-012	1.25029e-007	7.29944e-008	9.50711e-007	0.00101659	4.71325e-005	2.58715e-007	1.35246e-006	8.52683e-009	2.77345e-005	2.18171e-005	9.56178e-010	4.16164e-006	9.66083e-005	0.215445	0.106835	0.000247937	0.22803	0.749767	0.665147	0.994153	0.989087	0.0026806	2.56939e-007	5.5444e-012	
0	0	0	0	2.27006e-016	5.55122e-016	8.26259e-016	5.86321e-015	1.75028e-013	7.71532e-014	3.17503e-014	4.30001e-015	4.77116e-016	1.99227e-018	6.14505e-019	3.14358e-014	2.23556e-011	6.02146e-009	5.33593e-012	8.33861e-012	9.88039e-013	8.75357e-012	1.19632e-009	0.00153667	4.08568e-007	1.43097e-009	3.40092e-011	4.03923e-009	2.75141e-007	6.51625e-010	4.87826e-009	3.01537e-006	3.37217e-005	0.00872723	0.00205443	0.0021056	0.250005	0.334853	0.00584691	0.0109128	0.997319	1	1	


1	0.996408	0.890218	0.990822	0.764517	0.986106	0.957361	0.917237	0.985142	0.99293	0.994311	0.957675	0.96141	0.66679	0.192039	0.0052643	0.000889839	0.00133841	0.000395328	0.0100159	0.203789	0.690678	0.858673	0.530924	0.998043	0.995817	0.999844	0.99972	0.978892	0.998104	0.999052	0.985001	0.931787	0.544231	0.0242165	0.00306905	0.00288309	0.00118411	0.000907033	0.000594642	0.00346075	0.0684044	0.00652241	
0	0.000602277	0.0978346	0.00786345	0.00579778	0.00137332	0.0323823	0.0788307	0.00174176	0.0014423	0.000286564	0.000384674	0.000837742	0.000488896	0.000391201	2.85684e-006	7.33225e-006	1.17026e-006	1.55041e-008	3.13312e-006	1.80606e-005	4.54923e-005	0.000762219	0.000344449	4.20386e-006	4.82322e-006	1.09608e-005	1.78806e-005	1.64405e-005	0.000105149	4.30233e-005	0.00647334	0.0153901	0.0075567	0.000157797	0.000129095	0.00114538	0.00229774	0.000689536	0.0017214	0.00424669	0.0275202	0.00023752	
0	0.00298979	0.0119434	0.0010969	0.229681	0.0124112	0.0100066	0.0039127	0.0127061	0.0056232	0.0049825	0.0419045	0.0349814	0.325904	0.0202355	1.97908e-005	0.00023721	0.000361201	4.42706e-007	7.62923e-005	0.000218198	4.87989e-005	0.086515	0.00100105	0.000695461	0.00416345	0.000136722	0.000260301	0.0210876	0.000653181	5.29462e-005	0.0032573	0.00565089	0.00129101	5.65834e-005	1.55659e-005	4.96977e-005	1.42659e-005	3.86947e-006	7.33557e-006	0.00413863	0.0286361	2.25133e-005	
0	0	1.63938e-006	0.000201707	1.27135e-006	5.3668e-005	1.60271e-005	1.87943e-006	0.000293771	2.29465e-007	9.09961e-005	1.25518e-006	0.00114054	0.000348899	0.0253985	0.000105764	5.35958e-006	5.65802e-007	4.90929e-006	1.48558e-006	6.51942e-007	1.8572e-007	1.30801e-007	0.000727859	6.70268e-008	1.3583e-006	3.36082e-007	7.44918e-010	4.25282e-007	1.6242e-005	7.46778e-008	3.42076e-008	3.73069e-005	1.62123e-005	2.02338e-008	1.43202e-007	1.12175e-008	1.20434e-006	8.80036e-008	3.99058e-007	3.46192e-006	3.82798e-005	7.83211e-006	
0	0	2.27238e-006	1.59199e-005	3.43039e-006	5.58321e-005	0.000232743	3.74778e-007	0.000110297	2.94459e-006	0.000328655	3.42086e-005	0.00163003	0.00646722	0.761597	0.987916	0.991667	0.931786	0.971499	0.510957	0.102467	0.000898585	2.45013e-006	0.000744094	3.01196e-006	3.24787e-006	7.84069e-006	4.92577e-008	3.89729e-006	0.00112038	2.05273e-005	1.68443e-006	0.00016351	0.000183072	2.0282e-006	2.65041e-007	2.26413e-009	4.64872e-009	2.75549e-010	7.56693e-011	1.91184e-009	5.53928e-006	4.0963e-005	
0	0	0	9.43137e-008	2.42148e-009	3.65047e-008	1.34814e-006	1.70618e-005	4.76291e-009	8.25894e-007	5.92574e-010	1.79045e-008	2.69147e-009	1.46083e-006	0.000339085	0.00668603	0.00573628	0.0648019	0.0100639	0.439627	0.0966874	0.0164006	1.99066e-005	1.85412e-007	5.31845e-006	5.63547e-009	7.81017e-008	2.09772e-006	4.70847e-010	1.51718e-006	0.000831437	0.00523921	0.045681	0.445645	0.975231	0.899263	0.446788	0.0247687	0.000133739	2.5635e-007	3.30803e-010	1.09725e-010	1.22405e-007	
0	0	0	2.36214e-012	1.45996e-012	5.13312e-013	3.94359e-011	3.04366e-010	4.398e-009	7.68504e-013	1.73237e-011	3.14563e-012	2.19097e-012	7.33629e-011	9.6693e-010	8.31869e-008	3.49118e-005	3.09316e-006	0.000136871	0.0001184	0.0106324	0.000604952	1.88948e-005	2.06454e-007	9.85003e-012	5.67736e-011	1.33015e-013	3.0456e-012	1.65974e-011	5.01224e-013	2.45647e-010	5.30204e-007	1.01739e-005	2.78919e-005	5.61866e-006	0.00238202	0.0021533	0.00135189	4.0758e-005	1.04153e-006	7.88297e-009	9.87041e-011	6.07618e-013	
0	0	0	0	3.78219e-010	5.56092e-011	1.70661e-008	5.11868e-008	6.51753e-006	8.40411e-008	9.08179e-008	6.03717e-009	2.63426e-009	1.70956e-010	9.22833e-008	5.32113e-006	0.00142176	0.00170801	0.0178998	0.0392005	0.586187	0.291324	0.0540083	0.466258	0.00124876	1.05854e-005	5.10157e-008	1.83342e-009	6.08905e-009	5.79577e-009	7.72324e-009	2.73565e-005	0.00128006	0.00104919	0.000330439	0.0951413	0.546981	0.970382	0.998225	0.997675	0.98815	0.875395	0.993169	


1	0.83516	0.915639	0.927992	0.97665	0.917705	0.913996	0.961857	0.914676	0.969426	0.774125	0.703691	0.446108	0.538718	0.372771	0.240065	0.153075	0.767575	0.923045	0.990014	0.923424	0.91925	0.990288	0.948283	0.972384	0.988331	0.980345	0.909908	0.997076	0.983919	0.967125	0.882186	0.811636	0.619113	0.31671	0.479109	0.892907	0.968241	0.904961	0.933879	0.996079	0.995467	0.907753	
0	0.153646	0.0207491	0.0545699	0.0191823	0.0768511	0.0540585	0.00965244	0.0703018	0.0202525	0.22329	0.294473	0.552705	0.459962	0.619141	0.719874	0.818722	0.220889	0.0328583	0.00756094	0.000521728	0.000268822	0.000729498	0.039951	0.00255403	0.00394621	0.000450379	0.00194723	0.00229349	0.00305226	0.000467825	0.00188958	0.0041484	0.00317978	0.000528543	0.00763919	0.00393625	0.00689678	0.00391953	0.00422094	0.00270371	0.00109079	0.0739297	
0	0.0111945	0.0627018	0.0166231	0.00393707	0.0054021	0.0317102	0.0265158	0.0148909	0.00988037	0.00256677	0.00180049	0.00118038	0.00130533	0.00806951	0.0395024	0.0258738	0.00957461	0.0440323	0.00240591	0.0757037	0.080337	0.00878638	0.00996313	0.0245313	0.00046508	0.0187502	0.0878897	0.000567969	0.0130134	0.0323999	0.111047	0.170434	0.350687	0.341597	0.473723	0.0520119	0.0181477	0.0798798	0.0524686	0.000545057	0.00335939	0.0181631	
0	0	0.000732735	0.000185978	0.000178967	2.07805e-005	0.000188523	0.00128396	7.31126e-005	0.000351009	9.52654e-007	2.98949e-005	7.34167e-007	8.72733e-006	1.08537e-006	0.000543539	0.00227217	0.000694122	4.60587e-005	5.65757e-009	0.000349266	5.62918e-005	7.96579e-006	1.36795e-006	1.04116e-005	1.02931e-008	8.51549e-007	1.46981e-005	5.62955e-008	1.18802e-007	3.6269e-006	0.00470729	0.00838804	0.0263959	0.336451	0.00206157	0.000907507	0.000128822	0.0102337	0.00197954	1.91888e-006	1.12165e-006	4.08321e-005	
0	0	0.000177177	0.000627462	4.17815e-005	1.69992e-005	4.29484e-005	0.000688761	4.78947e-005	8.82085e-005	9.44259e-006	3.50941e-006	1.00175e-006	1.45323e-006	9.52362e-007	5.85128e-006	5.50132e-005	0.00121475	1.68752e-006	3.02361e-006	6.2757e-007	8.77066e-005	0.000130896	0.00166117	6.95085e-006	3.12266e-006	9.45823e-008	3.79643e-005	9.31837e-006	1.43928e-007	2.68233e-006	0.000169747	0.00538382	0.000617947	0.0047099	0.0371416	0.0496201	0.00560973	0.00089697	0.00742383	0.000588771	7.6832e-006	1.29925e-005	
0	0	0	1.47663e-006	1.01129e-005	7.54486e-007	2.38492e-007	4.00125e-008	9.28404e-006	2.10738e-007	4.76327e-006	1.40334e-007	1.72175e-007	3.34402e-008	1.32339e-008	7.06951e-010	1.97896e-007	4.23473e-005	1.30415e-005	1.11243e-005	3.91668e-007	7.51508e-008	5.6995e-005	0.000127115	0.000510583	0.00719815	0.00023235	0.000189588	4.2133e-005	1.05136e-005	3.48886e-007	1.46726e-009	9.11595e-006	5.01995e-006	1.86176e-006	0.000323363	0.000262578	0.000356669	3.20787e-006	2.86974e-006	4.57972e-005	6.60501e-006	3.72032e-007	
0	0	0	1.185e-013	1.36205e-012	1.37232e-014	5.22582e-013	1.72285e-014	1.841e-012	4.58817e-014	1.71815e-011	4.95292e-014	6.75655e-012	7.55448e-014	1.59014e-012	2.10843e-015	3.30363e-013	3.10803e-011	4.77994e-010	2.33279e-008	2.27535e-012	4.83265e-013	1.28997e-009	5.24186e-009	2.17589e-009	2.28656e-007	1.82427e-008	1.82187e-010	8.96856e-008	6.71677e-011	4.36076e-013	2.08059e-014	4.63228e-013	2.37423e-011	2.37707e-015	8.22867e-009	1.52957e-010	4.18101e-009	2.49638e-012	4.60894e-011	2.25122e-012	5.38518e-013	2.4301e-016	
0	0	0	0	1.84119e-007	2.82909e-006	3.15576e-006	1.5579e-006	9.20928e-007	1.94233e-006	2.23671e-006	2.65546e-006	4.85123e-006	5.10802e-006	1.63186e-005	9.08112e-006	2.32315e-006	1.02781e-005	3.18023e-006	5.1141e-006	1.47814e-007	1.31146e-008	9.60579e-010	1.28059e-005	2.95641e-006	5.60718e-005	0.000221171	1.28994e-005	1.04518e-005	4.45982e-006	7.31197e-007	2.70143e-007	1.28434e-007	8.95912e-007	4.84005e-007	1.83164e-006	0.000354394	0.000618867	0.000105718	2.56349e-005	3.54298e-005	6.75251e-005	0.000100374	


1	0.273119	0.576346	0.284716	0.181556	0.0303971	0.150004	0.0776533	0.03505	0.019736	0.00461913	0.000541149	4.22977e-005	3.50564e-006	4.33696e-006	6.02977e-007	6.7716e-007	1.12325e-007	2.51811e-008	1.61489e-009	1.38663e-011	4.1493e-013	1.08498e-015	4.40765e-015	8.34485e-018	1.66777e-020	1.38596e-023	7.00008e-026	9.58125e-029	4.22493e-031	6.5784e-033	9.19033e-034	2.24821e-034	8.15553e-035	1.8137e-035	4.10381e-035	5.70426e-035	5.1453e-035	2.06977e-035	9.69133e-036	2.84399e-036	1.40881e-036	5.50364e-037	
0	0.022005	0.302283	0.336181	0.77073	0.11205	0.725535	0.421588	0.423119	0.57301	0.273005	0.257463	0.0481178	0.0401632	0.0398192	0.0126891	0.0124045	0.00416393	0.00149525	9.04047e-005	9.37131e-006	5.07902e-007	2.90221e-009	1.31204e-008	1.30049e-010	9.19579e-013	2.12916e-015	4.27403e-018	1.92236e-020	2.4583e-022	4.85501e-024	1.1344e-024	6.02352e-026	1.58429e-026	1.8915e-027	6.23686e-028	3.10933e-028	8.16832e-029	5.43946e-029	1.77639e-029	5.08987e-030	2.69044e-030	4.11537e-030	
0	0.704876	0.110845	0.243028	0.0279851	0.641112	0.0167148	0.0544059	0.201977	0.0179923	0.00427462	0.0264044	0.00101272	0.0038043	0.0244496	0.00122486	0.00106519	0.00182808	0.000457158	0.000130706	1.64807e-007	4.60568e-007	4.54375e-009	9.47804e-007	1.14519e-010	1.69706e-013	1.24396e-017	4.93076e-018	1.19937e-020	2.92935e-023	1.22309e-024	1.46147e-026	4.44628e-027	9.91864e-030	1.50802e-028	8.9876e-028	1.97305e-027	4.62166e-028	1.59741e-029	2.68218e-030	8.04791e-028	2.14933e-028	1.85263e-029	
0	0	0.00288089	0.128141	0.00842134	0.207434	0.0659489	0.00273908	0.24223	0.0460363	0.0465791	0.00916948	0.00130386	0.000787942	0.0049818	0.00739212	0.00818807	0.0198141	0.0189737	0.000501817	6.64174e-007	4.55657e-008	7.39587e-012	3.07077e-007	4.11936e-010	5.93067e-013	8.21626e-017	6.7361e-019	5.02444e-022	1.38475e-023	1.64873e-025	4.82034e-027	1.02405e-027	1.95856e-029	5.1057e-029	9.94966e-029	5.18583e-029	1.66632e-029	6.08914e-030	2.79984e-031	1.67204e-030	3.08623e-030	1.47039e-028	
0	0	0.00764467	0.0069099	0.00987025	0.0084373	0.031059	0.436101	0.0524114	0.234269	0.00405924	0.00856291	0.000128188	0.000268982	0.000166902	1.09753e-005	0.000457515	0.000413598	2.88108e-005	0.000217819	2.31535e-006	2.56727e-008	7.69013e-011	1.01387e-009	3.85252e-010	7.07366e-013	8.46141e-017	1.73748e-018	8.23437e-022	1.62019e-023	1.48041e-025	4.77467e-025	4.18167e-026	1.71253e-027	3.72801e-028	7.04461e-028	9.48987e-027	3.13836e-027	2.23268e-027	1.69309e-027	8.87835e-027	2.95728e-026	5.09653e-026	
0	0	0	0.00101929	0.00131184	0.00035224	0.00967771	0.000839832	0.0388458	0.0428625	0.62182	0.63466	0.927042	0.884361	0.685824	0.891654	0.744534	0.906133	0.912676	0.00508679	2.43037e-005	2.67243e-007	9.72054e-011	1.64598e-009	3.16439e-012	7.2941e-013	2.4685e-015	1.83682e-019	9.0979e-021	2.97515e-024	3.62053e-026	4.92233e-028	1.30544e-027	2.66265e-027	3.96396e-029	1.12867e-030	2.08365e-030	9.52921e-029	1.10311e-028	4.10085e-029	9.98794e-030	6.70231e-029	5.3311e-027	
0	0	0	4.35053e-006	2.03811e-005	2.49766e-006	1.33181e-005	0.00135355	1.76148e-006	0.00780629	8.41937e-005	0.0028544	0.000865121	0.0148644	0.0136508	0.00101258	0.00228144	0.0205099	0.0643321	0.993082	0.999171	0.997861	0.999667	0.1799	0.997813	0.998938	0.999884	0.998965	0.99992	0.999519	0.99855	0.725031	0.00730818	0.00056645	2.13397e-005	3.15233e-007	1.43867e-008	2.08597e-010	2.27452e-012	2.72654e-014	3.04509e-017	1.94017e-019	2.30008e-022	
0	0	0	0	0.000104854	0.000214618	0.00104796	0.00531892	0.0063652	0.0582878	0.0455589	0.0603446	0.0214876	0.0557463	0.231104	0.0860154	0.231068	0.047137	0.00203733	0.000890027	0.000792568	0.00213796	0.00033332	0.820098	0.00218726	0.00106239	0.000116015	0.00103497	7.98651e-005	0.000481334	0.00144999	0.274969	0.992692	0.999434	0.999979	1	1	1	1	1	1	1	1	


1	0.30028	0.936694	0.721328	0.418378	0.0516729	0.768516	0.837929	0.420879	0.203443	0.142576	0.0140664	0.00479157	3.71965e-005	4.12401e-006	4.11651e-006	2.52088e-007	9.72296e-007	1.37927e-007	5.30734e-009	2.74356e-012	1.36899e-014	1.58828e-016	4.41918e-015	1.16827e-017	7.52819e-019	9.48029e-022	3.65797e-024	6.41213e-025	1.2784e-027	5.6955e-030	6.42681e-031	3.62086e-032	7.7025e-033	2.60853e-033	1.51681e-032	1.45743e-032	1.62075e-032	8.09211e-033	6.41877e-033	8.65766e-033	3.32277e-032	2.58475e-032	
0	0.694547	0.0368039	0.253984	0.495665	0.625163	0.159316	0.0191886	0.503288	0.0916827	0.168206	0.0570089	0.0209267	0.000471483	2.42049e-005	5.12794e-005	1.34473e-005	6.63848e-005	1.85396e-005	1.71098e-006	1.28091e-010	2.88265e-013	1.04588e-015	1.58031e-014	1.50992e-017	1.75182e-018	4.44737e-022	8.589e-026	3.90348e-025	1.01963e-029	6.44479e-032	1.86933e-033	1.13322e-034	5.24131e-035	1.96754e-035	5.02333e-034	3.99621e-034	9.23182e-034	1.01892e-033	9.74151e-034	6.7879e-032	3.13536e-032	1.4486e-033	
0	0.00517298	0.0148866	0.0176487	0.0805176	0.320668	0.0145161	0.00849709	0.0290562	0.648397	0.460985	0.481876	0.0635558	0.00391599	0.000133335	3.21467e-005	2.67383e-007	1.31975e-006	1.73977e-005	2.92455e-005	1.02202e-007	1.18423e-007	7.76165e-009	2.61171e-008	7.32927e-008	3.6693e-006	1.7331e-006	1.12214e-006	0.000137141	1.82321e-007	3.04719e-008	2.53195e-009	4.06527e-012	1.57977e-013	1.17807e-014	1.53903e-014	2.49037e-016	1.65299e-018	2.03539e-019	3.05747e-020	2.93929e-019	6.16839e-019	5.14337e-022	
0	0	0.0114854	0.000185077	0.00361747	0.00217307	0.0174926	0.0011238	7.24698e-005	0.00358224	0.11802	0.385105	0.843782	0.991399	0.997765	0.05087	5.61833e-005	0.000116207	8.93899e-005	0.000566118	5.46258e-007	3.09816e-009	6.8178e-009	1.79547e-008	1.3209e-008	2.60814e-006	4.52419e-007	3.41695e-008	0.00205724	0.00052037	0.000107346	7.71453e-007	2.08425e-010	1.06052e-012	9.44889e-015	6.84255e-016	6.36243e-017	2.30447e-019	3.22221e-022	2.68568e-022	3.66189e-020	3.07669e-019	4.47223e-020	
0	0	0.000130504	0.00273362	0.000480109	0.000133462	0.036766	0.116373	0.000588225	0.000524011	0.000118245	0.000171034	0.000247474	0.000218846	0.00146057	0.609655	0.0287378	0.0626649	0.753236	0.999134	0.991445	0.999702	0.999556	0.652365	0.998487	0.97005	0.999447	0.999922	0.995886	0.999146	0.999867	0.916072	0.0702909	0.0473288	0.431644	0.317145	0.289923	0.132983	0.148186	0.0768276	0.00441558	0.00152203	0.00133853	
0	0	0	0.00411936	0.000352999	3.55766e-006	0.000806688	0.00454504	0.0429222	0.00912338	0.00775224	0.000116673	0.000946676	6.39727e-006	2.61963e-005	0.334408	0.964719	0.107052	0.217315	9.22167e-006	0.00855396	0.000295672	0.000347968	0.333484	0.00132661	0.0296131	0.000531505	7.51061e-005	0.00126811	0.000326095	2.29638e-005	0.0837111	0.920286	0.672869	0.217242	0.0252131	0.00153538	0.00839662	0.132301	0.0911483	1.40828e-005	5.86954e-006	0.00050485	
0	0	0	8.41646e-007	0.000713369	7.19297e-007	0.00048168	0.000344818	9.59085e-005	0.00358655	0.0164637	0.000328354	0.00035088	1.25433e-006	6.58442e-008	5.27406e-005	0.00507822	0.354553	0.0047844	1.67436e-005	7.48663e-007	9.40941e-007	9.59629e-005	0.0137308	3.671e-005	0.000301083	8.56462e-006	1.53386e-006	0.00064997	6.85578e-006	2.10543e-006	0.000215263	0.00896743	0.246362	0.065511	0.0631342	0.0118862	0.0124186	0.00268195	0.0162756	4.70486e-005	2.04016e-006	7.08574e-006	
0	0	0	0	0.000275625	0.000185787	0.00210444	0.011998	0.00309827	0.0396611	0.085879	0.0613284	0.0653993	0.00394943	0.000586589	0.00492634	0.00139498	0.475546	0.0245399	0.000242534	5.45651e-008	8.65783e-007	8.74782e-008	0.00042024	0.000149456	3.00182e-005	1.04321e-005	8.29e-008	1.89117e-006	2.5465e-007	6.72733e-008	6.57757e-007	0.00045557	0.0334396	0.285603	0.594508	0.696656	0.846202	0.716831	0.815749	0.995523	0.99847	0.99815	


1	0.903079	0.926216	0.329792	0.624977	0.884332	0.433285	0.72217	0.781307	0.516529	0.138803	0.493634	0.242733	0.35256	0.0704221	0.0686195	0.0437144	0.000948663	4.76309e-005	4.40332e-009	7.06788e-011	1.72992e-013	1.28797e-016	9.08935e-018	3.31623e-020	8.09221e-023	4.42772e-025	7.2066e-029	3.8524e-031	5.00092e-034	1.94641e-036	1.55422e-037	1.79281e-038	2.02373e-039	3.19082e-040	2.38926e-041	2.15324e-041	1.14311e-041	3.27184e-042	2.11999e-042	3.70241e-041	1.96839e-040	7.85234e-040	
0	0.0930064	0.0711405	0.670082	0.332646	0.11067	0.565407	0.276017	0.217045	0.483265	0.859034	0.458701	0.708207	0.217957	0.0704167	0.61433	0.855677	0.0152044	0.0482966	7.55925e-006	4.09455e-007	2.70672e-009	3.29757e-012	7.2082e-014	2.37317e-015	2.25372e-016	1.16964e-016	1.34835e-019	5.80011e-021	1.1296e-022	2.98271e-024	1.73369e-025	4.54158e-025	1.86043e-025	5.24891e-026	1.07948e-027	9.57287e-029	2.29044e-029	1.19011e-030	2.90056e-031	2.8298e-032	1.93384e-033	7.09556e-033	
0	0.00391442	0.0012333	4.91868e-005	0.0423498	0.00429263	0.000350198	0.00156127	0.00104375	0.000108452	0.00214695	0.0474366	0.0463931	0.419709	0.807505	0.111015	0.0161217	0.975256	0.259332	0.962811	0.106185	0.00940482	0.0553666	0.261587	0.00914446	0.017315	0.000275255	1.38672e-005	6.27111e-005	1.3166e-005	9.39982e-007	1.65829e-009	4.60564e-012	4.17443e-016	6.40372e-019	1.94057e-019	2.17004e-019	7.92341e-021	7.77499e-025	8.61566e-028	2.53345e-026	2.42426e-026	3.85061e-028	
0	0	0.00100464	5.31768e-005	8.78517e-006	0.000546697	0.000823576	0.000172956	0.00055061	6.97048e-005	1.07805e-005	0.000183038	0.00256371	0.00746611	0.0257607	0.0404692	0.0113583	1.67542e-005	0.435199	0.000438831	0.0925292	0.00776475	4.46934e-005	0.00084916	0.00533193	0.000469369	0.00138089	1.38866e-006	5.0801e-007	5.33764e-007	8.79726e-007	7.77274e-008	3.89199e-008	2.45802e-008	1.69939e-009	3.33969e-010	1.69129e-011	2.86932e-012	3.07144e-013	2.57715e-013	3.87724e-013	1.15752e-012	6.40542e-013	
0	0	0.000405241	1.11909e-005	1.59786e-005	0.000158491	4.35135e-005	6.66082e-005	4.0627e-005	1.73651e-005	3.60621e-007	4.18306e-005	9.7937e-005	0.00226734	0.025694	0.100636	0.0538217	0.00731355	0.204674	0.0299485	0.741404	0.824525	0.509125	0.174444	0.12909	0.030756	0.0226368	0.0120289	0.00403202	0.00567048	0.00430183	0.00993373	0.00398534	0.000210822	0.000132115	0.000429345	0.000888726	0.000117525	6.66337e-006	2.8426e-007	1.95887e-006	5.79643e-006	4.7518e-007	
0	0	0	1.31551e-005	7.66454e-007	7.58327e-008	9.05887e-005	2.55308e-006	2.79859e-006	1.9638e-006	3.6858e-006	4.52401e-007	4.13007e-006	3.93202e-005	0.000176843	0.0648204	0.0142591	0.000383246	0.0496632	2.08241e-005	0.000316007	0.00617032	4.37308e-005	0.00828951	0.000483459	0.000861279	0.00967697	1.50222e-006	0.000327755	9.65201e-006	0.000307615	2.19457e-006	0.000323898	0.00124682	6.52151e-005	2.73322e-007	3.60604e-007	4.26268e-006	4.30658e-007	1.00928e-007	3.49443e-009	1.03324e-008	5.99156e-006	
0	0	0	2.18557e-008	1.4912e-006	1.12306e-007	3.94997e-008	4.70514e-006	1.30533e-006	1.06101e-007	1.16345e-008	4.12574e-007	5.70879e-008	1.224e-006	2.39238e-005	9.07812e-005	0.00465145	0.000873628	0.00266009	0.00677282	0.0594622	0.151451	0.435374	0.547066	0.854403	0.950021	0.934579	0.986558	0.992432	0.989356	0.959022	0.821287	0.160539	0.00589987	0.000843663	0.00264887	0.00240994	0.000488549	2.17014e-005	8.43573e-007	9.43443e-006	2.60335e-005	7.6876e-007	
0	0	0	0	8.0567e-008	5.69889e-008	1.76986e-007	4.19456e-006	8.33193e-006	9.00608e-006	1.81649e-006	2.57093e-006	6.79508e-007	1.29479e-007	3.49735e-007	1.82797e-005	0.000396158	3.61201e-006	0.000128319	2.0585e-007	0.000103858	0.000684012	4.61416e-005	0.00776459	0.00154705	0.000577565	0.0314506	0.00139656	0.0031451	0.00494973	0.036367	0.168777	0.835152	0.992642	0.998959	0.996922	0.996701	0.99939	0.999971	0.999999	0.999989	0.999968	0.999993	


1	0.999322	0.958996	0.952161	0.275844	0.341911	0.896545	0.708284	0.971457	0.246691	0.315616	0.0359952	0.0260726	0.000391293	0.00237886	0.0287554	0.0594412	0.0197594	2.41182e-005	1.48194e-009	9.4429e-015	5.98446e-020	3.406e-024	1.32141e-026	3.43008e-031	7.24357e-035	1.66125e-039	5.04092e-044	7.49905e-046	4.15586e-049	1.25065e-052	3.16802e-055	1.08413e-056	4.98904e-058	1.24873e-059	1.32691e-060	1.04269e-060	3.70966e-061	7.53772e-062	1.38541e-062	5.82699e-063	3.35553e-063	9.53775e-064	
0	0.000677781	0.0409847	0.0478256	0.723939	0.657988	0.1034	0.291455	0.0284699	0.753305	0.684371	0.963971	0.973837	0.99925	0.763428	0.647192	0.116157	0.0329309	1.72196e-006	3.76492e-010	1.52556e-014	7.71585e-020	1.33714e-022	4.85543e-027	2.07903e-029	1.1037e-030	4.19754e-034	1.31975e-037	3.57506e-037	7.25744e-040	1.04993e-042	9.02099e-045	1.32253e-046	3.81841e-048	2.08323e-049	3.69188e-052	3.75497e-053	2.16172e-055	2.94208e-057	6.08203e-059	2.60857e-059	6.05164e-059	1.13881e-060	
0	4.91011e-008	1.971e-005	1.3539e-005	0.000216778	0.000100477	4.96537e-005	0.000261035	7.22287e-005	3.829e-006	1.2191e-005	3.37623e-005	9.00112e-005	0.000358507	0.234016	0.227349	0.535298	0.00722392	7.17618e-006	3.1077e-009	1.20979e-013	1.04255e-019	1.72728e-022	4.61674e-029	1.29272e-032	1.47003e-033	1.92621e-036	2.6001e-040	5.99567e-040	2.28445e-040	6.02965e-045	3.38952e-046	8.63168e-048	3.55469e-050	2.62545e-051	9.09477e-053	2.57471e-054	2.38659e-056	5.37936e-060	5.57876e-062	9.71955e-062	2.24922e-062	1.19465e-064	
0	0	2.29941e-009	8.85885e-008	6.86414e-009	4.97483e-007	5.24916e-006	9.49577e-008	1.11757e-006	3.42494e-009	2.69598e-007	1.07291e-008	8.15102e-008	7.94464e-008	0.00017742	0.0920879	0.0267667	0.00179474	0.000382044	1.43154e-008	2.72876e-012	3.66536e-016	2.13397e-020	7.00155e-024	2.99623e-029	2.00493e-033	1.82316e-037	4.63761e-041	5.88944e-043	1.31466e-042	1.2789e-043	3.04163e-047	1.05672e-048	2.65969e-050	1.9432e-052	4.96342e-054	3.79539e-056	4.05749e-058	4.26994e-060	5.83695e-063	1.74226e-065	7.69619e-065	2.96698e-064	
0	0	8.66137e-017	1.97685e-011	4.86179e-010	3.36104e-011	3.85223e-007	4.02613e-009	1.21095e-008	2.76906e-010	2.19326e-009	8.81435e-010	2.86285e-009	3.07093e-010	2.12273e-007	0.00461468	0.262305	0.712575	0.271554	0.000104693	8.5162e-009	1.11951e-013	3.52888e-017	5.32199e-019	7.515e-024	2.72992e-026	1.48224e-030	6.62871e-035	6.63965e-035	3.82558e-036	3.96925e-039	1.7122e-043	5.05767e-046	1.84557e-048	3.54923e-051	1.00507e-052	4.94332e-054	1.57686e-055	4.89417e-058	1.41365e-060	3.9463e-063	1.78523e-065	3.60869e-065	
0	0	0	1.20754e-015	2.21404e-014	1.00963e-013	3.84255e-012	1.44331e-010	2.68341e-013	1.28432e-012	2.43369e-014	2.42341e-014	4.10565e-014	2.17453e-013	5.86068e-011	2.3951e-007	2.26196e-005	0.225692	0.727119	0.999766	0.999301	0.998439	0.99981	0.999928	0.995233	0.997439	0.983263	0.776535	0.961918	0.696735	0.495934	0.00113621	2.10829e-006	2.94786e-008	1.98033e-010	9.15298e-013	1.87347e-015	3.02657e-019	7.99514e-023	7.6794e-027	1.0305e-030	6.35274e-033	1.51295e-035	
0	0	0	7.48618e-019	3.49803e-016	5.08945e-013	1.40303e-013	3.92521e-008	2.46208e-010	7.50662e-011	2.83156e-013	1.45849e-013	1.07747e-013	2.40272e-014	1.1744e-011	2.43952e-008	9.45192e-006	2.38956e-005	0.000911297	0.000129379	0.000698813	0.00156108	0.000190089	6.81e-005	0.00476672	0.00256105	0.0167373	0.223465	0.0377622	0.30326	0.504054	0.99846	0.928827	0.969734	0.985071	0.959053	0.199544	0.0101354	0.000875449	1.52841e-005	3.43266e-009	4.81846e-011	2.27036e-013	
0	0	0	0	6.13585e-019	7.97007e-017	4.82402e-013	1.06479e-012	2.68746e-008	4.94133e-009	9.41302e-009	9.80162e-010	6.4584e-010	1.32646e-011	4.69626e-011	1.61668e-009	5.6513e-008	3.94042e-007	3.31832e-007	1.55984e-008	6.67661e-009	6.69274e-009	7.81148e-008	4.08812e-006	4.30087e-009	4.38861e-007	9.16658e-009	3.58506e-008	0.000319777	4.95832e-006	1.20659e-005	0.000403537	0.0711711	0.0302665	0.0149289	0.040947	0.800456	0.989865	0.999125	0.999985	1	1	1	


1	0.981054	0.80263	0.547297	0.405586	0.141768	0.665767	0.143846	0.639958	0.0209428	0.152364	0.101622	0.591546	0.490377	0.893246	0.82986	0.973512	0.876874	0.102905	0.00122742	1.20952e-005	4.58052e-009	5.01447e-012	2.31363e-015	3.80995e-019	3.15876e-021	1.88921e-024	1.18115e-027	8.02406e-029	3.99814e-030	1.52824e-032	6.11005e-033	4.54163e-033	3.43236e-033	2.59076e-033	7.48766e-034	1.2779e-033	1.70643e-033	1.73488e-033	1.06119e-033	7.07851e-034	7.48617e-034	1.92109e-033	
0	0.0189408	0.195389	0.452668	0.555077	0.857857	0.255673	0.855512	0.359256	0.978566	0.832176	0.894965	0.360435	0.470679	0.103926	0.169982	0.0262109	0.0738624	1.20114e-005	2.76952e-007	2.49847e-008	9.55737e-011	1.58351e-015	4.98723e-017	1.35825e-020	5.45916e-024	1.26035e-025	1.36139e-029	1.02875e-031	8.09591e-034	1.14856e-034	1.00688e-031	4.73457e-032	2.41465e-031	2.76809e-030	1.80651e-031	1.59148e-031	2.16034e-032	6.42337e-032	6.15954e-032	2.86904e-032	6.51805e-032	5.19816e-033	
0	4.91899e-006	0.00198111	3.38763e-005	0.0393365	0.000368623	0.0785591	0.000642438	0.000785653	0.000490805	0.0154601	0.00341262	0.0480174	0.0389069	0.0027334	2.56594e-006	2.5878e-005	0.00211124	2.03805e-007	5.25879e-006	1.91293e-010	1.51974e-012	3.6575e-014	5.05136e-019	1.16756e-021	3.37406e-023	3.69256e-027	1.49422e-030	1.40505e-030	2.50059e-034	7.83692e-036	1.12173e-036	7.00457e-035	2.77696e-034	2.55665e-034	3.35286e-033	2.67135e-033	8.63069e-034	1.86636e-035	1.59198e-033	4.62962e-033	1.84191e-032	2.02355e-035	
0	0	1.37956e-012	5.62594e-007	3.28064e-011	2.52048e-006	5.11528e-010	3.14609e-007	3.25688e-007	1.36788e-009	9.24442e-008	2.85179e-007	1.70266e-006	6.95408e-006	4.8608e-005	4.80199e-007	2.26824e-010	1.09326e-010	4.34068e-007	1.14836e-010	1.35545e-011	8.9492e-017	1.69114e-019	1.77289e-022	1.29519e-024	9.02206e-026	1.53704e-028	4.84196e-034	2.50363e-035	3.60342e-035	9.09555e-039	1.18609e-039	1.38174e-040	3.41794e-039	3.01132e-038	7.41972e-039	7.30204e-039	1.27601e-036	4.14194e-038	3.39899e-041	2.15205e-037	9.33652e-038	8.15081e-038	
0	0	3.67162e-013	6.78481e-008	1.6691e-011	4.13422e-006	9.47838e-011	7.35581e-009	9.8518e-008	5.29613e-011	1.36389e-007	2.57772e-007	1.33587e-007	2.96575e-005	3.74285e-005	3.06161e-005	4.13251e-007	7.35534e-009	1.68446e-005	1.76503e-008	3.63344e-011	3.38152e-014	1.49721e-019	4.57062e-020	2.53184e-025	6.81532e-026	8.56301e-029	8.18506e-033	7.53289e-034	4.03081e-036	2.24431e-038	8.27566e-041	1.12179e-041	1.1224e-039	6.78844e-039	1.46937e-039	7.90976e-040	1.84803e-040	8.05597e-040	1.25391e-041	4.66092e-038	8.45127e-039	3.90524e-037	
0	0	0	1.96077e-017	3.56851e-009	5.97669e-013	9.31939e-007	1.58296e-012	3.72243e-010	1.76232e-012	1.77106e-011	1.23113e-010	8.56626e-009	2.47053e-008	8.55673e-006	0.000124207	0.000250621	0.0471327	0.892497	0.583716	0.0881093	0.000744293	7.66679e-006	2.67535e-008	1.16307e-010	1.45134e-010	4.4023e-012	1.89408e-014	1.17276e-013	1.84847e-014	8.09371e-017	7.14783e-020	7.61794e-022	3.91655e-023	1.02381e-024	8.52601e-027	4.35005e-030	5.04442e-034	2.05636e-037	3.69851e-041	1.70491e-044	1.54175e-041	1.69687e-041	
0	0	0	1.18598e-023	1.79205e-019	6.88576e-013	9.98582e-015	3.91325e-010	1.08263e-013	1.57159e-014	1.77317e-015	4.07587e-015	2.52942e-013	1.10682e-011	8.21163e-011	2.8025e-009	9.36743e-009	1.92457e-005	0.00443569	0.408077	0.906917	0.990369	0.996684	0.997515	0.996138	0.860631	0.976605	0.956728	0.583482	0.146426	0.0403805	0.000827302	1.73902e-006	2.11481e-008	2.59532e-010	1.58728e-012	7.06791e-015	1.82724e-017	2.99774e-020	5.90876e-023	1.14362e-026	2.45922e-029	1.04319e-031	
0	0	0	0	5.03304e-021	6.78246e-012	6.227e-012	3.1909e-009	2.16773e-009	5.18377e-011	7.99305e-011	1.98209e-011	3.21242e-011	1.14791e-010	5.09832e-010	1.21112e-008	5.2029e-008	9.04366e-007	0.000132902	0.0069745	0.00496167	0.00888677	0.00330855	0.0024851	0.00386197	0.139369	0.0233946	0.0432718	0.416518	0.853574	0.959619	0.999173	0.999998	1	1	1	1	1	1	1	1	1	1	


1	0.522794	0.357157	0.616818	0.127518	0.594607	0.554866	0.505925	0.703045	0.642315	0.962584	0.91165	0.946299	0.90145	0.864694	0.850579	0.48697	0.122708	0.0139794	1.31141e-005	3.40312e-010	1.27407e-014	1.53936e-019	3.61962e-021	1.77233e-026	1.65921e-030	6.99619e-035	3.05468e-039	4.7674e-042	3.27427e-045	1.50276e-048	4.62423e-049	3.21571e-049	1.07566e-049	5.9646e-050	3.90883e-050	1.37818e-049	3.83793e-049	5.0073e-049	1.54101e-048	6.39759e-048	5.44643e-048	7.10838e-047	
0	0.474717	0.502062	0.367707	0.0555674	0.246782	0.143242	0.140073	0.208793	0.0481138	0.0165938	0.0657395	0.0490367	0.0699895	0.132832	0.123859	0.278784	0.789011	0.588103	0.034889	5.92812e-006	7.79007e-010	5.89185e-014	7.41845e-015	4.20328e-020	2.47971e-024	6.81928e-029	1.28226e-033	1.42735e-036	1.32592e-039	3.26309e-043	1.7198e-044	6.69249e-046	1.03225e-047	6.901e-049	3.45784e-049	9.8778e-048	5.97979e-047	5.9947e-047	6.06251e-047	2.80283e-045	3.77856e-045	6.20803e-044	
0	0.00248925	0.140772	0.0153158	0.816512	0.155783	0.300004	0.353195	0.0877626	0.309196	0.0116755	0.0224174	0.00274781	0.0268653	0.000876592	0.0255373	0.234181	0.0825751	0.00520967	4.61503e-006	3.2666e-005	3.76594e-010	4.92381e-014	4.82877e-018	1.75331e-019	1.14972e-024	1.38909e-028	1.74643e-033	1.11615e-037	9.33354e-041	2.42813e-044	1.09444e-043	4.19295e-044	8.64929e-044	3.62147e-043	3.35656e-045	1.77751e-045	1.01544e-045	1.0047e-044	1.10699e-044	2.51995e-045	4.4368e-045	1.21084e-044	
0	0	4.23799e-006	0.000134054	4.8214e-007	0.00026774	0.000152907	0.000649014	5.94815e-005	0.000141971	1.56005e-005	6.61624e-008	1.22089e-007	5.59494e-009	2.10291e-007	2.01109e-007	3.67844e-006	7.23619e-005	0.00028625	6.84381e-009	3.9056e-010	1.25644e-008	2.56234e-013	4.52553e-015	3.8563e-019	3.1438e-024	3.21753e-027	2.86301e-030	3.67601e-035	1.7924e-039	7.19913e-043	2.39078e-044	4.0661e-044	2.14275e-045	7.33326e-045	1.16184e-045	2.02375e-047	7.21106e-048	8.72716e-047	7.76798e-046	6.71312e-049	1.90398e-049	9.8409e-049	
0	0	5.95023e-006	2.50778e-005	0.000401909	0.0025582	0.00173312	0.000156903	0.000338211	0.000232836	0.00913089	0.000192657	0.00191615	0.00169541	0.0015843	7.05257e-006	6.03173e-005	0.00563287	0.00990132	0.000796747	3.12953e-007	1.18482e-009	3.33722e-011	7.99802e-015	4.89565e-018	2.6622e-019	7.857e-022	1.12406e-025	2.72457e-025	2.83818e-027	1.6658e-029	2.29087e-032	6.22937e-034	1.54545e-035	2.541e-037	1.31465e-039	5.77919e-042	1.81475e-043	1.4264e-046	8.35451e-047	2.27791e-046	1.00651e-046	1.26737e-047	
0	0	0	2.747e-008	6.92975e-011	2.2619e-006	1.39741e-006	5.46953e-007	1.25877e-006	6.30451e-009	1.0268e-008	2.43967e-007	3.01078e-009	1.05138e-007	1.31039e-005	1.64851e-005	4.57839e-007	3.62463e-007	0.382493	0.0428584	0.000279591	1.02475e-005	6.68248e-009	1.33191e-009	4.03441e-014	9.63605e-018	6.13878e-021	9.01108e-023	9.54629e-026	8.19865e-026	1.02505e-026	7.61443e-030	7.56141e-031	3.12728e-034	3.02645e-035	6.08747e-036	7.36822e-037	6.08733e-038	1.219e-040	5.1632e-043	1.95072e-044	9.74812e-048	5.54194e-047	
0	0	0	2.12402e-041	5.55148e-015	7.67375e-017	1.31895e-011	9.47134e-013	6.96741e-013	5.16721e-013	1.18197e-014	2.2719e-015	3.69854e-013	1.51526e-014	3.58695e-012	1.69018e-010	3.232e-011	5.67498e-011	1.78194e-008	0.013667	8.27946e-005	1.40989e-006	6.20062e-008	2.93453e-008	3.38808e-010	1.18531e-012	8.9223e-015	6.39607e-018	1.65227e-020	4.46693e-023	1.92006e-025	1.01723e-029	7.07427e-034	6.19621e-036	1.5083e-039	5.32959e-040	3.24314e-041	8.42961e-042	1.87177e-043	7.42711e-046	3.11217e-048	1.31469e-049	3.25271e-052	
0	0	0	0	3.01918e-010	1.6899e-010	9.98881e-008	8.75568e-008	5.11351e-008	6.94027e-008	1.17283e-008	1.60645e-009	3.34274e-009	1.52628e-009	6.14723e-009	5.5492e-007	7.21148e-007	4.35533e-007	2.71976e-005	0.907771	0.999599	0.999988	1	1	1	1	1	1	1	1	1	1	1	1	1	1	1	1	1	1	1	1	1	


1	0.415983	0.730697	0.168327	0.04284	0.0125822	0.0215449	0.0398113	0.00597043	0.000721858	4.28126e-005	2.61355e-006	4.68653e-007	2.89223e-009	4.61671e-010	1.97442e-011	5.29918e-012	7.2933e-014	3.13198e-015	5.58759e-017	1.6118e-018	2.79541e-021	7.48095e-024	7.65045e-027	7.32423e-031	8.63655e-034	3.16006e-037	5.55962e-039	7.30874e-041	8.37811e-042	1.96349e-044	1.66395e-046	4.908e-048	2.75211e-050	1.02982e-052	9.81641e-054	4.71877e-054	1.33716e-055	2.431e-058	2.12393e-060	5.4713e-062	2.5809e-062	1.63363e-063	
0	3.25006e-005	0.00337393	2.13824e-005	3.38167e-007	3.44255e-006	2.91314e-005	3.0685e-005	6.07989e-008	3.94508e-007	1.54747e-008	8.30056e-010	9.49832e-010	1.30071e-010	6.1627e-011	3.41929e-015	1.31763e-016	1.02613e-015	4.09541e-018	2.41979e-017	1.1864e-020	1.12393e-022	2.61877e-025	5.42143e-026	8.6365e-030	2.91155e-032	2.62541e-035	1.94685e-036	9.27077e-038	1.22046e-038	5.49672e-041	2.12974e-044	1.08036e-047	1.53509e-051	1.02013e-055	7.97646e-056	2.29175e-057	3.80756e-059	2.69939e-063	9.87066e-064	4.47848e-065	3.25739e-065	4.72153e-066	
0	0.583984	0.265231	0.831074	0.951146	0.983118	0.973845	0.950878	0.993385	0.99905	0.999878	0.999776	0.999838	0.99817	0.982942	0.892444	0.349208	0.0266222	0.00378894	0.000114589	2.5507e-006	1.3605e-008	6.92998e-011	2.47302e-013	1.72681e-015	1.1233e-016	1.51323e-018	2.82823e-020	1.68897e-020	3.62581e-021	2.44776e-022	9.9691e-025	4.56709e-026	2.07666e-027	4.53409e-029	1.20024e-030	7.16056e-032	6.89317e-034	1.82965e-036	6.21833e-039	2.03872e-039	1.54189e-039	3.97225e-040	
0	0	0.000695755	0.000575558	0.00601106	0.0042853	0.00456472	0.00919197	0.000639248	0.000216375	7.81885e-005	0.000218965	0.000159904	0.00180642	0.0170464	0.107442	0.650606	0.950729	0.978944	0.954708	0.312359	0.00657893	0.000623613	4.32445e-006	1.45409e-009	2.85382e-012	2.63211e-015	1.09973e-017	2.83884e-019	2.89604e-020	1.51615e-022	4.18709e-026	3.95871e-028	1.61009e-029	8.7789e-031	8.30261e-032	1.90011e-032	1.09786e-034	1.96328e-038	2.90548e-041	1.24587e-041	2.81798e-042	1.86593e-042	
0	0	2.35652e-006	1.51218e-006	2.28637e-006	1.06312e-005	1.60175e-005	4.55492e-005	4.34761e-006	1.02293e-005	1.18927e-006	2.21482e-006	1.55646e-006	2.34729e-005	1.00528e-005	0.000113486	0.000185487	0.0226492	0.0171402	0.0450117	0.687008	0.988802	0.999147	0.999962	0.998053	0.999668	0.993358	0.817652	0.9983	0.0509658	0.00495827	1.72826e-005	4.77476e-008	3.62085e-010	8.17349e-013	1.06784e-015	1.03178e-018	3.60769e-023	4.39443e-027	1.24661e-030	4.18491e-033	1.45341e-034	2.29704e-037	
0	0	0	1.14441e-007	1.90527e-009	4.78024e-008	1.32066e-007	4.08528e-005	1.18871e-007	1.87199e-007	1.20593e-009	4.10268e-010	3.55433e-010	1.13199e-009	1.6665e-006	4.37097e-007	7.16318e-007	4.95807e-008	0.000126579	0.000165304	0.00062968	0.00461693	0.000225809	3.40244e-005	0.00194691	0.00033186	0.00664147	0.182346	0.00167708	0.949032	0.994009	0.997661	0.956693	0.988008	0.99668	0.983218	0.225314	0.00356059	6.63798e-006	1.09055e-008	2.56302e-011	3.15362e-012	5.54695e-014	
0	0	0	1.73629e-009	9.61751e-010	5.77309e-010	1.59615e-009	1.97823e-006	9.44005e-007	3.22749e-007	1.89534e-009	2.25098e-011	9.94732e-013	2.77261e-013	4.27909e-012	3.58858e-008	3.76305e-008	9.84179e-011	1.58697e-008	8.06253e-008	6.00635e-007	2.39522e-006	3.93237e-006	2.73259e-008	6.66871e-009	1.06952e-007	3.9555e-008	1.91516e-006	2.32489e-005	2.21095e-006	0.00103143	0.00231353	0.0432691	0.0116085	0.00321603	0.0167744	0.773868	0.992019	0.996174	0.998007	0.935521	0.189721	0.00787381	
0	0	0	0	3.39607e-010	2.10112e-009	2.5374e-009	5.4279e-008	1.50535e-007	6.4694e-007	1.75122e-007	9.91702e-008	2.78831e-008	2.44132e-009	2.94476e-010	1.93509e-010	7.98994e-010	9.44389e-011	1.25293e-012	3.0343e-011	5.80751e-010	1.84912e-010	6.02458e-010	1.34351e-010	2.56905e-012	3.19477e-010	3.60839e-011	3.07784e-009	1.06137e-007	6.27019e-008	1.17128e-006	8.63195e-006	3.80431e-005	0.00038299	0.000104295	7.39668e-006	0.00081811	0.00441999	0.00381959	0.00199321	0.0644792	0.810279	0.992126	


1	0.837395	0.714135	0.982154	0.998879	0.99822	0.462312	0.935823	0.962949	0.998939	0.998724	0.999875	0.999286	0.999852	0.932919	0.873149	0.963633	0.974069	9.1685e-005	7.56215e-010	8.49074e-015	1.26013e-020	8.94628e-025	5.69674e-028	2.59178e-032	6.86043e-036	9.18296e-041	3.84102e-045	2.30516e-048	6.05483e-053	1.2785e-057	4.34374e-059	1.38384e-060	4.45285e-061	2.39078e-062	2.18047e-063	6.02004e-064	3.61391e-064	7.04647e-064	4.53468e-063	2.24345e-062	1.25456e-061	7.71919e-061	
0	0.157962	0.284105	0.0101056	0.000676136	0.00157338	0.532901	0.0493007	0.0348633	0.000737695	0.00111036	8.99501e-005	0.000655741	2.03117e-005	0.0664887	0.119309	0.0307733	0.00836401	0.000848164	4.73962e-010	3.03645e-014	5.81497e-020	1.30451e-026	1.94047e-029	5.32027e-035	4.78078e-040	7.25455e-042	3.17554e-046	2.00621e-052	8.67032e-053	4.27933e-057	9.64086e-059	1.81839e-060	1.06354e-060	1.18915e-061	1.19052e-062	4.16961e-064	4.00938e-064	2.54716e-064	7.46394e-065	3.81733e-066	2.78441e-063	1.0356e-060	
0	0.00464321	0.00162534	0.0045253	0.000124573	0.000128578	0.004786	0.00595764	0.00184993	0.000264023	0.000161304	2.28162e-005	5.20405e-005	1.04593e-005	0.000142027	0.00616985	0.0046621	0.00527726	0.00055998	2.20127e-009	2.38118e-012	4.80916e-016	2.41819e-019	2.51825e-022	5.23671e-026	4.22503e-030	9.12934e-034	2.32009e-037	1.84494e-041	5.98029e-045	2.27427e-048	1.75006e-051	3.2598e-053	1.01696e-054	4.90308e-056	6.30027e-058	8.67884e-060	2.12346e-060	1.54685e-060	1.10517e-060	3.41925e-063	4.9914e-065	2.72276e-063	
0	0	0.000131136	0.00321309	1.20521e-005	3.3323e-006	1.48343e-007	0.00889162	0.00019217	2.14915e-005	8.08188e-007	1.30793e-006	1.03754e-007	1.26949e-006	1.74835e-007	0.000202932	0.000231188	0.00210987	1.86276e-006	5.26439e-008	5.4004e-012	7.7133e-016	9.84342e-018	7.40273e-019	4.23547e-022	2.5014e-024	1.25559e-028	3.22385e-032	9.82101e-035	2.46188e-038	2.201e-042	1.2097e-045	2.05252e-048	1.59078e-051	2.08124e-054	1.14915e-056	1.39257e-057	1.51409e-058	1.34499e-059	5.90076e-060	1.5458e-059	1.25557e-060	2.63369e-061	
0	0	3.64255e-006	1.8539e-006	0.00030774	7.3334e-005	1.66432e-007	2.72068e-005	0.000145168	3.81662e-005	3.61702e-006	1.09744e-005	5.96943e-006	0.000115087	0.000376028	1.40935e-005	1.68659e-005	0.000576578	1.50766e-006	4.05089e-007	2.03071e-010	2.14898e-014	1.12399e-015	1.41998e-019	1.21801e-020	1.43147e-020	3.74589e-023	7.64372e-026	1.28595e-025	6.16579e-028	1.80651e-030	1.26605e-032	1.91093e-035	1.38726e-037	1.46595e-039	4.27762e-042	4.78246e-044	8.05108e-046	2.71964e-048	5.27027e-050	1.21566e-048	2.07507e-047	6.89909e-049	
0	0	0	1.85023e-008	1.1794e-010	1.40862e-006	3.37438e-010	3.62269e-012	7.00919e-007	2.00928e-009	1.36457e-007	1.68304e-009	1.21525e-008	6.28395e-007	7.41142e-005	0.0010615	0.000431409	8.4154e-005	0.000250423	4.70225e-007	1.85149e-010	6.97687e-014	1.39303e-017	7.61958e-020	2.47391e-023	1.60557e-022	1.10751e-024	1.56229e-028	3.80073e-028	2.68948e-029	3.54287e-031	3.81631e-035	6.75657e-037	7.61086e-039	3.22882e-041	1.70269e-043	1.54314e-047	5.90461e-048	5.09259e-050	4.16886e-052	3.98626e-051	3.08731e-051	7.03556e-049	
0	0	0	1.60525e-012	4.09235e-012	8.37778e-011	1.5905e-008	4.15257e-011	1.99501e-011	2.04094e-010	4.56317e-011	1.37218e-011	8.90238e-012	3.77401e-011	2.85739e-007	9.38218e-005	0.000250453	0.00949481	0.99815	0.987114	0.99172	0.995283	0.920311	0.99899	0.932999	0.836444	0.965227	0.753439	0.902961	0.318368	0.183056	0.00133932	1.09398e-005	3.09778e-006	7.6139e-008	1.64491e-008	3.86026e-011	6.13106e-013	1.17393e-014	1.94721e-016	1.88568e-019	1.88296e-021	1.6488e-022	
0	0	0	0	1.71899e-015	2.47855e-014	4.03829e-013	1.7714e-008	3.70946e-010	6.59594e-011	5.72354e-013	1.87833e-013	2.81752e-014	2.14463e-013	8.60852e-012	2.79553e-008	1.39051e-006	2.44048e-005	9.6715e-005	0.0128855	0.00827993	0.00471705	0.0796894	0.00100975	0.0670015	0.163556	0.0347732	0.246561	0.0970393	0.681632	0.816944	0.998661	0.999989	0.999997	1	1	1	1	1	1	1	1	1	


1	0.995926	0.998617	0.996757	0.995293	0.977558	0.999691	0.986975	0.99783	0.999695	0.998815	0.966686	0.989748	0.569858	0.0656703	0.00165504	9.20881e-005	2.82468e-006	1.39824e-010	1.79287e-013	1.63507e-016	1.34461e-019	2.95895e-022	2.06672e-025	6.89099e-028	9.25296e-030	3.19285e-031	1.19119e-034	1.24349e-035	3.95705e-038	1.58333e-039	1.65738e-040	2.5696e-042	9.77155e-043	2.61982e-043	7.13653e-045	9.52256e-046	8.28193e-047	3.73685e-047	1.1569e-047	6.04942e-048	1.88555e-047	1.04328e-047	
0	0.0032218	0.00136822	0.00320581	0.00465694	0.0223858	5.93962e-005	0.0130234	0.000981792	0.000304869	0.00110857	0.0333048	0.0100887	0.428899	0.402624	0.0193889	0.0156105	0.000158288	8.2749e-008	3.89647e-009	1.12413e-011	1.95551e-015	2.43163e-016	1.58241e-020	8.29702e-024	2.61872e-025	8.30223e-028	5.32038e-032	4.2538e-031	9.74e-033	5.44229e-035	3.56028e-037	4.6561e-040	4.60711e-042	4.5539e-044	5.03683e-046	1.45393e-047	2.29225e-049	5.23705e-051	9.19016e-051	1.09577e-049	3.9471e-051	8.76203e-051	
0	0.00085259	1.03915e-005	3.72703e-005	4.98439e-005	5.65383e-005	0.000201573	1.24373e-006	0.00118778	1.99903e-007	7.65337e-005	9.18268e-006	0.000163582	0.00124375	0.531681	0.968736	0.932576	0.731584	0.636077	0.716439	0.179594	0.015221	0.0045686	8.9117e-005	6.03769e-008	1.19096e-008	4.80098e-010	1.2291e-012	2.13555e-012	2.03252e-012	2.55014e-013	1.49873e-016	3.78401e-019	1.19239e-021	1.09633e-023	4.61704e-026	3.24266e-029	6.90688e-033	1.17058e-036	3.8051e-040	6.10815e-042	1.47622e-044	2.34963e-045	
0	0	3.88958e-006	4.57628e-008	2.3541e-008	1.38612e-008	4.8392e-005	8.78632e-008	3.40052e-007	5.14697e-008	1.17619e-009	6.05935e-010	2.60572e-008	1.29834e-008	2.50097e-005	0.0102197	0.0517209	0.268207	0.36392	0.27428	0.818122	0.96891	0.0990237	0.0285158	0.00075953	3.24509e-005	4.51387e-005	1.52929e-006	3.30448e-008	3.56493e-008	5.51974e-008	1.62232e-010	2.55297e-012	3.6618e-013	5.5567e-014	9.91936e-015	6.45894e-017	1.15198e-018	1.31942e-020	5.05928e-023	2.12813e-027	6.42674e-030	8.14396e-031	
0	0	2.12029e-013	4.32356e-009	7.82983e-012	6.10073e-012	7.52677e-013	9.02759e-009	1.07832e-010	1.13155e-010	8.64974e-011	2.41072e-012	4.71349e-013	3.2756e-011	6.12892e-014	5.65701e-010	3.42573e-007	3.1467e-005	1.65389e-006	0.000156575	0.0015495	0.0119432	0.890526	0.969849	0.954213	0.891405	0.192927	0.000196651	3.68831e-005	2.25386e-009	5.94432e-011	6.78442e-013	1.06091e-015	8.2736e-017	7.16647e-018	1.56959e-019	1.52225e-019	5.44261e-022	1.63646e-021	1.0314e-023	6.60098e-026	5.93505e-029	1.83631e-032	
0	0	0	4.59708e-010	2.88432e-012	2.20186e-011	7.3376e-013	2.47425e-007	7.16166e-011	1.14027e-010	1.22775e-012	5.42254e-013	1.16033e-013	1.34392e-011	1.21585e-010	2.17051e-010	5.70468e-008	1.57541e-005	7.71709e-007	0.00912451	0.000701665	0.00392078	0.00582642	0.00154331	0.0450251	0.108086	0.805694	0.997136	0.942561	0.857453	0.771898	0.304617	0.00036655	2.33594e-006	1.03959e-007	1.68311e-009	1.59501e-011	5.58958e-015	8.09726e-019	3.68191e-022	9.57569e-025	5.58245e-026	5.10331e-029	
0	0	0	9.60652e-020	7.30097e-013	2.09784e-014	1.77602e-012	1.01284e-011	7.20993e-009	1.49705e-010	3.20186e-013	1.95461e-015	6.58806e-016	7.61617e-017	1.07283e-013	5.3322e-014	1.02496e-012	2.19396e-012	1.46231e-010	1.30597e-009	1.76876e-005	1.12876e-006	1.82634e-005	2.06912e-007	1.21466e-006	5.41972e-005	0.000567171	0.0023907	0.000835001	0.122404	0.156473	0.687278	0.985897	0.903162	0.937119	0.927558	0.868793	0.913364	0.735963	0.459786	0.0151178	0.00832204	0.00055136	
0	0	0	0	2.47197e-012	9.35742e-013	1.69383e-012	1.67116e-012	9.75285e-009	8.07931e-010	2.41039e-010	4.62092e-011	1.11582e-011	4.65789e-012	1.31192e-012	4.31146e-013	2.88121e-012	6.72963e-011	3.55896e-009	6.19338e-009	1.54073e-005	4.17458e-006	3.68019e-005	2.18012e-006	7.01863e-007	0.000422815	0.000766342	0.000274899	0.0565675	0.0201424	0.0716295	0.00810471	0.0137368	0.0968354	0.0628812	0.0724419	0.131207	0.0866357	0.264037	0.540214	0.984882	0.991678	0.999449	


1	0.763696	0.829708	0.220186	0.0981271	0.0227873	0.0842621	0.0279733	0.0629723	0.0136733	0.00083329	1.61427e-005	5.71864e-007	8.70177e-010	2.17994e-011	9.87668e-013	6.64854e-014	2.377e-015	8.34675e-020	2.55129e-024	4.31078e-029	2.89115e-033	6.05276e-038	8.43475e-040	3.15463e-044	3.06107e-049	1.27861e-053	1.96147e-057	9.32098e-062	2.22541e-066	8.1593e-071	1.61544e-071	1.20185e-072	1.92528e-073	3.73845e-074	1.16791e-074	4.08856e-075	1.13351e-075	1.39879e-076	3.36594e-077	2.60552e-077	5.7615e-077	1.12988e-077	
0	0.153603	0.152491	0.743578	0.292964	0.307635	0.735669	0.955244	0.800928	0.458104	0.0656268	0.00182469	0.000123853	6.47046e-007	4.26442e-009	1.96786e-010	2.44076e-011	6.46957e-012	2.86798e-016	1.32412e-020	8.49571e-025	5.44385e-029	2.41382e-033	1.70986e-034	6.54068e-038	1.00972e-041	5.78819e-046	6.91552e-050	5.51857e-054	3.39912e-058	1.68845e-062	3.23864e-063	6.22554e-064	8.22626e-065	2.54362e-065	1.80947e-066	1.05174e-066	3.00923e-067	8.54688e-068	3.80479e-068	3.32656e-068	1.24156e-067	3.7764e-067	
0	0.0827016	0.0132214	0.036087	0.602457	0.660071	0.162188	0.0154072	0.13389	0.527617	0.897678	0.941544	0.689627	0.327227	0.000947678	1.6493e-005	1.82992e-007	2.51307e-008	4.00119e-012	1.07193e-015	4.22708e-020	2.56572e-023	2.17706e-026	2.25132e-028	2.54003e-030	1.17139e-031	8.41129e-034	4.10362e-037	3.96038e-037	6.52494e-042	8.97844e-045	2.63992e-047	3.47905e-050	8.54218e-052	1.47746e-053	1.5285e-056	8.80055e-059	3.06691e-061	4.52687e-063	3.41368e-064	1.27231e-063	2.30939e-063	1.10096e-064	
0	0	0.00457997	0.000140367	0.00640597	0.00950242	0.0172624	0.00135861	0.00184782	0.000597735	0.0358463	0.0565294	0.309584	0.662896	0.905951	0.185391	0.116505	0.0664544	0.00525207	0.000648496	1.35239e-005	3.23594e-008	1.26248e-008	5.8419e-010	1.96762e-011	1.16996e-011	2.0869e-013	2.02145e-015	5.65627e-014	4.51042e-015	2.34622e-017	2.20182e-018	4.33668e-020	1.40569e-021	2.13803e-023	4.4421e-025	1.88598e-027	4.83009e-030	1.84715e-033	4.60967e-036	9.37309e-037	1.21796e-037	3.27772e-039	
0	0	6.2852e-008	7.6499e-006	4.62669e-005	3.94088e-006	0.000609581	2.18799e-006	0.000359439	6.11672e-006	1.5465e-005	8.51165e-005	0.000662704	0.00986236	0.0922207	0.801386	0.789532	0.608294	0.513867	0.0262599	0.00657814	0.000232501	2.88655e-005	1.04989e-007	1.64138e-008	1.21407e-008	5.30134e-009	7.90103e-011	1.04992e-010	9.21974e-012	1.71275e-013	1.65681e-014	1.05564e-015	1.883e-016	3.18732e-017	2.44683e-019	4.45028e-023	2.58073e-026	7.19581e-030	1.64171e-033	1.09387e-035	5.60728e-037	1.81618e-039	
0	0	0	4.64725e-007	6.31047e-008	4.55413e-007	8.28919e-006	1.01453e-005	8.39114e-007	1.25235e-006	6.52761e-008	1.57468e-007	2.00635e-006	1.36523e-005	0.000743846	0.0130066	0.0936374	0.315764	0.479521	0.958906	0.989084	0.982327	0.991501	0.981636	0.993412	0.996828	0.992275	0.902399	0.991731	0.713925	0.360031	0.408079	0.287961	0.480294	0.281038	0.130897	0.00281407	0.000115872	1.56947e-006	2.97833e-008	7.31039e-010	1.12433e-010	1.24129e-011	
0	0	0	5.21918e-011	9.76607e-010	5.05677e-009	7.4666e-007	3.28286e-006	1.18198e-009	1.69309e-007	1.02498e-009	7.56349e-011	1.91404e-008	1.14425e-007	0.000136316	0.000193381	0.000183155	0.00932106	0.000497531	0.0119172	0.000324041	0.00131348	0.00391331	0.00260821	0.00393025	0.00247149	0.0071077	0.0837635	0.00748166	0.282271	0.630107	0.312689	0.379842	0.34989	0.603374	0.238282	0.00691116	0.000257334	6.03341e-008	2.62376e-010	1.07595e-012	3.27405e-012	3.57361e-012	
0	0	0	0	2.49323e-010	5.80438e-010	1.44212e-008	9.7821e-007	1.03059e-006	5.33781e-008	1.24194e-009	1.33083e-011	3.3516e-011	1.3495e-010	8.52016e-009	6.87088e-006	0.000142082	0.00016645	0.000862764	0.00226834	0.00400048	0.0161266	0.00455636	0.015756	0.00265796	0.000700756	0.000617507	0.0138372	0.000787612	0.00380482	0.00986233	0.279231	0.332197	0.169816	0.115589	0.630821	0.990275	0.999627	0.999998	1	1	1	1	


1	0.965483	0.183532	0.287454	0.0687692	0.0653477	0.0989559	0.126061	0.260722	0.185406	0.0741009	0.0406225	0.0151744	0.00132041	8.45169e-005	3.9854e-007	2.08306e-009	1.3317e-011	4.20986e-017	7.38986e-021	8.62323e-026	2.27221e-030	1.64916e-035	6.91395e-039	6.41721e-043	2.28959e-045	5.41549e-050	6.56426e-056	1.06135e-057	3.0759e-063	1.83317e-067	1.02461e-070	2.87452e-072	3.42456e-073	4.23864e-074	3.19337e-075	6.19064e-076	1.18496e-076	1.26971e-077	8.91e-079	3.12581e-078	1.29467e-077	1.08336e-077	
0	0.00088519	0.81447	0.508077	0.083064	0.0017918	0.361784	0.830757	0.546368	0.134318	0.0107067	0.000891487	0.000905262	1.09689e-005	1.11474e-005	2.8871e-008	3.99174e-010	1.69833e-013	1.47851e-017	4.92402e-022	4.17861e-025	7.17513e-030	1.87796e-034	2.19329e-039	1.19886e-043	3.45762e-046	2.9173e-050	9.73313e-055	8.40415e-058	8.73792e-062	4.49673e-066	1.60117e-067	3.57959e-067	6.74324e-067	6.58735e-067	2.44536e-067	7.72156e-068	3.90401e-068	9.04642e-069	1.12833e-069	4.91702e-071	1.17096e-070	1.0267e-070	
0	0.0336316	0.00198507	0.204431	0.840742	0.932024	0.22503	0.0429649	0.163394	0.68024	0.70658	0.95163	0.822367	0.906671	0.0121946	2.28755e-005	2.46032e-007	4.89291e-009	6.74219e-013	8.11441e-015	4.39183e-018	1.5512e-021	5.68782e-024	1.17476e-028	6.22032e-030	1.04408e-028	7.4442e-031	8.36449e-035	2.87314e-033	1.2068e-037	1.60316e-040	1.16652e-044	2.03077e-046	1.02004e-047	7.83626e-049	2.02843e-051	2.08502e-053	1.69976e-055	1.11207e-057	1.25987e-059	2.96921e-059	3.53247e-059	2.47368e-060	
0	0	1.28155e-005	3.809e-005	0.0074249	0.000836034	0.314225	5.08947e-005	0.0295026	3.23077e-005	0.208612	0.00685145	0.161553	0.0919845	0.987547	0.999872	0.999967	0.971625	0.975852	0.792251	0.0169239	3.87027e-005	4.52855e-007	1.50197e-009	2.98368e-012	6.77923e-011	3.06873e-013	1.3819e-017	5.77597e-016	4.36371e-018	5.94631e-021	3.14096e-026	5.96125e-028	1.05229e-029	8.0346e-032	3.48128e-033	5.12533e-036	1.50761e-038	1.97298e-042	3.83225e-046	7.24283e-048	4.30631e-050	1.91112e-050	
0	0	4.30641e-021	6.69702e-010	3.92963e-010	1.04084e-007	4.36472e-006	6.30393e-005	6.37189e-009	7.08682e-007	1.19816e-009	4.59545e-006	8.00647e-007	1.30641e-005	0.000161015	0.000104733	3.29061e-005	0.028375	0.0241433	0.207298	0.951851	0.922619	0.996188	0.999911	0.420248	0.714645	0.251526	0.00130605	0.0123967	0.000191691	4.95377e-006	3.03914e-010	9.27924e-014	3.0103e-016	9.17745e-019	2.36182e-021	8.85194e-025	2.68843e-028	7.6607e-033	1.31818e-037	2.00031e-042	7.15752e-046	2.69e-048	
0	0	0	8.02199e-011	2.07991e-012	3.78617e-009	5.16715e-009	0.000103769	2.14859e-008	5.0178e-007	1.35916e-011	5.59459e-008	2.22934e-010	1.07499e-007	2.16473e-006	4.46281e-007	2.57219e-008	3.41137e-007	4.94917e-006	0.000451564	0.0312235	0.077228	0.00294202	8.78803e-005	0.579752	0.236743	0.74787	0.998382	0.753718	0.995951	0.994461	0.997478	0.135218	0.0646366	0.288151	0.0530419	0.000439941	3.21338e-007	2.81927e-010	5.45826e-014	7.53885e-018	4.08922e-020	3.91969e-022	
0	0	0	3.1323e-027	8.93498e-013	8.12857e-015	2.06898e-009	1.32536e-008	8.54337e-006	7.3696e-007	8.33412e-009	1.67293e-010	1.51532e-010	1.93053e-012	3.60932e-010	5.50681e-010	5.20239e-010	1.09013e-012	2.70932e-011	1.71551e-008	1.08735e-006	0.00010636	0.000852153	1.91425e-007	1.10995e-007	0.0445425	0.000295272	0.000302225	0.20984	0.00282961	0.00536982	0.00248605	0.861948	0.826946	0.531068	0.836583	0.915624	0.905304	0.879844	0.960447	0.939969	0.847932	0.0689015	
0	0	0	0	2.08264e-013	4.81757e-014	3.025e-010	7.21488e-010	4.22423e-006	1.77283e-006	7.86353e-007	2.26552e-007	5.45335e-008	2.98417e-009	4.33999e-010	7.9712e-010	4.30029e-010	1.17441e-011	7.87959e-011	1.17401e-009	6.60116e-007	8.15276e-006	1.71342e-005	4.39132e-007	3.62737e-008	0.00406936	0.000308353	9.39749e-006	0.0240449	0.00102786	0.000163729	3.61433e-005	0.00283365	0.108417	0.180781	0.110375	0.0839357	0.0946958	0.120156	0.0395532	0.0600306	0.152068	0.931099	


1	0.961226	0.694831	0.819283	0.721051	0.541976	0.87152	0.397163	0.813256	0.184059	0.530444	0.203832	0.300116	0.0170242	0.00316888	0.000119825	8.34627e-006	7.98793e-007	1.91005e-012	1.21453e-016	4.7678e-023	1.85931e-029	2.32094e-035	9.07656e-039	1.27049e-044	6.08846e-049	1.84359e-054	1.76745e-059	4.52122e-063	2.30273e-067	1.75045e-072	4.73541e-074	1.94902e-075	1.12588e-076	8.95769e-078	8.34465e-079	6.58191e-079	2.71513e-079	7.0462e-080	5.36192e-080	4.34004e-079	8.2723e-079	8.89173e-079	
0	0.0356038	0.304039	0.165953	0.239757	0.301405	0.12769	0.591686	0.16842	0.797061	0.293081	0.420606	0.121287	0.103266	0.00400199	1.21619e-005	1.10436e-007	2.23525e-007	5.80789e-012	1.77668e-014	4.00177e-019	2.70723e-023	4.03435e-027	5.16337e-031	2.61857e-033	2.2368e-035	6.40878e-038	2.53992e-040	3.11463e-041	2.00731e-043	4.06643e-045	4.06445e-046	6.49429e-048	6.30931e-049	2.53221e-049	4.53526e-051	1.71846e-051	9.55854e-053	1.64325e-053	3.83748e-054	1.17938e-052	2.05753e-051	8.58006e-052	
0	0.00317006	0.00111506	0.00882371	0.0390093	0.151887	0.000767011	0.0100571	0.0169898	0.0188716	0.176042	0.374974	0.577888	0.856531	0.388823	0.00766207	0.000813143	1.50882e-005	3.22893e-009	3.73226e-011	1.7821e-015	3.73932e-020	3.56034e-023	5.37072e-028	1.43532e-030	1.871e-031	3.20875e-034	2.01921e-037	1.01476e-036	1.82403e-039	1.50336e-042	2.24537e-044	3.49142e-046	2.32379e-047	7.06469e-049	3.31416e-051	1.72712e-053	1.14912e-054	3.91387e-056	4.23217e-056	9.07822e-055	2.71969e-054	6.7064e-055	
0	0	1.52765e-005	0.00594077	0.000125398	0.00473115	8.78224e-006	0.00109365	0.0011551	8.30065e-006	0.000426514	0.000586577	0.000683881	0.0226091	0.595731	0.762503	0.196371	0.0110989	0.000954507	0.000889534	1.51722e-005	5.98441e-008	8.14343e-010	1.64428e-013	5.82066e-017	1.38188e-018	1.59719e-021	1.86144e-024	3.43163e-025	9.6478e-026	6.34594e-028	3.07641e-029	2.42045e-031	1.65186e-033	4.42411e-035	2.60222e-037	4.55452e-039	1.4054e-041	2.0695e-044	6.18761e-047	1.37971e-046	1.86879e-048	8.34815e-050	
0	0	3.89902e-008	5.3757e-008	4.74609e-006	6.35344e-007	3.42642e-006	1.5172e-009	1.13545e-005	2.02571e-009	6.23685e-006	9.3708e-007	2.25809e-005	0.00056666	0.00795273	0.00496498	0.00188679	0.00492687	2.74662e-005	2.05879e-005	5.55674e-008	9.38662e-010	3.34929e-011	1.80765e-012	3.53105e-018	3.31531e-019	3.7215e-024	4.94505e-026	1.70495e-026	2.00304e-027	6.52414e-030	2.75085e-032	8.56419e-033	1.85832e-035	8.7399e-038	1.82409e-038	4.65048e-041	1.19817e-043	3.23552e-046	1.15404e-047	4.56388e-047	2.25677e-048	4.69168e-049	
0	0	0	2.76552e-008	5.32305e-005	3.64822e-007	1.16576e-005	7.0782e-010	0.00016788	1.72128e-007	6.41676e-007	1.38454e-007	2.43229e-006	3.26444e-006	0.000322539	0.224738	0.800823	0.938957	0.877653	0.196044	0.00176504	9.47953e-006	2.44907e-008	1.49244e-011	6.69416e-014	4.52528e-014	9.67242e-016	7.49471e-019	5.42315e-019	7.32452e-021	2.82408e-023	8.70355e-027	5.54889e-029	1.1142e-030	1.66117e-032	7.16556e-035	1.45131e-038	2.56331e-041	8.53711e-044	1.21811e-046	4.15821e-048	1.26373e-049	6.35792e-051	
0	0	0	2.05182e-024	3.78989e-013	7.45341e-009	4.04057e-010	5.82076e-009	7.19244e-013	6.58567e-009	6.75762e-011	1.29368e-011	4.04554e-011	1.03218e-010	1.86064e-009	8.6091e-008	9.32753e-005	0.0449898	0.121245	0.793565	0.996137	0.994916	0.997922	0.999451	0.99123	0.962366	0.982734	0.937981	0.936142	0.145579	0.0483588	0.000300829	2.30433e-006	7.0223e-008	5.27103e-010	2.49878e-012	1.15397e-015	6.39669e-019	1.08396e-021	1.76858e-024	2.37226e-028	4.07492e-031	6.25605e-034	
0	0	0	0	2.6467e-013	3.66978e-009	1.84458e-009	2.74976e-008	6.87197e-009	9.99119e-009	1.56636e-009	3.84572e-011	9.49143e-012	2.87731e-011	4.29434e-010	1.20178e-008	4.42244e-006	1.08677e-005	0.000119308	0.00948134	0.00208271	0.0050744	0.00207755	0.000549299	0.00876972	0.0376337	0.0172659	0.0620189	0.0638582	0.854421	0.951641	0.999699	0.999998	1	1	1	1	1	1	1	1	1	1	


1	0.935404	0.995515	0.948412	0.463285	0.494612	0.961609	0.998235	0.277329	0.327675	0.00446804	0.000143085	3.70281e-006	3.99241e-008	4.19138e-010	1.61119e-011	2.09488e-013	1.32052e-014	4.32237e-020	5.22709e-026	2.63553e-031	5.5899e-037	4.90374e-044	9.07403e-048	3.36911e-054	1.21338e-059	3.21421e-066	2.84791e-073	1.7838e-076	2.36413e-081	1.8993e-087	2.86536e-089	5.55451e-091	4.70842e-092	3.43342e-093	7.97956e-095	2.34374e-095	1.63521e-096	2.28329e-097	7.69372e-098	5.05106e-098	6.15728e-098	1.37068e-097	
0	0.0642399	0.00443428	0.0515794	0.536279	0.497327	0.0365064	0.00173955	0.722568	0.672282	0.99528	0.999546	0.997428	0.997464	0.00374716	5.75122e-005	9.09124e-007	7.15371e-009	1.77996e-012	8.94206e-018	1.79603e-021	1.57877e-026	1.11123e-031	1.88614e-036	1.19692e-039	1.34909e-040	5.21536e-045	1.35085e-050	1.20504e-049	1.42175e-053	3.0349e-058	1.7309e-061	5.4913e-064	1.00623e-065	2.99174e-068	6.22364e-072	5.47909e-076	7.41538e-080	3.96397e-082	2.33179e-084	2.61187e-085	6.57176e-086	7.64168e-087	
0	0.000356112	4.8525e-005	8.54256e-006	0.000435245	0.00806071	0.00169885	5.28288e-006	0.000102829	4.35553e-005	0.000251693	0.000311048	0.0025682	0.00253557	0.996252	0.996153	0.997211	0.879216	0.951766	0.424231	0.00804133	7.55935e-006	2.8221e-009	1.4715e-012	5.67812e-017	7.39058e-019	2.62614e-023	8.34379e-028	4.01531e-027	8.53633e-028	1.03978e-031	4.21245e-035	4.53889e-038	4.87616e-041	1.04023e-043	5.84264e-045	1.52681e-047	1.89321e-050	2.8024e-055	1.22561e-059	1.24251e-061	5.66271e-064	7.70633e-066	
0	0	1.89605e-006	1.2386e-007	4.74703e-010	2.95489e-007	0.000185528	1.97851e-005	4.40545e-009	8.49512e-009	3.67574e-011	5.47935e-011	6.63242e-010	4.41313e-009	1.29084e-006	0.00378944	0.00278218	0.120535	0.0470177	0.566082	0.634322	0.508787	0.00276777	0.000141445	1.04023e-007	2.70394e-010	2.60035e-013	9.1762e-016	1.35892e-017	2.65141e-018	1.25039e-020	4.87555e-023	5.60285e-025	1.31309e-026	2.28096e-028	8.99526e-029	1.45946e-029	7.05539e-031	3.07582e-033	2.82701e-035	1.46888e-038	7.53017e-041	3.80889e-042	
0	0	5.85279e-016	3.24431e-010	6.96084e-011	1.60389e-013	2.1238e-011	9.31612e-009	1.74435e-008	5.09969e-012	1.28365e-013	1.32624e-015	2.36373e-015	5.5106e-013	6.82646e-013	8.84621e-010	5.64061e-006	0.000249443	0.00121603	0.00968652	0.356976	0.483042	0.997214	0.999759	0.19442	0.597915	0.00566401	4.53867e-006	7.00291e-005	1.77363e-007	2.41665e-011	2.6479e-015	3.25317e-019	5.20851e-023	5.14583e-027	2.64813e-030	3.96152e-033	2.97849e-034	6.44614e-035	6.51343e-037	2.04437e-037	4.84698e-040	4.12321e-044	
0	0	0	3.22052e-016	2.37028e-014	2.56645e-014	2.80894e-015	4.4395e-013	4.9153e-014	2.06749e-010	5.13823e-015	2.29024e-018	1.69414e-020	1.27147e-018	2.48045e-016	1.88931e-016	5.86545e-015	4.73791e-009	3.26597e-008	8.71452e-007	0.000660722	0.00816339	1.8092e-005	9.98969e-005	0.80558	0.401718	0.994321	0.999867	0.994251	0.98996	0.999205	0.784076	0.018356	0.0368721	0.0619514	0.00020606	8.34091e-009	4.42353e-014	3.03226e-018	1.60173e-022	1.36706e-027	1.57044e-028	6.31642e-030	
0	0	0	1.26038e-022	1.35556e-018	7.24535e-016	4.3998e-016	1.07184e-014	3.13614e-015	6.64364e-015	7.38884e-015	5.74739e-018	2.34913e-021	3.51891e-024	1.07588e-021	4.01818e-019	1.44829e-018	2.70535e-016	1.88703e-013	8.3035e-012	6.35986e-010	3.89646e-007	2.81587e-007	7.14724e-011	2.09185e-008	0.000367107	1.47859e-005	0.000128671	0.0056789	0.0100386	0.000794895	0.215921	0.977172	0.948336	0.92069	0.977274	0.749919	0.584727	0.594652	0.470531	0.0811344	0.0266025	0.000815184	
0	0	0	0	8.72563e-023	3.2537e-019	6.70535e-017	5.32985e-016	4.76155e-016	5.14176e-016	6.30244e-018	4.28009e-018	4.11704e-020	5.76883e-023	4.9087e-025	4.18385e-023	1.78617e-021	3.49509e-021	6.67058e-018	8.22465e-017	2.01496e-015	1.20784e-012	1.33229e-012	5.75354e-012	9.42928e-015	8.05574e-010	6.70634e-010	7.35375e-011	1.65597e-007	1.05335e-006	1.56832e-007	3.06124e-006	0.00447183	0.0147921	0.0173586	0.02252	0.250081	0.415273	0.405348	0.529469	0.918866	0.973398	0.999185	


1	0.55887	0.99844	0.888977	0.743835	0.640431	0.993825	0.998748	0.604954	0.94731	0.0694097	0.0186641	0.00280128	0.000142438	0.000121015	7.93118e-005	4.2301e-006	2.80653e-008	1.1548e-013	1.41086e-020	4.56026e-027	7.22264e-034	1.03898e-038	1.11155e-041	1.38184e-047	7.06884e-053	4.94514e-058	4.5385e-064	1.26604e-069	8.52311e-074	1.02999e-078	1.35782e-080	8.11647e-082	3.33031e-083	7.47896e-085	5.65277e-086	1.08021e-086	2.09514e-087	2.70044e-088	5.33143e-089	1.0585e-088	5.49478e-089	1.73149e-088	
0	0.441124	0.000913061	0.111023	0.251641	0.358068	0.00588686	0.00125004	0.395045	0.0526569	0.930587	0.978699	0.99544	0.990041	0.0180285	0.0102498	0.00280586	8.1302e-006	6.19701e-009	4.36242e-015	1.58381e-020	6.07183e-027	6.55479e-030	1.90068e-033	1.49371e-037	3.63712e-039	2.17719e-043	4.90623e-050	5.13706e-052	9.99301e-057	3.35161e-061	9.72124e-067	1.00762e-069	7.70439e-073	5.24391e-077	2.59168e-081	2.83521e-085	2.36776e-088	8.98084e-090	1.17883e-090	3.05016e-089	1.02828e-090	1.08505e-089	
0	6.58894e-006	0.000646747	1.68922e-007	0.00452403	0.00149783	0.000286394	1.98702e-006	1.67597e-006	3.35309e-005	3.64203e-006	0.00263654	0.00175842	0.00981647	0.972408	0.524211	0.986933	0.906138	0.00473343	0.000136028	4.29376e-007	2.45289e-011	1.85175e-010	2.94244e-012	1.353e-016	5.70583e-019	1.04034e-022	2.51795e-026	2.00408e-028	8.86749e-031	1.40154e-036	4.63552e-041	2.10956e-045	1.16719e-050	3.43555e-055	5.49359e-058	2.54561e-060	1.86856e-063	9.4645e-069	3.76359e-073	3.78049e-074	8.55906e-078	5.22791e-081	
0	0	2.23248e-007	9.83082e-008	9.44553e-009	3.14007e-006	3.95719e-007	4.38972e-008	1.55596e-009	4.3097e-009	2.2293e-010	1.75753e-009	5.34288e-008	2.332e-007	0.0094088	0.464783	0.010245	0.0937045	0.994837	0.99886	0.974009	0.832227	0.967868	0.395716	0.00517714	6.94835e-005	3.10408e-005	1.63726e-007	5.98935e-011	4.29472e-012	1.08865e-014	1.77183e-017	6.65772e-022	5.03804e-026	5.93972e-030	2.30912e-032	8.12665e-036	1.28879e-039	3.6429e-044	5.83505e-049	2.06564e-051	2.43592e-054	8.20647e-058	
0	0	9.1201e-009	3.36907e-008	2.64886e-012	4.64801e-007	9.10645e-007	2.92627e-007	1.21595e-011	1.1848e-009	5.30263e-011	8.43692e-012	6.15923e-009	2.49995e-008	3.3805e-005	0.000675278	8.81599e-006	0.00014885	0.000429167	0.00100401	0.0259908	0.167772	0.0193842	0.604065	0.958201	0.0441455	0.581305	0.967237	0.000396768	0.000302215	0.000889014	0.000118469	1.35525e-006	2.52204e-007	1.41668e-008	3.88216e-010	1.59628e-013	3.20042e-017	8.92041e-021	2.846e-024	8.21051e-029	7.79495e-031	8.38771e-032	
0	0	0	3.91014e-011	5.74534e-010	1.79391e-011	2.0698e-009	9.68584e-009	3.59236e-009	1.85257e-009	7.96494e-011	7.64775e-011	9.31357e-012	1.17223e-008	1.37259e-008	9.22191e-007	2.56072e-006	4.26994e-008	1.19905e-008	4.10088e-008	4.08889e-008	1.1493e-006	0.012741	0.000219147	0.0365369	0.95387	0.10562	0.00652165	0.999104	0.0614199	0.0027432	1.30814e-005	2.74883e-006	6.43223e-008	1.34476e-009	9.23672e-011	9.74315e-014	9.56027e-017	8.67107e-020	1.89378e-022	2.21302e-023	2.30212e-025	7.36871e-028	
0	0	0	1.33307e-013	3.89408e-013	1.9109e-011	5.11935e-014	1.61855e-010	5.47119e-012	1.43713e-010	4.40235e-014	9.03125e-014	6.72754e-015	1.62041e-013	2.83549e-008	6.73901e-008	2.25582e-008	4.10577e-009	3.5935e-009	7.46518e-009	3.2223e-009	7.26609e-008	6.60964e-006	2.3258e-007	8.48594e-005	0.00191496	0.312861	0.0199778	0.000474341	0.937464	0.742916	0.407197	0.113926	0.0112059	0.0036112	0.000292945	8.28681e-007	4.06288e-010	8.68785e-014	9.19008e-018	3.47919e-019	5.21412e-021	2.58446e-024	
0	0	0	0	3.06935e-015	2.32258e-013	2.44604e-012	7.25512e-011	2.77067e-012	1.26069e-011	5.04429e-014	1.92177e-015	2.46011e-016	1.11912e-016	2.27799e-012	1.84581e-009	6.26352e-010	3.41764e-011	6.34972e-012	6.75717e-013	1.20994e-011	8.05566e-012	3.25533e-009	2.56046e-008	6.5682e-009	3.28212e-007	0.000182648	0.00626332	2.50377e-005	0.00081386	0.253452	0.592671	0.88607	0.988794	0.996389	0.999707	0.999999	1	1	1	1	1	1	


1	0.667103	0.987922	0.996855	0.826707	0.859941	0.99821	0.999347	0.936653	0.997808	0.818503	0.482989	0.344864	0.0229291	0.00565205	0.0103891	0.00496582	0.000160649	2.21906e-008	9.93009e-014	9.89933e-019	3.22728e-024	2.60975e-029	2.26746e-032	7.99551e-038	2.48211e-042	9.60743e-049	5.25978e-055	1.09105e-058	2.20343e-063	5.31292e-069	9.2582e-071	7.43517e-072	9.24954e-073	9.44833e-074	2.50649e-075	2.37266e-076	4.15965e-077	8.24757e-078	1.11729e-078	2.03752e-078	3.78292e-078	1.00337e-076	
0	0.332895	0.00152211	0.00287639	0.173266	0.138523	0.00136508	0.000480805	0.0633395	0.00197514	0.181494	0.516485	0.654038	0.964732	0.10304	0.147309	0.783424	0.319047	0.0107673	4.23469e-005	1.05801e-007	8.332e-012	1.09553e-012	6.00067e-015	1.81314e-018	3.40053e-019	1.05962e-024	1.30516e-029	2.37225e-029	2.42048e-033	6.25626e-039	1.09315e-043	7.22854e-047	2.66779e-050	8.58499e-054	2.22286e-057	1.30411e-060	7.21078e-064	3.42302e-067	2.18446e-070	4.59635e-070	1.14364e-071	4.543e-072	
0	1.91523e-006	0.0105546	7.74413e-006	2.38207e-005	0.00153636	0.000268498	3.55509e-006	2.18125e-006	0.000216618	2.45463e-006	0.00052666	0.00109707	0.0123366	0.890325	0.721973	0.0603472	0.652503	0.950042	0.982758	0.984472	0.98427	0.32507	0.0858173	0.00656177	0.00116996	2.1533e-005	2.8338e-007	2.19484e-007	7.90915e-009	2.3245e-011	1.15815e-012	1.41005e-015	1.11867e-017	2.95601e-019	2.55027e-021	2.14355e-024	8.42771e-028	1.39202e-031	1.98943e-035	2.09185e-036	6.70565e-037	2.19109e-038	
0	0	1.38215e-006	0.000259738	3.00495e-007	6.40026e-008	0.000156066	0.00016882	1.59845e-006	3.86928e-008	8.61338e-008	4.88427e-010	1.74289e-007	1.27081e-007	0.000980826	0.116411	0.0289868	0.000190629	0.0349612	0.0152928	0.0041181	0.0136535	0.00221068	0.000585589	6.2093e-005	9.93188e-006	2.18232e-007	1.43856e-007	1.56652e-009	4.27582e-008	2.5195e-009	5.98797e-010	2.15207e-009	3.98736e-009	3.56573e-009	2.86797e-008	1.12959e-008	5.34288e-009	4.77122e-010	2.75063e-011	6.70084e-013	7.1984e-014	1.97558e-013	
0	0	1.41175e-010	8.98558e-007	3.03223e-006	2.7373e-008	2.19996e-008	5.19828e-008	3.49551e-006	3.56594e-009	6.31341e-008	3.52604e-009	1.38483e-007	1.68479e-006	1.17742e-006	0.00391745	0.122276	0.0272389	0.00338816	0.00179074	0.0113225	0.00121843	0.672697	0.910842	0.0127311	0.00936116	5.13968e-007	8.98752e-011	1.28386e-008	7.59869e-013	2.33204e-014	2.25944e-014	1.10439e-013	8.27969e-014	6.82142e-014	2.56581e-013	2.15606e-012	1.07748e-012	4.39564e-012	4.60739e-013	7.17113e-012	4.35721e-014	4.87058e-016	
0	0	0	2.57933e-014	3.87558e-010	7.97981e-009	1.58169e-010	6.26491e-011	5.35885e-012	6.96808e-008	1.89931e-010	1.17669e-010	4.44578e-012	1.92548e-009	1.29744e-006	2.07108e-007	4.52741e-007	0.000860353	0.000840091	0.000115127	8.6632e-005	0.000857889	7.75707e-006	0.00275484	0.980636	0.987488	0.999895	0.997067	0.995589	0.990091	0.999061	0.657624	0.027354	0.04952	0.0738572	0.000914579	7.20132e-008	1.41006e-012	4.93603e-017	2.46243e-017	7.23472e-017	6.14475e-013	2.62547e-013	
0	0	0	3.74588e-017	2.59541e-014	1.16151e-012	1.27703e-012	6.32073e-012	1.07179e-014	1.10991e-012	9.55896e-013	5.28704e-014	3.07798e-015	4.06705e-014	5.88252e-012	1.25972e-008	6.97369e-009	1.93778e-008	2.51942e-007	8.68644e-007	4.29019e-007	1.1643e-007	1.35157e-005	8.73318e-008	8.30576e-006	0.00174468	5.5541e-005	0.00265769	0.00336542	0.00686751	0.000664323	0.0130903	0.0127679	0.0016455	0.00261322	0.00115766	1.76677e-005	1.4483e-007	8.43563e-010	2.50259e-012	8.26438e-014	1.07094e-015	7.63775e-015	
0	0	0	0	8.35863e-017	5.83995e-012	1.37908e-010	3.28221e-009	1.39415e-010	1.04265e-010	4.78394e-011	1.7138e-012	1.73885e-013	4.12512e-015	3.46324e-011	4.95147e-008	1.18772e-008	1.19369e-010	7.54298e-007	2.25729e-007	1.18925e-007	1.10686e-007	1.10979e-006	4.20606e-009	4.23362e-007	0.000226077	2.6748e-005	0.000274804	0.0010454	0.00304173	0.000274428	0.329286	0.959878	0.948835	0.92353	0.997928	0.999982	1	1	1	1	1	1	


