E:\Google Drive\Progetti\MSR Action3D\Real\a01_s09_e01_skeleton3D.txt
1
TRUE
-948.455
-1071.56
-1040.62
-1064.5
-1109.94
-1164.04
-1102.78
-1049.16
-1064.64
-1074.22
-1106.23
-1011.9
-1071.55
-995.997
-1000.18
-1035.11
-997.061
-994.926
-988.885
-997.915

42
20
1	0.312189	0.0312242	0.043703	0.00146087	6.78705e-006	1.95855e-008	1.04122e-010	6.12349e-013	4.23492e-014	8.5877e-017	4.03394e-022	7.79748e-027	2.95918e-032	1.36821e-037	3.46409e-042	7.94255e-046	9.01554e-050	1.73501e-054	2.6291e-059	2.60294e-063	8.0346e-068	9.95013e-072	2.1744e-076	2.48641e-081	5.3477e-086	1.7785e-090	6.48729e-095	1.83391e-099	3.3078e-104	1.05985e-108	4.29775e-113	7.86821e-118	1.58267e-118	1.46812e-119	5.18495e-119	5.93052e-119	2.09894e-119	6.46196e-119	1.47254e-118	1.17127e-117	2.64174e-117	2.19904e-116	
0	0.112408	0.00428998	0.0119785	0.000308312	2.69006e-006	3.02878e-008	6.2157e-010	2.95368e-012	3.27284e-013	7.33513e-015	1.28932e-019	2.12969e-024	3.68483e-029	6.33947e-034	4.98117e-038	7.39201e-042	2.82791e-045	2.7874e-050	2.7211e-055	2.61499e-059	6.00404e-063	1.47156e-066	3.36623e-071	1.54098e-075	1.22301e-079	6.37514e-084	2.91657e-088	2.61615e-093	5.4847e-098	2.93695e-102	3.545e-106	1.1516e-110	1.56018e-111	3.03122e-112	5.34355e-111	9.97588e-111	1.645e-110	6.17739e-111	4.34089e-110	2.50194e-109	4.39089e-109	1.13141e-107	
0	0.575404	0.0453954	0.0417021	0.00140866	7.01947e-006	6.01843e-008	3.22081e-010	3.70596e-012	2.52703e-013	6.89887e-016	6.66009e-020	1.36188e-024	5.9456e-030	4.10251e-035	9.91397e-039	7.31956e-042	9.63859e-046	1.42752e-049	4.88654e-054	1.95553e-058	5.33597e-062	5.2504e-066	3.61077e-071	5.13259e-076	5.34484e-081	3.76351e-084	2.1174e-089	8.89056e-093	4.97512e-097	3.37963e-101	1.23988e-105	1.21079e-109	1.21113e-109	3.1409e-111	5.62393e-110	9.90985e-111	6.22499e-112	8.25653e-111	6.57081e-111	4.25127e-111	2.22002e-109	3.43068e-109	
0	0	0.00421073	0.0463768	0.000352146	2.10431e-006	1.24576e-008	1.24313e-009	2.15711e-012	5.06818e-013	2.37367e-015	8.87581e-020	1.35528e-023	9.77256e-027	4.31076e-030	1.13464e-034	9.89862e-037	2.25627e-038	1.17732e-043	2.46825e-048	7.97439e-051	4.44151e-054	3.22033e-056	2.15774e-059	4.71717e-063	3.43459e-066	3.18493e-070	5.31959e-073	3.86796e-078	2.61436e-082	1.15034e-085	8.32025e-088	9.67011e-092	1.17344e-093	1.91712e-095	2.25832e-095	4.43252e-095	2.11828e-095	1.2324e-096	3.97911e-095	1.23653e-093	7.75535e-095	2.28238e-093	
0	0	0.91488	0.824789	0.996386	0.999944	0.989963	0.875779	0.99609	0.755875	0.000321506	7.84819e-007	1.82517e-010	3.84523e-013	1.85422e-015	4.17041e-019	3.713e-022	1.32526e-021	7.95641e-026	7.33749e-030	3.36905e-031	1.06083e-032	9.92995e-034	5.57598e-038	2.14157e-041	2.39107e-044	3.8041e-046	4.24256e-049	5.37538e-053	1.00074e-055	1.58156e-059	3.95932e-061	4.31273e-064	1.58394e-066	2.27129e-070	2.91095e-069	5.87382e-073	2.46606e-075	2.00326e-076	1.72279e-076	1.29451e-075	5.66306e-077	8.75664e-075	
0	0	0	0.0314505	8.26971e-005	3.68975e-005	0.0100364	0.124218	0.0038824	0.244112	0.999495	0.986537	0.87208	0.982518	0.992686	0.842705	0.109006	0.13957	0.000584033	1.39347e-006	1.09837e-006	5.06064e-007	9.88843e-006	1.10881e-006	6.90506e-008	9.65858e-009	3.06305e-010	2.62836e-011	4.59005e-014	4.74739e-017	6.15021e-018	1.79774e-017	4.09082e-019	1.217e-020	9.0461e-022	3.31334e-022	5.61175e-024	1.20639e-026	1.19497e-030	1.04184e-031	5.60645e-033	5.8143e-035	1.85572e-034	
0	0	0	1.14419e-010	9.36187e-008	4.80162e-011	9.93026e-010	2.16949e-007	8.77071e-006	4.9776e-006	0.000113096	0.0115345	0.122513	0.0131011	0.00270158	0.126291	0.106097	0.010632	0.00107585	2.01419e-005	8.34834e-007	2.07211e-007	7.3566e-008	1.22492e-007	1.01402e-008	2.01635e-009	2.19134e-010	6.43193e-012	5.89662e-013	2.74981e-015	3.09528e-016	8.18743e-018	4.47721e-019	3.83151e-020	9.33968e-022	1.88917e-023	1.41397e-025	9.81573e-028	2.57574e-030	2.36326e-033	1.09528e-034	3.59042e-036	1.2578e-037	
0	0	0	0	1.39775e-006	1.68016e-009	3.79958e-009	2.76662e-006	1.86645e-005	7.93576e-006	7.05315e-005	0.00192795	0.00540709	0.00438111	0.00461251	0.0310042	0.784897	0.849798	0.99834	0.999978	0.999998	0.999999	0.99999	0.999999	1	1	1	1	1	1	1	1	1	1	1	1	1	1	1	1	1	1	1	


1	0.814494	0.995778	0.834032	0.93577	0.394546	0.270844	0.00384818	0.00112553	0.00178739	0.00692648	6.70096e-006	3.98637e-009	9.98679e-014	3.11733e-018	8.37129e-021	4.3065e-023	4.54974e-025	1.13252e-030	6.19109e-036	8.50149e-038	1.36235e-038	3.06815e-039	4.8066e-040	1.39045e-040	1.56132e-041	1.07886e-045	6.91209e-048	8.51956e-053	1.37337e-057	1.42011e-059	2.01165e-060	9.6331e-061	4.16255e-061	3.38261e-062	2.96968e-061	3.51594e-062	6.18677e-062	1.63628e-061	1.94764e-061	7.66112e-062	1.61767e-061	1.01295e-062	
0	0.185503	0.00195502	0.165885	0.00406732	0.158402	0.12417	0.0353088	0.000762571	1.78235e-005	2.85283e-005	1.23611e-010	4.70967e-014	2.44104e-016	3.12838e-019	1.48588e-023	2.93606e-026	5.21775e-023	1.73816e-031	1.13513e-037	1.94093e-038	7.98808e-043	1.00938e-042	1.45447e-045	3.30638e-042	1.19636e-043	7.76228e-046	7.56733e-048	1.47997e-055	3.88794e-059	4.39115e-066	1.87994e-063	3.86932e-064	7.57907e-066	6.06455e-065	2.08493e-064	4.75697e-066	1.45813e-064	3.14347e-065	3.14673e-062	1.41763e-060	3.75888e-066	4.4318e-063	
0	3.15031e-006	0.00226662	8.2562e-005	0.0601629	0.447048	0.604814	0.960188	0.996955	0.947369	0.102119	0.000464441	4.19321e-008	4.67048e-009	6.37514e-011	2.89104e-014	1.09303e-018	6.33422e-018	3.67005e-027	1.35012e-034	1.02943e-035	1.10416e-034	1.72841e-033	5.399e-033	1.23979e-033	1.09146e-032	2.77079e-038	3.31019e-039	1.14799e-047	1.34969e-053	6.5746e-056	3.9759e-055	1.99553e-054	7.31544e-062	2.52166e-068	1.34771e-065	9.3148e-070	1.37399e-065	9.63954e-069	3.01646e-064	3.11463e-063	6.13608e-064	2.13388e-062	
0	0	5.85268e-009	6.16912e-007	5.61296e-009	3.63239e-006	0.000171752	0.000655127	0.00115258	0.0507998	0.886499	0.985059	0.884336	0.999395	0.998011	0.0143034	0.00141476	1.08447e-006	2.47335e-013	7.046e-021	3.88378e-021	3.27403e-020	6.08696e-016	8.64e-012	8.02763e-012	3.47228e-010	4.95611e-016	3.14023e-017	1.34067e-023	3.22941e-031	1.68033e-030	8.03615e-027	2.80503e-027	1.49687e-031	1.98648e-036	1.11308e-039	3.30485e-043	2.54541e-046	5.0615e-051	2.14477e-054	7.18511e-059	2.26955e-061	5.503e-065	
0	0	4.57453e-022	3.88224e-012	4.35534e-010	1.98257e-012	7.00549e-008	1.76926e-008	4.64566e-006	2.6227e-005	0.00442664	0.0144622	0.115661	0.000605089	0.00198947	0.985311	0.924386	0.803637	0.000351316	4.75938e-007	6.65932e-007	5.99045e-006	3.83485e-005	0.000325328	0.108087	0.835665	0.0231318	0.00886814	7.13262e-005	2.72152e-007	8.13913e-008	5.83258e-007	4.44076e-005	1.11209e-005	2.22741e-007	4.36155e-009	1.2522e-012	1.22957e-014	2.04771e-016	2.2799e-019	5.66025e-022	5.90664e-025	4.29872e-029	
0	0	0	1.37398e-019	3.95875e-016	2.31695e-014	1.39162e-013	5.80217e-012	2.50696e-010	1.52124e-008	4.97401e-007	7.71172e-006	3.12095e-006	2.44167e-008	1.79622e-009	0.000385152	0.0741969	0.196358	0.999648	0.999911	0.981921	0.994046	0.112999	0.00228764	0.0443518	0.0908638	0.976868	0.989994	0.999928	0.998795	0.0649929	0.00061743	0.0971782	0.990002	0.9915	0.477817	0.000587064	5.60953e-006	1.54336e-005	1.02611e-007	2.33207e-011	1.9878e-013	2.27195e-019	
0	0	0	3.65752e-043	1.18565e-023	6.20724e-022	2.07997e-018	1.93562e-020	1.50971e-015	1.23398e-011	4.51375e-011	5.06621e-011	6.02721e-010	2.88327e-013	3.50983e-014	2.73817e-014	2.21881e-006	3.76048e-006	9.67118e-007	8.85898e-005	0.0180778	0.00358277	0.882529	0.465729	0.0347228	0.00547019	7.0679e-008	0.00113785	9.66618e-007	0.00120517	0.935	0.71082	0.0187687	0.000651783	0.00848977	0.512106	0.998712	0.155818	0.834884	0.825194	0.000606101	1.09964e-005	3.16517e-011	
0	0	0	0	8.43973e-023	6.07511e-020	9.32432e-019	8.33726e-020	1.46104e-016	5.69877e-014	2.08696e-012	1.05813e-013	2.43807e-012	4.60673e-013	1.23295e-015	4.80008e-016	7.61209e-011	1.00704e-007	4.12422e-013	5.50939e-011	4.44468e-007	0.0023654	0.00443369	0.531658	0.812838	0.0680014	1.07086e-007	1.60836e-007	2.77596e-010	3.93742e-010	6.58643e-006	0.288562	0.884009	0.00933548	9.99967e-006	0.0100769	0.000700994	0.844177	0.165101	0.174806	0.999394	0.999989	1	


1	0.993755	0.996151	0.829515	0.925836	0.18757	0.0632498	0.000257123	0.000433309	0.000131176	7.76782e-005	3.16387e-008	6.96215e-013	8.76874e-017	5.02499e-020	2.99044e-023	1.53513e-025	1.371e-028	9.80049e-034	3.3189e-038	9.0321e-039	3.22455e-040	6.56377e-043	1.17027e-045	4.5889e-048	1.05323e-050	6.48621e-054	1.02789e-056	2.56576e-061	6.83444e-065	1.33289e-068	1.03482e-070	1.03599e-070	1.74428e-071	1.25229e-071	7.47895e-070	1.05452e-070	1.08017e-070	1.48886e-070	1.80817e-070	6.08604e-071	4.37314e-071	1.27456e-071	
0	0.00624504	0.00374485	0.170394	0.0738105	0.812343	0.924586	0.985537	0.78435	0.165212	0.00294817	1.93562e-007	6.06863e-013	9.11e-015	5.40096e-015	3.38879e-018	4.65526e-021	1.32352e-019	7.19285e-027	2.35537e-031	5.95994e-030	9.16291e-032	1.61399e-033	1.37618e-036	4.68694e-037	1.59582e-038	8.14619e-041	1.71912e-041	1.53015e-047	1.99371e-050	1.80734e-056	1.51779e-057	2.51163e-057	5.85549e-063	1.9315e-066	2.55445e-067	3.92497e-072	6.94601e-073	5.59208e-075	7.35825e-072	2.43489e-069	3.07933e-074	2.22465e-070	
0	2.03967e-007	0.000103716	9.10356e-005	0.000353936	8.71655e-005	0.012164	0.0142063	0.215187	0.834569	0.995178	0.652908	0.00578936	0.0224817	0.321599	0.00504996	0.0016102	0.000116396	1.67801e-009	1.13434e-013	2.19437e-011	1.1876e-010	1.99558e-008	6.93021e-007	1.2578e-007	9.08358e-007	6.18829e-010	4.98445e-010	5.97895e-015	3.08855e-018	3.76169e-019	2.79561e-017	8.85877e-016	9.13535e-020	3.05462e-022	1.72439e-023	1.4204e-026	5.02813e-029	8.09321e-033	2.07702e-034	9.57147e-037	2.14757e-039	7.4825e-041	
0	0	1.65376e-012	1.16539e-009	4.65408e-010	1.87649e-011	1.17249e-010	4.76975e-010	6.33548e-006	1.23259e-005	0.0011986	0.345763	0.991988	0.959712	0.55567	0.788964	0.204238	5.53674e-006	6.06002e-010	5.78591e-015	2.07983e-014	1.07812e-011	1.93134e-010	3.92939e-008	1.93497e-008	2.46481e-009	2.71719e-011	1.04112e-013	1.43755e-014	1.30084e-019	1.66842e-020	1.12973e-019	1.98081e-016	1.98699e-019	5.36525e-023	5.89026e-026	1.73616e-028	1.35925e-031	1.33346e-034	3.43734e-039	1.02356e-040	3.52267e-041	1.72978e-045	
0	0	2.4124e-012	3.21904e-009	2.59442e-009	1.838e-009	5.15903e-008	6.93737e-008	2.40397e-005	7.55872e-005	0.000597106	0.00132777	0.00222216	0.0178061	0.122731	0.203333	0.777528	0.999819	0.00313007	0.000175593	0.0577616	0.64807	0.241858	0.142827	0.950589	0.999126	0.569997	0.987968	0.0271554	0.0118087	0.00038966	0.000758639	0.467896	0.00400076	0.000373872	8.30968e-006	1.06415e-009	3.30137e-012	3.30829e-015	3.11735e-018	1.03686e-020	2.14275e-024	1.34089e-027	
0	0	0	3.17598e-017	1.75861e-014	7.38856e-016	1.71772e-012	2.54715e-014	3.03188e-010	4.64338e-010	3.8018e-008	3.78881e-007	4.58095e-007	9.57463e-008	1.68567e-007	0.0026529	0.016581	5.88719e-005	0.99687	0.998128	0.378614	0.292573	1.99336e-005	6.18647e-005	0.00034985	0.000350839	0.430003	0.0119124	0.972845	0.934737	0.0106143	1.29205e-006	0.101569	0.983231	0.962026	0.0423588	1.03555e-006	1.01819e-010	4.85439e-012	5.17709e-017	1.3603e-023	2.90172e-023	8.47529e-031	
0	0	0	3.41808e-028	1.65999e-021	9.06638e-021	5.57592e-021	3.69911e-020	4.09547e-017	1.19932e-011	5.1975e-014	3.47071e-011	6.32439e-011	8.31201e-012	1.33552e-010	4.92399e-012	4.29037e-005	1.49537e-008	4.53626e-010	0.00169661	0.563526	0.055761	0.757926	0.855004	0.0475768	0.00047342	1.95601e-009	0.000119755	3.4035e-008	0.0534546	0.988993	0.995689	0.266367	0.000265528	0.0322338	0.445371	0.813804	0.0327744	0.0432127	0.00142903	3.04654e-007	2.11691e-009	5.32969e-014	
0	0	0	0	5.54062e-021	5.17996e-019	8.46471e-020	8.71072e-019	5.71338e-018	3.48419e-014	2.20244e-012	6.55908e-015	6.3403e-015	5.74598e-014	6.04598e-014	5.30441e-014	1.45924e-009	2.44182e-009	1.9706e-014	1.97355e-009	9.86164e-005	0.00359505	0.000196461	0.00210654	0.00148382	4.84949e-005	7.86441e-009	5.08117e-008	1.81244e-010	1.05119e-008	3.57662e-006	0.00355143	0.164168	0.012503	0.00536588	0.512262	0.186195	0.967226	0.956787	0.998571	1	1	1	


1	0.999604	0.990603	0.963689	0.978128	0.959728	0.737041	0.0176857	8.07725e-005	9.46455e-005	2.10297e-005	7.17053e-005	0.00115638	0.00301673	0.0115916	0.0465036	0.0424152	0.49796	0.221045	0.0906079	0.652975	0.666893	0.696294	0.725304	0.940308	0.941945	0.994002	0.921783	0.99734	0.99751	0.960947	0.61546	0.899188	0.256088	0.0413129	0.00326964	0.0019085	0.000920116	0.00283439	0.00241455	0.150096	0.0928122	0.317	
0	0.000105597	0.000146791	0.00182373	0.000383465	0.000799303	0.000172251	1.7011e-005	5.71265e-008	8.39757e-008	1.09316e-007	2.61179e-009	1.71245e-007	3.79173e-006	5.39184e-005	1.22231e-005	2.44236e-005	1.34196e-005	3.24611e-005	3.30667e-005	0.000413127	0.000155426	0.000475031	0.00476155	0.000807229	0.00132586	0.000113739	0.000489771	8.82865e-005	0.000269807	0.000352941	0.0016792	0.000153722	0.000243707	0.00203017	1.97229e-006	0.000401895	0.000903589	0.00060916	0.000223596	0.00927071	0.00135781	0.00229605	
0	0.000290844	0.00923598	0.0344466	0.0213411	0.0393428	0.0348292	0.0129275	1.15752e-005	1.19746e-005	2.22133e-006	3.76743e-007	2.12626e-005	0.00101707	0.0322828	0.000702962	7.70467e-005	0.00927069	1.33558e-005	1.78152e-005	0.0694182	0.0145715	0.275894	0.243711	0.0123594	0.0487296	0.00140646	0.0771161	0.000318649	0.000318229	0.00356859	0.37326	0.00131567	4.57874e-005	0.000329054	6.08173e-007	2.90023e-005	2.06465e-005	5.08817e-006	3.13323e-005	0.0839293	0.000700875	0.282518	
0	0	3.65795e-007	2.52095e-005	1.18908e-005	1.758e-005	0.000684555	6.62154e-005	2.71193e-006	1.1117e-007	4.73162e-008	1.94101e-008	1.98716e-008	1.15453e-006	0.000915574	0.000592868	1.63748e-005	6.38548e-006	1.04668e-005	3.3991e-008	4.01304e-006	6.14147e-005	8.8872e-005	0.000396593	0.000958573	1.37295e-005	0.000335056	3.95823e-006	0.00027598	2.94224e-006	1.3299e-007	4.85529e-005	0.00224656	1.2029e-005	3.84666e-008	7.17275e-008	1.6766e-010	3.91355e-008	1.91369e-006	4.60575e-007	2.78633e-005	4.91662e-006	1.06791e-006	
0	0	1.35337e-005	1.58638e-005	0.000135811	0.000111981	0.227265	0.961006	0.998124	0.951571	0.921787	0.808585	0.782452	0.856879	0.882821	0.277154	0.0247106	0.224987	0.0620479	0.0131287	0.0657981	0.0125156	0.00365339	0.000564887	0.000265294	4.11324e-006	0.00220852	0.000372189	0.00110818	0.000721134	0.000430474	0.000270234	0.0192844	0.00196648	0.000165317	3.31451e-006	1.40815e-009	1.37109e-010	2.83256e-008	7.25895e-008	4.71284e-007	8.5171e-005	5.1383e-006	
0	0	0	2.63629e-008	1.99534e-009	5.95207e-009	8.26011e-006	0.00829734	0.00177947	0.0481252	0.0647587	0.175784	0.16663	0.115716	0.0065054	0.11546	0.830735	0.205889	0.69053	0.84732	0.194417	0.223704	0.00429963	0.0170778	0.00124861	2.06971e-005	1.93501e-006	0.000177956	0.0008311	0.000976747	0.0327836	0.00530939	0.0604631	0.703795	0.858097	0.00220187	6.50629e-005	7.86079e-007	9.65075e-009	5.89399e-010	2.67065e-010	3.98632e-008	2.04928e-008	
0	0	0	1.98138e-013	5.53073e-013	1.53432e-012	1.49851e-010	3.99377e-009	2.98865e-008	4.34045e-006	6.07973e-005	0.000353987	0.00316897	0.000608459	0.00238147	0.000777038	0.00011292	0.00020158	9.06797e-005	0.000500456	0.000447652	0.00137676	0.000414027	4.25044e-005	0.000226486	2.30898e-006	6.52881e-009	3.38163e-010	3.18912e-007	1.60548e-006	1.05889e-005	0.000174245	5.32262e-005	0.000397837	0.000813328	0.000169629	1.54516e-006	1.58687e-007	8.87716e-010	2.79527e-012	5.73006e-013	3.14437e-013	1.87838e-011	
0	0	0	0	1.87804e-010	4.00188e-011	1.85799e-009	1.69039e-008	1.82966e-006	0.000192646	0.0133701	0.0152055	0.046571	0.0227579	0.0634479	0.558798	0.101909	0.0616722	0.0262297	0.0483918	0.0165266	0.080722	0.0188815	0.00814158	0.0438266	0.00795841	0.00193262	5.72247e-005	3.72103e-005	0.000199895	0.00190705	0.00379812	0.0172954	0.0374511	0.0972526	0.994353	0.997594	0.998155	0.996549	0.99733	0.756676	0.905039	0.39818	


1	0.918557	0.844183	0.949355	0.921991	0.917012	0.393703	0.125042	0.0837254	0.0311071	0.0175406	0.0317466	0.119774	0.869777	0.98849	0.931066	0.9862	0.977704	0.825251	0.707399	0.990573	0.9329	0.987112	0.981008	0.977503	0.995724	0.98884	0.998607	0.906062	0.893415	0.738265	0.978882	0.841801	0.551761	0.72878	0.43012	0.886411	0.976759	0.906405	0.928983	0.993165	0.527922	0.951465	
0	0.0776388	0.152858	0.0497943	0.067023	0.080722	0.604021	0.874444	0.888562	0.936491	0.956769	0.465346	0.0693383	0.0260324	0.00982665	0.00328071	0.0025512	0.0221634	0.0106434	0.00328725	0.0061661	0.00749031	0.00809906	0.00172893	0.00383816	0.00271938	0.00670817	0.00105453	0.00253336	0.00558837	0.00731398	0.0141154	0.0094571	0.0156008	0.00294134	0.442668	0.042969	0.0061851	0.00897951	0.0691573	0.00652912	0.0246756	0.0388472	
0	0.00380451	0.00285473	0.000844516	0.0108081	0.0022412	0.00226888	0.000512426	0.026528	0.0316307	0.0254648	0.502305	0.805744	0.103964	0.00167198	0.0656513	0.0112383	0.000130911	0.164103	0.289279	0.00323982	0.0595826	0.00478243	0.0172423	0.0186497	0.00155432	0.00445123	0.000337855	0.091404	0.10098	0.252691	0.00695423	0.148719	0.425958	0.255888	0.121942	0.063511	0.0145164	0.0833016	0.00123972	0.00016058	0.440479	0.00717107	
0	0	0.000102641	2.18917e-007	0.000177258	1.2575e-005	5.64696e-006	2.44625e-007	0.00118408	0.000746939	0.000126126	0.000601212	0.00505394	9.74947e-005	4.3849e-007	2.26749e-006	5.97803e-007	4.70753e-011	1.75163e-006	1.20861e-005	1.01659e-007	2.72528e-005	4.74411e-006	1.97312e-005	1.15468e-006	6.21068e-008	2.95378e-009	1.06172e-009	1.52514e-007	2.88116e-006	0.00171918	7.51222e-006	2.23472e-005	0.00607781	0.00110706	0.00438001	0.000608293	0.000398423	0.00103635	2.64956e-006	1.12846e-007	0.00691339	7.05334e-005	
0	0	1.61998e-006	5.35873e-006	6.97616e-007	1.2184e-005	1.46696e-006	1.0389e-006	1.60962e-007	2.38463e-005	9.91209e-005	6.54236e-007	9.02893e-005	0.000115635	8.41213e-006	1.03562e-007	1.02921e-005	4.50016e-007	8.26885e-009	2.27052e-005	1.96022e-005	1.15271e-007	1.47646e-006	5.73944e-007	8.36244e-006	2.48679e-006	8.29852e-008	3.62443e-007	2.86428e-008	1.41706e-005	1.04444e-005	3.43414e-005	2.86855e-007	0.000602124	0.0112828	0.000802801	0.00641449	0.00207309	0.000260283	0.000545589	2.03479e-005	8.26785e-007	0.0024252	
0	0	0	3.74014e-007	6.10658e-008	7.32292e-008	2.12822e-007	1.75559e-007	1.92626e-009	2.44105e-007	2.41406e-007	8.1792e-007	6.45002e-008	1.30655e-005	1.88673e-006	5.95819e-009	3.7255e-009	9.97381e-007	6.28852e-009	8.86383e-011	1.26551e-006	7.22803e-008	1.04645e-008	1.33353e-008	2.21853e-009	1.34872e-007	5.86285e-009	1.28232e-009	1.2521e-009	1.7004e-010	1.13039e-007	6.95765e-006	6.74991e-008	2.82258e-009	6.5308e-007	8.65207e-005	5.89002e-006	1.55725e-005	2.35288e-006	9.62689e-006	4.48579e-006	1.62343e-007	1.02111e-005	
0	0	0	5.23083e-012	1.59965e-016	1.59109e-015	2.12654e-014	3.40767e-012	8.48123e-015	4.78061e-016	1.65049e-013	2.5839e-013	6.44862e-013	8.88612e-012	7.93278e-010	6.26835e-014	6.46003e-012	2.65464e-010	4.32436e-012	1.02733e-014	5.20562e-009	1.00337e-016	5.34811e-013	1.47242e-014	8.55257e-014	3.53707e-012	4.08299e-011	5.66988e-012	1.38257e-013	1.654e-015	4.35166e-015	8.75343e-012	2.11986e-015	1.1315e-014	2.42127e-010	1.17318e-013	1.49428e-009	1.19415e-013	7.53712e-011	6.21088e-012	1.28485e-010	4.14843e-018	2.39956e-015	
0	0	0	0	3.00219e-008	2.88062e-008	2.19984e-008	6.88739e-008	3.07236e-008	2.23973e-009	6.50053e-008	1.11825e-008	4.01913e-008	6.38082e-008	5.40777e-007	6.97865e-008	2.89372e-008	3.38665e-008	9.34074e-008	2.11153e-008	1.36692e-008	9.92505e-009	2.17538e-009	2.34814e-010	1.82996e-010	1.43669e-010	2.95343e-008	2.14159e-008	3.66103e-009	5.30778e-010	1.79572e-011	6.59796e-009	1.13976e-007	7.75168e-008	1.40824e-007	1.11564e-007	8.0161e-005	5.20243e-005	1.5024e-005	6.2007e-005	0.000120058	8.21652e-006	1.03345e-005	


1	0.453437	0.0631564	0.038466	0.00793393	0.00373849	0.000755112	0.000660151	0.000648212	0.000430668	0.000362313	0.000375722	0.000168132	4.85478e-005	4.04746e-006	2.75151e-006	7.23949e-009	8.72049e-011	5.01813e-012	1.54702e-012	1.22336e-015	5.25743e-014	2.46285e-014	6.26328e-016	1.26496e-016	5.1933e-018	1.07948e-019	3.25883e-023	1.17842e-024	1.98811e-024	5.14468e-024	6.71565e-025	1.9192e-024	3.51103e-024	1.28422e-023	1.612e-023	4.01006e-023	3.24281e-023	2.5448e-024	5.89352e-025	3.06353e-026	1.39781e-026	9.61987e-027	
0	0.30996	0.926142	0.913598	0.88216	0.77606	0.194612	0.0605662	0.11705	0.027288	0.018566	0.0341096	0.45091	0.364267	0.0709912	0.2057	0.00135445	3.20062e-005	4.01605e-006	1.42131e-006	2.62032e-009	6.83149e-008	2.80448e-008	2.45472e-009	1.69397e-009	7.85344e-011	4.47043e-012	2.27236e-015	2.9792e-016	4.04605e-016	1.46307e-015	5.48258e-016	3.54093e-015	5.72219e-015	5.25265e-015	7.97064e-015	4.98868e-015	2.69268e-015	3.08254e-016	2.63576e-017	2.09277e-018	1.10341e-018	8.74397e-019	
0	0.236604	0.000603832	0.0306159	0.0773107	0.125441	0.332949	0.682455	0.0444638	0.0278072	0.274084	0.208498	0.0183186	0.0144259	0.0268469	0.219149	1.10232e-006	2.80217e-005	1.31192e-008	3.30563e-009	2.86316e-011	1.15718e-007	3.55282e-009	4.02358e-012	2.21271e-009	2.76769e-009	9.4651e-012	2.18757e-016	1.20818e-018	2.25412e-017	2.17069e-018	5.56637e-018	1.28696e-016	7.08941e-017	8.29247e-016	1.57385e-014	1.50406e-015	1.17415e-013	7.57196e-017	1.48389e-017	4.09025e-018	6.53999e-019	3.27397e-017	
0	0	0.0100888	0.0130782	0.0315335	0.0858112	0.468286	0.192717	0.062006	0.0157619	0.59985	0.721182	0.0629194	0.00446937	0.000351544	0.0256099	3.4612e-006	2.38393e-006	4.62852e-008	3.25976e-009	1.85123e-012	1.53269e-007	8.23954e-010	1.52289e-012	4.53531e-011	1.37334e-011	8.81747e-012	1.10739e-017	1.4651e-018	2.53094e-018	6.47648e-017	6.66277e-018	1.03024e-016	2.73842e-015	7.17311e-016	5.41875e-013	1.28909e-014	2.61273e-015	1.15555e-017	2.92405e-018	2.45421e-021	6.75395e-019	4.21674e-019	
0	0	8.68986e-006	0.00424089	0.000378756	0.00729884	0.00132629	0.0612035	0.00390534	0.000635643	0.0147094	0.00211981	0.0490438	0.00456574	0.0004483	0.000320488	3.55172e-006	1.82495e-008	1.38509e-008	1.43268e-009	5.1939e-013	4.549e-012	1.73468e-010	8.43135e-012	4.02085e-012	3.08978e-011	9.97395e-013	2.42929e-015	1.22607e-016	7.92254e-018	9.27975e-019	2.63887e-019	5.82818e-019	2.0137e-017	2.88947e-015	1.1287e-015	3.52861e-013	2.03964e-011	9.78073e-013	6.44201e-014	3.35185e-014	1.0873e-014	2.58941e-014	
0	0	0	1.29942e-006	0.000682842	0.00160454	0.00197188	0.00195673	0.77034	0.890024	0.0554818	0.0272784	0.00505105	0.0044013	0.000146633	1.15958e-005	2.10558e-007	1.52327e-008	5.80435e-011	3.70147e-011	3.25209e-014	5.81912e-013	1.3985e-011	9.20054e-014	2.64036e-014	3.92792e-016	3.22905e-014	2.932e-018	4.58627e-019	2.96071e-018	1.65951e-018	9.86259e-020	3.63044e-019	4.8496e-019	2.99899e-019	6.68455e-015	6.8336e-016	7.12302e-016	2.89936e-013	3.99639e-013	9.2217e-015	3.55196e-016	5.14848e-016	
0	0	0	1.00406e-007	2.36657e-007	2.29999e-006	4.17559e-007	4.66357e-005	0.000143316	0.001549	0.000529643	0.00284487	0.41204	0.602896	0.896677	0.538104	0.998369	0.995474	0.995579	0.991353	0.999558	0.353777	0.969494	0.998805	0.99502	0.992153	0.998272	0.999933	0.991503	0.872518	0.917127	0.990472	0.86497	0.0432198	0.00715643	4.5995e-007	1.06862e-007	2.32102e-010	5.2869e-012	4.87137e-014	2.98005e-014	2.66123e-018	1.7665e-018	
0	0	0	0	1.97801e-007	4.34206e-005	9.89446e-005	0.000394985	0.00144419	0.0365033	0.0364163	0.00359189	0.00154853	0.00492638	0.00453461	0.0111014	0.000267844	0.00446399	0.00441684	0.00864511	0.00044188	0.646223	0.030506	0.00119536	0.00497966	0.00784693	0.00172782	6.69714e-005	0.00849654	0.127482	0.0828728	0.00952797	0.13503	0.95678	0.992844	1	1	1	1	1	1	1	1	


1	0.488318	0.45727	0.214604	0.103137	0.0118076	0.00792038	0.000895546	0.000272541	0.000567688	0.000447229	7.93833e-006	3.56492e-008	1.41009e-010	2.82222e-013	4.8143e-015	1.13699e-017	1.18424e-018	5.98761e-021	1.23925e-022	1.81522e-024	1.06001e-026	1.45537e-028	8.96398e-032	3.82641e-033	1.02355e-035	2.52991e-037	2.57276e-039	2.4587e-041	1.93577e-042	2.20268e-045	1.34529e-047	5.90417e-050	3.53902e-050	1.4572e-049	1.19335e-049	4.19832e-049	1.95232e-048	3.44426e-049	6.86766e-050	7.27869e-051	2.69436e-050	2.27418e-050	
0	0.269341	0.287584	0.0564133	0.162269	0.0447657	0.12013	0.0195291	0.0164353	0.285524	0.727105	0.210262	0.00151043	1.02355e-005	1.10413e-007	7.77028e-010	2.69002e-014	6.74691e-015	5.44461e-019	1.23901e-022	1.56792e-024	3.35792e-026	3.44187e-027	7.89406e-032	1.75575e-033	1.02323e-035	7.02083e-038	8.30557e-041	7.18406e-044	3.86723e-044	2.80103e-047	4.80745e-048	2.498e-051	6.72382e-052	8.23261e-052	1.41275e-049	2.30213e-050	3.35913e-049	9.0403e-051	1.09363e-050	2.30035e-051	1.71479e-051	4.24613e-050	
0	0.242341	0.24174	0.335645	0.642433	0.519957	0.628236	0.0821991	0.0928986	0.28662	0.0728816	0.451624	0.254198	0.0107799	0.000763601	0.000311722	8.51983e-007	9.68426e-005	6.46648e-006	1.79713e-006	7.20362e-006	4.16881e-007	1.37621e-007	1.85758e-011	1.11645e-011	5.12158e-012	2.44256e-011	1.69313e-011	3.48649e-012	7.22715e-012	1.42477e-015	5.09353e-018	1.73412e-020	6.42495e-022	3.53456e-022	3.01509e-023	1.35813e-024	6.2592e-025	6.26277e-026	5.96458e-028	7.21521e-028	5.65341e-029	1.56553e-028	
0	0	0.0125553	0.393212	0.0843561	0.42292	0.227217	0.896358	0.71419	0.238967	0.115134	0.0115191	0.0142493	0.358832	0.867915	0.15778	0.00281069	0.728993	0.0166797	0.00341025	0.0247188	0.000725072	0.000297275	2.27704e-006	1.24761e-006	3.0557e-007	5.16383e-006	6.07711e-005	1.82655e-006	2.47104e-007	1.79268e-011	3.16531e-012	1.29222e-013	1.24664e-016	7.35537e-018	6.57344e-021	8.04282e-023	4.28896e-023	8.27031e-026	1.94877e-027	9.48543e-027	6.76451e-029	4.89462e-028	
0	0	0.000850885	0.000121586	0.00470508	0.000354846	0.00327065	0.000485256	0.0967219	0.0980899	0.070986	0.326506	0.728838	0.630358	0.131274	0.841896	0.996286	0.270602	0.978713	0.983847	0.967907	0.999216	0.999022	0.99995	0.999946	0.999998	0.998417	0.999709	0.986997	0.980161	0.993911	0.998336	0.999864	0.495858	0.769504	0.0277688	0.0242028	0.0435952	0.00600451	0.000208459	4.36777e-007	1.57267e-006	8.65986e-009	
0	0	0	3.31333e-006	0.00309897	0.000117108	0.0130433	2.17417e-005	0.0781495	0.0317746	0.00179902	1.88532e-005	0.00120278	1.76746e-005	4.61411e-005	1.24685e-005	0.000607089	4.48626e-005	0.00459669	0.0126533	0.00670001	5.79667e-005	0.000523159	3.88376e-005	3.51581e-005	1.40779e-006	0.0015668	8.04872e-005	0.0129875	0.0185658	0.00599093	0.00123279	0.000127941	0.502417	0.0536263	0.923356	0.0488766	0.000299721	0.135686	0.003581	1.75903e-006	2.22646e-006	4.0218e-010	
0	0	0	4.82952e-007	4.92149e-007	1.88331e-005	1.76973e-005	0.000320071	0.000345753	0.0337898	0.00020939	8.16832e-007	1.37761e-006	2.42454e-006	1.23354e-006	6.93723e-008	0.000295084	0.000238869	3.70925e-006	8.63047e-005	0.000622317	4.61143e-007	0.000157387	8.6688e-006	1.77088e-005	5.24907e-008	1.13821e-005	0.000147043	1.32157e-005	0.00124156	9.81333e-005	0.000429365	7.78293e-006	0.00171984	0.0942753	0.012773	0.688018	0.00771267	0.00608458	0.0426613	0.000995923	0.000204373	2.8927e-006	
0	0	0	0	6.74166e-007	5.84592e-005	0.000164659	0.000191242	0.000986879	0.0246673	0.0114372	6.10197e-005	2.91696e-007	9.28135e-008	1.66458e-009	5.07824e-009	1.90578e-009	2.43576e-005	1.97631e-007	1.66942e-006	4.43182e-005	4.48465e-007	3.03716e-008	1.28072e-008	4.48358e-008	2.53353e-009	2.68845e-009	2.2613e-006	1.47021e-007	3.17744e-005	2.98218e-007	2.01417e-006	2.5008e-007	5.39846e-006	0.0825938	0.0361022	0.238902	0.948392	0.852225	0.953549	0.999002	0.999792	0.999997	


1	0.559018	0.0950957	0.0770584	0.231184	0.475205	0.1584	0.0199742	0.0187286	0.0208006	0.00556591	0.000511297	8.38733e-006	1.05268e-006	2.24241e-007	8.00978e-010	2.67231e-011	3.58749e-013	3.31477e-015	1.34075e-017	1.96904e-019	1.62018e-020	1.62739e-021	7.16934e-023	3.23734e-025	2.4694e-027	2.23834e-029	1.86659e-032	3.90593e-035	2.71966e-037	6.05013e-039	5.11126e-040	5.01079e-042	3.62217e-042	1.36301e-043	2.93029e-043	1.61106e-043	4.38456e-043	2.74353e-044	4.19169e-044	7.65496e-044	2.68587e-044	1.2553e-043	
0	0.440917	0.904847	0.295977	0.58375	0.473897	0.80479	0.105829	0.744154	0.550044	0.0255307	0.0025457	0.000123258	3.94211e-005	2.13906e-005	3.65357e-008	8.83232e-008	1.97872e-008	5.3034e-009	7.85614e-010	8.99263e-010	2.25075e-010	1.0726e-010	1.17655e-011	2.06597e-014	1.24735e-017	4.94249e-018	7.6243e-020	3.10568e-021	8.76679e-022	6.10854e-022	1.94344e-021	1.60837e-022	2.61994e-022	1.23974e-023	7.81499e-024	1.2991e-024	2.69059e-026	5.16724e-027	1.99931e-026	1.21523e-026	7.71206e-028	1.05739e-028	
0	6.53482e-005	5.70002e-005	0.626959	0.0706276	0.0103698	0.0285736	0.873252	0.00207735	0.354527	0.833188	0.473709	0.0518802	0.0533204	0.105886	0.0153682	0.00301597	0.102393	0.000208336	1.47772e-006	2.29715e-006	1.03848e-007	6.8361e-008	2.78757e-008	1.57296e-008	8.17759e-009	3.15088e-010	2.90617e-010	1.44347e-012	2.46982e-014	4.86569e-016	1.81133e-015	9.90021e-018	3.86695e-019	2.622e-020	1.15098e-022	1.87073e-023	6.80626e-024	1.72125e-029	1.32703e-028	2.88725e-026	1.02534e-029	1.13548e-026	
0	0	5.75251e-007	4.38648e-006	0.0937616	0.0347573	0.00348727	0.000165886	0.226256	0.0177038	0.0042139	0.0588762	0.0221665	0.025053	0.0805429	0.00446338	0.00621967	0.000448084	0.0649047	0.131816	0.0404654	0.0227835	0.00734378	0.00158143	5.97504e-005	8.15916e-007	8.10349e-007	4.85339e-009	1.44532e-009	3.604e-009	4.5156e-010	1.799e-010	3.06208e-011	1.9936e-011	1.99303e-012	1.49216e-013	2.43872e-014	1.20814e-014	2.68275e-015	2.94278e-016	1.2855e-016	1.26841e-017	2.03058e-018	
0	0	2.36191e-008	9.74531e-007	0.0206771	0.00460816	0.00307546	0.00062665	0.00423885	0.0503083	0.129653	0.439514	0.911194	0.447683	0.433395	0.816687	0.315402	0.296756	0.38615	0.459693	0.637551	0.741205	0.411608	0.751235	0.696972	0.714542	0.777344	0.807463	0.835399	0.683904	0.666761	0.506008	0.0488462	0.0761552	0.291106	0.0135643	0.00877428	0.0157617	5.58152e-005	1.22829e-006	1.40538e-006	1.46566e-007	6.02927e-007	
0	0	0	4.52194e-010	8.70143e-008	0.00115682	0.00157572	3.85133e-005	0.00448668	0.00461915	0.000150216	0.0194712	0.00149522	0.469784	0.255495	0.000668064	0.594067	0.0836022	0.0312275	0.0231092	0.00401203	0.111952	0.447584	0.0337286	0.000335747	2.9916e-005	0.015353	0.000100894	0.000745356	0.106799	0.26774	0.425893	0.93886	0.483584	0.00242987	0.145007	0.00113679	6.20805e-006	0.000137471	0.000399456	3.00802e-006	7.16529e-008	9.0225e-010	
0	0	0	5.28889e-011	2.04507e-009	5.76015e-006	8.39805e-005	0.000111792	5.91155e-006	0.00192208	0.00167463	0.00533362	0.0131002	0.00406527	0.123869	0.162315	0.0775836	0.515115	0.420358	0.226442	0.303011	0.111903	0.128181	0.211907	0.30121	0.285208	0.197588	0.192085	0.15997	0.146318	0.0431106	0.0656078	0.00991293	0.393759	0.557082	0.025054	0.039017	0.0520278	0.00022966	6.85035e-006	0.000242977	9.85668e-006	5.09428e-005	
0	0	0	0	3.06877e-011	6.73095e-010	1.35798e-005	2.12434e-006	5.22863e-005	7.5247e-005	2.44138e-005	3.89982e-005	3.21799e-005	5.43689e-005	0.000790071	0.000498108	0.00371108	0.00168591	0.0971517	0.158938	0.0149586	0.0121563	0.00528225	0.00154739	0.00142165	0.000218838	0.00971382	0.000351177	0.0038856	0.0629791	0.0223881	0.00249122	0.00238046	0.0465022	0.149383	0.816374	0.951072	0.932204	0.999577	0.999592	0.999753	0.99999	0.999948	


1	0.944608	0.30115	0.0424127	0.0123518	0.00104119	0.0028994	0.000887257	0.000471798	0.00173878	0.0315033	0.00256508	5.31875e-005	8.20539e-007	1.25352e-007	9.87044e-010	2.62468e-012	3.61752e-013	3.1975e-017	2.72907e-021	1.97451e-023	4.7738e-023	8.66105e-023	4.11594e-023	3.23261e-024	2.15988e-025	4.17579e-028	6.25857e-031	1.58359e-035	7.91428e-039	5.63856e-040	1.15477e-039	9.1486e-041	4.07806e-042	1.66269e-043	1.4126e-043	8.6086e-044	1.88414e-044	3.01994e-045	2.09936e-046	8.86349e-047	6.13287e-047	7.96303e-047	
0	0.0553917	0.698834	0.957307	0.987597	0.998937	0.99234	0.969516	0.983235	0.991097	0.584113	0.0237866	0.0067966	0.00367449	0.0173536	6.9054e-005	3.16398e-006	6.42397e-005	4.00698e-009	3.41216e-013	1.245e-012	6.89665e-013	8.10254e-012	6.69974e-011	4.92447e-012	1.73386e-011	1.82053e-013	9.69767e-014	8.90876e-018	3.84762e-021	1.18938e-022	1.83297e-021	6.8874e-023	4.73994e-026	1.16895e-028	2.4386e-031	8.03867e-033	2.63246e-034	2.47732e-035	1.4085e-036	7.62485e-035	9.81404e-037	4.55931e-036	
0	1.91079e-007	1.63882e-005	0.00028078	5.15041e-005	2.16569e-005	0.00469487	0.0295404	0.0154424	0.00571475	0.272225	0.00645889	0.00525861	0.00152966	0.0597934	7.08581e-005	7.32671e-008	7.38312e-008	8.15843e-010	3.84272e-014	1.50999e-012	1.03509e-013	5.86348e-012	2.08568e-011	1.17596e-013	2.40397e-012	9.27082e-015	3.8612e-014	1.09743e-018	1.56643e-022	5.72265e-024	4.1417e-022	3.46471e-025	1.10555e-028	1.70042e-029	2.08493e-035	9.93583e-035	1.2841e-036	1.72714e-038	5.45871e-040	9.52017e-038	5.67675e-040	9.43929e-040	
0	0	5.11705e-009	1.04248e-008	1.19637e-007	3.53206e-008	6.59971e-005	4.14487e-006	0.000711265	0.000116417	0.00543035	0.0185284	0.00183858	0.000660194	0.000986664	0.00328078	1.15731e-005	1.31684e-007	1.05874e-010	1.83391e-013	3.55842e-016	1.8469e-011	1.60377e-011	4.61554e-011	6.03729e-012	4.4453e-013	2.32873e-015	1.15369e-018	2.11028e-018	3.10356e-021	3.05158e-021	6.28985e-021	1.87741e-020	6.10193e-023	1.74776e-025	1.21192e-027	1.67384e-031	1.21716e-034	6.13081e-038	5.54451e-042	1.08378e-043	1.57801e-039	5.97114e-043	
0	0	2.34408e-015	3.84226e-012	4.30755e-011	4.95361e-010	1.93939e-007	5.2331e-005	0.00013972	0.00133208	0.106221	0.923994	0.110427	0.0989495	0.508609	0.164202	0.0254839	0.171057	0.000199932	1.14637e-007	4.35118e-009	5.13183e-007	9.13035e-005	0.00118101	0.00278297	0.00177047	4.58402e-005	2.79171e-007	2.73797e-011	1.32538e-013	3.45443e-012	2.42018e-009	1.87146e-008	1.14687e-009	1.26791e-011	1.9344e-010	4.94406e-012	8.70345e-015	1.34037e-017	1.14762e-018	6.68403e-022	4.16846e-023	4.68052e-024	
0	0	0	4.14761e-015	6.3341e-016	2.14756e-015	2.12531e-012	1.1499e-010	3.59713e-008	7.33347e-007	0.00049209	0.0244642	0.863511	0.894984	0.406262	0.812814	0.857504	0.589829	0.00475589	2.67705e-005	6.36655e-007	7.39244e-006	2.98887e-005	0.00302727	0.0034354	0.00248968	7.22863e-005	3.85851e-006	2.23491e-008	4.27248e-011	3.51168e-010	2.02802e-009	1.89495e-008	1.07648e-009	1.56728e-011	1.09385e-014	4.65075e-014	1.03737e-016	1.31746e-019	6.85119e-023	4.18754e-023	2.03084e-025	1.44634e-027	
0	0	0	8.16191e-019	4.00926e-016	5.16182e-016	4.73135e-012	5.58166e-011	9.89807e-008	3.00984e-007	1.24082e-005	0.000202603	0.0121145	0.000145747	0.00658633	0.0195539	0.116985	0.236246	0.995039	0.999937	0.997127	0.617822	0.243749	0.681781	0.972674	0.95039	0.999632	0.999739	0.999996	0.999452	0.968364	0.474326	0.941385	0.992655	0.984911	0.00207729	0.000247037	2.50175e-006	4.62088e-006	4.78717e-009	1.17643e-010	4.07642e-012	1.69736e-015	
0	0	0	0	2.22971e-018	1.4626e-017	6.73214e-016	3.06501e-013	1.90655e-011	6.70434e-008	2.06098e-006	1.49406e-007	3.90749e-007	5.56336e-005	0.000408582	9.20665e-006	1.30068e-005	0.00280375	5.1191e-006	3.65111e-005	0.00287194	0.38217	0.75613	0.314011	0.0211079	0.0453497	0.000249916	0.000256448	4.14363e-006	0.000548285	0.031636	0.525674	0.0586151	0.00734539	0.0150891	0.997923	0.999753	0.999997	0.999995	1	1	1	1	


1	0.469753	0.380379	0.176412	0.211247	0.136522	0.671057	0.934085	0.604926	0.901959	0.967418	0.910933	0.5139	0.0109186	0.00432281	0.00240736	6.72504e-005	4.75046e-007	3.92693e-007	5.65864e-008	2.63798e-008	1.93662e-008	2.55782e-010	1.23311e-010	8.15372e-011	9.25408e-012	2.93921e-013	3.51521e-014	1.73383e-015	4.32937e-017	2.04671e-016	6.56766e-016	9.84152e-017	4.7124e-017	1.96855e-017	9.02752e-017	1.49644e-016	4.93551e-017	1.52149e-017	1.70181e-017	1.34237e-017	7.6748e-017	3.29068e-016	
0	0.530188	0.61932	0.653976	0.787102	0.859051	0.328481	0.0542515	0.394888	0.0976854	0.0322597	0.000332965	0.00365754	5.97962e-006	1.37208e-006	2.39958e-006	1.29026e-007	7.40832e-010	1.24678e-009	1.33719e-010	1.62582e-010	2.0405e-012	5.31598e-014	3.1446e-014	2.66181e-014	2.23822e-014	1.15526e-015	2.35831e-016	8.52426e-018	3.39189e-020	2.10802e-020	1.62171e-020	1.91324e-020	9.38515e-018	2.60675e-017	3.03106e-018	2.97598e-017	8.21957e-018	6.71439e-017	1.87083e-017	1.96031e-016	1.30714e-016	1.41406e-016	
0	5.95451e-005	0.000301188	0.169612	0.00161207	0.00442735	0.000343694	0.0115825	9.39863e-005	0.000225171	4.04021e-005	2.81614e-005	8.36243e-005	0.000100276	3.74857e-005	3.50113e-008	1.29729e-006	4.33614e-008	3.71319e-011	4.67364e-012	6.6975e-010	2.90993e-013	6.45288e-013	2.59875e-013	2.26443e-014	1.09014e-013	1.686e-016	2.06618e-015	3.12811e-019	4.49207e-021	2.97278e-021	1.16817e-018	6.56826e-022	3.35863e-022	5.01783e-020	2.35502e-022	1.30031e-018	3.40162e-020	2.33346e-020	1.64698e-018	3.27063e-017	1.28264e-019	3.73e-017	
0	0	1.79234e-009	1.34449e-008	3.27586e-005	3.07312e-009	5.34816e-006	2.82151e-008	1.89876e-006	5.94275e-009	1.73489e-009	8.47606e-008	1.51639e-008	3.08184e-011	4.83087e-009	1.51144e-008	2.40987e-013	6.70937e-011	1.91946e-010	1.24328e-014	9.08927e-015	1.66964e-013	1.15457e-018	2.64167e-018	8.79083e-017	1.40843e-018	1.05285e-016	5.53043e-020	1.01493e-018	2.15425e-022	3.26377e-026	9.96851e-025	4.05721e-023	2.66422e-025	1.81279e-027	1.31847e-024	1.23726e-027	5.46169e-023	1.38616e-024	5.61638e-026	2.12284e-022	1.64084e-021	4.83668e-024	
0	0	1.56258e-010	4.50416e-010	5.66735e-006	1.28237e-007	0.000112771	2.69283e-006	2.25617e-005	3.69343e-006	8.72841e-007	2.59516e-006	1.83378e-007	8.48895e-009	1.14167e-007	5.54608e-007	7.5518e-011	8.59156e-011	2.33049e-011	9.17857e-013	3.58818e-015	1.08923e-011	3.48294e-015	3.10401e-018	1.78305e-016	7.15008e-018	9.56134e-018	1.29561e-020	8.59532e-020	1.07458e-021	3.27592e-023	4.98453e-025	4.27268e-021	8.2077e-023	1.99736e-026	8.52799e-023	1.09048e-028	1.14045e-024	9.04819e-027	1.16884e-025	4.04102e-024	2.18171e-022	3.54792e-024	
0	0	0	1.16422e-013	1.14127e-012	1.88885e-008	2.80063e-007	7.86541e-005	6.82386e-005	0.000127029	0.000280875	0.0887003	0.479615	0.988763	0.98669	0.811084	0.94668	0.992172	0.477269	0.0381929	0.052359	0.370966	0.998106	0.966986	0.145545	0.0840551	0.00248172	0.00116423	8.82753e-006	1.45074e-007	0.000238062	0.0188609	0.00477462	0.000177213	8.11246e-006	4.389e-006	1.01147e-008	4.86842e-015	2.1162e-019	6.23577e-021	2.00063e-025	1.37444e-026	1.57382e-024	
0	0	0	2.16303e-020	2.98505e-018	1.03168e-016	3.04979e-011	6.42266e-011	4.56629e-009	1.99561e-008	9.7074e-008	1.68352e-006	0.00259874	0.000169398	0.00485296	0.152422	0.0374956	0.000735257	0.217064	0.0292719	0.000422827	0.000197472	2.54571e-005	0.0301638	0.626248	0.00728751	0.00125467	6.04663e-005	2.85659e-005	6.11046e-008	1.55713e-008	7.53167e-006	0.000365872	0.000193834	8.33919e-006	3.36456e-008	1.52049e-008	1.27957e-011	6.43622e-015	4.1713e-018	3.60158e-021	4.04758e-024	6.26854e-027	
0	0	0	0	2.70435e-016	2.49259e-015	3.44614e-010	1.80744e-009	1.45677e-007	1.70138e-007	1.9569e-007	1.44892e-006	0.000145552	4.24813e-005	0.00409574	0.0340834	0.0157556	0.00709254	0.305667	0.932535	0.947218	0.628837	0.00186816	0.00284991	0.228206	0.908657	0.996264	0.998775	0.999963	1	0.999762	0.981132	0.99486	0.999629	0.999984	0.999996	1	1	1	1	1	1	1	


1	0.976226	0.622705	0.856904	0.794051	0.877634	0.960394	0.940685	0.891853	0.847778	0.322025	0.074203	0.00517891	3.95486e-005	2.34177e-007	1.0544e-009	2.18876e-012	1.09558e-014	9.49525e-018	9.56276e-021	1.99929e-023	8.23612e-026	1.8271e-028	2.42624e-031	8.24804e-034	1.19053e-036	3.09479e-039	4.33251e-042	3.36936e-045	5.00132e-048	6.92277e-051	4.32198e-053	1.89781e-055	1.389e-055	6.10966e-056	1.08173e-054	9.18953e-055	4.64381e-054	8.17916e-054	9.48623e-053	4.70207e-052	1.10483e-051	7.82878e-051	
0	0.0232874	0.00969081	0.0589236	0.0221382	0.0249442	0.0373935	0.057401	0.0132066	0.0436305	0.672684	0.69158	0.32399	0.0280806	0.00101994	3.57408e-005	2.44107e-008	7.36038e-011	2.00867e-014	9.2746e-018	5.55229e-021	2.76878e-022	2.60734e-024	2.61784e-026	7.073e-028	4.83429e-030	1.42798e-032	2.9151e-035	6.36542e-039	1.63614e-042	6.45286e-045	3.96181e-046	2.14538e-048	4.56396e-049	2.78525e-049	6.39916e-048	2.03602e-047	1.30181e-045	3.79654e-047	9.4032e-047	1.82418e-046	2.59897e-046	8.49493e-045	
0	0.000486867	0.367602	0.0138781	0.181374	0.0942503	0.00189617	0.0015671	0.0948254	0.107117	0.00507702	0.222425	0.34014	0.0110593	2.51069e-005	2.38656e-007	7.17735e-009	2.99548e-014	2.02283e-015	2.90078e-019	3.29018e-022	2.98573e-023	1.54718e-024	2.24986e-025	3.76579e-029	8.88694e-032	2.56949e-035	5.74572e-037	7.71924e-040	6.08066e-044	2.13266e-044	1.6095e-046	3.89692e-049	7.30796e-050	5.26293e-051	3.2902e-050	1.28961e-048	5.55266e-048	5.1168e-046	5.79529e-047	7.91828e-048	1.14414e-045	5.56309e-046	
0	0	2.62427e-008	6.31728e-006	5.21368e-007	3.09479e-006	4.0177e-007	3.48805e-009	1.31908e-007	1.97983e-005	1.94086e-006	2.29087e-006	9.57236e-005	1.21213e-007	2.94615e-009	2.66403e-010	3.83412e-012	4.06857e-016	6.57113e-019	2.85157e-020	1.59907e-025	1.15022e-027	4.20913e-029	4.32578e-030	2.40222e-030	3.60376e-035	1.64682e-037	8.36456e-042	5.43599e-042	7.03088e-045	3.30504e-048	1.02384e-050	6.77713e-052	2.31537e-051	3.21862e-052	2.6203e-053	2.97044e-052	5.50359e-052	2.28442e-049	9.6775e-050	2.40985e-051	3.23281e-050	2.22126e-050	
0	0	2.69074e-006	0.0702882	0.00242112	0.00316794	0.00020923	0.000342267	0.000113599	0.00145386	5.53513e-005	0.00367785	0.134696	0.599757	0.752307	0.00594292	0.0012672	0.000762575	8.76558e-007	1.50069e-009	3.42801e-009	1.3454e-011	8.93986e-012	1.36991e-012	1.06341e-014	1.15738e-016	2.91666e-018	5.13186e-019	5.47409e-022	1.56356e-024	2.10635e-027	2.25891e-027	1.06948e-029	7.79891e-033	2.29624e-035	6.49338e-039	9.17164e-041	4.22133e-043	5.56736e-045	1.06959e-045	3.17601e-045	5.68527e-048	1.56578e-046	
0	0	0	3.96366e-011	1.60678e-005	5.90775e-008	0.000106643	1.13432e-006	1.04329e-007	1.21979e-007	0.000155818	0.00593989	0.0045728	0.00136282	0.00276994	0.442473	0.000334741	2.2448e-006	3.35674e-006	9.84982e-008	4.1428e-011	2.18612e-008	6.00672e-011	6.34731e-013	7.50251e-013	6.71277e-015	1.70257e-016	3.79814e-020	4.18191e-021	7.40394e-022	2.87461e-022	5.8028e-023	1.76563e-022	2.01972e-023	7.77978e-025	5.38646e-024	7.61985e-027	5.24048e-027	8.34963e-031	5.57908e-033	3.00507e-037	4.5325e-037	9.26079e-039	
0	0	0	4.26711e-041	1.50603e-017	7.781e-012	6.27434e-014	1.10701e-010	2.93148e-012	2.89111e-013	5.89482e-013	6.00623e-007	6.28023e-006	6.22577e-007	2.85631e-008	8.25485e-007	2.53795e-005	1.71576e-008	5.02567e-011	7.30496e-011	4.52949e-013	1.26784e-015	2.47229e-013	1.50686e-015	4.56551e-017	5.23239e-018	3.0187e-019	1.20376e-021	5.42997e-025	5.56038e-026	8.36414e-027	6.1432e-027	6.13255e-027	3.13212e-027	4.66077e-028	1.09031e-029	3.30003e-029	7.53542e-032	8.87562e-033	6.07449e-036	1.5615e-038	2.01396e-042	1.72496e-042	
0	0	0	0	1.07274e-012	2.41683e-007	4.32645e-008	3.06499e-006	1.14287e-006	5.86123e-007	8.80765e-008	0.00217139	0.19132	0.3597	0.243878	0.551547	0.998373	0.999235	0.999996	1	1	1	1	1	1	1	1	1	1	1	1	1	1	1	1	1	1	1	1	1	1	1	1	


1	0.10028	0.00432214	0.00572007	0.000158158	5.19059e-006	2.07395e-007	5.73688e-009	1.39563e-011	7.03677e-013	3.272e-013	1.03689e-015	1.55693e-016	5.69683e-019	1.89482e-020	8.7806e-021	4.65601e-021	1.63798e-021	3.81544e-023	6.87652e-025	1.98372e-025	3.91247e-026	4.98795e-026	4.18815e-026	1.51283e-026	1.99902e-027	4.74307e-028	4.36731e-029	8.451e-031	8.0742e-033	2.79706e-033	1.27574e-032	8.26851e-034	1.00318e-034	2.019e-035	1.91476e-035	3.88645e-036	3.32429e-038	4.44919e-040	3.0293e-041	1.3394e-041	2.09131e-042	1.16401e-042	
0	0.000102138	2.0243e-008	7.92379e-005	9.38747e-010	1.5285e-009	1.3828e-010	2.32456e-010	5.03996e-015	9.28671e-017	1.39355e-015	8.11641e-020	6.40449e-020	1.74053e-020	8.20611e-022	1.77433e-022	2.94308e-021	7.7035e-021	2.60792e-023	1.21224e-025	1.87201e-027	1.05367e-028	2.27075e-029	6.08979e-028	5.96422e-027	4.12905e-028	1.30181e-027	2.28202e-028	1.50603e-030	6.98299e-034	1.79266e-036	1.42005e-034	3.11298e-035	1.54839e-036	6.25667e-037	4.7358e-040	8.09889e-039	4.43232e-041	2.33302e-044	1.24691e-044	3.33158e-044	2.2263e-047	8.94006e-046	
0	0.899618	0.995463	0.993598	0.999678	0.999875	0.993982	0.987859	0.997725	0.913093	0.265051	0.046496	0.00570036	0.000402088	5.62055e-005	2.51597e-005	2.06966e-005	0.000358811	7.30113e-006	1.01544e-007	6.35933e-008	8.00361e-007	1.42975e-005	9.36143e-006	9.19468e-006	4.56452e-006	4.55681e-006	8.78172e-007	7.11892e-009	1.34783e-009	9.4016e-010	1.52663e-008	3.2863e-008	2.53052e-009	6.87575e-011	6.95098e-010	1.28667e-011	1.39735e-013	4.00744e-015	1.49123e-015	1.43681e-015	4.16368e-016	1.14345e-015	
0	0	0.00021408	0.000595269	0.000162994	0.000117201	0.00601709	0.0121373	0.00225871	0.0868911	0.734712	0.952799	0.966225	0.995745	0.995538	0.922326	0.45843	0.164759	0.000204021	1.54071e-007	2.32299e-008	9.78672e-007	0.000311988	0.00744068	0.00876679	0.0078145	7.1261e-005	2.1828e-006	5.07858e-010	4.2231e-012	2.13858e-009	5.69235e-007	5.04598e-007	7.07996e-009	8.90885e-011	8.08754e-011	1.09351e-012	3.30736e-015	2.74912e-019	7.70428e-018	3.75377e-019	2.17666e-018	3.31229e-018	
0	0	9.98534e-007	7.13112e-006	8.74823e-007	2.13556e-006	1.06446e-006	3.5041e-006	1.61595e-005	1.53026e-005	0.000236525	0.000704849	0.028059	0.00383908	0.00439952	0.0769016	0.444483	0.772507	0.00206972	9.5465e-006	2.32129e-007	5.41442e-008	2.3648e-007	1.92463e-005	0.00129791	0.000396258	0.000477289	3.2777e-005	1.43739e-007	9.69088e-010	5.78835e-011	3.1396e-010	4.83842e-008	6.80917e-009	1.10391e-010	2.28893e-012	2.14087e-014	3.43955e-017	6.48771e-019	1.97783e-021	9.26741e-020	1.53862e-022	9.1021e-021	
0	0	0	1.79613e-008	2.50886e-009	2.13208e-010	4.96531e-009	3.40829e-009	6.98376e-009	9.54315e-008	3.21988e-007	5.62245e-007	1.54082e-005	1.34657e-005	5.85171e-006	0.000747566	0.0970193	0.0613813	0.997544	0.997304	0.979844	0.807366	0.330077	0.721866	0.504853	0.360045	0.955619	0.99522	0.999266	0.921069	0.914625	0.482966	0.856133	0.974265	0.985155	0.0223518	0.000989767	8.17883e-006	3.70236e-007	2.75426e-009	9.84151e-011	1.0497e-011	2.21182e-014	
0	0	0	5.58181e-013	7.68989e-011	4.9431e-012	6.29307e-013	5.81827e-013	5.88802e-012	1.25506e-010	2.85074e-010	3.50828e-010	3.50644e-009	4.62253e-009	1.00992e-007	1.5439e-007	4.74067e-005	0.000991508	0.000174483	0.00268568	0.0201435	0.191228	0.659643	0.241805	0.481717	0.628273	0.0422711	0.00468058	0.000731853	0.0789291	0.0840526	0.512103	0.124276	0.0190993	0.0147181	0.954296	0.988462	0.987599	0.981526	0.943105	0.659259	0.079265	0.00351021	
0	0	0	0	4.10784e-012	5.31665e-012	4.40131e-013	2.99569e-014	3.50404e-014	5.47352e-013	3.51706e-012	8.49682e-013	7.00458e-012	1.46859e-011	1.77034e-011	1.33904e-009	2.51199e-008	2.13578e-006	4.1901e-007	2.76356e-007	1.19372e-005	0.00140389	0.00995304	0.0288604	0.00335633	0.00346715	0.00155682	6.33433e-005	2.40036e-006	1.64674e-006	0.00132197	0.00493001	0.0195904	0.00663612	0.000127048	0.023352	0.0105485	0.0123931	0.0184739	0.0568954	0.340741	0.920735	0.99649	


1	0.980733	0.998522	0.999123	0.998738	0.999793	0.995408	0.999624	0.994402	0.998255	0.919664	0.521516	0.00327061	4.26087e-006	3.99808e-008	2.17108e-012	2.01801e-016	2.24227e-019	1.20503e-023	1.26152e-027	9.4006e-031	1.466e-032	1.13581e-035	1.39666e-038	6.86654e-042	1.45439e-044	4.03492e-048	5.49493e-052	5.41424e-056	3.17006e-060	2.23535e-062	4.63686e-064	4.48623e-067	2.87231e-068	1.97225e-069	4.34904e-069	1.64279e-068	8.22955e-069	8.97248e-069	2.56138e-068	3.71873e-068	4.80292e-067	2.73748e-065	
0	0.0185408	0.0010488	0.000601887	0.00106189	0.000151204	0.0042074	0.000220891	0.00472605	0.00148509	0.0794762	0.171022	0.000157671	3.31335e-008	1.32111e-011	6.16657e-012	1.00259e-016	2.37369e-023	8.59254e-023	2.94631e-026	4.68605e-033	1.48445e-032	1.65817e-037	1.61667e-039	2.24208e-043	1.84619e-047	1.5954e-049	2.13299e-055	8.15269e-056	2.08162e-060	2.72638e-061	5.37218e-065	3.33391e-066	5.36442e-066	1.39786e-066	5.84837e-066	7.03894e-066	2.09302e-067	2.07682e-068	3.95384e-070	1.49251e-073	5.11086e-066	9.84111e-068	
0	0.000726583	0.000421227	1.09112e-005	0.000145665	2.50593e-005	0.000367764	2.84037e-005	0.000778422	0.000244085	0.000825135	0.188584	0.00183125	3.1741e-007	4.19287e-010	8.71827e-013	4.80222e-016	1.61124e-020	1.95208e-023	1.67959e-026	1.16627e-030	9.10344e-032	5.15465e-035	8.32001e-038	1.28748e-040	5.48607e-044	9.23646e-048	3.05023e-053	1.76235e-056	1.84683e-059	5.60389e-060	1.27347e-061	7.12724e-064	2.1112e-065	3.53507e-067	1.10558e-066	1.16554e-066	2.07744e-068	5.9735e-069	5.27322e-070	1.09007e-073	7.68207e-069	2.71906e-068	
0	0	4.51121e-006	1.68108e-006	1.23251e-007	1.13479e-006	2.17761e-007	1.02557e-005	1.81457e-007	3.2289e-006	1.26907e-005	0.000165695	2.30171e-005	7.42059e-008	1.34686e-009	6.05866e-014	8.05557e-018	1.10691e-019	1.0634e-024	1.87628e-028	2.1837e-030	3.34544e-033	1.14682e-036	7.03076e-040	1.35737e-041	4.22851e-043	8.93098e-047	7.87503e-051	9.39262e-056	3.04464e-060	1.69085e-063	2.88569e-063	2.3489e-066	6.39036e-068	1.4947e-068	2.48215e-068	2.24486e-067	2.36404e-067	3.05473e-069	3.50356e-069	6.58082e-070	1.2452e-071	4.64578e-067	
0	0	3.51523e-006	0.000262332	5.37257e-005	2.96649e-005	5.70274e-006	0.000110788	2.34357e-005	2.08953e-006	2.55714e-006	0.000489766	0.00646044	0.00408178	0.0219724	4.48814e-005	8.67047e-008	4.09285e-007	2.12515e-010	1.05057e-013	3.28519e-013	1.80454e-014	7.98874e-016	1.35199e-017	8.80938e-020	2.65726e-019	1.94164e-020	5.88655e-021	1.72326e-023	5.93985e-027	7.92653e-030	3.90318e-030	7.01016e-033	1.96007e-036	8.63132e-039	8.89832e-042	9.26578e-043	5.50843e-044	4.90332e-046	1.18978e-046	4.38753e-045	8.47243e-047	9.5758e-045	
0	0	0	9.67788e-010	7.71976e-007	1.38511e-007	1.0591e-005	4.83818e-006	6.90749e-005	6.01861e-006	6.64715e-006	0.0283927	0.00685285	0.00871714	0.0441783	0.00237332	6.38163e-007	1.74771e-007	3.44079e-010	7.9867e-014	1.25066e-015	1.98212e-012	4.85235e-014	2.69955e-017	2.09034e-019	1.30269e-019	5.40567e-021	9.07325e-025	1.95361e-024	1.13449e-026	1.87027e-028	3.23464e-029	2.80096e-029	1.23581e-031	6.09787e-036	2.3553e-036	5.33325e-041	7.57254e-044	2.69713e-047	1.77112e-048	1.28109e-050	2.01821e-047	1.89381e-048	
0	0	0	1.12758e-012	8.87176e-012	6.03188e-011	9.87447e-009	3.49675e-007	5.71898e-007	4.26968e-006	1.27019e-005	0.0898147	0.974951	0.984251	0.88045	0.992865	0.988708	0.872029	0.799705	0.525504	0.0280086	0.607737	0.996248	0.965379	0.936259	0.380419	0.282687	0.00518819	0.00116407	8.74062e-005	0.0140789	0.126739	0.700035	0.962368	0.690163	0.983575	0.234	5.18511e-005	8.92148e-008	3.09035e-009	1.38933e-013	1.41475e-014	3.20997e-016	
0	0	0	0	3.15375e-015	9.74246e-015	1.77801e-012	1.90908e-010	4.39652e-009	3.16937e-009	1.26725e-007	1.46191e-005	0.00645282	0.00294549	0.0533989	0.00471706	0.0112916	0.127971	0.200295	0.474496	0.971991	0.392263	0.00375174	0.0346205	0.0637412	0.619581	0.717313	0.994812	0.998836	0.999913	0.985921	0.873261	0.299965	0.0376318	0.309837	0.016425	0.766	0.999948	1	1	1	1	1	


1	0.999879	0.998645	0.996671	0.997422	0.99318	0.412086	0.029696	0.0103127	0.00102444	8.49924e-006	8.80115e-009	6.8121e-011	9.98706e-014	2.3904e-016	3.66756e-019	1.33535e-020	1.21278e-021	3.52041e-023	2.34162e-024	1.12109e-024	9.2637e-027	1.24071e-028	3.40571e-030	5.07625e-032	2.1514e-034	6.42734e-036	2.71873e-037	7.81523e-039	2.24238e-041	1.50448e-043	1.28974e-045	1.40359e-047	7.71892e-048	1.70008e-048	3.25246e-049	1.95207e-049	4.86601e-050	5.62826e-050	1.11526e-050	3.76815e-050	4.16109e-050	9.58487e-050	
0	0.000106064	0.00134529	0.00332086	0.00253321	0.00679813	0.567056	0.93438	0.945661	0.833419	0.0756198	0.000131853	2.0757e-005	1.27807e-006	6.08132e-006	1.72508e-008	6.431e-011	2.27834e-011	3.59491e-013	4.63655e-014	1.27048e-011	9.1993e-014	1.23019e-013	3.64395e-014	1.76725e-015	3.39862e-017	1.85454e-018	1.26723e-018	4.61067e-021	1.03854e-023	1.68265e-026	1.28929e-026	5.28268e-029	8.79082e-032	7.26257e-034	2.16225e-037	3.18225e-040	6.06211e-042	7.00048e-045	7.54046e-047	2.88333e-046	1.40658e-049	5.84021e-050	
0	1.52531e-005	9.43222e-006	8.06208e-006	4.46537e-005	2.16646e-005	0.0208581	0.0359133	0.0439346	0.165452	0.921253	0.95774	0.985027	0.998265	0.999687	0.972713	0.373755	0.991458	0.149515	0.0455188	0.162144	0.591557	0.671204	0.411602	0.134362	0.0533326	0.00525196	0.000558677	7.0223e-005	1.31293e-006	3.41691e-006	4.23253e-006	1.71805e-005	2.38697e-006	2.49437e-008	2.32926e-009	7.13723e-013	2.57873e-016	3.04702e-020	2.39614e-022	2.22559e-025	6.14359e-027	9.76204e-029	
0	0	6.58791e-009	1.4637e-009	8.21906e-010	8.257e-010	5.53566e-007	1.11482e-005	9.16717e-005	0.000104329	0.00311919	0.0421283	0.0149446	0.00173391	0.000307346	0.0272866	0.626211	0.00569973	0.843712	0.873691	0.0256246	0.0339095	0.0186141	0.210604	0.0306839	0.000258442	0.000511794	6.29095e-006	6.63013e-005	1.42959e-006	6.08099e-005	1.09171e-005	6.0217e-006	0.000135953	0.000100589	6.50215e-005	3.59535e-006	1.04516e-009	1.54683e-012	2.49696e-015	3.87363e-021	2.1401e-021	3.89503e-025	
0	0	5.25934e-014	2.20469e-013	1.61763e-012	1.02172e-012	4.25951e-013	1.51253e-012	1.49915e-009	1.20667e-008	1.14938e-010	2.75061e-009	6.02439e-007	1.10671e-008	8.27373e-009	1.80737e-009	4.95703e-007	0.000292141	4.98351e-008	8.65853e-005	0.000242001	3.44771e-007	5.4343e-007	1.44187e-007	5.46359e-005	2.43092e-007	1.28126e-008	7.70405e-009	9.8836e-011	1.52488e-009	8.44247e-012	5.8716e-010	2.23429e-010	1.08023e-009	5.32059e-009	1.33841e-007	5.92915e-009	8.05329e-010	2.59709e-012	1.39798e-015	2.40553e-017	3.23406e-021	2.26182e-023	
0	0	0	1.69427e-010	6.31502e-014	7.07843e-014	1.47268e-013	1.91984e-010	1.36573e-010	1.1147e-009	9.72846e-009	6.40635e-010	7.25067e-006	3.98703e-008	4.43944e-008	3.79774e-008	3.3159e-005	0.00254649	0.000656206	0.016606	0.13205	1.26443e-006	1.08597e-007	3.11086e-006	7.32573e-005	1.18224e-005	5.42271e-006	5.36289e-005	2.58725e-005	7.98431e-009	1.92328e-012	1.93879e-010	2.08295e-010	1.48918e-008	2.04148e-006	3.41208e-011	4.41053e-008	8.86317e-010	5.62876e-012	1.65489e-015	2.01386e-015	8.97829e-019	8.44836e-021	
0	0	0	1.86783e-021	2.9649e-013	4.09895e-016	2.54274e-016	7.27369e-017	1.33335e-013	3.39938e-014	2.65492e-013	1.10411e-013	3.27829e-013	7.2299e-011	1.33872e-011	1.57024e-011	1.53867e-009	9.54853e-008	0.00597198	0.0500201	0.211632	0.000188575	1.35444e-007	7.12865e-009	2.8375e-008	1.42883e-006	5.33025e-007	9.59922e-007	9.85828e-005	3.99957e-005	4.92772e-007	1.14437e-009	8.69531e-012	4.1572e-011	1.02845e-008	1.70201e-009	3.18219e-009	1.85522e-008	2.01913e-007	6.73762e-009	2.47456e-009	1.77283e-009	9.92486e-012	
0	0	0	0	8.40773e-013	1.50823e-013	1.99709e-013	1.62747e-014	1.41673e-012	1.12113e-012	2.10799e-012	1.03046e-011	4.12147e-012	1.21705e-008	4.8868e-009	7.51778e-010	2.67924e-009	3.79597e-006	0.000144641	0.0140773	0.468306	0.374344	0.310181	0.377791	0.834826	0.946395	0.99423	0.99938	0.999739	0.999957	0.999935	0.999985	0.999977	0.999862	0.999897	0.999935	0.999996	1	1	1	1	1	1	


1	0.296974	0.0235182	0.00896111	0.00148158	1.98889e-005	1.60254e-006	1.40761e-008	1.5522e-010	1.70083e-011	4.62758e-012	1.64535e-015	1.00984e-019	5.46557e-024	5.05231e-028	5.92921e-031	6.53034e-036	4.29942e-040	5.58727e-044	1.16534e-047	3.73401e-051	9.7803e-054	2.55039e-056	2.20459e-060	5.10644e-064	7.19548e-068	3.30575e-071	2.56661e-074	3.50008e-078	6.44563e-082	1.83225e-085	7.10171e-089	4.63117e-093	3.13486e-094	9.75334e-095	2.49786e-095	1.18151e-095	6.82356e-097	4.90374e-097	2.90027e-097	8.41921e-097	1.5176e-096	1.65708e-095	
0	0.156843	0.108625	0.134043	0.0163159	0.000452658	2.16331e-005	1.80624e-007	1.45856e-009	1.39498e-010	6.71694e-011	1.09331e-014	1.26779e-018	2.19058e-022	3.71769e-026	2.54105e-029	2.34379e-033	1.99124e-037	2.5021e-041	3.22909e-045	1.75828e-048	3.01401e-051	4.23426e-054	2.10971e-057	3.60723e-061	1.41558e-064	8.69618e-068	6.0154e-071	8.24483e-075	3.96547e-079	2.83826e-082	4.63121e-085	3.66519e-089	5.93964e-090	3.46349e-091	2.97519e-091	1.85117e-091	2.96256e-092	1.57559e-092	3.72085e-092	1.28033e-091	1.22201e-091	6.01396e-091	
0	0.546183	0.838589	0.614088	0.938051	0.978381	0.247252	0.0140154	0.00779538	0.00363328	5.3223e-005	7.12642e-007	5.4427e-010	2.47586e-011	1.23415e-012	4.78029e-015	1.65234e-018	7.43631e-019	2.84185e-023	5.62344e-027	2.60531e-028	1.42274e-029	1.56463e-029	1.55948e-032	6.38663e-035	6.78279e-037	9.43908e-039	1.68596e-040	4.77312e-045	3.60767e-048	1.11982e-051	6.29733e-053	8.18079e-056	8.14263e-059	1.47782e-061	3.56378e-062	2.37935e-064	2.39968e-066	3.13923e-067	2.34538e-066	1.85668e-064	2.65781e-066	5.1112e-064	
0	0	0.0292103	0.242352	0.0287601	0.0210412	0.743592	0.959601	0.381329	0.75549	0.827966	0.03897	0.00417335	0.00402788	0.0459827	0.0174483	9.60144e-005	9.12419e-005	6.79157e-007	1.37473e-008	1.28836e-007	1.44518e-008	2.39716e-007	5.26426e-008	6.48054e-009	7.7537e-010	6.79257e-010	5.68889e-009	3.88502e-011	2.10135e-013	9.71492e-016	4.03497e-015	6.38269e-017	2.30257e-019	3.78896e-021	1.09335e-023	2.75708e-026	9.78869e-029	1.19456e-030	2.68737e-031	2.02277e-029	3.73536e-032	8.10736e-031	
0	0	5.67143e-005	0.000550822	0.0153851	0.000102657	0.0091072	0.0259727	0.609389	0.151824	0.0755855	0.918879	0.937832	0.919948	0.838632	0.293301	0.00271696	0.00167541	7.43708e-005	1.18168e-006	1.65948e-005	8.16687e-006	0.000219105	1.42194e-005	8.18236e-008	3.21895e-009	9.57354e-010	3.6998e-009	2.80596e-010	8.67443e-012	1.21481e-012	2.19124e-012	4.95152e-014	1.78259e-016	1.97096e-018	5.24903e-021	7.92577e-025	9.97271e-030	1.05949e-030	3.10118e-032	8.14624e-032	1.76309e-031	1.11953e-031	
0	0	0	4.85935e-006	6.35671e-006	2.77553e-006	2.50584e-005	0.000241171	0.0014557	0.0881292	0.0921768	0.0409785	0.0570804	0.0659802	0.111931	0.610447	0.148296	0.0464261	0.0295998	0.0204259	0.0549024	0.0612055	0.482779	0.467464	0.180376	0.0318628	0.0502479	0.141416	0.0555916	0.0181474	0.015899	0.0479887	0.0174589	0.0101793	0.0042704	0.000175945	6.42053e-006	2.74248e-008	2.98149e-009	8.83024e-010	6.30906e-010	3.99796e-011	1.33749e-011	
0	0	0	3.60019e-007	2.21739e-008	4.13384e-008	1.95524e-007	0.000169201	3.07697e-005	0.000911931	0.000810375	0.000300551	0.000744874	0.00999844	0.00301117	0.0512987	0.84543	0.943238	0.803791	0.531513	0.838689	0.156309	0.0517815	0.387632	0.17439	0.0161017	0.0166299	0.259294	0.243424	0.0896682	0.124362	0.454116	0.761704	0.252666	0.0980966	6.77337e-005	2.37998e-006	2.19198e-009	3.7557e-011	6.23812e-011	9.98632e-012	1.91218e-012	1.19441e-013	
0	0	0	0	4.99581e-009	2.87475e-010	1.12354e-008	6.58251e-009	3.16294e-007	1.15016e-005	0.00340801	0.000870796	0.000169189	4.52725e-005	0.000442987	0.0275054	0.00346077	0.00856885	0.166534	0.44806	0.106392	0.782478	0.46522	0.14489	0.645234	0.952036	0.933122	0.59929	0.700985	0.892184	0.859739	0.497895	0.220837	0.737155	0.897633	0.999756	0.999991	1	1	1	1	1	1	


1	0.923762	0.384836	0.335478	0.107663	0.0240007	0.000707005	2.19425e-005	1.60912e-006	9.46599e-008	2.00481e-009	1.50166e-013	1.33112e-016	1.51134e-020	3.22652e-024	8.09304e-027	1.25482e-029	1.01934e-032	6.8536e-035	2.37117e-038	5.09558e-041	1.93969e-043	5.38038e-047	4.75058e-050	1.00185e-052	7.52044e-055	1.7927e-057	2.51685e-060	8.84616e-065	3.77981e-068	1.19374e-071	5.33728e-075	2.99734e-078	5.63481e-079	5.82871e-080	7.36299e-081	7.51276e-081	1.16574e-080	2.50019e-081	3.38588e-081	1.86125e-080	1.58575e-081	4.25163e-081	
0	0.00774006	0.0617637	0.048252	0.00702169	0.00036277	3.62796e-005	4.36027e-007	5.02838e-008	1.5546e-009	3.268e-011	8.92176e-016	1.72526e-017	2.99951e-022	1.17373e-025	9.76072e-028	2.56609e-029	6.63909e-034	5.84595e-034	3.71992e-036	1.3516e-038	2.56984e-042	4.9985e-047	3.25874e-049	1.24845e-052	1.36021e-055	6.88273e-058	1.48317e-059	3.80789e-062	7.62032e-065	1.50407e-067	2.77106e-071	1.29217e-074	8.90792e-075	8.75031e-075	4.68529e-077	8.33314e-077	4.11206e-077	3.10408e-076	1.09209e-076	4.27294e-076	2.44156e-076	1.85413e-077	
0	0.0684976	0.543681	0.611284	0.878005	0.971806	0.131393	0.0223851	0.0121474	0.00382986	2.17888e-005	1.79864e-007	2.54267e-008	4.23805e-009	1.04348e-009	1.91436e-011	3.13974e-012	4.48241e-012	1.1393e-013	3.58941e-016	2.23459e-015	1.69731e-015	7.21964e-016	1.7796e-016	4.0697e-018	2.55853e-018	3.94153e-019	2.55208e-019	6.62999e-023	6.19464e-025	1.68591e-026	2.10749e-026	2.56808e-028	1.9766e-030	1.19583e-032	9.25446e-035	3.82518e-036	3.68265e-037	1.03036e-038	2.25715e-038	9.52308e-037	6.0795e-039	7.38816e-038	
0	0	0.00971976	0.00498516	0.0073106	0.00383041	0.867863	0.977539	0.987669	0.996093	0.999434	0.999936	0.955463	0.999204	0.999481	0.662995	0.766491	0.998809	0.651581	0.019879	0.0469087	0.307558	0.855058	0.53361	0.0583555	0.0111287	0.00290416	0.00156601	3.30552e-006	2.27968e-007	1.12883e-006	3.22689e-005	1.93801e-005	3.20174e-006	5.21489e-008	7.70498e-009	1.45862e-011	7.65373e-015	2.86389e-018	7.65732e-019	1.00358e-020	4.69588e-023	6.36832e-024	
0	0	4.44888e-022	9.87217e-007	7.23598e-009	1.56457e-008	2.88537e-007	5.36659e-005	0.000181384	7.65304e-005	0.000543057	6.42005e-005	0.0443187	0.000794	0.000518948	0.335146	0.164942	0.000386288	0.0785929	0.00293981	3.5448e-005	8.52331e-005	0.000189593	0.0759612	0.0713779	0.000163541	0.000197033	1.73289e-005	5.55451e-007	5.70026e-010	2.3946e-009	6.79981e-009	2.48813e-007	4.72799e-007	1.0344e-007	2.12006e-011	9.36806e-012	2.36399e-015	7.37798e-020	1.98342e-022	7.08879e-023	5.05352e-026	3.80012e-027	
0	0	0	1.75734e-008	3.23179e-010	2.93071e-010	9.3555e-010	1.41295e-007	5.11087e-007	1.18431e-007	1.54364e-006	4.96027e-008	0.000218276	1.77932e-006	4.36701e-007	0.00185906	0.0683556	0.000199841	0.262235	0.894322	0.194489	0.00197247	9.79864e-008	0.000200292	0.0107291	0.00552963	0.0364306	0.333548	0.948893	0.0748843	0.00168178	1.1379e-006	1.33717e-007	1.98731e-007	1.22824e-006	3.39899e-012	2.23655e-013	3.10348e-014	6.96046e-016	6.71358e-020	1.76966e-021	2.69942e-024	5.17788e-028	
0	0	0	5.52124e-030	6.38049e-011	7.7079e-013	2.37692e-013	4.42621e-013	4.79341e-010	6.46183e-010	3.27698e-011	1.0436e-010	3.50975e-010	8.44415e-008	3.77556e-008	1.4948e-008	0.000203037	0.000584353	0.00575001	0.0799548	0.739328	0.037505	0.000652409	0.00031556	0.000337284	0.0207515	0.00715934	0.0715774	0.00637252	0.889463	0.0959193	0.00767795	0.000430377	1.25746e-005	1.66421e-005	6.97329e-008	1.53893e-007	8.29504e-007	8.43084e-006	1.18763e-005	0.000206162	1.30314e-005	2.1656e-006	
0	0	0	0	3.38503e-011	4.32084e-012	1.30073e-012	1.63559e-013	3.26351e-010	4.39955e-010	1.03774e-010	4.26732e-010	1.31295e-009	5.1577e-008	1.18008e-008	8.92166e-008	8.86241e-006	2.00985e-005	0.00184061	0.00290451	0.0192387	0.652879	0.1441	0.389912	0.8592	0.962427	0.953309	0.593292	0.0447309	0.0356528	0.902398	0.992289	0.99955	0.999984	0.999982	1	1	0.999999	0.999992	0.999988	0.999794	0.999987	0.999998	


1	0.83196	0.790003	0.60869	0.442316	0.191771	0.0855726	0.00506169	0.00011445	9.17699e-006	1.61176e-006	1.21115e-011	7.5122e-016	3.95582e-020	1.04611e-024	3.33118e-029	9.13927e-032	6.01786e-035	2.23142e-038	3.20186e-043	1.74755e-046	8.14156e-050	4.75773e-053	3.02066e-056	2.81617e-060	4.22054e-064	2.77788e-068	5.57943e-072	4.35255e-077	4.42127e-082	8.90751e-086	2.1942e-088	7.76806e-093	5.09432e-094	6.1448e-095	2.66828e-094	1.85263e-094	5.02969e-095	8.79268e-096	5.04792e-095	3.25341e-094	4.96852e-094	4.14314e-092	
0	0.158996	0.111514	0.269437	0.389623	0.557563	0.0346813	0.00194117	6.61204e-005	1.72646e-006	8.43722e-008	4.0775e-010	2.18846e-012	4.68236e-014	1.05494e-016	3.96704e-019	1.02547e-019	1.64697e-020	3.24014e-022	3.73295e-025	8.32417e-027	1.85844e-027	6.44909e-029	1.20533e-029	4.77635e-031	4.51105e-032	5.48228e-034	4.09673e-035	3.69241e-038	3.89644e-041	2.60057e-043	2.18145e-044	2.94431e-046	3.58751e-048	2.3925e-049	4.84031e-050	1.46252e-050	1.82693e-050	1.49261e-051	9.64789e-052	2.0974e-050	1.92722e-050	4.15684e-048	
0	0.00904451	0.0984165	0.121503	0.167357	0.24994	0.85243	0.983278	0.988785	0.94576	0.0363186	5.01617e-005	3.79129e-006	3.10727e-007	7.16838e-008	6.77695e-011	5.47193e-012	4.20616e-012	1.04703e-013	2.26916e-016	4.75026e-015	1.44587e-016	4.75183e-016	3.86983e-017	1.33937e-019	1.60459e-021	4.16051e-023	7.15982e-024	2.43137e-027	3.49514e-030	4.11071e-033	3.1147e-033	2.22574e-036	2.07219e-039	8.87121e-042	8.23735e-044	5.16978e-046	2.92395e-048	5.83469e-050	2.50136e-050	2.96656e-048	1.27944e-050	9.38683e-049	
0	0	6.64458e-005	0.000367613	0.000696458	0.000716689	0.0269472	0.00931026	0.00953918	0.0527185	0.947885	0.054576	0.202543	0.327211	0.927239	0.95208	0.500412	0.0347347	0.0122455	7.53549e-005	0.00017441	0.000131375	8.89569e-005	0.000136079	2.65794e-005	4.04131e-005	1.23891e-006	4.06814e-007	3.91513e-009	7.58981e-012	2.03121e-013	1.62225e-013	4.21984e-014	3.10047e-016	6.66993e-019	7.6965e-021	3.32892e-024	1.6129e-025	9.77971e-029	2.50676e-030	2.51884e-030	8.30001e-033	2.05086e-033	
0	0	3.08037e-008	2.78809e-006	2.3399e-006	8.89459e-006	8.88173e-005	0.00022397	7.54973e-006	0.000127513	0.0135996	0.000904164	0.000181358	0.0220284	0.0123784	0.0271861	0.0917121	0.0161158	4.07699e-005	3.14663e-007	8.62188e-008	4.26782e-006	3.28707e-007	2.19171e-006	1.51813e-006	5.29513e-006	6.23287e-009	1.24908e-009	2.97318e-011	1.48798e-013	1.9039e-014	4.0758e-015	5.37677e-015	2.04296e-017	1.34878e-020	1.62982e-020	3.90191e-025	2.91715e-027	1.95764e-030	8.47525e-031	4.49416e-032	3.00235e-033	1.0223e-033	
0	0	0	6.26246e-009	4.2297e-006	1.05014e-006	0.000279897	0.000184978	0.00148806	0.00138185	0.00219429	0.944469	0.777412	0.649345	0.0602316	0.0195634	0.355256	0.939895	0.22624	0.000487281	0.00052565	0.0113186	0.824393	0.157628	0.00272898	0.000425543	1.18071e-005	1.23812e-007	2.37563e-010	1.53904e-011	1.10218e-010	1.70538e-009	1.41087e-010	3.76001e-012	1.76892e-014	9.87016e-014	6.37913e-017	1.61309e-021	1.03426e-024	1.3476e-025	1.04812e-028	2.27804e-030	5.70327e-031	
0	0	0	1.5214e-024	6.59455e-014	2.34365e-011	6.78803e-010	5.98411e-009	2.38388e-008	1.3387e-006	9.902e-007	3.08844e-007	0.0197834	0.00130151	0.000134436	0.00113766	0.0404908	0.000657851	0.170642	0.0136194	6.17033e-005	4.9513e-006	0.000242711	0.313191	0.0255526	1.61011e-005	1.49266e-006	1.26115e-008	4.11644e-010	6.50671e-013	1.30971e-012	4.42039e-012	2.81757e-011	1.50302e-011	5.10419e-013	9.49448e-015	1.89052e-016	3.70646e-020	7.31025e-024	9.9573e-027	3.70052e-029	5.53132e-032	2.32552e-033	
0	0	0	0	2.28159e-013	6.94058e-011	8.22828e-011	2.20835e-009	2.19472e-009	2.00708e-008	6.96195e-008	1.52062e-008	7.68472e-005	0.000114512	1.65147e-005	3.31482e-005	0.0121288	0.00859693	0.590831	0.985818	0.999238	0.988541	0.175275	0.529043	0.97169	0.999513	0.999985	0.999999	1	1	1	1	1	1	1	1	1	1	1	1	1	1	1	


1	0.397216	0.00570305	0.00708357	0.000138407	2.32203e-006	4.62702e-008	6.80572e-010	5.93217e-011	3.0204e-012	2.73441e-014	2.23806e-019	1.67614e-023	1.65049e-027	4.69632e-032	4.99057e-036	1.41157e-039	6.34393e-042	1.23574e-045	1.61639e-049	7.06919e-053	4.74502e-055	1.52478e-059	4.29858e-063	1.45659e-066	1.58614e-069	5.21889e-072	4.4231e-075	1.33084e-079	1.04397e-083	1.08608e-085	4.65324e-088	4.71874e-091	4.03287e-092	5.85195e-093	1.51464e-091	1.35691e-091	4.57391e-092	1.42603e-092	5.11154e-093	4.43294e-093	4.53838e-093	1.53116e-092	
0	0.602781	0.994243	0.923231	0.999695	0.999926	0.772315	0.146647	0.895896	0.736649	0.000248239	8.97515e-007	3.40386e-009	4.55471e-011	3.17265e-013	3.6334e-016	7.75205e-019	6.17201e-018	1.3297e-020	2.19884e-023	3.00868e-024	4.02888e-024	8.02665e-026	2.01978e-028	9.28754e-031	2.3571e-032	7.75958e-033	1.65388e-034	1.26204e-037	9.68257e-040	1.15508e-040	4.95181e-041	2.67257e-042	1.29483e-044	2.93805e-048	1.14409e-046	7.74794e-050	2.66777e-052	3.56672e-053	1.5034e-054	2.21997e-054	2.4703e-055	3.05631e-054	
0	3.59623e-006	5.381e-005	0.0696853	0.000166343	7.21601e-005	0.227685	0.853331	0.104057	0.26322	0.997547	0.996711	0.979068	0.992687	0.998896	0.811093	0.0247022	0.661885	0.192086	0.00673426	0.0583387	0.71096	0.995771	0.162758	0.0248355	0.0508389	0.166509	0.285781	0.00524547	4.94867e-005	0.000371857	0.0175078	0.00532533	0.000120569	2.50344e-006	4.11302e-006	6.89391e-009	3.15636e-012	1.20106e-016	3.01082e-019	1.47609e-021	1.34906e-023	4.82293e-024	
0	0	1.76478e-012	3.87472e-008	1.52493e-008	1.5287e-011	4.53473e-009	2.21027e-005	4.69081e-005	0.000130607	0.00220427	0.00328657	0.0209122	0.00720484	0.00100866	0.188898	0.975198	0.079068	0.342558	0.171823	0.00489573	0.0718063	0.00325135	0.837205	0.952581	0.681673	0.275696	0.0351786	0.00909397	0.000487517	0.144256	0.736981	0.95835	0.985181	0.993751	0.910916	0.559358	0.00641452	1.88398e-006	4.08971e-009	1.67758e-013	3.50031e-015	1.86894e-018	
0	0	1.98775e-019	7.85073e-016	4.05505e-013	3.25436e-013	3.79482e-015	2.98945e-015	6.04822e-011	8.58562e-008	3.23584e-008	1.11547e-006	1.98162e-005	0.000108381	9.54449e-005	8.55573e-006	9.5596e-005	0.259032	0.000226817	6.32411e-005	0.00270372	0.00107616	0.000404433	5.63473e-006	0.0225813	0.267391	0.0785834	0.00975336	4.30542e-006	2.73655e-006	6.27951e-006	0.0121119	0.00105221	7.77233e-005	0.000591399	0.0130388	0.000247589	0.000127534	3.05383e-007	1.61948e-010	1.6197e-011	8.72011e-016	7.9586e-017	
0	0	0	6.40151e-020	8.84876e-019	4.99313e-018	2.97232e-017	7.25105e-019	6.28292e-014	8.31068e-015	4.19759e-013	1.36198e-012	1.09942e-009	1.50273e-008	6.10644e-010	7.71858e-007	3.79368e-006	1.52004e-005	0.465112	0.661507	0.0104712	0.00168696	5.1159e-008	1.4682e-005	1.30238e-007	9.33766e-005	0.479105	0.317407	0.855705	0.0229825	0.023147	0.000117176	0.0176087	0.00991118	0.0005486	1.21829e-006	4.89877e-007	8.09582e-009	2.78851e-007	1.1111e-011	6.93153e-014	1.871e-013	7.62836e-017	
0	0	0	2.31592e-027	1.77842e-023	5.70445e-023	3.52913e-021	1.20926e-020	2.7833e-021	1.76782e-016	6.38285e-018	2.37793e-017	1.63523e-015	8.02694e-014	8.43275e-012	1.2748e-012	1.19232e-008	5.28924e-007	1.68088e-005	0.159872	0.921152	0.147603	0.000232786	8.35608e-006	1.30583e-006	3.88685e-006	0.000106862	0.351878	0.129536	0.975556	0.664482	0.105008	0.00610099	0.00101226	0.00348103	0.00163092	0.00290508	0.00752303	0.0654164	0.00592735	0.00804584	0.00254373	0.000133665	
0	0	0	0	1.17659e-027	7.82331e-027	2.60281e-025	3.70669e-024	3.67046e-023	1.09241e-020	1.6109e-019	1.81237e-021	2.78468e-020	7.30042e-018	1.1368e-016	8.31277e-015	9.97129e-014	6.63681e-010	5.2145e-009	1.36523e-007	0.00243848	0.0668671	0.00034022	8.47344e-006	4.57007e-007	3.1737e-007	3.43512e-007	2.21349e-006	0.000415633	0.000921864	0.167737	0.128275	0.0115624	0.00369773	0.00162537	0.074409	0.437488	0.985935	0.934581	0.994073	0.991954	0.997456	0.999866	


1	0.765285	0.0728195	0.742135	0.153039	0.00813661	0.000738549	6.66936e-005	4.54071e-006	1.14157e-007	2.61022e-009	4.37942e-013	3.55342e-018	9.36029e-022	8.83821e-025	8.28333e-030	7.61961e-034	4.01821e-038	4.84491e-042	2.50554e-046	1.11853e-051	1.67928e-054	1.77241e-057	1.62658e-061	1.74887e-065	5.50943e-070	1.08142e-073	1.45279e-077	4.81852e-082	4.97932e-086	1.50838e-089	2.22363e-092	3.45564e-096	2.44491e-097	1.12675e-098	1.52767e-097	2.42585e-098	2.71177e-099	4.46539e-100	9.59199e-100	1.68413e-099	2.35558e-099	4.64224e-098	
0	0.234715	0.927159	0.168927	0.846877	0.99173	0.953531	0.236157	0.998033	0.909942	0.00132801	0.00021242	1.70089e-008	4.4483e-009	5.57367e-009	1.72759e-013	3.618e-017	6.41103e-019	1.50399e-023	5.12356e-028	7.73809e-032	1.4304e-031	6.89097e-031	6.27434e-034	5.34712e-037	3.98626e-040	3.04269e-043	1.85953e-047	5.30019e-053	8.70074e-056	6.50911e-058	6.80131e-058	7.84857e-060	3.31875e-063	1.43051e-068	3.37588e-066	3.80359e-070	1.33885e-072	5.0978e-075	1.79813e-074	5.03199e-075	1.02409e-076	2.85134e-075	
0	3.0652e-009	2.12678e-005	0.0889318	8.32784e-005	0.00013327	0.0457305	0.763761	0.00188479	0.0900572	0.9818	0.110153	0.00383273	0.00503814	0.164172	0.000474706	4.13478e-007	6.24021e-009	1.77112e-013	2.73271e-018	2.2462e-020	2.40948e-021	1.17832e-019	5.03213e-021	6.47571e-023	2.27609e-024	3.08197e-027	2.30262e-028	2.89753e-033	2.7038e-038	4.58417e-040	9.47226e-039	1.29549e-042	3.04089e-046	8.90048e-049	9.80734e-051	2.8419e-053	2.10462e-057	9.07073e-064	1.91492e-065	7.12491e-067	4.43412e-071	5.53036e-070	
0	0	2.15745e-010	5.928e-006	4.7584e-007	5.74314e-010	3.3194e-008	1.4293e-005	6.5903e-005	2.42944e-007	0.0168691	0.889487	0.995784	0.990776	0.834397	0.989016	0.0150317	2.45461e-005	9.55923e-007	1.62258e-009	4.92266e-013	7.7506e-014	2.06086e-014	3.64014e-016	1.89571e-017	5.2167e-019	3.7422e-020	1.29296e-021	2.03853e-023	1.64023e-027	4.57808e-029	1.16044e-030	8.6217e-033	7.36385e-035	1.37082e-036	7.34239e-039	3.64014e-042	6.29499e-047	1.10907e-052	2.70039e-057	9.03478e-061	1.43607e-064	8.03826e-067	
0	0	3.74956e-015	1.91163e-007	3.9233e-008	6.6315e-011	1.52051e-009	4.85655e-007	1.15401e-005	5.03351e-009	2.53093e-006	0.000147241	0.000383141	0.00418131	0.00056749	0.0105067	0.984945	0.000831325	0.00291198	0.00133576	1.89174e-008	4.42691e-010	3.11122e-013	6.46468e-015	1.51625e-016	1.14325e-019	1.23995e-019	1.01094e-021	1.96249e-021	2.7096e-023	1.93428e-024	1.99236e-027	1.02135e-027	4.15185e-027	5.61126e-028	1.03171e-029	1.49386e-032	1.25348e-036	1.39238e-039	9.45772e-043	1.18992e-046	6.07989e-049	1.41814e-052	
0	0	0	6.00317e-014	7.9982e-009	2.20717e-009	1.81723e-009	5.81098e-009	2.6099e-007	3.14664e-007	9.90122e-011	1.55648e-008	1.81888e-008	4.7263e-006	0.000855424	7.60166e-008	2.17109e-005	0.999029	0.00662205	6.71514e-005	1.7355e-005	5.90429e-007	3.06594e-007	2.13598e-010	3.71136e-012	6.12317e-014	1.60553e-014	3.37643e-015	4.83975e-018	8.49628e-019	6.2611e-022	8.69574e-023	2.47473e-025	2.71292e-028	1.66023e-029	2.91842e-029	3.16351e-032	4.23836e-035	1.25081e-036	5.06444e-037	2.38798e-036	3.33574e-039	5.019e-038	
0	0	0	4.06165e-018	3.33142e-013	1.03029e-012	2.76885e-011	4.85759e-011	1.76609e-010	1.1949e-009	2.87195e-009	6.07708e-010	8.85786e-009	8.76062e-008	8.22112e-006	1.91925e-006	1.54647e-007	0.000115118	0.987676	0.7228	0.995711	0.141598	0.082477	0.00192334	5.97279e-006	4.94917e-007	7.64979e-007	8.87155e-006	3.21948e-006	5.9613e-007	6.95789e-009	4.42938e-010	6.22238e-012	2.74931e-014	1.50313e-015	5.19547e-019	1.87054e-022	1.62298e-025	3.59828e-028	1.22247e-030	2.18441e-030	5.16139e-033	4.59458e-034	
0	0	0	0	3.89475e-019	1.58289e-014	1.73332e-014	1.58629e-013	4.6601e-013	2.1301e-012	5.37194e-012	9.0217e-011	3.87671e-012	6.07594e-010	3.9882e-008	1.36007e-007	1.07957e-006	3.11959e-008	0.00278928	0.275797	0.00427204	0.858401	0.917523	0.998077	0.999994	1	0.999999	0.999991	0.999997	0.999999	1	1	1	1	1	1	1	1	1	1	1	1	1	


1	0.994823	0.885483	0.968542	0.727508	0.480724	0.0261094	0.00114176	0.000428651	5.00152e-006	7.36494e-007	9.60729e-010	9.31255e-014	2.76966e-017	2.98065e-020	1.09659e-024	1.07242e-027	5.30405e-030	1.41649e-034	1.12313e-039	3.91456e-042	1.61733e-044	5.08363e-047	3.67317e-049	3.33794e-052	4.73431e-055	2.2852e-058	1.05136e-061	5.59666e-066	1.11524e-070	2.53117e-074	1.55236e-076	1.4058e-079	1.29533e-080	7.93628e-083	1.37518e-081	4.71043e-082	4.97301e-082	6.219e-082	4.36678e-081	1.13372e-081	9.616e-081	1.87945e-079	
0	0.00517366	0.114514	0.0182222	0.272438	0.518479	0.972885	0.988137	0.985269	0.999705	0.475374	0.3555	0.00388878	0.00135302	0.00461108	4.57785e-006	5.13515e-009	1.3148e-008	3.2641e-014	1.60005e-019	9.58327e-020	1.5509e-019	2.78407e-018	1.07249e-018	4.59856e-020	4.69605e-021	5.64374e-024	2.99299e-026	2.78146e-031	2.15348e-035	1.47501e-037	1.92518e-036	1.92095e-038	1.00988e-041	1.59518e-046	1.34947e-045	1.14388e-048	3.30211e-050	1.61824e-053	2.65242e-053	2.69562e-054	1.14252e-055	2.51205e-053	
0	3.37888e-006	3.19891e-006	0.0132353	4.71435e-005	0.000796638	0.00100373	0.0107202	0.0142717	0.000279262	0.524615	0.63345	0.995089	0.995504	0.917098	0.99154	0.215778	0.631182	0.0031796	1.77622e-006	1.51739e-006	8.27332e-007	4.65481e-007	7.09313e-007	4.45417e-007	1.1339e-006	8.15744e-007	5.12041e-007	2.08854e-008	1.77032e-012	9.68778e-015	1.33647e-015	8.31982e-017	3.84735e-018	1.3855e-019	1.77419e-021	1.24153e-023	4.91068e-026	2.62941e-029	9.53228e-032	1.19398e-033	1.56881e-035	1.81879e-035	
0	0	5.66974e-010	1.57728e-008	1.81748e-006	6.21428e-009	1.36399e-006	1.1851e-006	2.69694e-005	3.50339e-006	9.64472e-006	0.00985819	0.000507922	0.00156405	0.00883852	0.00762432	0.782882	0.342091	0.991185	0.999279	0.975724	0.928483	0.092133	0.563555	0.892085	0.829315	0.863458	0.744257	0.784218	0.994642	0.999267	0.61689	0.747905	0.912408	0.989444	0.866837	0.99526	0.955638	0.439707	0.29863	0.000488571	0.00112121	3.77764e-005	
0	0	1.22986e-009	1.05901e-010	4.81197e-006	1.31213e-007	2.35962e-007	6.42578e-008	4.16814e-006	6.81001e-006	1.13176e-006	0.00119184	0.000508939	0.00156919	0.0694493	0.000123341	2.01599e-005	0.0235609	2.82333e-007	1.07557e-006	0.0234278	0.0706736	0.907689	0.149926	0.0405815	0.0835325	0.000198397	0.00052464	2.98782e-006	1.06689e-005	0.000676911	0.383101	0.000711828	3.57105e-005	8.63234e-006	0.132018	0.000503053	0.00491858	0.000208918	0.00387184	0.00126574	4.02173e-006	0.00126441	
0	0	0	2.16064e-010	4.76309e-013	9.26506e-009	3.41134e-010	7.87853e-010	1.67387e-009	2.09457e-010	2.90697e-008	1.46156e-008	5.53266e-006	9.62312e-006	2.86867e-006	0.000707573	0.00128598	0.00311419	0.00558458	0.000679746	0.000287741	0.000790218	0.000161802	0.286349	0.0100907	0.0005615	0.0777599	0.0986081	0.156375	0.000935986	6.35294e-006	1.34809e-006	0.251382	0.0807215	0.0016738	2.13594e-006	1.07091e-005	1.02624e-007	1.34017e-005	1.80504e-007	4.60875e-006	3.46973e-005	7.58994e-007	
0	0	0	6.04589e-017	4.20961e-014	1.16236e-013	6.09909e-012	3.49963e-013	1.13079e-012	8.9915e-013	4.53523e-012	7.18186e-011	1.13548e-010	2.069e-009	6.91624e-008	6.63692e-009	3.58775e-006	1.2898e-005	2.66405e-006	1.96513e-006	3.67435e-005	2.23415e-005	9.54134e-006	0.000125021	0.0262174	0.0210806	0.000594927	0.0018679	0.000268877	0.000255176	5.08174e-006	1.71623e-006	9.85377e-007	0.00112827	0.000105553	3.58726e-006	1.08312e-007	6.39066e-007	1.8195e-008	4.14423e-008	7.72536e-010	6.32847e-008	4.68882e-007	
0	0	0	0	3.11533e-013	5.90008e-015	3.6454e-012	1.89799e-013	2.88595e-012	1.78917e-013	1.18462e-012	1.65617e-011	2.75261e-011	2.05177e-009	1.78173e-007	7.28498e-009	3.02281e-005	3.91656e-005	4.81806e-005	3.63209e-005	0.00052274	2.99011e-005	6.45541e-006	4.48797e-005	0.0310247	0.0655095	0.0579878	0.154742	0.0591347	0.00415664	4.42006e-005	6.7576e-006	3.31673e-007	0.00570646	0.00876758	0.0011394	0.00422565	0.0394429	0.56007	0.697498	0.998241	0.99884	0.998697	


