E:\Google Drive\Progetti\MSR Action3D\Real\a01_s01_e03_skeleton3D.txt
1
TRUE
-927.653
-990.629
-1013.7
-1022.09
-1020.01
-998.837
-1015.05
-988.603
-968.231
-1000.02
-1001.19
-930.673
-981.204
-956.26
-951.26
-939.057
-962.669
-930.368
-935.023
-930.85

40
20
1	0.900081	0.831747	0.604943	0.549878	0.466121	0.0644732	0.3733	0.146762	0.228751	0.0760295	0.10353	0.00544979	0.00303136	0.000341429	6.35244e-005	1.35304e-005	1.73382e-007	1.71075e-009	9.15474e-012	4.24724e-014	3.86879e-016	2.34494e-019	4.88267e-021	6.76723e-023	3.09289e-024	3.10384e-029	5.17277e-031	3.31273e-032	6.11425e-034	2.59363e-034	5.32088e-039	1.88581e-039	5.40272e-041	4.91659e-042	7.52618e-043	3.20583e-043	3.56441e-044	4.47173e-044	5.6884e-044	2.69064e-044	
0	0.0487369	0.0559951	0.0823722	0.220064	0.14368	0.00792185	0.126078	0.10094	0.161645	0.124976	0.658193	0.610964	0.935719	0.831209	0.816279	0.584764	0.00712464	0.000316347	7.58949e-006	2.07916e-007	5.73255e-009	1.65912e-011	1.53527e-012	1.39257e-013	1.87417e-015	1.54818e-020	8.23857e-022	2.15879e-023	5.84713e-025	7.78328e-026	3.9094e-030	7.89878e-031	5.31351e-032	2.4186e-033	9.07903e-035	3.55972e-036	1.45269e-037	4.63101e-038	5.6403e-038	1.18856e-037	
0	0.0511819	0.0820601	0.189272	0.116908	0.35694	0.110145	0.139521	0.104133	0.0293733	0.0058992	0.0420124	0.0120228	0.0163107	0.14294	0.153455	0.0824972	0.0142714	0.000180379	6.07961e-007	4.36332e-009	3.97371e-009	4.49552e-012	2.53217e-013	7.67109e-015	2.10975e-016	8.80317e-021	8.27896e-022	5.22195e-024	3.29427e-025	2.28644e-026	4.34814e-030	1.02861e-031	4.24685e-033	7.80141e-035	8.76779e-036	1.12607e-035	1.23306e-036	4.15966e-037	6.70763e-037	2.10238e-037	
0	0	0.0287174	0.0185523	0.110727	0.0258531	0.00231841	0.328697	0.611048	0.568115	0.767005	0.171077	0.370517	0.0421126	0.0228386	0.0299867	0.199978	0.000439241	0.000130091	2.64404e-006	9.16708e-008	1.63762e-010	3.52252e-012	6.27051e-014	1.07218e-014	4.39484e-016	3.05443e-020	5.50433e-023	6.07944e-023	1.76174e-025	1.16666e-025	1.36161e-029	5.41973e-031	2.30638e-032	7.48832e-034	1.19659e-034	1.08812e-036	1.59874e-038	7.84738e-038	1.4204e-037	1.95875e-037	
0	0	0.00148057	0.10481	0.00237249	0.00736794	0.815134	0.00293376	0.03694	0.00970281	0.0251808	0.000695191	0.000107645	0.00102713	0.00252256	0.000175165	0.13131	0.978135	0.998366	0.84702	0.682903	0.00541292	1.2064e-006	2.031e-009	1.49075e-012	2.86129e-014	4.13616e-015	4.01e-018	2.07587e-021	2.0695e-025	4.83526e-025	2.5794e-025	8.83867e-028	1.21041e-031	3.12543e-035	8.17014e-037	2.96862e-036	1.02955e-039	2.04419e-040	7.89065e-040	2.54358e-040	
0	0	0	5.02537e-005	4.88158e-005	3.74482e-005	7.5366e-006	0.02947	8.36962e-005	0.00235576	0.0009036	0.0244514	0.000850818	0.00172496	0.000143473	3.7515e-005	0.00143751	2.92227e-005	0.00100705	0.152969	0.317032	0.99321	0.999728	0.98601	0.359124	0.0142139	0.00226191	0.000123054	6.81325e-006	1.02849e-007	4.12323e-009	1.06506e-008	5.53231e-009	1.46452e-010	9.41028e-013	6.44681e-015	7.54939e-017	1.10106e-018	8.14108e-022	1.98617e-024	7.12221e-027	
0	0	0	4.69998e-014	3.3424e-009	3.19029e-009	5.30509e-010	3.03837e-008	2.54336e-006	2.17544e-008	1.3282e-007	1.96525e-006	8.91045e-007	7.86942e-007	1.77195e-007	2.41394e-008	8.53209e-009	3.2664e-009	8.12701e-011	9.86312e-008	9.60039e-006	0.00122681	0.000195409	0.0113653	0.623133	0.944811	0.983191	0.857155	0.618173	0.699492	0.344232	0.787782	0.166955	0.00142983	1.50026e-005	1.187e-007	5.47105e-009	6.61655e-011	6.21455e-014	2.01398e-017	2.36865e-020	
0	0	0	0	9.23802e-007	5.64522e-007	6.15407e-009	5.40995e-007	8.9921e-005	5.72899e-005	5.27996e-006	3.96637e-005	8.69185e-005	7.3193e-005	5.45236e-006	2.51221e-006	1.73685e-007	4.04864e-008	1.13591e-009	2.7406e-007	5.50859e-005	0.000150659	7.56443e-005	0.00262442	0.0177429	0.0409754	0.0145467	0.142722	0.38182	0.300508	0.655768	0.212218	0.833045	0.99857	0.999985	1	1	1	1	1	1	


1	0.99885	0.995081	0.999328	0.944697	0.999987	0.996453	0.999587	0.929847	0.207069	0.602146	0.998914	0.966792	0.981748	0.999782	0.999826	0.987467	0.850576	0.462178	0.0378291	0.00144015	0.0135555	0.0163057	0.0785238	0.0112626	0.000978763	3.0202e-006	1.06634e-007	3.16707e-007	8.65443e-009	1.49645e-007	1.49019e-010	2.63686e-010	1.37399e-010	2.79719e-010	1.90917e-009	1.63344e-009	1.17821e-010	3.61821e-010	6.3923e-012	1.80332e-013	
0	0.00104543	0.00491205	0.000661723	0.0552774	1.10365e-005	0.0034967	0.000412234	0.0701502	0.792929	0.169769	2.41859e-005	0.0331743	0.0182187	2.20478e-005	6.94875e-006	0.0113075	0.148873	0.492791	0.882177	0.112474	0.000142035	6.4643e-006	1.21326e-005	0.00605294	2.07878e-005	1.1815e-009	4.82201e-010	3.88943e-011	6.56134e-011	1.00402e-010	1.41271e-011	2.35451e-014	7.8042e-012	1.11241e-013	1.69468e-013	2.8206e-015	6.38231e-016	1.16237e-014	8.84228e-015	4.78368e-018	
0	0.00010426	6.85768e-006	9.84254e-006	2.60596e-005	1.55201e-006	5.07053e-005	1.15238e-006	2.32789e-006	1.82396e-006	0.228085	1.33267e-006	3.30023e-005	3.35719e-005	0.000196323	0.000167064	0.00122384	0.000551328	0.0450309	0.0799441	0.885047	0.000181685	4.60533e-006	6.26394e-008	5.129e-008	5.27017e-007	7.01615e-006	6.87994e-013	9.83708e-010	3.16851e-016	3.12982e-009	1.58102e-011	5.93444e-014	9.1653e-015	2.49587e-013	4.91729e-012	7.07636e-014	3.78416e-018	3.74512e-017	5.44898e-020	2.93558e-020	
0	0	1.66679e-008	9.23872e-009	3.93788e-012	7.29412e-009	1.60698e-010	1.69624e-008	1.58591e-013	2.7676e-012	7.32697e-008	0.00106019	2.83387e-007	1.28641e-008	1.72096e-008	1.82517e-008	1.72817e-006	5.98539e-009	1.40681e-008	4.97223e-005	0.00103882	0.985625	0.906025	0.0708343	7.03249e-006	1.14114e-008	8.74043e-008	1.06564e-012	1.7828e-011	1.30273e-016	2.43892e-015	3.13644e-012	2.14424e-011	4.63691e-015	7.06239e-017	1.56209e-013	1.338e-014	5.80571e-018	8.03584e-022	9.074e-025	3.11873e-025	
0	0	1.47767e-020	7.78866e-012	5.82941e-012	1.85535e-014	5.01244e-012	2.81407e-013	2.35923e-011	5.13554e-014	7.21951e-016	7.32017e-011	4.24029e-007	5.50375e-009	4.31437e-012	6.59868e-012	2.24159e-011	8.96782e-010	2.33947e-012	2.55075e-011	1.56884e-008	0.000496005	0.0776563	0.727227	0.97269	0.994267	0.998336	0.0287893	0.64772	0.361402	0.822136	0.9493	0.955032	0.749434	0.783316	0.975468	0.985936	0.0509166	0.000720401	9.46117e-008	8.05003e-012	
0	0	0	9.46225e-018	8.9603e-014	1.2192e-013	1.04872e-015	1.32666e-014	6.23425e-015	7.72075e-013	3.81157e-015	4.08014e-015	5.63632e-014	4.65617e-009	1.54499e-011	3.56701e-014	2.17056e-016	1.29955e-012	2.26397e-014	8.69412e-016	8.05976e-016	5.31467e-009	1.90519e-006	0.123399	0.00993661	0.00472676	0.00164871	0.97121	0.00669785	0.638419	0.0247825	0.0506096	0.0361139	0.250125	0.216251	0.0197673	0.0121643	0.949029	0.823483	0.0121296	8.20019e-005	
0	0	0	2.1177e-038	3.17565e-020	2.50397e-013	7.48211e-015	7.73597e-015	3.98363e-017	6.74672e-018	6.79375e-016	7.69641e-015	1.58034e-016	1.4765e-016	2.30457e-011	4.47783e-013	3.77564e-017	4.04525e-020	6.4285e-017	2.43807e-019	3.45231e-021	6.47459e-018	1.65693e-011	3.10628e-006	4.97179e-005	5.78974e-006	5.19556e-006	5.85917e-007	0.344974	9.22317e-005	0.150743	3.14054e-005	0.00881938	0.00015123	0.000336678	0.00378124	1.68996e-005	5.38661e-005	0.175764	0.98782	0.999541	
0	0	0	0	2.78601e-022	2.02851e-018	3.12932e-014	8.11921e-015	2.95859e-015	9.87006e-017	1.03868e-016	7.33024e-018	3.46138e-016	2.3623e-016	1.0707e-013	8.84181e-012	3.26146e-011	4.44844e-012	7.88171e-012	6.81464e-013	3.94392e-014	5.10368e-014	2.46586e-013	1.49855e-011	6.87408e-007	5.09981e-007	6.3608e-008	2.48708e-009	0.000608266	8.6493e-005	0.00233896	5.95203e-005	3.44265e-005	0.000290141	9.59641e-005	0.000983802	0.00188294	1.03357e-006	3.29694e-005	5.07852e-005	0.000377279	


1	0.983585	0.990675	0.999652	0.99007	0.99996	0.997983	0.999349	0.990413	0.899158	0.967867	0.999904	0.988818	0.997319	0.999897	0.999819	0.898948	0.952937	0.301472	0.0143557	0.000592289	0.00692414	0.00419442	0.0324425	0.466985	0.85341	0.0185842	0.00856581	0.00219621	0.0323509	0.0473793	0.0390353	0.0182413	0.0127478	0.0164445	0.0074602	0.00787126	0.0149072	0.0070674	0.00685409	0.00432876	
0	0.016271	0.009249	0.000280304	0.00992649	1.22532e-005	0.00198632	0.000545046	0.00958652	0.10083	0.0276859	9.41016e-007	0.0111179	0.00260713	5.50569e-005	0.000151623	0.100755	0.0470312	0.698484	0.967777	0.844047	0.00119828	7.19249e-006	9.36332e-007	0.0398238	0.00456501	0.0172222	3.78569e-006	4.64745e-005	1.00672e-005	0.000764589	0.484985	0.000321379	0.000751164	9.13344e-006	1.61142e-005	1.9511e-007	2.0563e-008	2.853e-007	8.4941e-007	3.29197e-008	
0	0.000144068	7.57332e-005	6.78211e-005	3.62876e-006	2.78252e-005	3.1023e-005	0.000105642	5.4549e-007	1.19161e-005	0.00444725	9.4759e-005	6.41241e-005	7.38225e-005	4.78043e-005	2.94057e-005	0.000297829	3.17172e-005	4.3839e-005	0.0178668	0.15536	0.621482	0.933132	0.838595	0.144907	0.0487021	0.409053	4.12905e-005	0.000623351	2.89104e-006	0.000781039	0.0247281	0.165565	0.00661701	0.000866875	0.000864388	1.35538e-005	2.02747e-006	3.90413e-008	1.27818e-008	3.55554e-008	
0	0	1.2301e-010	4.79018e-010	1.29854e-011	1.26364e-011	1.58656e-010	2.00353e-009	3.47224e-011	3.72469e-013	2.57665e-010	4.13182e-007	2.04608e-010	1.94977e-008	2.56201e-010	2.28693e-010	8.27482e-010	3.24664e-011	1.263e-012	9.20747e-011	3.0917e-008	0.369568	0.0596146	0.112963	0.0231099	0.00167758	0.0341124	2.56949e-006	1.22826e-007	4.366e-006	1.54211e-009	0.00127548	0.000240483	1.75675e-005	8.56675e-006	4.97663e-007	3.88825e-006	7.61283e-008	7.0988e-012	1.44896e-014	3.18384e-014	
0	0	2.27029e-009	8.24257e-010	2.67282e-009	2.54884e-011	1.81575e-010	2.04419e-009	5.23778e-009	6.28081e-011	2.2266e-010	3.35839e-008	3.24914e-009	1.87014e-009	3.1226e-010	7.35395e-010	4.26817e-010	2.06849e-009	2.17283e-010	2.8327e-009	7.74214e-007	0.000827586	0.00304219	0.014161	0.323393	0.0886676	0.51971	0.0153043	0.00094153	0.00505544	0.000290821	0.0833155	0.00455139	0.0012962	0.000285192	9.26224e-006	1.33258e-006	3.87017e-007	6.82132e-010	2.31054e-012	1.27286e-013	
0	0	0	2.61622e-013	3.43497e-013	1.73774e-012	1.16647e-015	2.19795e-014	5.05368e-013	4.9702e-013	4.99667e-016	8.07941e-013	6.75294e-013	1.86253e-013	1.06631e-012	9.44043e-014	9.16494e-017	2.28317e-013	2.28515e-016	2.05394e-016	1.28973e-015	1.93317e-007	9.23872e-006	0.00183597	0.00174331	0.00295939	0.000567147	0.976059	0.000297941	0.161877	0.000260712	0.00150715	9.79024e-005	0.000122089	0.000189531	2.15949e-006	3.12341e-006	0.000665439	1.05735e-005	3.5301e-008	5.84425e-011	
0	0	0	4.05023e-022	5.89857e-017	4.41158e-013	1.77041e-015	4.79555e-016	1.5045e-018	1.41958e-016	3.97185e-018	2.12487e-017	4.58513e-016	2.84174e-016	1.14379e-016	3.10586e-014	2.03538e-017	9.39087e-022	1.64815e-018	1.01636e-021	3.47479e-022	5.99284e-018	3.75107e-010	1.64664e-006	3.09546e-005	3.54106e-006	0.00075143	8.96721e-006	0.995677	0.0139152	0.0189738	0.0659918	0.0321555	0.000126393	5.90203e-008	6.91831e-007	4.32092e-009	6.69071e-008	5.3197e-005	0.00378962	0.144423	
0	0	0	0	1.68039e-017	5.8082e-017	3.92205e-014	1.18015e-013	3.25667e-014	3.07669e-014	2.52887e-014	2.77828e-014	3.16e-014	8.87094e-014	4.1915e-014	1.0687e-013	3.97048e-013	8.882e-014	2.32533e-014	1.18153e-015	6.36913e-017	9.52644e-016	4.19398e-011	8.67009e-009	7.41129e-006	1.48503e-005	2.73154e-007	1.43273e-005	0.000217211	0.786784	0.93155	0.299162	0.778827	0.978322	0.982196	0.991647	0.992107	0.984425	0.992869	0.989355	0.851248	


1	0.884097	0.937054	0.989095	0.967995	0.996622	0.997611	0.976329	0.996906	0.98654	0.944023	0.982055	0.893932	0.867587	0.992471	0.983541	0.944293	0.984802	0.950859	0.574415	0.0901506	0.0272358	0.00598031	0.00923475	0.0125213	0.177552	0.234306	0.0258527	0.0661392	0.014357	0.293004	0.426791	0.764998	0.482165	0.374647	0.170966	0.0837533	0.00105701	0.00371495	0.00216495	0.000935429	
0	0.0830318	0.050248	0.00125268	0.0282882	0.00293539	0.000144308	0.0205879	0.00118498	0.0105697	0.0101475	0.0161315	0.0778991	0.127254	0.00372613	0.0144919	0.00143579	4.67114e-005	0.000795993	0.00109083	0.000408133	1.01859e-005	9.68609e-006	3.04637e-005	0.000148598	9.63352e-005	1.92478e-006	2.76322e-005	0.00335996	2.68772e-005	0.00224899	6.21155e-006	0.0511562	0.169371	0.131857	0.0905793	0.00182029	2.78719e-005	0.000268264	0.000282143	0.000159532	
0	0.0328708	0.0126596	0.00953583	0.00364493	0.000378194	0.00209692	0.00306695	0.00189323	0.00287943	0.0458239	0.00173027	0.0281546	0.00507642	0.00372073	0.00180118	0.0542041	0.00087917	0.044088	0.356853	0.638629	0.0034356	0.000425723	0.000120304	0.000117621	0.000458651	0.00511722	4.48716e-006	0.00542434	1.94949e-006	0.102403	0.00947237	0.0897196	0.0076558	0.024293	0.114611	0.00248889	4.39703e-006	7.58385e-006	2.50304e-006	9.57248e-007	
0	0	3.50006e-005	3.18076e-005	4.73525e-006	6.17452e-006	7.74083e-006	2.04681e-006	4.53251e-006	4.39607e-006	2.32593e-006	1.75325e-005	1.20619e-005	7.93596e-005	1.92426e-005	2.28369e-007	4.07787e-006	0.000134556	1.03988e-006	0.000307961	0.00119656	0.00984143	3.87575e-005	7.03552e-006	7.51041e-006	7.76579e-006	8.81022e-007	2.43894e-007	2.25642e-007	1.26773e-005	8.00891e-007	0.00102282	7.00511e-005	0.00441782	0.000144002	9.72254e-005	0.000587343	1.1931e-006	8.96073e-009	2.97171e-007	2.88753e-009	
0	0	3.25069e-006	8.43346e-005	5.43685e-005	3.56968e-005	0.000135014	1.22912e-006	1.04352e-005	6.63501e-006	2.86328e-006	6.53788e-005	5.28201e-007	2.19403e-006	5.30946e-005	2.34296e-006	6.10026e-007	0.0140206	0.00407811	0.067032	0.269326	0.904448	0.902413	0.544494	0.0554861	0.308666	0.688273	0.031678	0.00170001	5.64848e-005	4.1742e-005	0.14698	0.00832662	0.000741267	0.000196476	8.59667e-005	0.0109609	0.000297723	1.72352e-006	2.6952e-008	1.10475e-010	
0	0	0	9.62248e-009	1.24147e-005	6.33634e-006	1.08417e-008	1.10719e-005	6.3945e-007	2.09443e-008	3.16762e-008	1.85155e-007	1.47198e-006	1.67228e-009	2.14996e-007	1.90971e-005	6.78597e-009	1.1898e-010	3.31902e-006	8.09315e-006	0.0001876	0.0547763	0.0870744	0.391293	0.116325	0.160031	0.00285238	0.88354	0.613746	0.365897	0.420358	0.00560626	0.0319976	0.171514	0.454771	0.62167	0.871111	0.995685	0.964513	0.118637	0.0052069	
0	0	0	7.65782e-014	1.84704e-011	1.33916e-008	8.73522e-011	5.12955e-011	1.74722e-010	2.9417e-011	3.41565e-014	1.13962e-010	1.80221e-010	2.91595e-009	3.72505e-011	1.32648e-009	3.85594e-009	7.11263e-013	1.60008e-009	5.72241e-009	2.14716e-008	3.54823e-006	4.99768e-005	0.000874528	0.0103899	0.00010063	3.52908e-005	4.60579e-006	0.00175564	0.00158094	0.000326723	0.000645026	2.65589e-005	0.00054187	3.2888e-005	7.09069e-005	0.000490626	8.35788e-005	0.000346439	0.0050525	0.000114119	
0	0	0	0	8.52379e-010	1.65814e-005	5.40972e-006	1.46376e-006	2.95915e-007	8.24305e-008	3.92359e-010	2.23441e-008	8.04298e-008	3.56947e-007	9.49715e-006	0.000144187	6.19814e-005	0.000116829	0.000174202	0.000293222	0.000102319	0.000249275	0.00400769	0.0539462	0.805004	0.353088	0.0694126	0.0588926	0.307875	0.618067	0.181616	0.409477	0.0537058	0.163593	0.0140581	0.00192018	0.0287877	0.00284273	0.0311477	0.873861	0.993583	


1	0.937117	0.979569	0.928117	0.983709	0.804214	0.45842	0.831184	0.945127	0.987163	0.990261	0.955652	0.978086	0.991389	0.771581	0.351651	0.684443	0.142398	0.0350354	0.0306373	0.0082951	0.00225034	0.00253244	0.00259903	0.0168717	0.121104	0.491626	0.548647	0.819579	0.811115	0.992464	0.970946	0.989006	0.964925	0.985493	0.992611	0.749167	0.49267	0.289193	0.278181	0.211101	
0	0.0244149	0.0134392	0.0704278	0.00998277	0.120239	0.533912	0.12341	0.0496725	0.0116842	0.00880048	0.0275416	0.0179292	0.00263194	0.189163	0.057246	0.267782	0.85424	0.963488	0.967609	0.991205	0.904141	0.929419	0.888173	0.836376	0.827372	0.464544	0.215488	0.0486339	0.02428	0.00206768	0.0271806	0.00278111	0.00621267	0.000646569	0.000542858	0.0122739	0.00389167	0.000640063	0.00751337	0.00253823	
0	0.0384679	0.00629232	0.00142375	0.00627785	0.0703653	0.00744826	0.044977	0.00498722	0.000978413	0.000599009	0.0162715	0.0025564	0.00380312	0.0381913	0.515236	0.0366461	0.00329986	0.00145993	0.00173514	0.000488328	0.0915428	0.067258	0.108472	0.134444	0.0424379	0.0353854	0.231599	0.121276	0.161953	0.00472486	0.00183979	0.00812492	0.0286431	0.0136203	0.00673928	0.220696	0.49219	0.666848	0.676467	0.686115	
0	0	2.31001e-005	8.51298e-006	3.31459e-006	0.0051549	0.000186431	0.000319338	8.64163e-006	1.66091e-007	2.01879e-007	8.52254e-005	8.5593e-007	6.41227e-006	0.00033898	0.0754574	0.00193819	1.37581e-005	4.8975e-006	2.36445e-006	1.47249e-006	0.00206378	0.000618695	0.000608399	3.68427e-005	0.000108355	6.17049e-005	0.00128998	0.00544615	0.000160862	0.000214897	4.83503e-008	6.98273e-005	6.21382e-006	9.97633e-005	3.91877e-005	0.0178431	0.0105613	0.0376468	0.00831863	0.0726522	
0	0	0.000676	8.53072e-006	1.10371e-005	2.33479e-005	2.9798e-005	0.000101379	0.000183027	4.27136e-005	5.49635e-007	3.39298e-006	0.000337177	2.30138e-005	1.0795e-005	0.000376718	0.00910651	1.62274e-005	3.64828e-006	2.01113e-006	9.47468e-007	1.23094e-007	0.000168422	0.000141176	0.01216	0.00137118	9.64225e-007	0.000425734	0.00437138	0.00191249	0.000264462	1.12015e-007	6.99222e-006	0.00020114	0.00013032	5.96151e-005	1.8821e-005	0.000685181	0.00567081	0.0294884	0.0275828	
0	0	0	1.41302e-005	3.92403e-007	3.2916e-008	1.557e-006	7.27269e-007	4.18169e-007	3.38729e-007	3.63281e-007	5.33886e-009	1.40331e-007	9.4651e-008	3.25252e-007	3.17476e-008	5.69516e-005	1.69758e-005	2.07586e-006	1.09502e-007	4.88569e-008	1.60425e-009	2.76058e-007	7.68917e-007	2.48465e-005	0.00590966	0.00776492	0.00108886	0.000383247	3.85688e-005	0.000127256	1.95327e-005	2.7276e-007	2.20264e-008	1.81412e-007	1.0435e-006	1.06463e-007	1.65384e-006	4.44475e-007	3.15116e-005	9.46722e-006	
0	0	0	1.05241e-010	2.2682e-013	3.86202e-015	7.95464e-013	1.15576e-012	3.00941e-012	1.20539e-009	9.2859e-014	1.1429e-015	1.11157e-014	5.52271e-013	1.24926e-017	2.9783e-019	1.31139e-011	3.36925e-011	2.58997e-014	1.60353e-011	9.56956e-014	3.40048e-015	7.6601e-016	8.09953e-013	2.07099e-008	2.15164e-006	7.01923e-009	1.08504e-008	3.43015e-009	1.05607e-008	6.41291e-010	1.56801e-009	2.6912e-012	2.87853e-014	8.82335e-014	1.62651e-012	1.65161e-015	5.25336e-014	1.46379e-012	9.99211e-011	3.02321e-012	
0	0	0	0	1.60333e-005	3.71623e-006	1.99527e-006	7.28985e-006	2.11307e-005	0.000131459	0.000338017	0.000446626	0.00108994	0.00214609	0.00071471	3.3501e-005	2.81268e-005	1.53267e-005	5.5986e-006	1.39248e-005	9.0087e-006	2.12056e-006	3.52798e-006	5.42892e-006	8.60643e-005	0.00169462	0.000617254	0.00146114	0.000310104	0.000540358	0.000136428	1.37069e-005	1.07932e-005	1.1369e-005	9.99813e-006	6.93544e-006	6.56692e-007	3.57274e-007	1.74792e-007	1.66742e-007	1.5862e-006	


1	0.61557	0.47603	0.16836	0.381898	0.190534	0.017143	0.0218108	0.0144417	0.00914559	0.00640511	0.00399561	0.000846402	9.07026e-005	1.81749e-006	9.66069e-007	1.01796e-007	7.96058e-009	4.94615e-010	3.48165e-010	1.01953e-010	4.73902e-012	2.32573e-012	3.84022e-013	7.44089e-014	1.1703e-014	5.083e-016	2.0028e-015	1.48407e-016	1.50098e-016	1.01801e-017	4.27128e-018	1.1729e-018	1.70143e-018	1.25219e-019	2.41741e-020	1.21077e-021	2.33894e-022	6.18622e-023	3.22429e-023	4.94157e-023	
0	0.325834	0.520586	0.819098	0.574303	0.78537	0.918629	0.914561	0.823514	0.809405	0.282208	0.098224	0.00261135	0.000469307	4.236e-006	3.75214e-007	1.56715e-007	4.35711e-008	3.73514e-009	2.29166e-009	7.76596e-010	6.44572e-011	2.79912e-011	2.17945e-012	1.9655e-013	3.50552e-013	1.32559e-013	1.15814e-013	1.10971e-014	1.20208e-014	5.25239e-016	5.6623e-016	2.12187e-016	5.72457e-017	8.62342e-018	8.06231e-019	5.32966e-019	4.15586e-020	7.31832e-021	4.66275e-022	1.27562e-022	
0	0.0585963	0.00314495	0.00244217	0.0381465	0.000473457	0.000221693	0.0190135	0.0174643	0.0246028	0.0759221	0.134056	0.765973	0.897298	0.0450915	0.0685079	0.110461	0.00131748	0.00179569	0.00326107	0.00767376	9.23198e-005	1.18815e-005	5.47583e-006	6.6472e-006	8.74947e-009	3.88843e-011	1.12092e-010	1.07138e-013	1.23842e-013	1.05492e-016	9.84801e-017	1.0142e-017	2.29344e-016	3.37137e-018	4.44101e-021	7.14473e-023	3.52507e-022	2.87927e-023	7.87119e-023	4.43701e-022	
0	0	0.000122641	0.0100171	0.0045821	0.0217676	0.0190835	0.00538614	0.0377128	0.00114694	0.00329798	0.0960713	0.0720139	0.00668089	0.95377	0.85847	0.705016	0.683622	0.960596	0.899275	0.809869	0.990375	0.987699	0.981069	0.64227	0.00429141	0.000193209	0.0156904	3.52564e-006	8.09295e-006	4.35423e-009	4.68035e-009	4.76202e-012	1.01132e-013	2.67087e-017	1.06127e-021	8.0119e-022	2.05735e-022	2.60232e-024	1.1379e-023	3.68775e-023	
0	0	0.000116473	2.53391e-005	0.0010008	5.79181e-005	2.15859e-005	0.0118836	0.00162223	0.0139407	0.0030952	0.00659574	0.0442886	0.0884629	0.000796796	0.0730009	0.181419	0.00388418	0.0116611	0.0531447	0.169853	0.000985778	0.00704243	0.0187083	0.3574	0.0799268	9.59915e-005	0.000910805	0.00237329	0.011429	0.00101915	3.41524e-006	9.48679e-006	7.66313e-005	9.79496e-005	2.13099e-005	7.34779e-007	4.15276e-008	2.14845e-008	5.11393e-010	4.41066e-010	
0	0	0	5.54414e-005	5.51596e-005	0.00178619	0.0447742	0.00572913	0.0577166	0.0279979	0.0311079	0.00104491	9.19498e-006	0.000110828	0.000246041	8.03145e-006	0.00309945	0.311143	0.0239758	0.0438202	0.0117885	0.00852045	0.00520911	0.000161845	0.000315491	0.514067	0.309264	0.470267	0.0262693	0.0239088	0.00205595	0.0168252	8.01708e-005	2.77281e-006	4.96044e-008	2.88647e-007	6.95775e-007	3.76715e-009	6.9296e-011	3.40547e-010	3.18336e-011	
0	0	0	1.95249e-006	6.94758e-007	5.01458e-007	8.03774e-006	0.00788929	0.00140092	0.0252145	0.0173821	8.89757e-005	7.04022e-008	5.34721e-007	7.6502e-010	3.94636e-010	2.82371e-006	1.79028e-006	2.35571e-006	2.15862e-005	2.30923e-005	3.69845e-007	2.34366e-006	6.31329e-007	2.56866e-006	0.401671	0.686717	0.273381	0.865529	0.230178	0.506333	0.930057	0.755008	0.0207334	0.00811629	0.00314421	6.57954e-005	1.57443e-006	2.9977e-007	5.81967e-010	2.55906e-012	
0	0	0	0	1.36663e-005	9.87137e-006	0.000119277	0.0137261	0.0461279	0.0885466	0.580582	0.659924	0.114257	0.00688653	8.99851e-005	1.2166e-005	1.78536e-006	3.09182e-005	0.00196917	0.000477468	0.000792359	2.59712e-005	3.49006e-005	5.47479e-005	5.75282e-006	4.29923e-005	0.00373022	0.239751	0.105825	0.734476	0.490592	0.0531142	0.244902	0.979187	0.991786	0.996834	0.999933	0.999998	1	1	1	


1	0.991493	0.969341	0.604379	0.983399	0.764127	0.0118509	0.00969151	0.00224763	0.000450392	5.30881e-005	6.43993e-005	0.00019309	0.000411283	0.00118189	0.00796394	0.00637071	0.0018631	0.000920026	0.000300771	5.67838e-005	1.46955e-005	5.03089e-006	5.84353e-007	7.08038e-007	3.39679e-006	1.01465e-007	4.64579e-007	5.56999e-007	1.61417e-006	4.9751e-007	2.07585e-007	7.58577e-008	1.44901e-007	1.77376e-008	7.09922e-009	1.03279e-010	1.61201e-011	8.08692e-012	9.54526e-013	2.59855e-012	
0	0.00785954	0.0139383	0.2692	0.00505989	0.0198611	0.00536894	0.000268054	0.000114865	6.09608e-006	1.45567e-005	2.5128e-005	0.000172603	0.000567545	0.00538658	0.00807183	0.163208	0.158388	0.524101	0.673845	0.688161	0.976817	0.988702	0.964902	0.894943	0.265682	0.0147195	0.0060771	0.00011188	1.27671e-005	1.12259e-006	2.40593e-006	1.50451e-007	1.95706e-008	5.90071e-011	1.28768e-011	4.56845e-013	3.18001e-014	1.93686e-014	2.42944e-014	5.767e-013	
0	0.000647229	0.0166369	0.125338	0.00550696	0.000121183	0.00037296	0.0001093	0.000107573	3.52989e-005	9.91509e-006	3.27705e-006	4.93243e-006	7.89402e-005	1.72289e-005	0.000176545	0.0105923	0.049393	0.089684	0.0879691	0.0271934	0.0092076	0.00906538	0.0349352	0.0589936	0.427941	0.801238	0.813552	0.00359325	0.000548251	0.000218712	0.0113937	0.00712246	0.000669437	8.3756e-006	1.59721e-007	6.27849e-011	2.51507e-013	1.15809e-013	9.14656e-016	4.44201e-014	
0	0	7.43001e-005	0.000707395	0.00512919	3.19572e-006	1.05717e-006	4.15582e-006	1.80863e-006	6.30186e-006	1.14523e-005	1.94294e-008	8.88069e-007	8.29402e-006	5.22668e-007	1.0019e-006	0.000116699	0.0010232	0.0040576	0.0943264	0.254886	0.0010764	0.0010893	7.30453e-005	0.0459245	0.218595	0.0584369	0.00632087	0.0769874	0.00477832	0.00209133	0.00694288	0.000806565	0.00404632	0.000443824	8.77085e-005	2.71015e-008	1.1438e-011	1.11021e-013	6.5304e-018	1.4372e-018	
0	0	9.72847e-006	0.00015732	0.000498658	0.0020811	2.01045e-006	5.83735e-006	5.23823e-008	3.89281e-008	1.24509e-007	1.83078e-005	3.16152e-006	2.02231e-006	5.77705e-006	1.48451e-005	8.4264e-007	2.20439e-006	6.02906e-006	1.19483e-005	0.000293738	0.00685393	0.000294385	3.79367e-005	0.000118004	0.0802604	0.118516	0.160139	0.748082	0.808813	0.600636	0.658874	0.870005	0.881974	0.92916	0.906391	0.100292	0.0323295	0.0229748	0.000347962	0.00119172	
0	0	0	0.000217445	3.64192e-006	0.17131	0.896926	0.44247	0.00654971	6.77529e-005	6.05188e-009	1.77656e-006	1.03463e-008	4.37728e-009	1.54236e-006	4.54104e-007	1.23511e-007	2.22264e-005	8.45598e-007	1.21237e-007	7.57753e-006	0.00234858	2.16237e-005	1.31276e-006	2.32841e-008	0.006037	0.00678592	0.0130914	0.101504	0.105601	0.0316294	0.134125	0.0210026	0.00146477	0.000583863	0.00427623	0.890034	0.885572	0.690314	0.530269	0.132789	
0	0	0	2.80799e-007	0.000360855	0.0418149	0.0812457	0.427518	0.374168	0.149099	0.00441963	0.000217455	2.28589e-006	4.8576e-009	2.16928e-009	5.21188e-008	3.55818e-009	1.24481e-008	2.57354e-007	1.87414e-008	2.25887e-009	5.77416e-008	1.75798e-005	1.34131e-008	2.44369e-009	8.34563e-005	0.000239835	0.000209517	0.0653704	0.00937236	0.0499937	0.0299168	0.00283193	0.00049385	0.000225668	0.0101677	0.00292171	0.0690067	0.173701	0.41209	0.16006	
0	0	0	0	4.14025e-005	0.000681988	0.00423256	0.119933	0.61681	0.850335	0.995491	0.99967	0.999623	0.998932	0.993406	0.983771	0.819712	0.789308	0.38123	0.143547	0.0294013	0.00368199	0.000805041	5.03854e-005	2.04256e-005	0.00139835	6.34662e-005	0.00060959	0.00435062	0.0708726	0.31543	0.158745	0.0982311	0.111352	0.0695781	0.0790776	0.00675203	0.0130916	0.11301	0.0572929	0.705959	


1	0.530838	0.410201	0.116613	0.0189841	0.00167662	6.23883e-005	6.37416e-005	9.11679e-006	7.98569e-006	1.41935e-005	0.0001053	0.00039622	0.00197069	0.027139	0.158842	0.863191	0.441867	0.522494	0.102025	0.0143969	0.0566401	0.0250414	0.016744	0.000383293	2.58874e-005	2.1862e-007	1.71114e-008	4.06222e-009	1.35359e-010	1.94255e-011	1.11823e-013	9.58478e-015	4.27636e-015	4.02334e-016	1.74445e-016	1.16227e-016	1.04719e-017	1.36815e-018	6.61517e-020	9.4161e-021	
0	0.468949	0.588664	0.883199	0.968494	0.998266	0.999928	0.785593	0.993624	0.747224	0.838677	0.899089	0.335038	0.00813746	0.078107	0.0398266	0.0114067	0.457519	0.310127	0.0287062	0.00231316	0.0163767	0.00380141	0.00196318	6.17976e-005	3.11935e-005	2.07321e-005	2.00065e-006	6.91796e-007	3.28708e-008	2.01838e-008	1.9944e-008	1.02959e-010	1.12025e-011	5.33468e-013	2.36302e-013	1.86286e-012	1.64276e-012	2.1578e-013	1.41949e-013	2.70803e-015	
0	0.000213048	0.00111519	0.000176493	0.0125081	1.50548e-005	8.09465e-006	0.214342	0.00201041	0.249339	0.148873	0.0194892	0.60021	0.241436	0.00802664	0.00126954	0.00509425	6.49559e-006	0.137305	0.851566	0.964447	0.429226	0.755037	0.302701	0.68979	0.734591	0.493506	0.0630387	0.0408565	0.00562596	0.00140039	0.000445647	3.17878e-005	9.17821e-006	4.04946e-007	3.90136e-008	2.50367e-011	7.63052e-014	2.26878e-016	2.44315e-017	5.17734e-018	
0	0	1.98656e-005	1.12355e-005	1.17942e-005	3.94647e-005	3.85523e-007	5.38847e-007	0.00417713	0.0020902	0.00780372	0.0176138	0.016057	0.486576	0.293458	0.153439	0.0110147	0.00145753	0.000112989	0.0042268	0.0080228	0.323112	0.0373293	0.0756163	0.0136383	0.0126908	0.0218502	0.0230157	0.00815766	0.00173738	0.000400086	0.000110777	1.2324e-005	3.05042e-005	4.00977e-006	4.64199e-006	7.34923e-006	3.08559e-006	5.59864e-007	3.15895e-008	7.85771e-010	
0	0	4.9896e-007	7.79686e-007	1.70714e-006	2.63184e-006	5.20436e-009	7.27442e-007	0.000179632	0.00131774	0.00454693	0.063467	0.0472105	0.259925	0.221467	0.376606	0.0548453	0.000328089	0.00017931	0.00580015	0.010231	0.157635	0.150186	0.572581	0.259041	0.156414	0.280829	0.593157	0.50034	0.284276	0.261951	0.1104	0.232619	0.229429	0.465022	0.533931	0.200079	0.160793	0.0171123	0.000102615	2.2914e-006	
0	0	0	3.90945e-008	2.97318e-007	3.03239e-007	1.28818e-006	1.17131e-008	9.30834e-008	2.02902e-005	8.14185e-005	0.000134231	0.000844685	0.000358528	0.368451	0.158276	0.00763904	0.0640439	0.0041898	0.000342554	3.79419e-005	0.0158758	0.0260584	0.00301763	0.0020828	0.0125939	0.0212807	0.00855108	0.006541	0.00637281	0.00207413	0.177065	3.23333e-005	0.00495918	0.000221621	0.0102088	0.360641	0.0132648	0.000138195	0.000198568	1.94075e-006	
0	0	0	2.54624e-011	9.70597e-010	1.74696e-010	5.61974e-011	2.91171e-007	5.56448e-009	1.06132e-006	3.61214e-006	7.50204e-005	0.000207796	0.00145566	0.000648287	0.0350672	0.0168446	0.000147323	0.00393913	0.00295739	0.000360729	0.000719898	0.00240584	0.026762	0.0348614	0.0829415	0.181177	0.217	0.422259	0.670268	0.72036	0.661127	0.754747	0.663586	0.480115	0.39809	0.051818	0.0651563	0.0033936	2.39459e-005	1.03286e-006	
0	0	0	0	1.26108e-009	2.69427e-009	6.73832e-010	1.2415e-008	6.32084e-008	3.64218e-007	6.98092e-007	2.67076e-005	3.56084e-005	0.000140343	0.00270291	0.0766735	0.0299646	0.0346312	0.0216531	0.00437555	0.000190407	0.000414233	0.000141051	0.000615114	0.000141563	0.000712718	0.00133555	0.0952348	0.0218451	0.0317198	0.0138152	0.0508514	0.0125577	0.101986	0.0546373	0.0577661	0.387455	0.760782	0.979355	0.999675	0.999995	


1	0.730328	0.0865853	0.0114754	0.0276554	0.451285	0.387261	0.294698	0.392668	0.119	0.0097518	0.224484	0.930934	0.958362	0.998588	0.997459	0.895628	0.947771	0.898422	0.871938	0.692297	0.970935	0.597049	0.584539	0.0691293	6.37449e-005	9.77498e-008	1.10076e-009	1.06341e-011	2.4291e-014	8.31986e-015	9.42274e-017	4.4043e-018	3.76201e-019	2.12462e-021	9.37237e-023	2.15746e-024	1.43895e-027	3.33287e-029	9.45093e-030	2.88726e-030	
0	0.269573	0.913398	0.987008	0.972233	0.548509	0.612518	0.701549	0.607317	0.879828	0.989096	0.664581	0.0681284	0.0409354	0.000617812	0.000947264	0.103652	0.0506299	0.0987541	0.12446	0.298151	0.00251615	0.00277833	0.00151927	0.000117454	0.000293948	6.89226e-006	2.08354e-010	9.83398e-012	1.85564e-016	1.40488e-013	1.13892e-015	7.77851e-016	5.23265e-018	5.0247e-019	6.39613e-019	3.01861e-020	2.96266e-024	1.00314e-025	3.23829e-028	1.13364e-030	
0	9.93645e-005	1.66602e-005	0.00151656	0.000105563	0.00010558	3.14447e-005	0.00374301	1.22184e-005	0.00116829	0.00115224	0.110699	0.000585283	0.000175639	7.24571e-008	3.20798e-008	2.33014e-006	5.20546e-007	1.25587e-006	0.000393517	0.00356259	8.09974e-005	4.12593e-005	0.00022988	1.30934e-006	1.48157e-007	1.36841e-007	8.54009e-013	2.00806e-013	2.1254e-018	1.59857e-016	2.92101e-017	6.32208e-016	9.34757e-019	5.24249e-020	1.13486e-020	3.25476e-023	2.60652e-024	1.85343e-027	1.84344e-030	6.4438e-033	
0	0	3.18247e-009	1.61048e-008	6.48627e-006	1.40812e-005	2.41046e-007	4.21349e-007	5.5269e-007	6.07006e-008	1.40578e-008	0.00021181	0.000192752	2.34368e-006	6.23777e-007	3.11745e-008	2.2641e-010	7.501e-008	2.90293e-008	3.4091e-007	2.53445e-006	0.000243556	1.38028e-007	1.96578e-008	9.62261e-007	4.1654e-013	2.15208e-011	6.0005e-012	9.19921e-017	3.08058e-017	1.84335e-021	2.29262e-019	1.03094e-021	2.91157e-019	1.4983e-023	1.2362e-024	3.68515e-024	3.09592e-028	5.58663e-029	6.38384e-031	1.25446e-033	
0	0	8.4359e-015	9.18806e-012	6.90393e-010	8.57481e-005	0.00018955	2.24419e-006	1.25257e-007	5.06721e-009	1.45513e-011	1.95553e-008	4.86461e-006	2.13531e-006	5.74788e-006	1.14703e-006	4.37329e-007	3.42456e-006	5.11305e-006	0.000101778	0.00116739	0.0241057	0.398546	0.396782	0.00961825	2.37561e-005	1.87046e-005	4.51305e-007	1.05073e-009	8.68347e-013	3.12744e-014	7.05526e-013	2.27128e-015	2.65063e-017	6.42479e-021	2.54895e-023	8.98717e-025	2.39607e-028	6.25339e-033	2.07523e-031	2.43093e-033	
0	0	0	1.83185e-016	1.97944e-013	8.58825e-011	8.74387e-009	6.84744e-007	3.41284e-009	4.7466e-011	5.23486e-014	8.57865e-013	2.67794e-010	3.33057e-009	1.6903e-010	2.04853e-009	6.29049e-011	2.60618e-011	1.02066e-010	7.43865e-009	7.10082e-008	9.12352e-005	0.00112347	0.00773387	0.919612	0.964912	0.991715	0.748527	0.931261	0.861081	0.280147	0.610557	0.0160926	0.000604573	4.72882e-006	1.69686e-007	6.07712e-009	3.08715e-012	3.89408e-016	2.65644e-020	2.20661e-024	
0	0	0	1.72872e-017	5.24045e-013	1.44726e-010	7.48942e-008	5.99886e-006	1.2223e-006	1.75873e-006	1.15755e-009	1.93531e-008	1.3265e-010	1.77732e-008	5.31671e-011	2.02969e-009	3.77853e-011	2.72509e-010	4.78983e-011	9.4199e-010	9.53017e-009	1.06669e-006	2.09038e-005	0.00882373	0.00141238	0.0347039	0.00824603	0.251451	0.0679334	0.138894	0.702799	0.388134	0.972044	0.957175	0.996588	0.978147	0.990517	0.999638	0.991133	0.497333	0.0481232	
0	0	0	0	2.95008e-017	6.77494e-012	6.53431e-011	3.1723e-008	1.20936e-006	1.54177e-006	1.6474e-007	2.39729e-005	0.000154194	0.000522001	0.000787576	0.00159251	0.000716974	0.00159491	0.00281708	0.00310695	0.00481929	0.00202622	0.000441356	0.000372883	0.000108133	2.15745e-006	1.33864e-005	2.16563e-005	0.000805216	2.5535e-005	0.0170534	0.00130884	0.0118636	0.0422203	0.003407	0.021853	0.00948265	0.000362106	0.00886701	0.502667	0.951877	


1	0.897841	0.17329	0.0416854	0.0505606	0.377719	0.471974	0.209914	0.0559958	0.00626415	0.00126034	0.00132643	0.0100614	0.00987874	0.496248	0.900806	0.808096	0.867069	0.967468	0.977686	0.988438	0.982636	0.978985	0.932219	0.959355	0.261487	0.569424	0.0118983	0.0011212	3.42285e-006	1.195e-006	1.22425e-007	1.39948e-007	6.75565e-009	6.47434e-010	2.1752e-010	3.01359e-010	1.7568e-010	2.85434e-010	3.35422e-010	2.62258e-010	
0	0.101545	0.67934	0.956881	0.874383	0.622231	0.52772	0.789076	0.937494	0.983701	0.947784	0.9986	0.813401	0.983048	0.503484	0.0991455	0.190678	0.132903	0.0316852	0.0198038	0.00994167	0.0173356	0.0204964	0.0676677	0.0352588	0.575376	0.00151532	0.00206517	0.000158138	9.42135e-007	3.66477e-006	2.32646e-010	7.07308e-007	1.20794e-008	2.20931e-008	3.07891e-008	8.72911e-008	8.08984e-008	4.69984e-006	1.17724e-006	2.65834e-006	
0	0.000613042	0.147369	0.00140234	0.0750561	4.78402e-005	0.000305891	0.00101022	0.00651027	0.0100347	0.0509521	7.18983e-005	0.176538	0.00705548	0.000243054	4.84469e-005	0.00122575	2.77853e-005	0.000846589	0.00250926	0.00161696	1.71981e-006	8.50771e-005	1.48677e-005	0.00142244	0.00360687	0.00117602	1.39001e-007	3.18329e-006	7.87309e-011	1.87632e-007	2.49508e-010	9.57167e-010	2.29605e-010	1.06439e-010	1.85983e-008	6.03255e-011	1.99369e-011	1.60893e-009	1.77345e-009	9.13111e-010	
0	0	1.37916e-009	3.13369e-005	4.72444e-009	2.25642e-006	6.99101e-009	6.99912e-010	6.59639e-008	6.30142e-009	3.28339e-006	1.19513e-006	7.70638e-009	1.11257e-005	2.84427e-006	1.56157e-011	8.91629e-011	3.16782e-008	8.64727e-011	1.72406e-008	6.31702e-008	9.82925e-007	6.35935e-011	1.01877e-006	3.98157e-009	6.93613e-007	2.73762e-005	2.41747e-009	4.87505e-014	1.42269e-011	1.14974e-014	2.95453e-011	7.35469e-014	2.26223e-015	1.3339e-014	3.80018e-016	1.59769e-012	4.38273e-014	1.08429e-016	1.26544e-014	7.43477e-015	
0	0	4.63275e-012	5.00509e-008	1.46401e-009	2.43881e-007	1.19867e-009	9.74064e-011	1.03056e-009	1.12178e-009	1.52381e-009	3.77079e-007	8.25856e-009	6.46192e-006	1.68152e-005	9.59042e-008	5.34623e-009	4.95902e-007	3.39155e-009	2.73866e-007	5.34999e-007	9.15512e-006	1.37499e-007	4.26356e-008	1.1308e-007	1.68761e-009	2.30906e-006	2.5642e-008	6.616e-014	2.83377e-011	1.30803e-015	8.50543e-011	1.68738e-014	1.69979e-014	3.84389e-017	1.24331e-017	4.00795e-013	2.65766e-016	6.03368e-018	4.37389e-015	3.79097e-015	
0	0	0	1.9415e-015	7.2652e-011	1.73762e-011	3.93185e-008	4.63464e-012	5.6156e-014	5.00348e-014	1.98304e-013	2.06599e-012	8.69305e-010	5.71042e-013	5.41517e-006	9.58298e-008	3.39647e-009	3.96874e-009	4.76593e-008	8.0234e-007	2.86178e-006	1.69387e-005	0.000433455	9.15168e-005	1.36954e-005	1.33151e-005	0.0404876	0.000273571	1.77089e-007	9.78683e-012	1.63556e-012	1.93294e-010	1.58534e-012	3.31915e-017	1.22323e-018	2.32056e-019	3.21932e-019	2.15547e-016	7.12915e-021	2.90251e-022	7.42901e-019	
0	0	0	2.793e-023	2.21418e-017	1.57159e-013	2.44286e-015	8.98568e-012	5.39821e-014	1.46943e-016	1.11423e-018	3.50114e-017	5.4761e-015	1.61239e-012	1.21706e-014	1.56874e-009	1.00329e-010	7.62437e-013	2.98563e-013	1.03754e-010	3.85317e-010	1.04586e-008	1.40052e-007	1.27588e-006	0.003555	0.146579	0.169021	0.430106	0.580823	0.694302	0.0137056	0.00729812	0.000167616	1.7717e-006	1.04479e-008	1.05117e-010	5.50509e-012	8.28191e-014	4.77314e-016	4.53602e-019	4.72815e-022	
0	0	0	0	7.0829e-017	4.74358e-013	7.31216e-014	3.16593e-011	1.3918e-011	3.7327e-012	3.68655e-013	8.38588e-014	9.54393e-013	3.69354e-011	1.36202e-010	2.1105e-008	3.40432e-009	1.30133e-009	2.84546e-010	4.51651e-010	2.87791e-009	2.15844e-009	2.55483e-008	4.34282e-006	0.000394571	0.0129364	0.218346	0.555657	0.417894	0.305694	0.986289	0.992702	0.999832	0.999998	1	1	1	1	0.999995	0.999999	0.999997	


1	0.938359	0.893284	0.851278	0.966607	0.558058	0.791538	0.823548	0.941539	0.967307	0.85168	0.682639	0.142209	0.0221186	0.0032617	0.00134689	0.000436176	0.00379053	0.00304084	0.000615362	0.000121155	2.56355e-005	1.91441e-006	2.63809e-007	6.66762e-009	1.6243e-008	3.08318e-009	4.67672e-009	8.42747e-010	7.06994e-011	8.94283e-012	1.99426e-014	5.39619e-015	1.11786e-014	3.50669e-015	7.35282e-016	6.1428e-016	2.52233e-016	2.45698e-016	1.5079e-015	4.18034e-015	
0	0.0061535	0.00287223	0.0136828	0.0250648	0.0172257	0.00622587	0.0436603	0.0528225	0.0317399	0.0574338	0.234574	0.857136	0.974917	0.978218	0.865285	0.99061	0.959426	0.995395	0.998838	0.999133	0.988342	0.995582	0.99741	0.999986	0.721893	0.203969	0.45417	0.0893861	0.0155963	0.000240739	5.45534e-007	1.10935e-007	1.69072e-007	1.66169e-008	3.53906e-010	1.0984e-011	4.03039e-013	3.35306e-014	1.77435e-014	3.9529e-014	
0	0.0554878	0.09662	0.133587	0.00729396	0.424701	0.198233	0.131268	0.00507848	0.000892309	0.090564	0.0827332	0.000640161	0.00296471	0.0185203	0.133347	0.00892034	0.0367579	0.001533	0.000537471	0.00074347	0.0116325	0.00440867	0.00258856	1.4315e-005	0.278097	0.279623	0.00305865	0.409291	0.000138349	0.00812441	2.23165e-007	5.44726e-007	7.87541e-009	2.82327e-008	9.36259e-008	7.86389e-007	2.03969e-007	4.21311e-007	4.56048e-008	7.20342e-008	
0	0	0.000185664	8.44815e-006	2.48596e-005	1.33194e-005	8.79446e-005	0.00017996	5.78847e-005	7.70779e-007	1.3487e-008	4.99754e-005	1.75747e-006	7.76959e-009	6.65729e-008	2.07332e-005	3.29563e-006	3.52917e-006	1.83294e-007	1.44533e-009	8.6903e-011	5.98124e-008	1.30627e-007	3.64246e-007	3.92098e-008	3.07713e-008	1.16328e-005	0.00107418	1.7263e-005	0.000214244	1.1028e-007	2.45711e-009	9.69757e-011	3.51918e-010	1.62848e-012	4.72291e-012	2.2245e-010	1.63217e-009	6.62292e-009	1.93767e-008	2.76306e-008	
0	0	0.00703834	0.0014439	0.00100842	1.16638e-006	0.00391506	0.00134374	0.000501689	6.01874e-005	0.000322425	1.75266e-006	1.30867e-005	7.57331e-008	6.33038e-009	1.37237e-007	3.05861e-005	2.17228e-005	3.10239e-005	9.24646e-006	2.57712e-006	2.01805e-007	7.26473e-006	7.19446e-007	1.05389e-007	8.67056e-006	0.515999	0.000148565	0.000107103	3.22006e-006	3.09321e-005	3.29193e-005	2.66081e-006	9.29076e-008	6.04921e-009	1.11305e-008	1.11838e-009	1.49252e-009	8.4429e-010	8.12848e-010	9.78922e-012	
0	0	0	3.72911e-008	5.95646e-007	2.80207e-007	2.94852e-011	3.45096e-007	1.25327e-007	3.42582e-009	4.50708e-010	2.6921e-006	2.04889e-007	3.35098e-009	8.60061e-009	2.00895e-008	4.93591e-011	3.25344e-008	7.66139e-008	1.52471e-008	1.6547e-008	8.89454e-008	2.43493e-009	9.44873e-008	8.89564e-009	6.02996e-012	2.10653e-006	0.53956	0.000289733	6.09508e-005	3.76572e-010	9.64163e-007	9.28099e-010	1.39893e-007	1.88416e-010	4.1323e-014	1.64522e-011	8.16826e-012	1.27745e-013	2.00891e-011	2.31543e-011	
0	0	0	9.67152e-039	1.79019e-013	2.52255e-013	2.5991e-013	8.45884e-017	9.2561e-013	3.47661e-013	8.77784e-015	1.92003e-016	1.21422e-012	2.20072e-013	3.1326e-016	3.39565e-015	1.51404e-015	2.02506e-016	9.43236e-015	2.13663e-013	1.04102e-014	1.44243e-013	1.71652e-013	5.37441e-015	1.27648e-010	6.1145e-010	1.22868e-010	1.75569e-008	0.000571123	2.46762e-005	3.39437e-009	4.59741e-012	2.97305e-012	3.40294e-014	8.47657e-013	4.78598e-016	2.19396e-019	5.09169e-017	1.0064e-017	3.6929e-019	5.87654e-017	
0	0	0	0	1.44443e-009	6.66327e-009	8.12435e-009	4.79006e-009	1.17696e-008	8.57034e-009	3.2377e-009	7.20792e-010	9.34258e-009	1.69778e-009	2.5059e-011	7.0439e-011	6.42562e-011	4.84168e-011	1.89869e-010	7.3745e-010	1.03928e-010	2.3587e-010	7.52502e-010	1.89628e-010	3.82132e-009	1.02111e-006	0.000395131	0.00198858	0.500337	0.983962	0.991604	0.999965	0.999997	1	1	1	0.999999	1	1	1	1	


1	0.810735	0.364308	0.109001	0.0608879	0.0270413	0.00142425	0.0135847	0.00100363	0.00316765	7.18939e-005	0.000343352	0.000189494	0.000247539	2.11456e-005	1.36546e-005	8.02257e-006	1.68745e-007	2.06392e-008	1.46538e-009	1.36013e-010	2.3793e-011	1.52457e-013	4.37351e-015	2.61145e-016	1.83569e-019	7.98028e-021	1.25556e-021	2.58566e-023	5.94364e-025	1.5652e-026	3.48368e-027	3.48745e-028	5.11752e-030	1.25253e-032	1.25407e-034	8.3299e-036	2.95441e-038	3.16943e-039	2.88151e-040	3.91256e-043	
0	5.52105e-005	0.002123	9.73409e-007	0.000566931	1.44865e-007	1.35534e-008	1.17596e-006	1.17306e-005	9.07582e-006	3.83775e-008	6.05515e-010	4.89763e-006	2.18861e-007	1.4094e-009	9.01209e-010	6.60203e-009	1.66918e-011	6.30496e-012	5.15013e-011	3.50435e-012	2.36593e-014	8.69426e-015	1.08494e-016	8.00204e-015	1.1188e-016	1.70478e-019	2.71906e-019	4.58249e-019	3.33202e-019	6.75726e-021	9.37486e-022	9.99252e-024	5.58492e-023	2.081e-024	3.42741e-025	8.48457e-027	9.73071e-030	1.70036e-033	1.08901e-037	6.16789e-044	
0	0.18921	0.633522	0.890395	0.938243	0.967531	0.998435	0.961609	0.998633	0.996289	0.99883	0.917199	0.957339	0.98901	0.979857	0.943112	0.971174	0.99978	0.998985	0.980283	0.916387	0.488653	0.00691082	0.000353655	2.20175e-005	2.19458e-007	4.38111e-007	3.30537e-008	7.78922e-010	1.52267e-011	8.09231e-012	2.01043e-011	6.01758e-013	4.90675e-015	2.45298e-017	5.78982e-019	8.13328e-020	7.55371e-023	7.48896e-025	1.56263e-026	4.45579e-029	
0	0	4.49448e-005	0.000602563	0.000293353	0.00542574	0.000133155	0.0247877	0.000162941	0.000463692	0.00109574	0.0824263	0.0422995	0.00894087	0.0197093	0.0553958	0.0276	6.35162e-005	0.000990984	0.0196966	0.08357	0.51092	0.992717	0.998869	0.104465	0.00091482	0.00543489	0.00123975	0.00114692	6.65348e-006	1.33673e-006	6.27631e-006	2.20969e-006	4.44009e-008	1.04244e-010	1.7945e-012	6.39453e-014	7.73206e-017	1.47965e-020	1.10493e-023	6.98144e-027	
0	0	1.51313e-006	2.95423e-007	8.32344e-006	1.19609e-006	7.46465e-006	7.20837e-006	0.000188185	4.23526e-005	4.71225e-007	1.50543e-006	9.04315e-005	0.00068352	1.75991e-006	3.13047e-005	0.000416266	2.64503e-005	4.66198e-007	2.02712e-005	4.34218e-005	0.000426897	0.000371665	0.000762737	0.895507	0.994928	0.987146	0.280345	0.590552	0.811658	0.682391	0.982561	0.0219058	0.000259545	1.74083e-006	6.93094e-008	1.13708e-008	1.91108e-012	1.00383e-015	1.52743e-019	3.17808e-024	
0	0	0	2.46052e-008	2.36502e-008	1.50279e-007	3.42976e-010	1.04858e-005	3.75879e-007	2.82465e-005	1.57027e-006	3.47719e-006	5.3347e-007	5.65924e-006	7.4611e-007	1.94419e-007	1.43121e-008	4.62919e-008	1.30635e-009	1.92063e-010	1.87171e-008	4.53526e-007	3.30647e-007	1.49844e-005	6.13453e-006	0.00415683	0.00741296	0.718397	0.404253	0.186043	0.315234	0.0168845	0.977816	0.994319	0.999259	0.998975	0.998171	0.99967	0.959414	0.0351673	0.000199286	
0	0	0	1.60679e-011	2.0996e-009	2.60111e-008	1.01404e-009	1.44131e-008	2.17853e-007	3.51317e-007	3.60882e-007	2.24289e-005	7.02462e-005	0.0010374	0.000174617	0.000301974	2.73331e-005	1.46254e-007	1.38314e-009	4.35485e-012	3.83647e-012	4.96298e-011	1.19467e-011	2.60658e-009	7.38389e-008	1.12361e-008	5.85679e-006	1.78455e-005	0.0040448	0.00228299	0.00233688	0.000546305	0.00027193	0.00541903	0.000733109	0.00101897	0.00175816	0.000329039	0.0405398	0.964379	0.998739	
0	0	0	0	1.12999e-011	1.14539e-009	2.38996e-009	8.59044e-008	5.1805e-008	1.29489e-007	2.70898e-007	3.57158e-006	6.01957e-006	7.52451e-005	0.000235815	0.00114467	0.000774624	0.000129715	2.31273e-005	3.14908e-007	9.21807e-009	2.16697e-009	2.32964e-012	1.15965e-012	3.26138e-011	1.66282e-011	1.79972e-008	3.09125e-008	3.33557e-006	8.57836e-006	3.72029e-005	2.41837e-006	3.67651e-006	1.98429e-006	6.39915e-006	6.15544e-006	7.10071e-005	8.88426e-007	4.60916e-005	0.000453695	0.00106132	


1	0.996222	0.999475	0.998862	0.870677	0.569613	0.982833	0.983818	0.994625	0.997602	0.997032	0.476577	0.93375	0.872326	0.300665	0.0249619	0.869089	0.983903	0.998909	0.997618	0.998818	0.195601	0.194368	0.162833	0.0324604	0.000311686	1.72422e-008	7.14546e-012	6.76155e-013	4.48638e-015	3.462e-016	4.61034e-019	2.05411e-020	7.60977e-022	2.62444e-024	2.23798e-025	1.29429e-025	1.32336e-027	5.93251e-028	6.65935e-028	9.61271e-028	
0	0.00321706	0.000206031	0.00076031	0.128485	0.38652	0.00994521	0.0154666	0.00468113	0.00201904	0.00111691	0.514111	0.0403898	0.114382	0.694255	0.971139	0.0331311	0.0132216	0.000733764	0.00199633	0.000726717	0.801288	0.78598	0.703019	0.0436094	5.7367e-006	1.8041e-010	8.11463e-011	9.50161e-014	2.26861e-014	8.59079e-019	2.09663e-020	1.17005e-022	1.17412e-022	1.73781e-025	3.27918e-027	7.19064e-026	1.94443e-026	1.43569e-027	7.1905e-028	6.91979e-028	
0	0.000560819	0.000311679	0.000362253	0.000834051	0.0438244	0.00695977	0.000461317	0.000654812	0.00022954	4.64414e-005	0.00928193	0.00242127	0.00109108	0.00498605	0.00387046	0.0295362	0.00152175	0.000233149	0.000256293	0.000124919	0.00295707	0.0137229	0.0190333	0.000541874	2.30616e-006	1.80055e-009	9.90998e-013	1.46396e-014	1.08862e-016	4.5158e-019	1.27654e-019	5.87876e-023	3.10552e-025	1.70861e-027	4.19952e-029	8.63467e-028	5.02213e-029	4.67836e-029	1.38056e-028	4.69989e-028	
0	0	3.44378e-006	8.08784e-007	1.5834e-006	4.27496e-005	0.000168616	0.000180436	2.24662e-005	8.07301e-005	8.04628e-006	6.85005e-006	0.0233178	0.00920052	8.14921e-005	2.87647e-005	0.06763	0.000960861	6.19342e-005	6.26158e-006	8.91887e-006	9.77106e-008	0.000606589	0.00393055	0.0435259	0.000418991	6.9372e-009	7.61447e-012	9.72909e-013	2.38179e-014	6.45284e-017	5.28915e-020	1.75493e-022	9.15201e-025	1.09514e-027	3.19665e-030	7.45633e-032	3.58876e-031	4.35649e-030	5.06729e-030	1.54363e-029	
0	0	3.55413e-006	1.44752e-005	1.55413e-006	4.65711e-009	9.32076e-005	7.37636e-005	1.67491e-005	6.91646e-005	0.00179649	2.02623e-005	0.000121317	0.0029999	1.24443e-006	4.5018e-009	0.000613334	0.000376464	6.09346e-005	0.000121046	0.000312391	1.24473e-006	1.46451e-005	0.00017344	8.63533e-005	0.00099721	6.68185e-006	1.81815e-011	2.05221e-013	1.22759e-016	7.49035e-016	2.46441e-017	4.71715e-018	1.49637e-020	2.73093e-022	3.37231e-023	2.17429e-025	1.63759e-028	1.99559e-030	3.1857e-033	1.91744e-032	
0	0	0	1.59373e-009	2.59603e-010	2.14286e-011	1.16873e-011	3.27495e-009	5.76458e-009	5.36692e-010	1.27752e-007	2.46016e-006	1.34038e-007	8.85151e-007	1.07063e-005	1.32531e-009	3.49584e-010	1.6343e-005	1.0495e-006	1.51613e-006	8.3429e-006	0.000114928	2.17025e-005	4.4353e-005	3.06294e-006	4.93403e-009	1.59863e-006	2.72428e-011	6.99623e-016	7.67564e-017	1.44077e-020	5.20713e-017	1.08267e-020	2.21386e-021	1.70905e-025	2.43899e-027	3.85974e-026	1.4377e-029	1.09359e-034	6.76324e-035	5.37044e-037	
0	0	0	1.71164e-012	3.61099e-011	1.68371e-011	9.85448e-013	9.55677e-011	3.06509e-010	5.71242e-011	1.78161e-011	9.43273e-009	4.62471e-009	4.48382e-010	1.139e-008	4.52962e-009	8.40142e-010	4.99212e-009	1.86956e-008	5.48379e-007	2.13824e-007	3.69736e-005	0.0052853	0.108347	0.832541	0.563158	0.972286	0.985754	0.0917314	0.080291	0.000370121	0.161201	0.00165892	2.71096e-005	6.75153e-009	3.3899e-011	8.06206e-012	1.54439e-013	7.96078e-017	9.59236e-019	3.32169e-020	
0	0	0	0	4.57379e-013	3.73343e-013	6.11343e-014	3.37556e-013	4.81978e-012	2.04461e-010	1.01286e-010	4.71447e-011	6.50294e-010	9.89212e-010	3.50866e-012	3.00728e-012	2.8299e-011	1.37169e-012	6.80884e-012	2.94386e-010	1.09114e-008	1.88938e-010	7.92589e-007	0.00262021	0.0472321	0.435106	0.0277054	0.0142461	0.908269	0.919709	0.99963	0.838799	0.998341	0.999973	1	1	1	1	1	1	1	


1	0.94415	0.999548	0.984367	0.999907	0.998669	0.999032	0.983888	0.999914	0.992405	0.993267	0.994425	0.99643	0.994004	0.995796	0.996826	0.986321	0.999158	0.997162	0.736904	0.0709568	0.00500234	0.000130933	9.26779e-006	5.42126e-007	2.63274e-008	2.10468e-009	1.66875e-012	1.94943e-013	2.21018e-015	1.68132e-015	1.20063e-016	3.27789e-017	8.901e-019	4.47717e-020	7.91244e-021	7.17929e-021	3.95437e-023	2.19363e-024	1.35939e-025	3.27626e-026	
0	0.0558418	0.000451738	0.0156318	7.17921e-005	0.00131575	0.000931459	0.0160806	8.46434e-005	0.00759209	0.00672788	0.00489992	0.00325854	0.00591008	0.000241442	0.000179607	0.0135426	0.000463772	0.00222637	0.258814	0.877952	0.0116021	0.000364394	2.18198e-005	3.41407e-007	9.93235e-010	3.93287e-010	6.55245e-015	4.27005e-013	1.10358e-016	1.1335e-016	1.08181e-016	1.7173e-016	9.53693e-018	4.77615e-020	4.68857e-022	3.66574e-023	8.70961e-025	1.05802e-026	7.10821e-028	2.4004e-029	
0	8.39098e-006	5.19092e-007	1.06326e-006	2.10137e-005	1.20969e-005	3.64198e-005	3.15117e-005	1.39536e-006	2.77471e-006	5.02773e-006	0.00066911	0.000306514	8.55881e-005	0.00388742	0.00157648	0.000129803	0.000377157	0.000611041	0.00426305	0.0510724	0.806564	0.263924	0.0705279	0.0150803	1.10733e-005	4.98149e-005	4.954e-009	6.4379e-011	8.14648e-013	2.28786e-015	4.22496e-014	1.26928e-016	7.82468e-018	1.62394e-020	7.04381e-023	5.02875e-023	5.26584e-026	2.0933e-030	7.11563e-030	3.64421e-031	
0	0	2.10584e-008	6.712e-010	1.39989e-007	2.78335e-006	5.74293e-008	1.05135e-007	3.88921e-008	3.00489e-010	7.02424e-010	6.0646e-006	5.433e-006	4.28314e-007	7.52536e-005	0.00141813	5.53246e-006	7.91478e-007	8.76348e-007	1.87632e-005	1.86814e-005	0.176831	0.735548	0.928325	0.8273	0.0990559	0.860303	0.995942	0.144155	0.0638163	0.000646352	0.0196956	0.000429846	3.28833e-006	2.86748e-009	1.58842e-011	1.56388e-011	4.26965e-013	2.68786e-017	9.25697e-020	2.04808e-021	
0	0	2.68581e-015	2.69799e-012	1.06181e-013	2.32006e-010	5.37504e-009	9.42164e-012	7.36451e-011	1.82376e-011	1.11621e-014	7.32617e-014	6.32386e-010	4.01053e-009	1.5015e-010	1.47306e-008	1.25011e-006	2.37118e-008	1.93043e-009	1.16071e-009	7.64568e-010	2.72921e-010	2.33207e-006	6.47272e-005	0.0540302	0.107104	0.0385261	0.000363192	0.132357	0.00567538	0.00160923	0.000624992	2.0621e-006	7.69999e-009	2.64734e-011	4.20223e-014	1.28031e-014	5.29306e-018	7.21928e-019	1.42975e-021	1.30542e-023	
0	0	0	5.41701e-012	7.60014e-013	5.3091e-013	1.37522e-011	1.19659e-009	2.24534e-011	2.75445e-009	2.04932e-011	1.12655e-012	3.5283e-009	1.97385e-008	1.00453e-012	1.3649e-009	1.96935e-007	2.0485e-010	1.96202e-011	3.16254e-010	1.30874e-009	2.2837e-010	3.09474e-005	0.00104956	0.103549	0.792487	0.00903921	0.00307578	0.721983	0.8978	0.851038	0.0592952	0.275282	0.30411	0.531265	0.252057	0.0293471	0.00172377	4.28787e-005	8.97889e-009	1.91035e-012	
0	0	0	2.02336e-022	9.32159e-013	1.0938e-013	8.51069e-016	7.70016e-012	6.47563e-012	1.42395e-011	1.68592e-011	1.30292e-010	5.50154e-011	9.63642e-010	8.94717e-011	8.96102e-012	6.69584e-013	1.32896e-010	4.06045e-013	2.19794e-014	2.03355e-013	2.04052e-013	2.93444e-014	6.67978e-007	1.21393e-005	0.00115609	0.0024677	1.46064e-005	0.00100619	0.0308701	0.123431	0.00287987	0.0936603	0.113488	0.390847	0.690435	0.682405	0.988174	0.996886	0.908976	0.69991	
0	0	0	0	1.28134e-013	2.67358e-013	6.672e-014	2.49236e-013	5.1091e-012	4.42523e-012	8.51186e-012	4.98446e-011	2.85513e-010	1.44745e-009	4.71545e-009	1.36646e-008	6.95705e-009	6.32131e-009	7.93815e-009	1.98287e-008	1.0024e-008	1.09889e-009	1.63309e-010	9.04097e-007	2.72276e-005	0.000185465	0.0896141	0.000604436	0.000498195	0.00183865	0.023275	0.917504	0.630626	0.582399	0.0778877	0.0575088	0.288248	0.0101024	0.00307075	0.0910245	0.30009	


1	0.85667	0.218432	0.03788	0.0987831	0.035842	0.00333003	0.00168805	0.000572835	0.000543321	4.29067e-005	0.00122621	0.000828922	0.000901003	0.000441307	0.00109471	0.000165203	1.40052e-005	1.59264e-006	4.81245e-008	6.03806e-010	3.1064e-010	1.30903e-010	3.68471e-011	1.00136e-012	7.45883e-016	2.18922e-020	4.6379e-022	5.58447e-025	6.27777e-027	1.12638e-028	7.97265e-033	5.75855e-034	3.26406e-035	1.36151e-036	2.93057e-038	1.01981e-039	5.69731e-041	2.40149e-040	6.99364e-041	3.6094e-041	
0	0.12601	0.298427	0.374278	0.409392	0.904511	0.270825	0.958021	0.386829	0.27999	0.0241422	0.756219	0.96455	0.851634	0.978071	0.985093	0.303097	0.0340901	0.00377359	4.08256e-005	6.61452e-007	6.17474e-007	2.23979e-007	7.69294e-008	2.32187e-009	9.51174e-012	2.51983e-016	2.88999e-018	2.69176e-020	3.64186e-022	1.38471e-023	1.1514e-028	1.44636e-029	8.00741e-031	2.98811e-032	5.90651e-034	4.5465e-035	9.63465e-037	2.92061e-036	4.15259e-037	7.17304e-038	
0	0.0173195	0.482729	0.557393	0.477203	0.0545131	0.717794	0.0135451	0.611914	0.537191	0.932486	0.183251	0.0334422	0.143019	0.0211553	0.0134072	0.695715	0.955048	0.984312	0.46269	0.0682822	0.00389839	0.000450391	5.86889e-006	2.0355e-008	1.23729e-010	1.02052e-012	5.16998e-016	1.21766e-019	1.91531e-023	2.73905e-023	5.33677e-025	5.38196e-027	1.75253e-029	5.43825e-032	3.82628e-034	3.95715e-036	8.52341e-040	1.50201e-038	5.27161e-039	3.24622e-039	
0	0	0.000412438	0.0303899	0.0143449	0.00505438	0.00581416	0.0265224	0.000579694	0.182248	0.0396751	0.0520487	0.00103948	0.00410517	0.000155297	1.87728e-005	0.00100678	0.0108241	0.0118686	0.536854	0.912922	0.395344	0.327493	0.0564717	0.00656725	0.000320077	3.6196e-005	3.74377e-008	7.56344e-009	3.14009e-011	2.46594e-011	5.22852e-012	3.64716e-012	1.17268e-012	1.31708e-013	8.64212e-015	6.15595e-016	4.65685e-018	1.56445e-019	2.31061e-022	3.00182e-026	
0	0	1.33399e-008	5.86281e-005	0.000222773	4.39099e-005	0.0022331	2.97526e-005	8.87615e-005	1.68223e-005	0.00364613	0.00591665	4.73918e-006	1.16955e-006	2.96943e-006	2.35099e-008	1.41422e-008	2.36287e-005	4.36043e-005	0.000413726	0.0187383	0.578502	0.345615	0.0602555	0.000106377	0.000396987	0.00878545	5.94936e-006	8.63663e-009	7.60414e-012	7.03229e-012	7.56902e-011	2.27462e-011	1.88029e-014	4.20438e-014	3.46071e-015	6.06153e-015	3.84769e-016	5.1421e-018	1.26312e-021	1.49972e-025	
0	0	0	5.89337e-008	1.94149e-005	2.48164e-005	3.36004e-006	0.000139709	1.05889e-005	6.88494e-006	7.78928e-006	0.00129533	3.86483e-005	2.74766e-006	1.8677e-007	2.0421e-008	2.39254e-010	1.96291e-008	9.2464e-008	2.01927e-006	5.70381e-005	0.0221178	0.318255	0.823998	0.929735	0.989782	0.989448	0.980284	0.987387	0.943538	0.991763	0.998288	0.976068	0.726619	0.343635	0.0712424	0.079813	0.0427621	0.0132162	0.000426914	3.21662e-006	
0	0	0	3.90807e-012	3.47319e-005	1.94198e-006	1.0543e-008	5.36116e-005	4.06419e-006	1.98221e-006	1.30248e-007	1.65456e-005	7.99236e-006	1.16312e-008	3.52771e-010	2.36952e-009	2.67311e-013	1.18001e-013	5.59159e-010	1.0881e-008	1.90363e-007	0.000134657	0.00767967	0.00142947	0.001199	0.00893756	0.00105219	0.00401463	0.0102551	0.00802734	0.00553639	0.00073097	0.00609874	0.101193	0.587303	0.920772	0.88141	0.862111	0.217355	0.00211307	1.14823e-006	
0	0	0	0	2.48992e-009	9.23226e-006	1.57849e-007	4.63577e-007	1.5319e-006	1.67321e-006	1.19802e-008	2.66211e-005	8.75825e-005	0.000336907	0.000173552	0.00038615	1.65164e-005	2.18068e-007	4.09623e-009	1.09559e-010	9.68381e-010	2.6875e-006	0.000505762	0.0578397	0.0623922	0.000563803	0.000677769	0.0156952	0.00235737	0.0484349	0.0027005	0.000981191	0.0178329	0.172188	0.0690621	0.00798568	0.0387771	0.0951272	0.769429	0.99746	0.999996	


1	0.0672484	0.0247782	0.0107307	0.00465825	0.00123139	0.000619475	0.000314574	0.000797551	0.00072149	0.000284617	0.00209982	0.0304733	0.316245	0.590145	0.83231	0.844597	0.751177	0.40358	0.0396163	0.000712327	5.35549e-006	4.27149e-008	8.10336e-009	4.09486e-010	2.54923e-013	2.72999e-017	1.42443e-020	5.46106e-024	1.12149e-026	3.8161e-028	5.17239e-031	1.44704e-032	1.51621e-034	3.71151e-038	4.43828e-040	1.13278e-042	4.71929e-046	7.1462e-047	6.39532e-048	1.25966e-048	
0	0.924444	0.828771	0.179529	0.873714	0.967375	0.307879	0.927333	0.367373	0.923811	0.0347205	0.652383	0.208719	0.492468	0.079765	0.136306	0.00120505	0.0162336	0.00402417	0.000168809	5.05262e-006	5.4677e-008	1.03052e-010	1.06827e-010	2.61951e-011	1.44132e-013	1.26059e-017	8.12833e-021	4.81556e-023	2.63392e-025	2.4657e-026	1.44066e-029	1.69077e-030	5.72931e-032	2.91414e-034	1.17885e-034	1.71347e-035	1.60858e-036	7.96287e-036	1.14463e-035	6.62453e-037	
0	0.00830759	0.14645	0.80865	0.11895	0.0279188	0.666773	0.0712097	0.631408	0.0743105	0.964949	0.229769	0.730232	0.184973	0.182093	0.0205399	0.153396	0.151056	0.470676	0.129042	0.0153247	1.80152e-005	3.78347e-008	1.40724e-009	1.63115e-011	8.23013e-014	4.71731e-014	8.4392e-019	3.46964e-022	6.91171e-027	1.8039e-025	2.23838e-025	4.08142e-027	3.29967e-030	2.84687e-034	1.24078e-035	1.72277e-037	2.73062e-040	7.72842e-039	3.15551e-038	2.4209e-038	
0	0	8.27363e-007	0.00109002	0.00267765	0.0034714	0.0247273	0.00113011	0.000420051	0.00115593	4.6115e-005	0.115747	0.0305622	0.00627257	0.147988	0.010775	0.000784173	0.0815001	0.121693	0.830989	0.983907	0.99867	0.984817	0.981806	0.28213	0.00129758	0.0302227	2.59096e-005	1.42068e-008	1.81696e-011	1.0751e-012	6.74079e-010	2.13827e-012	6.17812e-015	7.24609e-020	2.34245e-022	4.34529e-024	2.45357e-027	7.25722e-032	2.89724e-034	4.34878e-038	
0	0	1.70026e-023	1.89073e-011	2.71713e-007	3.71038e-006	5.88355e-007	1.23155e-005	1.08453e-006	5.15444e-007	6.17157e-009	5.78974e-008	1.35902e-005	3.74887e-005	7.63446e-007	1.62184e-005	7.63618e-007	4.82426e-008	1.4127e-006	0.000179888	5.11618e-005	0.00130687	0.0151826	0.0179526	0.716386	0.961314	0.964548	0.900434	0.631771	0.202433	0.00383151	0.458259	0.00969661	0.000110976	1.53231e-008	4.1562e-011	7.68392e-013	7.1111e-016	7.01838e-020	3.10676e-024	5.52755e-029	
0	0	0	3.51435e-013	1.07998e-008	3.29451e-009	3.82773e-010	7.97473e-007	3.64328e-008	5.82639e-008	3.05657e-010	4.19467e-009	3.20201e-007	1.12236e-006	2.63816e-009	3.39875e-007	4.55712e-010	6.97963e-011	5.86685e-010	9.11516e-009	1.44301e-008	4.23032e-008	4.12194e-007	0.000241714	0.00148079	0.0373876	0.00493585	0.0995378	0.367994	0.79724	0.956015	0.257242	0.913217	0.962344	0.997451	0.944403	0.993438	0.997404	0.654754	0.000522414	5.02799e-007	
0	0	0	4.31361e-031	9.73132e-014	2.57283e-010	3.5919e-011	4.31617e-011	2.8806e-008	9.89141e-008	4.07207e-009	3.81234e-008	8.01451e-008	1.14052e-006	3.6472e-008	8.21329e-009	3.92752e-010	6.46245e-012	4.05239e-013	8.43683e-013	5.45632e-012	6.33294e-014	4.45771e-013	1.91595e-009	2.22913e-006	2.85139e-007	6.16998e-005	3.10705e-007	0.000229409	0.000297636	0.0396081	0.0261291	0.034421	0.0362323	0.00253568	0.0554073	0.00310045	0.00246894	0.343516	0.963226	0.919132	
0	0	0	0	1.06487e-015	4.30105e-010	1.53904e-009	8.30306e-010	4.39396e-009	5.98635e-009	8.48085e-010	7.07738e-008	1.45874e-007	7.9314e-007	8.6323e-006	5.27906e-005	1.65352e-005	3.31015e-005	2.53539e-005	4.00016e-006	1.60662e-007	6.58267e-009	1.37608e-010	1.26386e-009	1.50015e-007	3.1812e-008	0.000232029	2.29399e-006	5.54189e-006	2.9789e-005	0.000545026	0.25837	0.0426654	0.00131315	1.28888e-005	0.000189451	0.00346126	0.00012726	0.00173022	0.0362518	0.0808672	


1	0.865964	0.470905	0.351137	0.59886	0.947476	0.943229	0.912875	0.470884	0.605277	0.143438	0.738241	0.568765	0.456086	0.776199	0.677462	0.621307	0.88524	0.900962	0.705215	0.499477	0.586003	0.255975	0.0366169	0.00200986	2.0958e-005	5.9141e-009	8.93215e-012	4.24345e-014	1.4043e-016	8.49608e-017	5.48151e-020	3.8468e-021	6.99559e-023	1.05461e-024	7.71952e-026	5.48971e-027	5.2954e-029	8.81095e-030	3.84859e-030	1.46363e-030	
0	0.100265	0.507288	0.0956808	0.392708	0.0477186	0.0215589	0.0564701	0.520665	0.348546	0.720147	0.16911	0.428326	0.528975	0.222165	0.32227	0.350119	0.089785	0.0939083	0.201271	0.141888	0.0214565	0.0204718	0.0019422	0.000418214	1.50142e-005	4.45318e-007	3.35889e-010	2.32804e-012	3.26911e-015	1.10459e-014	6.9973e-017	8.35921e-018	1.59556e-019	3.34595e-020	1.99375e-020	1.08319e-021	2.33378e-024	5.26237e-025	5.32915e-027	1.28488e-027	
0	0.0337714	0.0218031	0.552834	0.00832778	0.00466484	0.0351729	0.0238539	0.00844581	0.045048	0.136121	0.00949522	0.00102522	0.00148409	0.000414899	0.000121308	0.0281377	0.0247966	0.00510713	0.0933332	0.353377	0.0786269	0.0214215	0.00242114	8.38729e-006	2.16491e-006	9.77123e-007	2.2595e-011	1.73947e-012	7.82514e-017	4.02638e-015	1.67691e-015	7.02851e-016	2.69114e-018	1.4135e-020	1.68491e-021	8.61943e-023	7.98011e-025	1.27968e-025	3.30099e-027	2.19009e-029	
0	0	4.09366e-006	0.000348539	9.84954e-005	0.000138322	8.86011e-006	0.00679819	2.60106e-006	0.00112963	0.000293971	0.0831332	0.00150561	0.0134316	0.000329135	0.000137212	0.000434777	8.87062e-005	1.06753e-005	0.000149443	0.00514146	0.242646	0.0394077	0.0136316	0.000849738	1.72887e-006	1.32418e-007	8.8655e-012	3.26785e-012	3.03634e-014	1.7379e-015	8.72016e-017	3.9332e-016	2.31266e-016	1.14013e-017	9.57698e-020	1.76869e-021	1.82271e-023	8.70709e-026	4.47809e-028	6.03259e-030	
0	0	1.70552e-008	1.66561e-009	6.0393e-006	6.53858e-009	3.45457e-008	2.79998e-006	2.93538e-008	8.12757e-008	6.40817e-008	8.32442e-006	0.000367927	2.19403e-005	3.57637e-005	1.80572e-006	1.61405e-007	1.547e-006	3.05478e-006	7.80667e-007	6.15343e-005	0.000948747	0.000717232	3.62634e-005	0.000531879	1.11974e-007	1.59866e-009	7.6509e-014	4.5161e-015	1.37353e-015	1.7282e-017	1.0939e-018	3.88039e-020	1.26507e-017	8.89393e-020	7.65661e-021	1.16269e-022	2.33811e-026	3.66309e-029	2.56292e-030	6.13117e-033	
0	0	0	3.75129e-008	4.36295e-008	2.08993e-006	3.0741e-005	3.13551e-008	2.51352e-006	1.73621e-009	5.10081e-007	1.19774e-005	1.02791e-005	5.52862e-007	0.000856009	6.88017e-006	5.6575e-007	8.75995e-005	8.6576e-006	2.99168e-005	5.4061e-005	0.0703001	0.6561	0.937161	0.00204754	5.76771e-005	0.0250819	1.37717e-005	1.13756e-009	2.05059e-013	5.16816e-014	2.02658e-011	1.17822e-013	3.08839e-018	3.92617e-021	1.82006e-021	5.72089e-022	9.05451e-025	4.94645e-029	1.53866e-029	4.08944e-031	
0	0	0	5.74858e-025	3.04508e-011	6.93721e-010	6.81793e-010	9.29661e-008	2.2163e-010	1.98119e-009	4.28069e-014	3.34798e-010	1.96393e-010	2.86004e-009	9.72413e-011	2.75444e-007	6.67404e-010	7.43141e-011	8.36825e-010	2.23312e-008	1.17808e-008	1.86065e-005	0.00589062	0.00693206	0.993001	0.921665	0.764003	0.957589	0.918879	0.885748	0.0593417	0.276465	0.00262388	2.70754e-005	8.85661e-009	3.07492e-011	1.42134e-012	3.8692e-015	3.44012e-018	5.47395e-021	1.30751e-024	
0	0	0	0	4.14998e-011	1.35357e-010	1.11915e-010	3.57406e-008	1.25648e-008	2.00603e-008	6.13254e-010	4.42235e-009	3.93238e-009	1.27872e-008	2.3388e-009	2.46094e-007	5.35963e-009	5.82625e-010	7.54178e-010	5.36068e-010	1.5107e-009	2.55732e-008	1.5835e-005	0.00125833	0.00113329	0.0782374	0.210914	0.0423969	0.0811207	0.114252	0.940658	0.723535	0.997376	0.999973	1	1	1	1	1	1	1	


1	0.941645	0.885244	0.244413	0.942999	0.817854	0.0217455	0.560521	0.759705	0.975872	0.795646	0.978663	0.997332	0.99536	0.885137	0.992584	0.652083	0.0124879	0.0015039	0.000130643	2.55835e-006	1.11283e-008	4.99592e-011	6.73974e-013	5.44168e-015	3.87005e-017	7.39111e-021	5.97152e-023	2.60632e-025	4.81649e-028	1.45966e-028	7.91676e-032	6.49506e-033	1.99503e-034	1.62709e-036	6.20598e-038	2.07407e-038	5.77079e-041	2.81182e-042	2.19336e-043	2.79585e-044	
0	0.0583529	0.114753	0.754486	0.0566682	0.182091	0.978197	0.271642	0.23998	0.0230746	0.204208	0.00273031	0.00171369	0.00460701	0.114762	0.00725022	0.347503	0.987332	0.993666	0.450519	0.0430463	0.000122674	5.69495e-008	8.05527e-011	7.18328e-015	6.77245e-017	2.1314e-016	3.89817e-020	1.66241e-023	2.02263e-028	7.77144e-028	1.50528e-027	1.02135e-029	2.164e-033	1.90683e-037	3.12831e-039	1.15414e-038	8.9959e-043	7.97721e-045	1.27555e-045	2.9043e-047	
0	1.57774e-006	2.76621e-006	0.00110118	0.00032239	5.07543e-005	5.73089e-005	0.167742	0.000224394	0.00105239	0.000145994	0.0185931	0.000513475	2.20023e-005	0.00010053	0.000162327	0.000414087	0.000179989	0.00482983	0.549346	0.956836	0.990932	0.958228	0.866953	0.0140684	5.69017e-005	0.00021512	2.31159e-006	1.41661e-009	1.13461e-012	1.96573e-014	7.72724e-013	1.2111e-013	8.16895e-016	1.64235e-019	1.01696e-022	1.12974e-024	3.29601e-027	1.09266e-031	2.20632e-035	1.67795e-039	
0	0	7.72504e-010	1.88222e-010	1.03959e-005	4.02774e-006	6.84039e-011	9.57425e-005	9.05355e-005	1.01663e-006	8.58071e-008	1.3693e-005	0.000441285	9.79166e-006	3.47377e-007	3.79753e-006	6.23898e-008	2.15475e-010	2.48744e-009	3.91129e-006	0.00011558	0.00894508	0.0417706	0.133004	0.901819	0.332262	0.115896	0.646812	0.824544	0.905442	0.0636122	0.0841825	0.0285725	0.00994844	4.32724e-005	6.79613e-007	5.74153e-008	2.64478e-009	2.65927e-012	2.0732e-014	2.34556e-016	
0	0	9.43147e-019	5.86573e-014	1.30225e-014	3.36771e-010	5.71842e-011	8.01337e-013	1.20773e-008	5.50623e-008	3.15552e-010	3.24194e-011	5.42034e-009	1.29245e-006	1.34624e-009	9.61575e-012	8.70455e-009	1.36004e-012	3.97315e-014	3.84683e-011	4.82646e-009	9.55932e-009	8.48012e-007	4.24589e-005	0.0841119	0.217463	0.803869	0.00285952	0.0319397	0.00875803	0.126003	0.839111	0.0132128	8.54088e-006	1.79069e-007	2.42674e-009	1.23941e-010	9.70174e-014	2.00351e-015	1.08858e-017	4.94102e-019	
0	0	0	3.51025e-019	4.27521e-015	4.69009e-015	3.76403e-015	2.12856e-012	1.09514e-012	3.78757e-011	9.29069e-011	2.84402e-014	5.52711e-016	1.00588e-012	2.61863e-011	4.88906e-013	8.74562e-017	5.80925e-014	2.67799e-018	2.07672e-018	4.26083e-016	1.76229e-013	4.47696e-013	3.15251e-011	4.22015e-007	0.450218	0.0732913	0.347796	0.126265	0.0852998	0.456412	0.0490871	0.0403848	0.00464858	0.00233498	0.00505644	0.264839	0.0207132	0.000200919	2.38656e-009	1.50612e-014	
0	0	0	4.26929e-026	1.10838e-019	2.49782e-016	8.18306e-019	5.01382e-014	7.58937e-014	5.89177e-013	5.19224e-012	9.70002e-011	2.16086e-011	1.31944e-011	1.10433e-013	2.10536e-013	6.20514e-016	2.98761e-019	7.67721e-018	1.28429e-020	7.50564e-021	5.57871e-020	8.58593e-018	4.48493e-014	5.2973e-014	1.49343e-008	0.00672793	0.00251191	0.0172497	0.000482096	0.353945	0.0262817	0.916578	0.973067	0.995747	0.990385	0.722645	0.977075	0.987245	0.865291	0.768907	
0	0	0	0	4.18783e-024	3.30592e-020	2.24681e-019	3.59588e-017	6.37921e-015	2.53485e-014	9.85557e-014	7.56079e-012	7.7863e-011	1.82568e-010	2.00678e-010	2.02935e-010	4.24958e-011	1.84968e-013	6.59305e-015	1.9273e-016	1.89503e-018	8.02186e-021	1.78506e-021	3.39482e-019	9.90826e-017	1.00239e-014	1.78047e-008	1.85323e-005	2.03585e-006	1.76573e-005	2.80352e-005	0.00133725	0.00125171	0.0123272	0.0018749	0.00455779	0.012516	0.00221151	0.0125541	0.134709	0.231093	


1	0.992743	0.988593	0.700308	0.997679	0.629337	0.0527519	0.884942	0.970799	0.999024	0.886029	0.995421	0.987445	0.991844	0.437149	0.918039	0.369683	0.0177872	0.00300193	0.000175617	5.61311e-006	4.61502e-007	3.27218e-008	6.42721e-009	2.39853e-011	2.74517e-014	8.30352e-019	7.39416e-020	9.4459e-022	2.19884e-024	3.88632e-027	3.11773e-032	2.32113e-034	8.25927e-036	6.28561e-038	9.63562e-040	1.15181e-040	1.6603e-042	1.20503e-043	4.72772e-044	5.05839e-045	
0	0.00725724	0.0114062	0.299672	0.00230302	0.370663	0.947233	0.0516259	0.0290968	0.000909525	0.113956	0.00291747	0.0125188	0.00810628	0.562845	0.0814874	0.612815	0.982201	0.993115	0.262634	0.0569625	0.00430484	0.000106551	3.37857e-006	2.01812e-010	1.80943e-014	4.08151e-015	1.74732e-018	1.98652e-021	7.21473e-027	2.00259e-027	4.20752e-029	1.67856e-033	2.57494e-037	6.72988e-042	1.69791e-042	1.84749e-042	1.88073e-046	1.03456e-047	6.08176e-046	3.1627e-047	
0	2.36e-008	3.42559e-007	1.91518e-005	1.78676e-005	3.31322e-007	1.55551e-005	0.0634157	6.50464e-006	5.05093e-005	2.44718e-006	0.00165708	2.97917e-005	3.76604e-005	5.42919e-006	0.00047284	0.0175011	1.18464e-005	0.00388332	0.737183	0.942843	0.120847	0.614933	0.326189	0.00888163	7.28408e-006	2.42082e-007	1.46688e-010	2.93063e-011	8.16017e-015	2.41458e-018	1.05667e-019	3.26332e-022	2.717e-025	1.9733e-029	6.7538e-033	9.71437e-037	8.60707e-041	3.80395e-046	6.51479e-050	9.5827e-051	
0	0	4.31822e-012	2.28064e-010	1.78965e-009	1.18088e-010	2.91411e-010	1.64277e-005	7.93167e-006	4.2192e-008	1.82882e-008	3.53947e-007	2.56673e-006	4.59837e-007	4.71815e-009	3.03347e-008	7.91029e-007	1.00878e-007	2.69591e-009	6.89343e-006	0.000188354	0.873109	0.377625	0.6707	0.732054	0.00902732	0.000188513	8.74884e-006	9.62697e-008	1.65335e-008	5.00224e-014	3.33735e-016	1.71302e-018	1.49349e-021	4.80308e-025	1.28874e-029	4.6712e-033	3.48496e-036	8.24424e-041	3.00377e-046	8.37818e-051	
0	0	1.3386e-011	8.82024e-012	4.73399e-008	2.04849e-009	4.71112e-013	3.69153e-007	8.98669e-005	3.01622e-006	1.68336e-009	3.19406e-010	6.08865e-008	1.52307e-008	2.97625e-010	3.92168e-009	3.40105e-009	4.71056e-008	3.27312e-012	3.47896e-008	8.01219e-007	0.00173863	0.0073165	0.00282683	0.259055	0.851231	0.000790845	0.0382124	0.0305461	0.984806	0.000156176	8.31127e-008	1.60207e-010	2.11614e-011	3.56353e-013	6.97638e-015	2.84712e-015	2.2442e-016	1.9205e-018	8.78129e-022	1.63742e-025	
0	0	0	1.49912e-012	4.41539e-013	1.49581e-010	3.16733e-011	8.24469e-013	7.39606e-008	1.27954e-005	7.76245e-006	6.1825e-009	3.10024e-011	1.94187e-010	4.1859e-012	1.43237e-013	5.67231e-011	6.56337e-011	9.543e-010	1.10534e-009	6.59301e-009	2.0524e-010	1.91964e-005	0.000255145	8.49248e-006	0.139728	0.991003	0.673324	0.828378	0.00231344	0.998989	0.996721	0.01819	0.000371888	1.03267e-005	1.44963e-006	1.47652e-007	6.86247e-010	5.92156e-013	2.65152e-015	2.62956e-018	
0	0	0	1.92738e-015	2.63026e-015	3.23797e-015	6.82781e-015	6.96093e-011	2.63048e-012	1.17856e-008	4.32189e-006	3.52013e-007	2.28538e-009	2.33287e-011	4.88951e-015	8.29129e-016	7.08984e-016	5.67429e-016	3.26058e-015	7.44073e-013	2.32216e-012	2.45385e-011	4.29711e-008	2.60491e-005	4.40209e-007	6.62306e-006	0.00801485	0.276251	0.0713125	0.00164221	0.00037912	0.00327358	0.981107	0.126147	0.0649471	0.00572335	0.000244479	0.000177789	1.74516e-005	2.14114e-008	9.71021e-012	
0	0	0	0	2.84212e-015	8.96101e-016	1.61593e-016	7.56013e-013	9.09542e-012	7.39092e-011	6.0064e-009	3.56431e-006	3.4724e-006	1.16134e-005	4.35043e-007	7.79871e-007	3.61622e-008	2.9054e-011	5.26708e-014	5.40631e-015	4.50885e-015	1.23568e-013	3.18246e-013	2.48295e-008	2.30752e-007	5.73754e-009	2.12847e-006	0.0122044	0.0697633	0.0112381	0.000475607	5.27502e-006	0.000703379	0.873482	0.935043	0.994275	0.999755	0.999822	0.999983	1	1	


1	0.994315	0.999499	0.982051	0.999524	0.988976	0.942386	0.995574	0.99892	0.999021	0.985926	0.997925	0.993122	0.995458	0.937376	0.987944	0.585893	0.748952	0.240327	0.00940368	0.000177851	7.1648e-005	5.05974e-006	6.97379e-007	3.6638e-009	3.48869e-011	1.4655e-014	6.94473e-017	9.26127e-019	6.46507e-021	2.1472e-022	3.15231e-025	2.03012e-027	1.11454e-029	4.084e-032	5.30508e-034	7.42645e-035	5.31579e-037	2.11137e-038	2.73013e-039	4.05153e-040	
0	0.00568509	0.000497996	0.0179482	0.000434469	0.0110223	0.0576096	0.00381275	0.00104997	0.000934103	0.0140554	0.00196615	0.00684293	0.00411482	0.0626152	0.0119896	0.413941	0.250438	0.759408	0.965323	0.996017	0.447674	0.298285	0.0534766	0.000249076	1.89773e-006	8.18586e-006	1.20536e-009	1.09843e-010	1.564e-014	1.55203e-015	2.20634e-014	1.76211e-017	5.16047e-021	7.44793e-026	3.32413e-029	1.4105e-031	2.67235e-036	2.38617e-041	5.25949e-042	2.20665e-043	
0	1.37633e-008	2.52312e-006	9.05442e-007	4.06108e-005	1.58985e-008	4.16051e-006	0.000612853	2.00401e-005	3.998e-005	1.87294e-005	0.000104183	1.35551e-005	0.000422238	2.1455e-006	6.1729e-005	0.000165426	0.000609625	0.000264472	0.025272	0.00377582	0.552157	0.691262	0.733397	0.859952	0.936054	0.925604	0.0439014	0.00458247	0.00202025	5.96809e-005	0.000494491	3.61547e-005	3.16139e-007	1.0568e-008	2.03992e-010	8.3797e-012	6.26349e-014	1.89179e-017	2.30615e-022	4.30901e-026	
0	0	1.47826e-009	4.41035e-009	4.40211e-007	1.50372e-006	1.22494e-009	7.62794e-007	1.02491e-005	5.3332e-006	1.59057e-007	4.81383e-006	2.12172e-005	5.27492e-006	6.33847e-006	4.27178e-006	9.86697e-009	1.59083e-007	1.94483e-007	3.83295e-007	1.44672e-005	9.21456e-005	0.00983192	0.211191	0.117428	0.0224994	0.0155081	0.949591	0.358915	0.490689	0.0225872	0.0143835	0.000789841	0.000563848	3.83963e-005	5.2243e-006	5.57708e-007	8.50255e-007	6.84313e-008	3.74772e-008	1.58234e-008	
0	0	1.72723e-013	1.02677e-010	1.99471e-012	1.89483e-009	3.17132e-009	2.09198e-010	6.65084e-009	3.3772e-009	1.45344e-009	1.55209e-009	4.03723e-008	1.0474e-007	1.03163e-007	6.86273e-009	5.34372e-007	4.27203e-008	5.4792e-007	4.49209e-007	1.44704e-005	4.98747e-006	0.000615491	0.00193394	0.0222046	0.00326237	0.0543279	9.2314e-006	0.39969	0.00308077	0.00467025	0.0392613	5.94022e-005	5.04925e-008	2.22045e-009	1.41321e-009	1.80159e-009	1.46048e-012	1.01829e-012	5.17229e-012	6.32716e-012	
0	0	0	2.2421e-016	7.91208e-012	1.83737e-015	7.63909e-013	2.53351e-011	7.06382e-012	2.8639e-010	5.5973e-011	2.83491e-013	3.84701e-013	7.46989e-011	4.96181e-012	8.67764e-011	3.0689e-013	1.03535e-009	1.78633e-012	4.37132e-010	7.27499e-011	3.23254e-007	2.37058e-008	1.01518e-006	0.000166271	0.0381421	0.00183654	0.00490105	0.000874207	0.438814	0.0265698	0.00739878	0.000143007	6.00242e-006	8.14379e-007	2.18428e-007	2.05855e-007	1.71483e-008	1.95738e-010	5.65258e-015	3.9e-017	
0	0	0	1.02139e-020	1.8687e-017	5.47687e-015	4.73113e-018	4.23772e-015	5.42898e-015	9.08956e-015	1.27632e-013	1.20866e-013	3.52364e-015	2.5492e-014	1.7389e-014	7.98672e-014	1.41e-014	2.19316e-015	2.16485e-014	2.90252e-014	1.33789e-013	2.23586e-012	4.86723e-009	2.88817e-008	9.60381e-009	3.95855e-005	0.00267752	0.00155231	0.235165	0.0538146	0.923705	0.924544	0.828719	0.764073	0.658775	0.774135	0.861187	0.645149	0.0036972	1.65806e-005	2.4855e-007	
0	0	0	0	3.72233e-017	8.55435e-014	7.07498e-016	4.32729e-013	9.12343e-013	1.56549e-011	9.64667e-012	3.27646e-011	2.37442e-011	7.94396e-011	5.76773e-013	1.23088e-013	1.0947e-013	1.03437e-015	3.16194e-013	1.69415e-015	6.23305e-014	7.14913e-014	2.18052e-010	1.48941e-009	6.25503e-009	1.06289e-006	3.77393e-005	4.52711e-005	0.000773508	0.011582	0.0224077	0.0139181	0.170252	0.235357	0.341186	0.22586	0.138813	0.35485	0.996303	0.999983	1	


