E:\Google Drive\Progetti\MSR Action3D\Real\a02_s07_e01_skeleton3D.txt
2
TRUE
-1205.39
-1242.67
-1251.46
-1238.91
-1279.9
-1269.14
-1266.51
-1234.98
-1220.45
-1231.42
-1272.38
-1162.77
-1252.33
-1194.63
-1176.88
-1188.93
-1207.17
-1186.15
-1186.59
-1186.67

49
20
1	0.315491	0.224747	0.0676353	0.307853	0.623581	0.736497	0.57899	0.500191	0.0379139	0.00281826	0.000230899	4.2793e-006	6.83326e-009	6.00593e-012	5.76686e-014	3.02582e-016	4.80939e-018	6.09064e-018	1.41397e-018	1.92737e-019	9.33562e-020	2.65238e-020	5.7188e-021	9.13637e-022	1.00013e-022	8.51728e-023	3.592e-023	5.33151e-024	1.84461e-024	4.01141e-025	1.97985e-026	7.72675e-027	3.73693e-027	6.01366e-028	2.76414e-028	9.20418e-029	1.34027e-029	4.44554e-030	1.94607e-031	4.20127e-032	2.82382e-033	7.38658e-035	8.29726e-035	6.51985e-035	3.66504e-035	4.07999e-035	7.10562e-035	7.62392e-034	1.2612e-033	
0	0.163076	0.144079	0.401367	0.251973	0.126704	0.079331	0.139744	0.073415	0.0221119	0.00348642	0.00022153	2.0794e-005	1.1279e-007	5.27631e-010	8.65278e-012	4.0054e-014	3.86668e-016	6.62225e-016	1.49279e-016	3.35281e-017	2.10262e-017	6.46187e-018	5.61197e-019	6.38791e-020	2.85647e-020	9.10164e-020	7.1999e-020	1.31473e-020	6.30631e-021	3.73478e-022	3.57256e-023	2.08402e-024	6.71131e-025	6.72637e-026	4.27965e-026	7.0324e-027	5.67333e-028	1.37458e-028	3.27944e-029	3.62003e-030	1.00655e-030	2.8907e-031	5.34148e-031	1.48012e-030	3.9697e-030	7.02112e-030	3.15356e-029	2.91232e-028	3.12604e-027	
0	0.521432	0.120558	0.503273	0.138121	0.059011	0.0703644	0.186498	0.0128103	0.0147746	0.00132058	0.000111092	3.65284e-005	1.41382e-008	3.68014e-011	2.27578e-012	6.02599e-015	4.59472e-017	7.8594e-017	1.66049e-017	7.43328e-019	7.31829e-019	4.79048e-019	3.01866e-019	1.51092e-019	9.45972e-020	2.44068e-020	4.86553e-020	3.49121e-021	2.36285e-021	2.13255e-022	1.10204e-023	1.47691e-024	6.51264e-025	1.39546e-026	1.05848e-027	3.07742e-027	5.54079e-028	7.45505e-029	1.89012e-029	2.38534e-030	9.0743e-031	2.4435e-032	3.62036e-032	8.83064e-032	2.84872e-031	1.37664e-031	5.68952e-030	4.56513e-029	9.38337e-029	
0	0	0.509854	0.0246173	0.301706	0.18365	0.0662886	0.00806134	0.290429	0.034331	0.00167601	0.000160699	1.62102e-006	2.41914e-007	7.2048e-010	4.73848e-013	7.73279e-015	2.23151e-016	1.2774e-015	2.56609e-016	9.25594e-017	4.8484e-017	1.02296e-018	5.52094e-020	1.73069e-021	3.77721e-021	5.6974e-019	9.99245e-020	2.03867e-020	4.18809e-021	5.87271e-023	8.84075e-023	2.72308e-024	4.11678e-024	8.97188e-026	3.97306e-026	1.55327e-028	2.44399e-029	4.33917e-029	7.75199e-031	3.47244e-031	5.98527e-032	2.68454e-032	1.829e-032	4.15042e-032	2.14372e-032	3.06573e-030	8.10911e-031	6.55975e-029	6.39475e-028	
0	0	0.000761874	0.00143099	0.00022708	0.00696613	0.0474745	0.0865198	0.123105	0.890362	0.465934	0.0683057	0.0417587	8.67444e-006	2.16159e-008	1.50161e-012	1.22889e-015	1.41178e-019	5.70103e-014	3.24793e-014	5.85227e-015	1.30497e-015	2.073e-017	6.11681e-020	1.03359e-020	5.62629e-022	3.43532e-019	1.42648e-020	1.47825e-021	4.87772e-022	2.1732e-023	7.96125e-025	4.11754e-024	2.51071e-023	7.38442e-025	2.26408e-025	2.8522e-026	2.94419e-029	1.15041e-028	9.46431e-032	1.28944e-032	3.07531e-034	1.15387e-035	2.95722e-034	3.80114e-035	2.02579e-036	7.43273e-034	2.84542e-031	3.26965e-029	3.82763e-029	
0	0	0	0.00167683	6.64735e-006	1.38299e-005	3.95412e-005	0.000185228	4.8502e-005	0.000506098	0.524763	0.929706	0.956321	0.999763	0.999663	0.61875	0.152968	0.00658456	0.0383184	0.00693231	0.00185433	0.0118614	0.000434168	3.91756e-006	1.3563e-008	1.21286e-008	1.24106e-006	9.53511e-006	0.00015959	0.000716426	0.000250324	6.35075e-005	2.17456e-006	7.67654e-007	6.54998e-008	1.23942e-007	3.98183e-009	4.42025e-011	7.5308e-013	6.47918e-014	5.84066e-016	1.65498e-016	6.16927e-017	1.08824e-019	8.77746e-022	1.58486e-023	1.35794e-026	1.54931e-028	1.93011e-029	5.27004e-029	
0	0	0	6.30537e-014	1.06278e-006	5.2156e-010	4.16696e-009	5.47813e-009	1.2358e-008	2.34934e-010	4.35846e-007	0.00040054	0.00108761	0.00013892	0.00020659	0.376336	0.845683	0.946664	0.592523	0.221724	0.00437555	0.000146668	0.000142405	7.86397e-007	3.779e-009	1.262e-010	2.2997e-010	5.87263e-008	4.5974e-006	0.000290627	0.00239943	0.00381692	0.00368954	0.000109195	4.21224e-006	7.60103e-008	5.84421e-009	5.89628e-011	6.10195e-013	2.79588e-014	8.4063e-015	3.16502e-016	3.51882e-018	5.22119e-020	1.66853e-022	1.60776e-024	1.45962e-026	2.56914e-028	3.0095e-029	5.94058e-031	
0	0	0	0	0.00011254	7.38252e-005	5.27244e-006	9.86613e-007	4.94663e-007	1.9155e-008	1.26467e-006	0.000863106	0.000769799	8.86441e-005	0.000129981	0.0049135	0.00134933	0.0467519	0.369159	0.771344	0.99377	0.987992	0.999423	0.999995	1	1	0.999999	0.99999	0.999836	0.998993	0.99735	0.99612	0.996308	0.99989	0.999996	1	1	1	1	1	1	1	1	1	1	1	1	1	1	1	


1	0.951823	0.998514	0.999986	0.99993	0.974673	0.993906	0.893348	0.15643	1.20816e-005	1.28525e-006	3.03896e-007	1.95233e-006	1.57602e-008	2.11092e-009	7.42967e-010	5.79692e-011	9.02033e-012	2.67575e-012	5.27264e-013	1.67929e-012	3.46162e-012	5.40127e-013	5.90038e-015	4.05047e-017	5.59461e-016	3.23495e-016	2.56777e-015	1.09784e-015	2.78739e-015	2.55692e-015	6.56394e-015	1.20518e-014	3.54191e-015	1.14172e-014	3.06969e-013	4.81652e-012	2.06381e-010	5.45352e-010	5.02041e-010	1.48137e-009	1.36387e-009	3.66649e-009	3.11422e-009	1.27378e-010	2.53097e-011	3.31114e-012	1.18216e-011	5.16811e-012	2.42914e-012	
0	0.0481756	1.96447e-005	1.14931e-005	6.88601e-005	0.0253238	0.00607415	0.106639	0.775601	0.999934	0.00897706	6.70774e-006	4.83019e-008	1.75885e-012	1.61515e-011	1.11693e-015	1.17653e-014	1.53644e-016	7.83666e-011	2.13373e-012	1.05637e-012	1.02971e-010	3.72745e-014	4.72132e-018	1.09181e-019	5.35411e-020	3.08512e-018	1.21689e-022	1.83328e-018	1.48664e-021	1.59091e-020	4.52336e-016	2.17159e-019	1.02394e-015	2.27554e-015	6.23995e-014	3.29498e-013	1.03406e-014	3.47223e-012	1.07274e-015	5.39569e-017	1.98399e-014	2.74459e-011	6.57621e-013	2.41294e-014	1.9684e-016	1.80321e-015	6.28172e-014	4.99275e-017	5.83411e-012	
0	1.79147e-006	0.00146607	2.07903e-006	8.83337e-007	2.95051e-006	1.94687e-005	1.30758e-005	0.0679689	5.3526e-005	0.991019	0.497228	0.00874491	5.07632e-006	1.09792e-008	1.65497e-014	1.46705e-015	1.369e-016	1.18543e-011	2.24283e-013	5.43008e-012	2.74961e-014	7.09642e-013	1.83485e-019	6.35282e-022	7.10504e-020	1.71538e-016	1.24948e-019	1.92606e-020	8.9788e-021	5.92215e-019	3.19363e-019	1.73693e-018	4.76461e-017	8.47896e-017	8.40885e-015	1.76545e-016	1.19119e-015	1.96983e-011	8.46904e-015	2.92192e-014	2.77891e-017	5.05115e-015	1.58608e-015	4.3914e-019	2.21234e-020	5.43663e-017	7.56729e-018	3.52052e-016	1.84572e-016	
0	0	1.13596e-007	7.8338e-009	1.2746e-010	1.78961e-011	3.25545e-011	3.56194e-010	1.44433e-009	4.79653e-012	2.78713e-006	0.502765	0.926147	0.999874	0.956573	0.348628	0.00676605	0.00166624	7.43844e-007	1.35136e-009	6.6161e-011	4.09846e-013	1.94109e-017	1.30938e-018	1.48212e-025	4.03809e-023	1.33337e-019	5.43539e-015	1.8188e-015	1.87976e-015	3.49445e-015	2.8669e-017	1.48547e-018	1.21702e-021	2.77261e-019	4.29355e-016	1.73259e-018	1.0681e-018	2.25176e-019	3.90812e-014	2.66045e-014	2.27105e-017	1.05928e-019	2.58309e-019	1.96985e-022	9.8483e-025	1.41985e-025	2.12418e-022	1.37275e-019	3.27599e-020	
0	0	3.99899e-023	6.12006e-011	7.50191e-012	3.04532e-013	6.65476e-014	4.05207e-014	3.89386e-014	1.47554e-016	1.6128e-015	3.75116e-009	0.0651065	0.000120756	0.0434269	0.649585	0.993223	0.998324	0.999674	0.976452	0.969491	0.376502	0.00279047	1.61241e-006	9.46695e-010	1.0322e-009	1.61071e-011	3.49548e-012	3.50626e-012	4.42564e-012	1.69062e-011	7.71296e-010	2.27076e-008	5.16589e-009	2.70305e-008	2.86775e-008	2.84041e-007	4.03381e-007	5.24697e-008	2.37721e-009	8.6772e-010	1.39299e-010	6.37775e-011	6.42175e-013	2.74851e-016	2.85184e-019	1.85576e-022	1.3437e-023	8.70187e-026	2.44544e-022	
0	0	0	2.96287e-016	4.5076e-013	4.08465e-014	4.54097e-016	2.06606e-014	2.77331e-019	7.09179e-021	2.3581e-019	1.06966e-017	1.70975e-009	7.10421e-009	3.62968e-009	0.0017868	8.65338e-006	9.8309e-006	0.000324021	0.0235476	0.0305043	0.623451	0.996781	0.862562	0.985337	0.331194	1.28846e-005	4.44805e-007	5.56126e-010	4.27755e-012	5.2521e-013	1.31549e-013	7.71454e-011	5.4891e-012	4.56897e-009	2.01054e-007	0.000740451	0.639536	0.24141	0.976392	0.0394018	0.0959187	0.652878	0.00924717	0.000795011	0.000703861	1.29932e-007	1.28578e-007	3.83324e-012	3.0425e-015	
0	0	0	1.45114e-040	9.06333e-018	2.7278e-014	7.79335e-016	3.01426e-017	4.5344e-017	2.29201e-024	9.73192e-026	1.9877e-024	1.93585e-018	2.34204e-014	4.35463e-014	1.45977e-009	1.66844e-006	1.83428e-008	2.0333e-011	1.17348e-009	7.68133e-007	4.64572e-005	0.000427782	0.137436	0.0146587	0.645076	0.375382	0.345354	0.00488231	0.00101694	0.000459288	8.96408e-006	3.01852e-007	8.71144e-012	2.93516e-015	2.42495e-010	4.0776e-009	0.00442682	0.154143	0.0130104	0.926814	0.894962	0.326041	0.945887	0.998964	0.998737	0.864251	0.474596	0.0651859	4.65357e-005	
0	0	0	0	7.2268e-021	2.3478e-017	1.1253e-014	6.91803e-016	2.63236e-015	7.99355e-019	1.44469e-020	2.16922e-021	7.98568e-021	2.64759e-015	2.50171e-013	9.25084e-015	1.4026e-007	3.51208e-007	1.44392e-006	1.61759e-008	3.48471e-006	7.07136e-007	1.09472e-006	1.35937e-008	4.26001e-006	0.0237303	0.624605	0.654646	0.995118	0.998983	0.999541	0.999991	1	1	1	1	0.999259	0.356037	0.604447	0.0105977	0.0337847	0.00911919	0.0210809	0.0448659	0.000241487	0.00055887	0.135749	0.525404	0.934814	0.999953	


1	0.998908	0.996213	0.999994	0.999726	0.987212	0.990683	0.991899	0.0187231	3.91656e-006	7.86236e-007	5.87708e-008	1.01689e-007	2.63311e-009	1.48116e-009	2.05935e-009	1.65469e-009	1.03539e-009	4.96187e-009	3.57425e-008	2.48108e-007	1.29023e-006	1.09081e-006	7.25135e-008	5.5936e-009	3.07617e-008	1.68234e-008	3.03925e-008	7.74174e-009	8.23453e-009	2.09815e-009	2.5488e-009	1.90111e-009	1.67478e-009	1.31023e-009	1.18608e-009	1.8326e-009	5.0085e-009	4.86406e-009	9.56313e-009	4.36728e-009	4.81005e-009	4.35441e-009	3.10352e-009	5.06169e-009	7.87816e-009	1.65842e-009	1.26036e-009	4.02566e-010	1.48414e-010	
0	0.00109154	0.000305211	3.84884e-006	0.00024084	0.0127734	0.00930813	0.00808303	0.981231	0.999996	0.0336878	0.000129128	4.37202e-007	9.44058e-011	4.12918e-011	2.49147e-015	1.61749e-011	6.58941e-013	2.84652e-006	2.37952e-006	1.42766e-005	0.000108257	5.4928e-007	5.14864e-011	4.57547e-012	1.95345e-011	3.62707e-009	1.35555e-014	5.01394e-011	6.70076e-014	4.1173e-013	2.66499e-010	2.88861e-013	4.9427e-009	2.89142e-009	6.90112e-010	4.81902e-011	8.85377e-014	4.62075e-010	2.12148e-014	4.31887e-015	2.3904e-014	3.9881e-012	4.88323e-013	2.97684e-014	1.13029e-015	6.94006e-012	8.34115e-013	2.73086e-014	8.21646e-011	
0	7.10733e-007	0.00348172	2.37844e-006	3.30153e-005	1.49488e-005	8.86481e-006	1.75712e-005	4.56228e-005	2.03115e-007	0.966311	0.994534	0.988235	0.984789	0.949905	0.412872	0.0825824	0.026747	0.0911	0.0879896	0.238964	0.254967	0.0285419	7.22228e-005	3.78375e-008	1.99494e-008	5.41764e-007	5.66585e-007	7.16477e-008	6.49314e-009	3.10226e-009	2.61099e-010	2.38668e-011	6.34354e-012	2.2034e-010	1.02463e-008	7.487e-011	6.97172e-012	8.76585e-012	7.02889e-012	5.7989e-012	3.02825e-013	2.32974e-012	1.8025e-014	3.06362e-015	4.12396e-015	5.50659e-014	1.28437e-015	1.14977e-013	7.80641e-015	
0	0	2.10631e-011	2.46771e-008	2.96636e-011	2.25289e-011	4.0925e-010	3.04111e-011	3.50026e-012	6.99848e-016	1.51813e-009	0.00528584	0.0112249	0.0151789	0.049204	0.583999	0.843974	0.932065	0.000799741	7.57011e-005	1.80835e-005	0.000170273	2.40405e-005	2.29294e-008	1.72899e-011	2.24211e-010	1.31218e-010	1.27152e-007	2.00701e-008	5.58222e-009	1.11335e-009	3.90991e-012	1.34201e-012	2.87553e-015	1.97478e-015	2.54189e-013	1.0832e-012	2.41588e-015	3.78724e-017	2.36964e-014	3.26446e-013	3.84437e-015	8.70724e-017	1.06372e-017	3.7826e-020	2.71904e-019	2.3719e-021	4.36242e-019	4.82239e-019	1.06394e-018	
0	0	5.95639e-012	2.76566e-008	2.21823e-010	1.70248e-009	1.36992e-009	2.04486e-010	2.99662e-011	6.06622e-013	1.70856e-011	5.09508e-005	0.000538432	3.16302e-005	0.000891182	0.00160568	0.0724888	0.0399417	0.901413	0.825314	0.685549	0.513367	0.0606045	0.000230351	1.10335e-006	2.19367e-007	4.98453e-009	2.40262e-010	7.74544e-010	2.21762e-010	6.44949e-011	2.3142e-010	3.29538e-011	3.81908e-012	7.071e-013	3.25277e-013	3.92543e-011	6.43745e-012	1.44726e-012	5.65551e-014	2.74612e-015	1.2897e-014	2.23261e-015	5.81497e-017	6.97982e-019	1.00015e-019	4.38287e-020	1.23996e-018	3.79632e-021	2.53278e-018	
0	0	0	1.10754e-013	2.44436e-011	1.77809e-014	2.28037e-014	6.55216e-013	4.04528e-019	1.34446e-020	9.01596e-016	1.37632e-014	1.20021e-006	3.09987e-010	1.77545e-008	0.00152298	1.48289e-006	1.76874e-005	5.83632e-006	0.0723713	0.0119465	0.00476662	0.762287	0.496342	0.953422	0.297894	4.77047e-007	6.6918e-008	2.78522e-012	7.4292e-012	3.60049e-012	1.16664e-013	4.6925e-012	4.50932e-015	5.79254e-014	1.15762e-015	1.17e-012	9.29707e-010	2.87354e-011	6.12667e-010	8.91402e-011	1.07372e-010	2.15139e-011	1.24352e-014	1.75582e-016	8.29509e-017	4.17102e-022	1.03037e-023	4.30091e-025	3.18335e-026	
0	0	0	7.43028e-024	4.68662e-015	2.05392e-013	1.14155e-015	1.59722e-017	8.9214e-017	6.13826e-025	1.59766e-026	1.92655e-022	8.27776e-016	7.18054e-011	9.08943e-015	6.86075e-008	0.000951367	0.000497131	8.6728e-008	4.29054e-011	1.24053e-006	1.76895e-006	1.66868e-006	0.498288	0.0444972	0.620846	0.594362	0.0690419	0.00874142	0.00609521	0.00669365	5.17793e-005	6.6119e-007	7.78683e-011	4.58029e-016	1.26996e-017	3.43006e-019	3.53012e-014	9.08978e-011	6.52955e-012	4.38415e-010	5.65199e-010	1.18149e-011	1.10856e-011	2.46485e-010	1.83408e-010	1.04672e-009	3.48505e-011	5.23828e-012	3.52765e-016	
0	0	0	0	4.04601e-017	5.12134e-015	6.78526e-014	4.54173e-014	4.09973e-015	6.92753e-019	7.61442e-020	1.63902e-020	3.57581e-018	2.21373e-011	6.7775e-011	1.07957e-010	1.61596e-006	0.000731849	0.00667835	0.0142473	0.0635071	0.226618	0.148539	0.00506738	0.00207935	0.0812597	0.405637	0.930957	0.991258	0.993905	0.993306	0.999948	0.999999	1	1	1	1	1	1	1	1	1	1	1	1	1	1	1	1	1	


1	0.999434	0.952981	0.995182	0.964916	0.897762	0.860512	0.829725	0.10571	0.00668342	4.67964e-006	1.11783e-008	6.26212e-010	2.24617e-010	3.29338e-011	1.19706e-011	2.65087e-010	6.28988e-010	4.70578e-009	1.24872e-007	1.02416e-006	9.39929e-007	5.78221e-007	4.03132e-009	6.26328e-011	8.67559e-014	3.98209e-014	1.43681e-015	2.80022e-015	1.27848e-015	1.66956e-015	6.60961e-015	4.16329e-013	1.21828e-012	1.05904e-011	3.4509e-010	2.50562e-010	1.38178e-010	8.45784e-011	6.91184e-014	3.91597e-016	2.50634e-018	5.57479e-020	4.12897e-020	3.01614e-021	1.76188e-022	1.2415e-022	2.36046e-023	5.27575e-022	3.08863e-022	
0	0.000340114	0.0329983	0.00448634	0.0284726	0.0787455	0.0140848	0.0498179	0.0219492	0.00013146	1.59781e-008	2.62855e-011	4.42163e-013	3.21608e-012	2.67613e-013	6.85551e-014	2.52577e-013	1.83095e-011	3.68977e-012	2.84837e-010	6.70802e-009	1.02753e-008	3.3875e-009	1.67094e-010	5.7938e-013	1.84547e-015	5.66162e-016	4.21025e-018	7.44843e-018	7.95239e-019	3.97754e-018	3.99758e-017	2.80614e-016	1.04705e-014	7.89661e-014	1.2915e-011	7.90727e-013	6.36988e-013	1.08847e-012	1.14029e-015	8.72634e-018	3.60932e-020	8.35596e-021	2.98736e-021	9.25152e-023	1.11599e-023	1.24432e-023	4.01214e-025	2.70986e-024	7.28711e-024	
0	0.000226075	0.0140194	9.98905e-005	0.00660671	0.0233781	0.124312	0.0955904	0.849194	0.0327592	1.52312e-005	5.75486e-008	2.9599e-010	9.66436e-010	2.82792e-010	2.54951e-012	2.07568e-011	1.83408e-011	7.03752e-010	7.22103e-009	3.096e-007	3.40613e-007	9.91682e-009	3.78554e-011	7.60734e-014	3.78408e-016	3.34733e-014	1.41247e-016	7.40353e-017	3.96967e-017	7.47081e-018	2.48935e-016	2.74645e-015	2.26895e-013	6.14049e-013	2.04809e-010	1.55735e-012	1.81785e-013	6.69047e-012	8.32003e-017	4.7468e-018	3.29076e-021	3.8632e-022	1.62289e-022	1.93277e-024	3.26117e-026	2.16868e-024	1.20882e-026	2.2279e-023	1.88545e-023	
0	0	1.91738e-007	4.74582e-006	1.05924e-007	0.000111123	0.00107923	0.0226863	0.0229641	0.748107	0.000253745	5.16234e-007	8.13936e-009	1.35297e-010	1.08249e-010	2.02107e-012	1.35436e-012	4.67987e-013	9.04667e-012	2.13894e-011	3.2136e-011	5.23923e-008	5.5926e-010	1.2451e-012	6.17619e-014	2.23051e-017	3.66608e-017	8.11738e-018	3.7272e-018	2.21213e-020	5.74643e-019	7.15877e-019	1.00595e-017	1.02528e-015	4.03198e-014	8.83577e-013	5.08729e-012	1.27489e-014	1.53385e-015	3.51263e-018	2.33193e-021	8.28369e-023	6.54647e-024	8.80016e-025	6.36688e-027	5.29899e-028	4.72002e-028	2.11305e-027	8.54034e-028	2.96345e-025	
0	0	1.04138e-006	0.000225683	9.00735e-008	2.84316e-006	1.17188e-005	0.00218025	0.000182463	0.212319	0.998686	0.965943	0.991542	0.816547	0.924253	0.759159	0.422703	0.0100954	0.140785	0.2211	0.123278	0.915539	0.323498	0.0544282	0.0193331	0.000819948	0.0158667	0.0025297	0.00296493	0.000313517	0.000104597	1.09497e-005	6.00461e-005	0.000660742	0.000530837	0.0113521	0.00745798	0.0031818	0.00122401	7.54012e-007	4.54504e-010	6.4001e-013	2.73297e-015	8.43105e-019	2.22535e-022	1.47958e-025	1.03808e-029	5.96353e-029	3.07333e-029	8.75281e-027	
0	0	0	9.51385e-007	4.13409e-006	4.32999e-008	2.22316e-010	1.77756e-009	9.60446e-008	4.48113e-009	0.00104036	0.0340564	0.00399549	0.182614	0.0649535	0.141407	0.0765408	0.0966814	0.00177418	0.137773	0.755067	0.0481011	0.662214	0.941996	0.961062	0.978627	0.858195	0.961414	0.241191	0.207372	0.0273259	0.0110585	0.140407	0.0724917	0.0768375	0.106541	0.0102069	0.237068	0.93428	0.998949	0.999057	0.986432	0.907463	0.00983575	4.85407e-005	1.32385e-005	1.53153e-007	3.47371e-011	4.96277e-013	3.13428e-016	
0	0	0	2.07214e-011	2.39196e-011	9.6512e-010	9.28581e-012	3.0051e-011	6.39081e-010	2.32483e-010	8.91202e-011	1.61075e-009	4.83494e-005	5.5196e-006	0.000829176	0.0004408	0.00912913	0.00112453	5.87473e-005	1.66831e-006	9.17981e-005	0.00026243	1.91971e-005	4.32015e-005	0.000243806	0.00040287	0.00307977	0.000312918	0.0137583	0.00059513	0.00080669	6.51077e-005	7.25832e-005	0.000136744	0.00026217	0.000210353	0.000330584	6.08738e-006	0.000210606	5.30337e-005	0.000254399	0.000948524	0.00226913	0.00353643	1.24569e-005	1.23974e-007	1.65447e-008	2.34472e-010	6.17771e-012	7.91646e-014	
0	0	0	0	2.98362e-009	1.99819e-007	2.10646e-009	4.75716e-010	1.15762e-012	3.34789e-009	2.2095e-012	3.18376e-008	0.0044142	0.000832975	0.00996414	0.0989933	0.491627	0.892099	0.857382	0.641126	0.121562	0.0360958	0.0142676	0.00353216	0.0193608	0.0201501	0.122858	0.0357435	0.742086	0.791719	0.971763	0.988865	0.85946	0.926711	0.922369	0.881897	0.982005	0.759744	0.0642859	0.000997609	0.00068883	0.0126198	0.0902674	0.986628	0.999939	0.999987	1	1	1	1	


1	0.919059	0.941768	0.507041	0.708949	0.972595	0.99306	0.973917	0.996981	0.872195	0.905573	0.908924	0.548509	0.831143	0.832709	0.734097	0.84689	0.808908	0.87162	0.889836	0.985772	0.970198	0.932549	0.860184	0.725607	0.400161	0.849683	0.694195	0.947988	0.956587	0.892825	0.988386	0.972364	0.967597	0.987462	0.995536	0.943674	0.769537	0.892064	0.442448	0.123554	0.0933406	0.214467	0.552968	0.68722	0.375113	0.763834	0.841547	0.981662	0.991105	
0	0.0718136	0.0391493	0.0654651	0.00377318	0.0061991	0.00341837	0.0218449	0.00277356	0.127228	0.0911761	0.0861324	0.43584	0.161511	0.162853	0.0450838	0.0253419	0.00988086	0.119012	0.102906	0.0102097	0.00988012	0.00723663	0.0210637	0.045004	0.059751	0.135722	0.156115	0.043225	0.0182036	0.0161943	0.0061297	0.00781362	0.0275388	0.00969818	0.00396859	0.017386	0.0233	0.00817791	0.00888058	0.000245025	0.00254487	0.00349428	0.00341852	0.00732917	0.00237239	0.00272256	0.0186652	0.00649675	0.0081816	
0	0.00912787	0.0185205	0.413264	0.267676	0.0155786	0.00326506	0.00413524	0.000125615	0.000341773	0.00217518	0.00252086	0.0147467	0.00540374	0.00152485	0.211464	0.12033	0.168553	0.00685482	0.0057522	0.00152905	0.000271217	0.0476073	0.108551	0.222625	0.530255	0.00947461	0.117679	0.00731831	0.0214826	0.0789826	0.00396063	0.019569	0.00475368	0.00279389	0.000425746	0.0388813	0.206239	0.0976662	0.513899	0.248016	0.782968	0.696797	0.372289	0.25405	0.591499	0.154832	0.129302	0.00729426	0.000318257	
0	0	0.000511073	0.0141707	0.00979831	7.67666e-005	2.2612e-005	3.51561e-006	6.1436e-008	7.19487e-010	3.9547e-006	6.85259e-006	0.000130345	0.00016643	1.06848e-005	0.00862457	0.00376043	0.003531	1.52013e-006	5.57546e-006	4.99803e-006	4.57801e-009	3.44765e-005	0.000353688	0.000468521	0.00663782	0.000147084	0.031163	0.00021135	0.00364003	0.0119375	1.18951e-006	0.00017534	5.50024e-006	1.20315e-006	1.0004e-007	4.42199e-006	0.000636562	0.00089836	0.0342593	0.627421	0.0988698	0.000810618	0.0177401	0.0128558	0.0272179	0.0113636	0.00226848	0.00418019	1.00101e-007	
0	0	5.14198e-005	5.96173e-005	0.00980216	0.00517124	0.000109756	6.9684e-006	1.94276e-005	1.50167e-006	4.58279e-008	5.43544e-007	1.46298e-006	3.12407e-005	8.93486e-006	2.84731e-006	0.00359536	0.00880273	0.00114577	5.45923e-005	2.54998e-005	4.69772e-006	4.0195e-007	0.000489724	0.00056665	0.00196713	0.00194756	4.03981e-005	0.000688302	1.81519e-005	5.31655e-005	0.00136932	3.12932e-005	8.82037e-005	1.70064e-005	1.73973e-006	1.31309e-006	0.000248471	0.00118053	0.000510611	0.000762998	0.0221862	0.0840537	0.0520611	0.0379629	0.00353359	0.0671	0.00809628	0.000297447	0.000121654	
0	0	0	3.95612e-008	1.20282e-006	0.00037806	6.94644e-005	1.18874e-006	2.32227e-006	4.46206e-006	1.14096e-007	4.79488e-008	1.18323e-008	1.30873e-007	9.44811e-007	3.98074e-008	1.87437e-005	0.00031708	0.00124038	0.000101148	3.13122e-006	1.97925e-007	9.64481e-009	5.68565e-009	2.9996e-006	4.31226e-006	9.90304e-005	1.66094e-005	2.42824e-005	1.32808e-005	2.13488e-006	0.000145907	1.97403e-005	1.44271e-006	7.25862e-007	4.01273e-008	1.84426e-009	9.78333e-009	1.84726e-006	4.04022e-007	4.9976e-007	9.02396e-005	0.000218478	0.00113011	2.87699e-005	4.63942e-006	3.57834e-005	6.41941e-005	3.5183e-005	6.62735e-006	
0	0	0	1.82176e-018	3.36485e-012	9.06526e-009	2.54791e-009	9.737e-010	2.21628e-008	6.55935e-008	9.47937e-013	3.3377e-014	1.86651e-015	1.02987e-013	6.37581e-013	2.08544e-013	1.042e-011	1.1214e-008	1.76268e-008	1.76376e-009	2.9384e-012	1.78275e-008	1.44349e-016	8.70938e-013	1.26672e-011	1.36174e-013	5.89192e-010	6.87771e-013	1.85363e-009	2.70949e-012	6.54984e-012	8.55166e-010	1.39782e-011	6.20624e-012	4.09198e-012	1.64089e-010	1.26792e-013	9.35112e-015	2.65555e-013	1.40855e-014	9.05357e-015	2.05016e-012	2.17621e-009	1.2802e-010	3.71272e-010	3.80412e-013	3.47722e-012	1.23413e-011	4.50961e-012	4.5609e-011	
0	0	0	0	9.68409e-009	8.86092e-007	5.43254e-005	9.06594e-005	9.81688e-005	0.000229226	0.00107153	0.00241519	0.000772466	0.00174465	0.00289172	0.000727304	6.3153e-005	6.77245e-006	0.000125312	0.0013442	0.00245574	0.0196456	0.0125718	0.00935784	0.00572586	0.00122393	0.0029268	0.000791184	0.000544727	5.56806e-005	5.42811e-006	7.45688e-006	2.68499e-005	1.5391e-005	2.72858e-005	6.75167e-005	5.25683e-005	3.85309e-005	1.15878e-005	2.16229e-006	1.08084e-007	1.35239e-007	0.000159166	0.000392281	0.000553602	0.000259755	0.000111847	5.59739e-005	3.4335e-005	0.000266573	


1	0.583102	0.53042	0.106087	0.028074	0.00428969	0.00160977	0.00112844	3.39326e-005	8.98218e-006	4.46197e-006	3.37646e-007	2.37418e-007	2.72169e-007	1.36882e-007	1.02007e-007	3.48899e-008	4.90719e-009	2.6214e-009	5.58256e-010	1.33152e-010	2.82393e-011	5.4045e-012	3.09905e-012	1.11903e-012	5.29391e-012	6.44134e-012	4.14668e-012	7.51744e-012	7.40316e-012	1.18482e-012	2.08698e-013	8.87091e-015	1.31408e-015	5.49075e-017	1.60043e-017	3.31515e-018	6.98158e-019	1.07882e-019	2.73486e-019	1.09162e-019	4.82569e-019	1.81932e-018	1.91085e-018	5.61019e-018	2.40028e-017	5.54768e-018	2.88693e-018	5.92944e-019	4.73182e-019	
0	0.237156	0.466063	0.045464	0.0557044	0.0180163	0.0504254	0.0291871	0.00214296	0.00129317	0.000717257	0.000267901	0.00011683	0.00030128	0.000215796	9.83629e-005	0.000173346	0.00017952	0.000153872	5.2568e-005	2.07e-005	3.55663e-006	2.52461e-007	1.81172e-008	1.70609e-009	2.58264e-009	5.20609e-009	6.72183e-009	5.54084e-008	8.55026e-008	5.89687e-008	5.21767e-009	1.40282e-009	2.51987e-010	3.21009e-011	3.34123e-012	5.31143e-013	5.63811e-014	3.186e-015	1.57056e-015	1.34075e-015	7.57839e-016	2.92776e-016	4.08013e-016	3.79234e-016	2.59855e-016	2.9344e-017	1.20088e-017	8.1917e-018	5.69284e-018	
0	0.179742	0.00151784	0.0733616	0.000376777	0.000223675	0.00139588	0.00364033	0.000120376	0.000895612	7.61356e-006	5.59662e-007	5.62734e-005	1.24171e-005	0.000111079	1.10141e-006	2.00832e-005	2.02282e-006	9.46451e-005	9.42416e-006	1.18178e-005	1.23948e-006	1.01078e-006	1.53808e-009	2.96291e-010	9.93435e-010	4.05465e-010	2.39378e-011	2.405e-010	1.22738e-009	1.30936e-010	3.26299e-009	3.47534e-012	7.8874e-012	3.63051e-011	3.57748e-012	1.75433e-012	1.2254e-014	4.53915e-015	1.92332e-014	1.60603e-016	1.04217e-015	3.67389e-014	5.47291e-014	9.63473e-014	1.94452e-013	1.62678e-013	3.86399e-012	1.49746e-013	5.81205e-012	
0	0	0.00192052	0.77508	0.000106211	6.06999e-006	5.48037e-005	0.000264437	2.80539e-007	0.000118492	2.42442e-005	1.47393e-006	0.00129217	0.000386274	0.000418764	0.000211891	4.89138e-005	2.45056e-006	5.05653e-006	5.19157e-006	4.12422e-007	2.87941e-008	2.0834e-008	5.59191e-010	1.56231e-010	8.55572e-009	3.68893e-009	1.98127e-008	1.45073e-008	2.75751e-007	1.66987e-009	1.26864e-009	2.9316e-012	1.91408e-012	1.68728e-013	1.11403e-014	3.54949e-014	1.89459e-014	1.23533e-016	3.39977e-014	2.32201e-015	1.68667e-014	2.89968e-014	3.62195e-014	8.44414e-014	1.87834e-013	2.64838e-015	1.19244e-013	1.32055e-013	2.08169e-013	
0	0	7.94681e-005	6.28837e-006	0.915734	0.963562	0.648686	0.169424	0.0249356	0.00471169	5.16069e-005	4.82205e-007	8.71141e-009	0.000104261	4.47662e-005	3.58284e-006	3.4027e-005	0.00014014	3.36971e-005	0.000108594	0.000440518	4.91633e-005	3.60349e-005	1.89279e-006	1.06085e-007	2.72203e-008	1.32515e-009	1.82567e-010	2.6758e-009	1.27591e-009	1.34211e-008	9.98371e-009	7.95705e-010	2.6519e-011	1.16331e-010	2.09796e-011	9.67052e-012	7.35692e-012	1.69442e-012	3.70981e-012	3.99753e-012	2.56787e-012	2.5476e-011	4.18687e-010	6.22002e-010	4.51959e-010	2.1481e-009	3.12841e-009	7.6145e-010	7.31433e-009	
0	0	0	1.30429e-006	1.43488e-006	0.00598249	0.128699	0.370771	0.0105852	0.0509753	0.423677	0.166075	0.693535	0.655362	0.796475	0.96557	0.619482	0.0471649	0.297384	0.04634	0.000751683	0.000123659	5.78923e-007	4.74944e-007	4.27052e-008	5.1198e-008	8.27127e-007	5.85487e-007	2.11672e-005	7.14335e-005	4.13069e-005	2.45848e-006	1.52016e-007	1.94151e-007	4.84861e-010	4.78516e-011	2.12816e-012	1.55761e-014	7.73733e-015	3.49871e-014	7.12389e-014	9.82519e-014	1.44213e-014	2.06356e-013	2.85535e-011	1.72716e-011	1.89438e-012	7.95248e-011	5.13092e-010	7.15779e-011	
0	0	0	7.09799e-013	2.53743e-006	0.00791687	0.12269	0.0315482	0.374133	0.0186211	0.000902554	0.00953004	2.76598e-006	0.0287442	0.00297794	0.00147686	0.263063	0.724524	0.0515436	0.138501	0.0860148	0.0721494	9.7465e-005	4.10191e-006	4.19602e-009	4.23458e-012	3.82736e-010	1.15436e-009	8.22327e-007	1.24533e-006	1.14351e-005	5.07785e-006	3.17892e-006	2.24855e-007	5.16289e-008	8.96336e-008	6.30959e-010	8.45494e-012	3.52519e-014	6.24781e-017	1.93423e-015	1.76925e-016	4.10103e-016	2.23067e-015	1.09886e-013	2.57253e-014	1.0331e-013	6.00166e-015	1.14196e-012	2.47258e-013	
0	0	0	0	2.5287e-007	2.953e-006	0.046439	0.394037	0.588048	0.923376	0.574615	0.824124	0.304996	0.315089	0.199756	0.0326378	0.117179	0.227987	0.650785	0.814983	0.91276	0.927673	0.999865	0.999994	1	1	0.999999	0.999999	0.999978	0.999927	0.999947	0.999992	0.999997	1	1	1	1	1	1	1	1	1	1	1	1	1	1	1	1	1	


1	0.65731	0.982682	0.941463	0.981126	0.987388	0.383149	0.050486	0.000700844	6.10129e-006	4.25945e-007	9.18501e-008	5.58043e-007	1.11093e-006	1.89529e-006	1.15708e-006	8.96383e-007	6.23004e-007	2.23444e-007	4.10248e-008	5.13565e-009	6.25387e-010	1.01516e-009	5.21614e-010	4.67203e-010	2.15411e-009	5.97751e-010	3.81052e-010	1.54652e-010	6.80034e-011	1.76961e-011	9.34304e-012	9.24654e-013	1.43177e-013	7.4535e-014	7.85574e-015	7.84679e-015	9.09099e-015	3.31923e-015	9.7929e-015	9.32013e-015	3.34847e-014	1.82985e-013	3.6427e-013	2.23658e-013	3.97484e-013	5.15951e-013	1.41192e-012	4.02588e-013	1.00324e-012	
0	0.246801	0.00657338	0.0560485	0.001671	0.00305983	0.137544	0.0906827	0.000837159	1.18976e-005	2.20239e-007	1.51445e-008	6.2556e-006	1.26615e-005	6.90528e-005	1.5086e-005	4.17524e-005	1.28492e-006	1.26803e-006	1.18795e-007	8.83522e-009	5.95833e-010	1.24035e-010	2.72867e-012	1.17687e-011	1.09427e-010	1.26082e-009	6.42404e-010	8.56759e-011	3.16735e-011	2.19252e-012	1.04659e-012	4.47619e-014	8.50796e-015	3.97075e-015	3.22206e-015	1.58406e-015	6.03365e-017	6.02154e-016	2.87354e-015	5.2848e-016	2.49755e-015	7.64439e-015	2.77201e-014	2.36662e-014	1.16966e-014	3.397e-014	2.2949e-012	9.5193e-012	1.21202e-010	
0	0.0958893	7.90029e-005	0.000107169	0.0142101	0.00158632	0.463602	0.799771	0.118802	0.00208467	6.02163e-006	4.99546e-008	7.62916e-008	6.56579e-008	2.99055e-007	5.58173e-008	7.62657e-006	1.27223e-007	1.04813e-006	8.40503e-007	6.09107e-007	2.23427e-007	5.7156e-007	1.61283e-008	2.73301e-009	3.22736e-011	2.16118e-012	1.98703e-012	1.93751e-012	3.11063e-013	1.6291e-013	1.14974e-013	3.24712e-013	9.47955e-015	4.03126e-014	2.36008e-014	2.34218e-013	2.85754e-014	4.54243e-014	2.68049e-014	2.26315e-015	3.82983e-016	2.2916e-016	1.32329e-015	2.50067e-015	3.67236e-016	7.15741e-015	3.76795e-013	1.54942e-012	1.60423e-011	
0	0	0.000804519	1.8449e-007	0.000176954	0.00060879	0.000248046	0.0424947	0.877412	0.997785	0.974757	0.84086	0.0431324	0.0306117	0.0219248	4.40935e-005	1.43651e-006	1.37447e-007	3.98501e-006	2.46484e-005	8.48642e-005	0.000121522	4.50214e-005	3.29988e-007	3.8163e-009	6.63507e-011	1.37283e-011	7.08041e-014	1.98894e-013	1.80704e-015	7.32881e-015	4.24227e-014	7.55815e-016	9.24329e-014	3.71869e-013	1.1059e-012	2.93328e-013	6.44774e-015	6.60981e-015	2.95742e-016	4.05324e-017	8.86615e-019	2.39809e-017	2.57648e-018	1.57318e-019	3.40076e-019	3.82584e-018	6.12557e-017	2.51374e-015	3.98299e-012	
0	0	0.00986141	0.00174167	0.00198685	0.000284294	6.86958e-005	0.000975593	0.000357244	4.80109e-005	0.0247809	0.153927	0.287069	0.459443	0.171369	0.229562	0.0593997	0.259792	0.000591443	7.63018e-005	7.82616e-006	5.20857e-007	9.51952e-005	6.70064e-005	2.37983e-005	7.22453e-005	6.85347e-006	5.04642e-005	3.48975e-006	1.21194e-006	2.29299e-006	1.49606e-007	5.86045e-008	6.21619e-010	1.19836e-010	6.69827e-012	1.08091e-012	4.37198e-012	1.52302e-012	1.19108e-010	7.2584e-009	1.15499e-008	1.54593e-008	4.56649e-009	5.71191e-010	7.16316e-010	2.15306e-010	4.60462e-011	1.34139e-011	3.77237e-013	
0	0	0	0.000635126	0.000422393	0.0018185	0.000787026	0.000258483	1.3302e-006	2.33343e-005	0.000441063	0.00447111	0.665055	0.045805	0.0277742	0.374237	0.165592	0.0310048	0.000113041	2.13247e-007	1.7644e-009	1.68114e-008	2.78411e-007	0.000309188	0.00059223	0.000225698	5.73272e-006	8.13346e-005	1.01163e-005	8.71917e-006	0.000209059	5.32503e-007	3.47226e-007	2.10794e-009	5.36469e-012	2.56962e-014	6.63237e-013	2.41778e-012	7.24624e-014	4.28304e-014	1.31675e-010	4.65585e-010	1.0693e-011	2.62961e-009	1.36095e-009	2.84239e-010	2.6147e-011	2.5701e-011	2.02153e-011	1.06649e-013	
0	0	0	4.54681e-006	0.000291036	0.00439256	0.00112374	2.82923e-005	1.94619e-006	3.2543e-008	1.77289e-006	0.000694855	0.00335955	0.328074	0.184966	0.0689003	0.0316455	0.0396732	0.00712844	4.35938e-005	1.88647e-007	2.17717e-008	2.49569e-010	4.22943e-006	6.45363e-005	0.000371624	0.000713553	0.000588675	0.00180268	0.00119082	0.000939723	6.44404e-005	1.42224e-005	1.18849e-005	7.34838e-008	1.53412e-009	2.04538e-011	5.18258e-012	1.52665e-013	1.23755e-015	1.35338e-013	1.55855e-011	7.74e-012	1.20951e-011	1.46161e-010	4.27472e-011	1.70273e-011	1.22655e-013	2.23225e-013	2.72181e-014	
0	0	0	0	0.000115295	0.000862078	0.0134777	0.015303	0.00188802	4.09609e-005	1.28432e-005	4.68377e-005	0.00137695	0.136053	0.593895	0.32724	0.743312	0.669528	0.992161	0.999854	0.999906	0.999878	0.999859	0.999619	0.999319	0.99933	0.999274	0.99928	0.998184	0.998799	0.998849	0.999935	0.999985	0.999988	1	1	1	1	1	1	1	1	1	1	1	1	1	1	1	1	


1	0.645702	0.264209	0.355103	0.579133	0.22112	0.237227	0.112615	0.162173	0.0721207	0.0120914	0.00189437	0.00125765	0.000256418	4.05868e-005	2.47249e-005	1.089e-006	1.53211e-007	5.07458e-008	4.2452e-008	3.28653e-009	3.64499e-010	6.3338e-011	7.46138e-012	2.85257e-013	1.40607e-013	3.53917e-013	3.00804e-013	9.44861e-014	1.0092e-014	1.53805e-015	6.17474e-017	1.53463e-017	2.26414e-017	1.9743e-018	6.13634e-019	6.00516e-020	9.36596e-021	2.26822e-021	1.78845e-021	2.92699e-021	5.59211e-022	1.67285e-022	2.05583e-022	1.52421e-023	7.64888e-025	4.60282e-025	2.37978e-025	3.529e-024	3.49885e-023	
0	0.354158	0.733693	0.643803	0.406121	0.765887	0.743527	0.837707	0.414237	0.353295	0.573317	0.821486	0.558882	0.0731434	0.0103194	0.0387416	0.000580692	3.23168e-005	5.89147e-006	1.79278e-006	1.22886e-008	5.1516e-009	1.12091e-010	4.16115e-010	6.71342e-011	5.42915e-011	2.38231e-010	8.02921e-010	2.2784e-010	1.16595e-010	1.87061e-011	1.33323e-012	1.93994e-013	4.46969e-012	1.39836e-014	1.81481e-015	4.42654e-017	1.11427e-017	2.07554e-018	1.6686e-019	6.60688e-020	8.12736e-021	3.35281e-022	2.5764e-023	3.15829e-024	2.93267e-025	1.54352e-026	2.78862e-027	1.1219e-025	3.92933e-025	
0	0.000140253	0.00209557	0.000837659	0.0138358	0.0105567	0.00715965	3.18746e-005	0.265071	0.0852699	0.00479575	0.0526496	0.00721955	0.891851	0.980286	0.0977429	0.346993	0.238147	0.729233	0.319041	0.330805	0.486557	0.00654457	6.21527e-006	2.59192e-009	3.58184e-010	3.31823e-009	2.81614e-011	5.57333e-009	2.71478e-009	6.25049e-011	3.86623e-010	4.23304e-012	1.38989e-012	1.41346e-012	3.43682e-013	1.33681e-015	1.01943e-017	1.08715e-018	3.91355e-021	2.54667e-022	1.8239e-021	1.33719e-020	2.20618e-021	1.73807e-024	1.84807e-027	1.97603e-027	9.72211e-030	8.35968e-029	2.31473e-024	
0	0	1.7703e-006	0.000215596	0.000301294	0.00196653	0.0113921	0.0489331	0.153908	0.473	0.0696884	0.00298448	0.00503231	0.00010461	0.0033243	0.505156	0.00338798	0.011235	0.0169632	0.0759374	0.00287451	0.0163148	0.0427182	0.0590952	0.0253608	0.0179556	0.00737487	0.000718702	6.0159e-005	5.86804e-007	4.64458e-008	3.50773e-009	2.94528e-010	6.38855e-010	2.35093e-011	4.32023e-012	1.42746e-012	4.02423e-013	2.24338e-013	7.74072e-014	7.28563e-014	1.01646e-014	2.84609e-015	1.16525e-015	1.72594e-017	2.83863e-019	1.38789e-020	3.52737e-021	2.83504e-021	7.37045e-021	
0	0	3.1463e-007	4.04185e-005	0.000606946	0.000466045	0.000680404	5.8458e-005	0.00430414	0.00208026	0.00590232	0.00202971	0.000459888	0.000815704	0.00417707	0.33828	0.606122	0.669944	0.134674	0.318778	0.378477	0.235937	0.651536	0.162159	0.0115636	0.0089637	0.0070021	0.00292508	0.00449182	0.00612021	0.00319149	0.000753843	0.000455759	0.00013734	0.000210513	0.000135051	7.94392e-005	0.000142994	0.000238981	0.000172836	0.00042344	0.000401332	0.0017885	0.00421642	0.000271697	2.57339e-005	5.91537e-006	2.65907e-007	1.01393e-007	3.27067e-007	
0	0	0	6.09699e-007	1.36349e-007	1.31711e-006	1.04598e-005	0.00065036	0.000126905	0.0141818	0.334046	0.110479	0.42275	0.0111288	0.00052547	0.0130778	0.000150702	0.00254137	0.0550459	0.00426122	4.29747e-005	0.00604609	0.000625846	0.0867721	0.0153718	0.0480261	0.524585	0.813517	0.302081	0.00843763	0.000610257	1.2085e-005	4.3551e-006	0.00179896	3.08388e-007	1.25264e-006	4.97249e-007	4.90843e-007	4.24978e-007	2.02699e-005	1.20684e-005	8.12933e-006	2.48375e-006	6.79193e-007	4.2701e-006	5.12646e-007	1.93207e-008	3.45245e-008	2.89134e-008	3.5042e-009	
0	0	0	8.42211e-011	1.24847e-006	1.57884e-006	1.98944e-006	1.07664e-007	0.000174157	1.69684e-005	0.000117013	0.00826559	0.00327936	0.0225831	0.00127407	0.00605391	0.0427031	0.0775647	0.0615265	0.276174	0.286567	0.241157	0.258262	0.0441352	0.00501385	0.00191595	0.00774539	0.0154061	0.650499	0.966172	0.964128	0.996733	0.949323	0.367822	0.961666	0.94338	0.763603	0.464386	0.497934	0.0991178	0.0815763	0.04328	0.119787	0.237051	0.0102876	0.00029229	8.54296e-005	4.34884e-006	1.7345e-006	8.44902e-006	
0	0	0	0	8.02628e-008	4.13342e-007	1.09139e-006	3.74846e-006	6.29365e-006	3.50511e-005	4.22428e-005	0.000211406	0.00111914	0.000117343	5.27594e-005	0.00092339	6.18974e-005	0.000535461	0.00255134	0.00580626	0.0012331	0.0139875	0.0403132	0.647833	0.94269	0.923139	0.453292	0.167433	0.0428676	0.0192697	0.0320702	0.00250087	0.0502165	0.630242	0.0381236	0.0564835	0.236317	0.535471	0.501827	0.900689	0.917988	0.956311	0.878422	0.758732	0.989436	0.999681	0.999909	0.999995	0.999998	0.999991	


1	0.981586	0.882864	0.999934	0.228685	0.0357695	0.000896581	0.000588677	2.16759e-006	3.74512e-006	1.14912e-006	2.35363e-007	9.46049e-009	2.41554e-009	6.0356e-011	1.79411e-012	5.46962e-015	4.34286e-018	4.82763e-018	1.28891e-018	3.85995e-019	1.61507e-019	1.43041e-020	2.31551e-022	9.57151e-024	1.79722e-023	7.08979e-024	1.00932e-023	1.14045e-023	4.2667e-023	1.56861e-023	2.94044e-023	1.80491e-023	2.33776e-023	1.22273e-023	6.29897e-024	1.27217e-024	3.54278e-026	1.73038e-026	1.29695e-026	6.35218e-027	5.60918e-027	4.08131e-027	1.39969e-027	4.2153e-028	1.75025e-028	3.02701e-029	4.8678e-030	2.32339e-030	1.24356e-030	
0	0.018412	0.117119	6.12303e-005	0.771148	0.963261	0.985989	0.710456	0.604113	0.505651	0.146528	0.241653	4.0591e-005	9.67006e-006	9.27726e-008	2.04083e-012	2.64738e-015	1.06553e-018	1.33534e-017	1.89152e-017	1.4191e-016	2.79429e-016	1.9275e-017	2.45718e-020	2.54971e-023	6.99804e-026	9.57134e-025	8.91742e-026	9.20574e-025	5.68444e-025	3.04082e-024	4.9225e-024	3.94836e-022	1.59789e-021	2.00431e-020	1.68238e-019	1.03111e-020	5.92559e-023	6.09489e-023	1.5171e-025	2.64301e-026	3.40332e-029	4.32407e-030	2.22729e-029	6.47205e-031	3.85071e-032	3.65093e-030	2.65254e-032	1.88113e-030	1.93726e-031	
0	1.8279e-006	1.63977e-005	9.60808e-009	0.000166987	0.000969082	0.0131138	0.288563	0.395764	0.0415156	0.0716855	0.141	3.94039e-006	3.59711e-006	2.0483e-008	1.64419e-011	2.74626e-015	4.51262e-020	1.09216e-021	2.93983e-020	1.08518e-018	9.71907e-017	4.61476e-018	3.16801e-020	1.81912e-023	4.74936e-027	1.82474e-026	4.2461e-027	1.47143e-027	3.3094e-027	1.69619e-025	3.93381e-026	4.80782e-025	4.98001e-025	5.93523e-022	3.94692e-019	3.06848e-021	6.36208e-024	8.00134e-024	1.95122e-026	1.51435e-027	8.47827e-031	2.31048e-031	5.78869e-033	5.70567e-034	3.31434e-034	2.23374e-034	6.02079e-036	3.00919e-034	1.27794e-033	
0	0	2.58324e-008	4.64131e-006	4.78786e-010	6.42462e-008	3.61107e-007	0.000392254	0.000121257	0.452441	0.0200675	0.000682349	0.000161645	7.46743e-007	2.77667e-010	2.69487e-012	7.96582e-016	2.47699e-019	1.87195e-021	4.24577e-025	8.67374e-025	2.03284e-021	1.19955e-018	5.01e-021	1.16906e-022	2.54258e-022	1.89887e-024	4.93733e-025	4.92548e-028	4.03548e-030	1.38964e-028	4.10769e-029	1.17701e-029	1.23275e-027	1.23053e-027	4.7122e-025	6.85857e-021	2.12438e-023	4.44864e-025	2.53151e-024	7.10118e-025	7.56363e-026	8.8325e-027	3.40898e-030	1.0575e-033	1.30625e-035	4.59975e-038	6.85147e-036	8.69537e-039	2.02443e-036	
0	0	5.68629e-014	2.93975e-008	1.56983e-010	6.02168e-013	9.66381e-013	1.8436e-009	4.39359e-009	0.000389519	0.761707	0.611597	0.999744	0.985254	0.998078	0.171933	2.6554e-005	1.786e-009	1.08135e-009	6.06634e-011	2.4495e-012	4.13481e-013	1.089e-015	7.15308e-018	2.39595e-019	1.25113e-017	1.55869e-016	1.73832e-015	1.11653e-013	2.70552e-012	4.17349e-013	9.76689e-014	1.23928e-014	1.91357e-014	1.07056e-015	3.02235e-017	7.52581e-019	3.1472e-021	1.8249e-023	1.91571e-023	2.10853e-024	2.27641e-024	8.4573e-025	1.35743e-026	7.42664e-028	2.27778e-029	2.11719e-032	1.76362e-034	2.44994e-036	8.97385e-038	
0	0	0	7.55689e-014	3.04588e-011	1.08788e-014	9.4995e-016	1.48816e-014	2.31571e-013	1.33616e-011	1.03784e-005	0.004822	4.358e-005	0.0146954	0.00190082	0.82236	0.999777	0.999823	0.997166	0.610991	0.0285079	0.000742749	1.30502e-005	3.06638e-009	8.24341e-013	1.29626e-013	5.44502e-016	2.07952e-016	2.37969e-014	1.51417e-012	8.84704e-011	1.18946e-008	2.29413e-007	2.72705e-008	1.0543e-008	4.43381e-011	1.00943e-012	6.30703e-015	1.08409e-017	6.00813e-019	2.35213e-019	3.91396e-020	4.65578e-021	2.83355e-024	6.07639e-028	1.8268e-030	1.40167e-033	4.96739e-037	1.62452e-038	5.05214e-040	
0	0	0	3.53033e-017	1.33359e-008	7.34614e-009	5.46427e-011	9.47102e-012	4.54756e-015	5.85619e-013	1.14347e-007	0.000245527	1.66131e-006	3.60585e-005	2.04103e-005	0.0057062	0.000195129	0.000176654	0.00197794	0.388862	0.961682	0.863435	0.834898	0.967755	0.914506	0.0325079	4.0078e-006	1.54806e-007	2.30156e-007	5.43067e-007	4.83599e-006	3.61418e-005	0.00819162	0.00134208	0.0716897	0.0288366	0.35477	0.931654	0.598602	0.400005	0.31635	0.422552	0.234915	0.0145964	0.00640358	0.00352536	6.81681e-005	6.57568e-007	1.00943e-009	1.68058e-012	
0	0	0	0	2.74176e-017	2.47087e-009	1.14657e-010	2.41778e-010	1.65467e-012	4.98539e-012	3.2641e-012	6.53281e-009	4.49246e-006	6.82283e-007	7.56196e-007	1.44002e-007	1.33338e-006	4.81225e-007	0.000856104	0.000146399	0.00981001	0.135822	0.165089	0.0322451	0.0854944	0.967492	0.999996	1	1	0.999999	0.999995	0.999964	0.991808	0.998658	0.92831	0.971163	0.64523	0.0683458	0.401398	0.599995	0.68365	0.577448	0.765085	0.985404	0.993596	0.996475	0.999932	0.999999	1	1	


1	0.603374	0.948142	0.993997	0.0669219	0.0752665	0.00132871	0.000157756	1.40524e-006	1.3422e-006	1.30371e-006	7.84892e-007	3.10888e-008	6.97402e-009	8.37184e-009	2.25801e-009	3.50614e-011	6.31472e-014	7.71058e-015	3.32689e-016	8.26164e-017	3.4465e-017	1.12488e-017	7.09712e-018	9.58232e-019	3.24202e-018	6.02638e-017	2.48253e-015	1.85709e-015	6.27689e-015	4.24833e-015	5.15515e-017	1.15228e-017	5.68048e-018	2.75447e-019	1.76833e-019	1.54759e-020	6.50987e-021	2.66792e-021	1.04384e-021	2.38168e-021	2.33854e-021	4.69215e-022	4.45537e-022	3.85924e-022	7.9623e-022	4.09259e-022	9.48078e-023	9.98533e-022	9.73369e-022	
0	0.39661	0.0498148	0.00600254	0.931817	0.875045	0.99304	0.996578	0.0888146	0.0109018	0.00131583	0.000155666	5.92279e-008	1.7041e-009	3.05043e-010	3.47626e-011	2.79855e-011	5.15998e-014	4.15232e-015	1.00881e-015	1.57583e-015	2.09773e-015	2.40728e-015	1.01018e-015	2.78533e-017	6.10049e-019	8.98664e-019	7.68261e-017	1.52562e-016	2.9772e-016	1.72731e-015	1.23599e-017	4.23259e-016	8.23093e-017	2.78469e-017	1.12237e-016	4.07878e-017	2.62001e-017	2.08143e-017	6.03713e-018	4.31625e-017	5.2982e-018	7.69217e-020	1.42292e-020	1.5454e-020	1.66589e-020	1.49092e-020	3.87651e-021	2.01352e-019	4.06783e-020	
0	1.61733e-005	0.0020433	1.53791e-007	0.00126083	0.0496887	0.00543075	0.00322584	0.911182	0.796265	0.0146408	0.000580823	3.04258e-009	1.97783e-010	8.58231e-012	4.13342e-015	8.01561e-015	1.35156e-015	7.77843e-016	3.07229e-017	8.78612e-017	2.82036e-016	4.65861e-019	2.99579e-018	2.33094e-020	8.63354e-021	2.70521e-019	1.97929e-020	2.15947e-018	8.02519e-020	3.27619e-020	3.35268e-018	1.26583e-019	2.6487e-017	3.58242e-019	4.66945e-018	5.1396e-021	7.02922e-021	5.43154e-020	8.49297e-022	1.53931e-020	6.54912e-021	2.03221e-021	2.19172e-023	2.55216e-024	4.76837e-025	1.59482e-022	6.87978e-025	3.89044e-022	4.45128e-021	
0	0	1.78282e-012	2.14255e-009	1.01574e-013	1.71509e-007	0.000200702	3.54062e-005	2.1481e-006	0.00533778	0.000112112	1.94732e-005	9.32647e-009	1.16161e-013	1.9268e-014	1.85228e-016	5.77424e-021	8.83269e-023	1.24608e-020	3.20038e-019	8.51415e-021	2.04339e-020	4.2111e-020	1.10805e-023	6.07087e-022	1.32705e-025	3.13258e-024	8.20521e-022	7.93984e-026	2.14394e-021	3.27901e-024	1.42128e-025	4.65715e-022	3.75692e-024	8.23499e-021	2.58462e-021	8.71327e-022	2.05894e-025	4.09046e-024	1.71056e-024	1.58998e-025	3.73906e-025	5.30572e-026	1.61712e-025	1.29429e-028	1.68338e-028	6.71492e-031	3.92623e-027	1.03082e-027	1.01048e-026	
0	0	9.07119e-013	1.50302e-007	1.79499e-014	5.90626e-011	2.61296e-007	2.57434e-006	3.54559e-008	0.187494	0.00129796	9.86448e-007	3.34847e-007	5.42532e-011	2.01762e-012	7.63102e-016	7.28086e-019	9.19723e-023	5.83411e-019	6.07785e-022	1.46212e-022	7.14247e-021	1.80984e-019	4.71551e-023	9.05952e-023	4.1231e-023	1.02752e-023	4.82672e-022	6.65417e-025	4.02658e-023	1.4629e-023	2.33549e-026	1.91652e-023	3.58601e-024	1.70863e-022	8.842e-024	5.19641e-021	6.5566e-024	1.03495e-024	3.96263e-023	2.74233e-025	4.94644e-024	2.76189e-025	1.72818e-027	3.76587e-029	2.22652e-029	5.58392e-031	5.14691e-026	3.61859e-028	1.01898e-025	
0	0	0	8.52317e-015	1.24165e-013	2.11797e-018	9.03297e-017	3.12717e-012	1.40444e-011	1.26712e-009	0.982632	0.998736	0.999941	0.999736	0.982783	0.637704	0.00629968	1.87325e-006	4.22738e-007	6.72343e-010	3.53928e-012	7.06788e-013	2.71436e-015	5.94635e-017	1.49098e-019	8.05612e-019	4.0138e-016	1.66882e-013	1.25708e-012	1.0288e-011	4.13278e-013	5.32124e-016	3.29413e-017	2.56342e-018	1.5189e-022	2.47845e-024	3.94128e-027	4.47662e-023	4.32358e-026	3.30623e-026	2.56586e-024	5.38168e-025	6.98979e-027	4.13323e-030	1.01114e-030	7.43882e-033	5.81931e-034	2.25278e-035	2.74432e-027	3.73995e-030	
0	0	0	3.90639e-023	7.04436e-018	1.30698e-016	3.47094e-021	1.53253e-018	5.83327e-018	8.45872e-015	1.6434e-012	3.9451e-005	6.8521e-006	0.000215986	0.015544	0.356791	0.992396	0.997605	0.886467	0.589318	0.0138098	0.000117238	3.6285e-008	2.1516e-011	1.43398e-015	5.95162e-018	1.85969e-020	8.66776e-018	2.45054e-013	6.76437e-013	3.12445e-012	1.48378e-012	7.99748e-013	3.22579e-014	2.41416e-016	3.4247e-019	7.56539e-022	1.29007e-024	6.22894e-028	2.41802e-029	7.86161e-029	4.47794e-026	3.31578e-027	1.21833e-029	8.39929e-032	3.05029e-033	9.3132e-036	1.09973e-037	7.25487e-036	2.85088e-030	
0	0	0	0	8.72182e-018	3.58674e-015	4.58684e-017	6.68435e-018	5.64428e-016	4.87322e-013	1.97893e-012	0.000467145	5.2204e-005	4.80285e-005	0.00167316	0.00550416	0.00130471	0.00239361	0.113532	0.410682	0.98619	0.999883	1	1	1	1	1	1	1	1	1	1	1	1	1	1	1	1	1	1	1	1	1	1	1	1	1	1	1	1	


1	0.9493	0.279646	0.421294	0.239332	0.769078	0.813154	0.971203	0.887471	0.966781	0.823228	0.554715	0.679867	0.123296	0.0270436	0.00163238	0.000428253	8.90841e-005	6.61546e-005	8.93626e-006	7.32313e-006	1.14268e-005	5.48772e-006	2.82855e-006	2.33031e-006	4.34742e-006	8.37637e-006	8.85277e-006	2.68344e-006	5.34369e-007	1.33207e-008	3.65361e-010	1.06591e-011	3.75612e-011	3.29456e-011	2.27224e-011	2.60273e-011	9.49513e-012	6.54214e-012	5.65096e-012	1.3978e-012	1.28918e-012	1.8975e-012	4.09334e-012	1.20216e-011	3.27708e-011	1.05007e-010	6.47673e-010	1.22523e-009	1.29406e-008	
0	0.0501365	0.0246239	0.357394	0.0387961	0.028676	0.0118174	0.0127583	0.0187114	0.030722	0.0676835	0.0334054	0.211318	0.725051	0.968081	0.793715	0.866661	0.543874	0.215536	0.0533014	0.0506061	0.0205133	0.00218287	5.77992e-005	2.7747e-006	8.68553e-006	7.71941e-005	0.000236324	0.000139289	0.000150449	1.43155e-006	8.68044e-008	2.1349e-010	9.1619e-011	2.17871e-011	7.23414e-012	7.66665e-013	2.04272e-013	2.27421e-013	1.54007e-012	7.60208e-013	1.7844e-012	2.40339e-011	2.89226e-010	1.36776e-009	1.5239e-008	7.53877e-008	3.58739e-007	1.11848e-006	0.000134804	
0	0.000563037	0.695728	0.220008	0.71913	0.164237	0.163525	0.01438	0.0589805	6.51227e-005	0.105536	0.204531	0.0699889	0.146643	0.00385378	0.20454	0.129083	0.361659	0.00364052	0.00125833	0.00225295	4.5619e-005	0.000926676	0.000114052	2.65641e-006	7.65638e-007	3.15347e-006	0.000683632	5.37515e-005	0.000288354	0.000187798	1.46857e-007	5.71228e-008	7.67299e-009	1.37676e-010	2.84405e-011	3.50827e-013	8.33969e-013	6.14013e-013	1.1314e-012	9.09003e-011	3.52793e-012	2.05252e-014	6.11937e-012	1.85074e-011	1.54147e-010	5.21747e-009	1.83314e-009	4.67414e-006	7.16489e-008	
0	0	4.25419e-008	0.00128324	0.00163998	0.000425277	0.000105598	2.54842e-005	5.15341e-007	3.56484e-007	2.23673e-010	3.62222e-007	2.95238e-005	3.19006e-007	1.76369e-007	6.27224e-006	0.000707476	0.000990959	1.23567e-005	2.34155e-007	2.06597e-008	7.96701e-008	4.6888e-009	5.44518e-006	2.84724e-007	1.15914e-008	3.24537e-011	7.08167e-009	7.57124e-008	2.75381e-008	4.5237e-008	6.26602e-009	6.7409e-011	1.96465e-011	1.69806e-013	3.15434e-015	1.49992e-014	1.05576e-015	3.13621e-016	4.02678e-015	4.46891e-015	8.53117e-013	9.41033e-015	2.32474e-016	3.97461e-013	6.43063e-013	2.2663e-012	3.98363e-011	2.32582e-012	2.64531e-010	
0	0	1.82309e-006	3.45242e-006	0.00109957	0.0375815	0.0113967	0.00163197	0.0348366	0.00242287	0.00354994	0.207346	0.00172911	0.00409474	0.000977038	7.8005e-007	0.000574762	0.000773718	0.0618911	0.00213736	0.000612526	0.00156213	2.98858e-006	3.75383e-006	1.10762e-007	9.19287e-009	4.78089e-007	9.72466e-009	8.09205e-006	4.09688e-008	4.62759e-008	3.57493e-007	1.3628e-009	8.80187e-008	5.7146e-009	1.75701e-008	5.00103e-011	4.19816e-014	1.30796e-014	5.86486e-017	5.77131e-016	1.3697e-014	3.01655e-015	8.73854e-018	2.44759e-016	7.05616e-016	5.49525e-014	6.70147e-013	1.7255e-011	5.03632e-008	
0	0	0	1.73086e-005	2.61461e-010	5.19653e-008	2.75815e-007	5.32146e-007	5.46316e-010	8.89887e-006	1.35969e-006	1.87446e-006	0.0370678	0.000159167	1.77642e-005	2.5295e-005	3.08143e-007	1.7711e-006	1.70608e-007	1.56708e-006	5.9061e-007	5.36238e-008	9.7139e-006	5.76756e-008	1.28134e-007	7.36728e-006	1.50944e-007	1.4607e-007	2.27932e-010	7.83737e-008	2.30471e-011	1.5378e-011	2.92112e-013	9.71199e-013	1.98797e-011	5.80334e-014	3.55534e-011	9.75033e-013	1.86145e-014	2.35805e-013	2.15517e-015	2.06704e-014	2.80424e-013	2.57701e-014	5.69867e-015	4.64743e-014	3.36275e-016	5.62613e-015	2.52704e-017	5.62311e-013	
0	0	0	7.39022e-041	1.53935e-011	1.51072e-015	4.41796e-013	1.5486e-012	6.95102e-011	3.52051e-013	1.89822e-010	1.16472e-011	2.56704e-011	2.11435e-007	2.4141e-010	3.06414e-008	1.6066e-006	6.18107e-006	1.0036e-006	7.37632e-010	4.52977e-012	1.17602e-011	3.02189e-013	1.91399e-011	2.3843e-013	5.39905e-012	1.57491e-010	2.40731e-012	2.62226e-011	2.09849e-014	9.86364e-012	4.38289e-014	6.10732e-017	8.32914e-018	4.84741e-018	2.04769e-016	5.75052e-019	1.4713e-016	1.51393e-018	1.67869e-019	6.68725e-019	4.33671e-020	1.70928e-018	1.37624e-018	7.76934e-020	8.7436e-020	9.10251e-020	2.75203e-021	7.47582e-021	4.19864e-022	
0	0	0	0	1.85068e-006	1.93546e-006	1.17728e-006	1.93907e-007	1.30967e-007	8.33939e-009	6.23749e-007	5.05881e-007	3.17167e-007	0.000755304	2.66761e-005	8.06432e-005	0.00254348	0.0926048	0.718853	0.943292	0.94652	0.977867	0.996872	0.999816	0.999992	0.999979	0.999911	0.999071	0.999796	0.999561	0.999811	0.999999	1	1	1	1	1	1	1	1	1	1	1	1	1	1	1	1	0.999994	0.999865	


1	0.343734	0.205029	0.0566456	0.40869	0.672981	0.108551	0.0202898	0.00088375	2.12077e-005	1.05519e-007	2.49704e-009	3.84584e-011	1.76773e-012	9.85624e-015	3.01779e-017	3.16232e-019	1.21418e-021	4.8555e-025	3.70432e-027	2.41287e-028	2.78891e-028	1.83058e-030	5.31233e-032	4.76816e-034	4.33989e-034	6.5025e-034	4.9576e-034	4.47462e-033	5.45135e-033	5.93681e-034	1.14753e-034	1.33716e-036	8.92872e-037	2.06213e-038	6.77869e-040	5.41371e-041	4.7334e-043	6.62728e-045	8.46189e-047	3.1577e-048	9.99327e-049	1.85415e-049	3.18078e-050	7.51543e-052	5.18214e-053	2.95835e-055	3.09206e-057	7.98741e-059	1.28094e-058	
0	9.79346e-005	4.51509e-005	1.99069e-006	0.000266236	0.0014474	1.57508e-006	5.73662e-007	5.1994e-008	2.17658e-008	4.35633e-010	6.5389e-012	4.50683e-015	3.91079e-015	3.08154e-015	5.67761e-018	2.42657e-021	6.14342e-022	7.78814e-024	2.22069e-022	5.54082e-022	6.39309e-022	2.48479e-026	2.3958e-029	3.3584e-033	3.88499e-034	1.29534e-035	1.00427e-037	7.15663e-034	2.03656e-034	1.15551e-037	1.89747e-032	8.97887e-035	3.41256e-032	1.61183e-032	4.90865e-035	1.47541e-037	3.31319e-041	4.78371e-045	2.00167e-048	1.44435e-051	3.77671e-051	6.30603e-050	4.24061e-053	4.20311e-056	1.62507e-057	1.97931e-058	2.52664e-061	2.76524e-064	9.09997e-061	
0	0.656168	0.772977	0.922286	0.589474	0.325384	0.891268	0.979331	0.998932	0.999956	0.989342	0.971611	0.830709	0.0472295	0.000521824	3.4272e-006	3.4293e-008	6.26795e-011	4.8728e-012	4.7381e-013	2.43877e-013	4.07156e-013	2.62911e-014	8.16335e-016	1.85939e-016	6.38102e-016	6.30677e-014	2.05337e-013	1.01607e-012	2.34576e-012	6.49943e-013	5.37913e-013	4.75438e-014	5.40862e-013	1.61e-014	1.09008e-014	1.82513e-015	1.45632e-017	9.2127e-018	9.51571e-019	1.45421e-019	1.05447e-020	4.527e-022	3.04318e-023	1.9801e-025	2.19574e-027	1.35134e-029	3.77232e-031	1.01712e-031	7.99287e-032	
0	0	0.021948	0.0210532	0.000795872	4.90527e-005	5.03132e-005	0.000147217	7.64542e-005	1.95986e-005	0.0106575	0.0283823	0.169257	0.952606	0.998707	0.98483	0.12906	0.00293072	3.9746e-006	7.93746e-008	1.8627e-008	2.04811e-009	7.63562e-012	1.14241e-014	1.98396e-017	3.25855e-016	1.84821e-013	9.67127e-012	3.83654e-009	5.40304e-007	6.58259e-007	1.84301e-006	1.02275e-007	1.48424e-007	9.39929e-010	8.14868e-011	1.09797e-013	8.90502e-017	8.98054e-019	2.90646e-019	6.71624e-020	3.64024e-020	8.79491e-021	2.9227e-023	2.40433e-026	2.4429e-028	2.21822e-031	5.06682e-034	9.03042e-034	6.81959e-034	
0	0	7.01949e-007	1.29528e-005	0.000703144	1.38378e-005	2.02962e-006	5.08343e-007	9.04726e-007	2.60358e-007	3.78536e-007	6.67846e-006	3.40205e-005	0.000164438	0.000771641	0.0151618	0.870934	0.995936	0.999972	0.94175	0.277055	0.102193	0.000215628	6.90905e-008	4.30902e-011	1.20731e-012	5.89295e-013	4.21404e-014	2.18151e-010	3.55121e-009	4.51113e-007	3.89278e-005	0.000100538	0.00105473	4.14677e-005	6.78364e-007	3.05302e-008	1.28028e-011	4.43607e-014	4.45329e-017	1.00848e-018	7.11994e-021	8.62305e-023	4.09867e-024	1.91489e-027	7.21921e-031	3.88088e-032	6.40576e-035	1.29212e-036	8.81462e-036	
0	0	0	8.92742e-009	7.03214e-005	7.81217e-005	8.47189e-006	9.97607e-007	1.58731e-008	6.75873e-011	1.09205e-009	5.28432e-009	4.47718e-009	3.89585e-008	3.19838e-008	4.25093e-006	5.83805e-006	0.00113363	2.39003e-005	0.0582498	0.722835	0.881507	0.992412	0.98002	0.917917	0.867953	0.135676	0.172802	0.322748	0.389269	0.374993	0.934936	0.994086	0.985224	0.998903	0.965601	0.968834	0.998082	0.919073	0.954451	0.850954	0.927761	0.941969	0.03132	0.000208706	2.24926e-005	4.80397e-008	8.50682e-011	1.89741e-013	2.66437e-015	
0	0	0	3.4615e-011	1.35226e-008	4.63068e-005	9.05312e-005	0.000185903	4.77812e-005	2.54129e-007	1.53954e-010	2.46425e-013	5.16358e-011	3.48056e-012	2.16392e-012	1.13572e-010	4.87563e-009	1.13857e-007	2.18233e-008	5.22692e-008	0.000108917	0.0162673	0.00703298	0.0199688	0.0819982	0.125775	0.791734	0.291184	0.115602	0.0288817	0.0496652	0.0167937	0.00197161	0.0106475	0.000899978	0.0343275	0.0303767	0.00186357	0.0808643	0.0450633	0.145411	0.0708729	0.0577476	0.963842	0.998049	0.986554	0.992687	0.988601	0.822433	0.678998	
0	0	0	0	9.0974e-011	4.28585e-008	2.73877e-005	4.39866e-005	5.89654e-005	2.70943e-006	1.32259e-007	3.01354e-008	2.45105e-009	7.49859e-011	1.53428e-013	8.73734e-015	6.37032e-012	4.91207e-012	3.36926e-010	6.10153e-011	1.05744e-006	3.32921e-005	0.000339337	1.1267e-005	8.47462e-005	0.0062713	0.0725895	0.536015	0.56165	0.581849	0.575341	0.0482292	0.0038417	0.00307406	0.000155204	7.09705e-005	0.000788889	5.44892e-005	6.235e-005	0.000486116	0.00363474	0.00136581	0.000283639	0.00483823	0.0017427	0.0134235	0.00731273	0.0113993	0.177567	0.321002	


1	0.754889	0.775758	0.00121735	0.0687424	0.862222	0.831748	0.874541	0.162	0.0928999	0.0160714	0.00476736	0.000150501	0.000316531	7.22402e-005	8.91516e-008	6.15686e-009	4.93495e-010	6.04365e-010	1.92437e-010	2.58103e-011	6.0224e-012	2.23506e-013	1.66687e-014	1.01594e-015	6.87533e-015	1.26657e-013	2.15154e-012	8.46224e-013	1.60978e-013	3.0286e-014	9.24843e-016	8.31397e-017	2.69439e-016	3.94308e-018	5.4464e-019	8.39818e-020	3.62583e-021	8.29987e-022	8.96698e-022	1.06243e-021	1.13466e-021	1.01756e-022	8.08451e-023	7.42356e-023	2.59768e-023	5.08156e-023	3.16665e-022	2.66819e-020	3.18675e-019	
0	0.244375	0.221038	0.997933	0.854414	0.0383	6.32137e-005	0.00306579	2.39779e-007	1.27056e-005	0.00328078	0.00012745	4.84352e-005	9.62304e-006	9.34357e-007	3.67836e-006	7.93514e-010	1.53059e-011	2.33882e-014	3.40666e-013	1.05677e-014	4.39157e-015	8.23597e-014	1.51849e-014	1.94486e-015	6.28866e-013	4.13196e-014	1.37386e-011	4.44432e-013	1.65333e-013	1.00144e-014	1.79631e-018	2.73453e-019	2.77257e-019	6.69521e-021	3.08639e-022	1.17937e-020	3.38593e-021	2.9181e-024	3.55184e-020	1.62418e-019	6.89519e-018	4.46951e-018	7.13568e-019	9.47414e-019	1.27782e-016	1.08755e-018	2.20832e-018	5.4948e-019	3.43276e-020	
0	0.000736948	0.00309339	0.000849467	0.043248	0.00980167	0.000151625	0.000469733	1.18789e-006	1.21834e-005	6.28652e-006	1.6587e-006	2.44379e-006	5.54875e-007	4.85229e-008	7.43831e-009	1.53362e-009	1.98498e-011	4.52622e-014	1.78768e-014	6.44454e-016	3.94525e-016	8.70145e-017	3.69775e-016	6.76467e-017	4.68183e-015	6.11737e-014	8.8453e-013	2.02443e-013	1.79674e-014	6.97835e-016	3.97736e-019	8.12321e-020	2.43203e-020	1.33357e-022	2.56963e-023	5.7336e-023	2.09101e-023	4.65246e-025	1.00501e-022	2.79591e-021	7.84024e-020	2.34609e-020	6.53821e-020	3.98272e-019	8.05171e-019	7.10203e-019	8.27313e-019	1.18162e-018	1.52866e-020	
0	0	0.000111229	3.09106e-007	0.0331607	0.0563035	0.00122005	4.64965e-005	2.45298e-006	1.64866e-007	3.84178e-009	2.182e-007	3.31536e-009	1.06597e-007	7.57864e-009	1.58174e-011	1.93871e-008	2.99991e-009	1.16148e-009	3.69483e-011	1.15831e-013	2.64633e-015	4.63726e-018	4.42401e-018	1.77493e-018	7.40142e-018	2.51527e-014	1.72856e-015	7.63424e-014	7.12248e-016	1.03061e-015	1.43879e-016	3.48237e-019	5.98048e-021	5.24986e-023	7.47289e-024	1.67161e-025	5.35682e-025	8.28836e-025	2.55035e-026	1.08272e-023	1.71365e-022	1.16012e-020	3.88443e-020	1.58817e-020	3.91893e-021	2.3393e-018	3.75585e-018	5.2848e-018	2.49622e-017	
0	0	1.98311e-007	2.06845e-011	0.000434471	0.0333726	0.166605	0.107538	0.837552	0.289462	0.147475	0.427378	0.000151031	0.000450244	7.81717e-005	3.73472e-010	1.06433e-011	2.9073e-011	4.45618e-009	1.13013e-008	2.06062e-008	8.21972e-008	3.24243e-009	2.59513e-012	1.9891e-015	7.32673e-018	1.23468e-015	8.28903e-016	1.91317e-015	7.01729e-017	1.51362e-017	1.3537e-017	8.2677e-018	6.04577e-018	3.12723e-018	4.48699e-017	2.13931e-018	3.17611e-021	2.35426e-022	1.05931e-024	1.10625e-025	2.24599e-025	1.62969e-023	4.26585e-023	1.36352e-023	1.10748e-023	8.55181e-022	4.30192e-020	1.6616e-017	2.05394e-016	
0	0	0	1.9355e-012	2.46433e-016	2.379e-008	0.000212494	0.014339	0.000444047	0.617613	0.760815	0.547431	0.952991	0.0977288	0.0671383	7.78449e-006	9.03802e-009	1.53533e-012	2.44615e-012	3.37405e-012	2.44228e-012	1.18895e-010	1.13092e-009	1.44379e-013	1.40557e-014	1.75331e-014	7.84598e-014	3.77349e-013	1.21565e-015	2.11581e-018	3.55176e-019	5.61576e-021	3.18426e-021	7.96548e-020	5.09189e-021	3.33202e-020	1.81981e-018	1.49358e-021	2.763e-023	9.5697e-023	1.74819e-024	3.40657e-026	5.49339e-028	9.83133e-028	7.29628e-028	1.78824e-027	1.98482e-028	2.4431e-022	5.0599e-021	2.69607e-018	
0	0	0	5.40051e-014	1.9037e-014	1.75821e-010	3.84876e-010	7.35741e-008	7.6956e-009	2.25268e-007	0.0723508	0.0189464	0.0466549	0.899992	0.929242	0.998051	0.990166	0.89659	0.952744	0.397421	0.00167097	0.000143141	5.70042e-007	5.77957e-008	2.06543e-009	2.00709e-007	5.04078e-006	0.000642166	0.0564705	0.717604	0.30264	0.0168394	0.00175642	0.00132069	1.13233e-006	7.84041e-009	5.40064e-010	1.22183e-011	7.79026e-015	1.03223e-013	9.91732e-014	4.15555e-012	2.84738e-012	1.07179e-014	2.18378e-015	5.56542e-016	1.14122e-018	1.307e-019	2.24503e-020	9.86536e-022	
0	0	0	0	1.86623e-012	1.03313e-010	4.61075e-011	3.00112e-011	1.04896e-009	9.50321e-011	2.69396e-009	0.0013477	2.0007e-006	0.00150195	0.00346867	0.00193748	0.00983373	0.10341	0.0472561	0.602579	0.998329	0.999857	0.999999	1	1	1	0.999995	0.999358	0.943529	0.282396	0.69736	0.983161	0.998244	0.998679	0.999999	1	1	1	1	1	1	1	1	1	1	1	1	1	1	1	


1	0.998271	0.998304	0.992681	0.998293	0.994746	0.978827	0.671289	0.407548	0.431572	0.137561	0.0400749	0.000711008	0.000139027	1.0472e-005	4.12377e-009	5.18851e-011	1.59533e-012	1.14548e-013	4.84665e-015	2.11807e-016	4.08242e-017	7.0253e-018	9.95392e-020	1.81094e-021	3.70865e-022	7.49213e-023	4.97813e-023	1.15447e-023	8.72207e-024	3.00511e-024	3.37076e-025	4.65692e-025	2.98162e-025	9.20307e-026	1.03877e-025	2.14629e-026	5.32485e-027	2.06438e-027	2.24267e-028	1.22698e-028	1.20588e-029	4.21027e-031	1.58266e-031	3.75436e-032	1.20336e-032	4.05206e-033	5.24037e-034	1.63115e-033	4.32239e-034	
0	0.00168379	0.00145685	2.52574e-005	0.00135583	0.00358179	0.0209488	0.328595	0.592347	0.454364	0.225005	0.135469	0.000483972	0.00105437	0.000526598	6.18371e-008	2.78908e-009	1.41941e-011	1.26325e-012	1.07269e-014	5.36755e-016	6.64604e-016	3.1231e-017	2.55124e-019	3.73539e-022	6.68215e-024	1.50214e-022	4.57187e-024	1.32738e-024	8.848e-026	5.2795e-024	1.48341e-025	1.18348e-026	1.74776e-026	3.7672e-026	2.16005e-024	1.03257e-025	1.0143e-027	1.99735e-027	3.23153e-030	1.97013e-031	5.24169e-032	2.4072e-032	1.0939e-034	9.44091e-036	2.73809e-036	2.03301e-036	1.91546e-037	1.95416e-036	1.06643e-035	
0	4.50458e-005	0.000236423	0.00323688	2.11172e-007	6.5319e-007	1.70016e-006	2.88157e-005	9.51927e-005	0.114054	0.632928	0.814638	0.806653	0.831542	0.848208	0.00252118	4.4682e-005	1.27657e-006	2.54198e-008	4.78647e-012	2.72818e-015	2.72873e-016	1.33632e-016	9.56115e-020	8.14317e-022	8.97304e-021	9.5659e-021	5.31829e-020	1.01351e-020	3.01987e-021	2.11422e-021	1.55033e-022	1.33219e-024	1.21519e-025	4.55255e-027	6.10698e-028	9.49975e-026	9.71102e-027	1.46637e-028	2.13567e-028	6.64333e-030	8.57526e-031	1.41635e-031	6.74501e-035	2.79111e-037	8.65595e-037	1.51504e-038	8.75195e-038	7.80781e-039	3.54645e-037	
0	0	2.41088e-006	0.00405703	1.01142e-006	4.93774e-010	3.819e-011	1.89527e-009	1.78857e-010	1.84525e-007	0.00450385	0.00981643	0.192151	0.167231	0.151096	0.997439	0.0245071	0.0184444	4.80444e-006	6.07901e-009	6.36164e-013	9.09815e-016	5.4134e-018	7.72928e-019	1.34536e-020	1.45705e-018	2.5256e-019	3.37025e-017	7.03081e-016	8.7974e-014	8.17575e-014	1.17523e-014	1.95336e-015	2.52681e-017	2.7166e-020	1.69904e-023	9.89269e-026	5.67875e-026	2.76988e-029	7.31442e-028	1.2991e-027	3.54694e-026	2.3621e-026	2.08505e-028	1.78144e-029	2.2408e-029	1.13915e-032	2.70553e-035	1.13695e-037	6.87332e-041	
0	0	3.87442e-015	1.146e-009	1.97862e-007	8.36806e-010	3.65086e-012	1.1566e-014	2.02691e-013	4.33533e-013	1.38373e-012	5.37744e-009	2.31018e-007	1.95369e-006	1.01763e-005	3.16805e-005	0.972028	0.895959	0.995973	0.00233119	9.52787e-008	8.28822e-012	5.69424e-016	1.02051e-021	2.59793e-024	2.48226e-025	1.27367e-022	7.01063e-024	1.33186e-018	3.24059e-017	1.80737e-014	2.07738e-014	5.4639e-015	2.83656e-017	2.80731e-020	6.49391e-024	6.964e-027	1.21562e-030	3.55431e-030	8.5495e-035	3.7988e-032	1.88987e-032	1.27596e-031	2.88523e-029	1.46003e-031	7.5117e-034	2.66567e-032	9.97162e-035	1.45207e-036	1.17529e-039	
0	0	0	6.94649e-012	0.000349403	3.1737e-005	3.62687e-007	4.38225e-009	6.71759e-011	5.08723e-013	1.98343e-011	1.41589e-006	3.8542e-010	3.20692e-005	0.000149155	7.58149e-006	0.00341996	0.0855106	0.0038385	0.997651	0.99372	0.942236	0.0737582	0.000113916	2.26848e-008	3.84037e-012	9.57971e-017	2.52556e-020	8.49855e-019	2.49962e-018	4.53036e-015	3.49844e-013	4.30754e-012	4.66539e-013	5.0686e-011	3.71937e-011	1.18624e-011	1.65713e-012	1.7437e-014	1.41311e-017	1.92923e-020	4.88337e-023	1.5626e-024	2.26595e-027	1.73507e-030	7.85833e-033	1.4296e-033	1.93901e-036	8.11234e-039	1.09376e-038	
0	0	0	3.58516e-022	2.76764e-011	0.00163334	0.000188298	5.03477e-005	3.82069e-006	4.58935e-008	2.0656e-010	2.15427e-012	8.08671e-011	4.30602e-013	9.18447e-009	2.58455e-008	1.36322e-009	7.47426e-005	3.54384e-006	7.37925e-006	0.00494135	0.0450259	0.886961	0.974036	0.939919	0.0467097	3.70857e-005	1.25739e-006	1.49632e-008	3.91047e-010	3.46744e-010	9.4063e-011	1.0745e-010	1.0982e-012	4.07645e-012	2.15149e-011	4.25105e-011	8.5518e-010	1.11748e-009	1.72772e-010	7.58615e-011	1.42783e-011	6.46051e-012	5.7043e-012	2.90965e-012	5.0952e-012	2.56855e-012	1.61926e-013	3.65212e-015	9.11516e-017	
0	0	0	0	3.08166e-014	6.93321e-006	3.35142e-005	3.65212e-005	5.755e-006	9.4047e-006	2.91094e-006	2.74349e-007	4.68157e-008	9.76784e-009	2.26109e-007	2.21209e-008	3.41879e-009	9.62579e-006	0.000179714	1.08078e-005	0.00133814	0.0127381	0.0392813	0.0258502	0.0600811	0.95329	0.999963	0.999999	1	1	1	1	1	1	1	1	1	1	1	1	1	1	1	1	1	1	1	1	1	1	


1	0.6922	0.175114	0.30836	0.19858	0.055651	0.0116053	0.00264684	5.09743e-005	1.8562e-006	2.32688e-008	1.96884e-011	3.52386e-012	1.93103e-013	8.21801e-015	1.89469e-016	3.28723e-018	2.0578e-020	1.23552e-021	3.22877e-023	7.92615e-024	1.03694e-024	3.32596e-025	2.78516e-026	2.52601e-027	1.85743e-028	1.59606e-029	3.03177e-030	1.98132e-032	4.49415e-034	1.31338e-036	1.47657e-038	3.44072e-040	1.10317e-041	5.90216e-043	8.08138e-044	1.97989e-044	3.2628e-045	6.23662e-046	6.20597e-047	1.87326e-048	1.29572e-049	4.47378e-051	1.875e-052	5.88257e-053	2.11566e-053	2.27192e-054	3.6658e-055	6.25402e-055	3.55839e-055	
0	0.192011	0.815257	0.686987	0.794459	0.915794	0.328651	0.02855	0.00156758	5.64441e-005	5.19442e-007	1.2602e-009	2.19813e-010	4.79558e-011	6.68313e-012	6.62738e-014	1.37712e-015	5.08798e-017	2.60245e-018	2.05949e-019	3.86709e-020	1.48855e-021	1.67674e-022	5.00417e-024	1.66854e-025	1.24012e-026	3.82393e-027	2.71307e-027	5.02131e-029	2.52517e-030	1.88454e-032	7.11347e-034	4.54631e-035	1.41504e-036	1.00174e-037	4.51573e-039	2.02598e-040	5.49654e-041	6.52947e-042	3.59748e-043	5.18425e-044	2.0613e-045	3.63464e-047	8.20003e-048	8.70806e-049	7.77033e-050	1.73308e-050	1.83133e-051	1.94929e-050	1.7581e-050	
0	0.115789	0.00813493	0.00464779	0.00649516	0.0238451	0.656113	0.875753	0.790783	0.801684	0.0290958	3.17312e-005	5.70018e-006	2.26065e-007	2.77667e-008	2.08061e-012	1.56095e-014	7.64709e-018	4.6621e-016	1.00338e-016	6.35365e-017	1.2152e-017	1.29487e-019	1.02476e-022	2.17055e-025	3.88787e-028	1.23652e-026	7.58845e-029	1.09599e-029	4.5405e-032	2.68909e-034	2.59248e-035	1.27642e-035	2.35328e-035	6.05161e-037	3.37218e-037	9.77852e-039	5.65269e-042	2.56339e-042	9.67477e-045	3.03848e-046	6.00008e-048	1.18683e-049	1.67213e-050	1.23845e-050	8.11175e-053	9.79548e-052	5.2594e-052	2.68177e-050	1.40939e-050	
0	0	0.00149398	5.2918e-006	0.000465964	0.00470833	0.00325438	0.0929225	0.206929	0.197475	0.565955	0.0444811	0.00563347	0.00692303	0.0271124	0.00046546	0.000100779	2.14385e-006	4.03615e-005	6.59522e-005	0.000361114	0.0031787	0.000446547	9.39689e-006	8.26277e-008	2.97724e-010	1.17694e-009	2.97369e-011	4.18363e-012	6.72006e-014	5.70417e-015	4.56661e-016	3.37652e-017	1.34372e-016	5.10518e-016	9.22348e-015	4.60091e-015	4.78356e-017	1.6648e-017	4.71027e-021	7.54646e-024	2.06357e-027	5.77743e-030	2.9069e-033	2.84105e-037	1.382e-041	1.54461e-044	9.6985e-048	1.49685e-048	4.7081e-049	
0	0	1.30186e-007	5.18561e-007	1.73541e-008	1.79349e-006	0.000376014	0.00012474	0.000666989	0.000776428	0.404632	0.906672	0.855898	0.705359	0.571087	0.0375295	0.00700772	6.23915e-005	4.95408e-005	1.94861e-006	6.73634e-006	0.000376022	0.000610401	1.42807e-005	4.64091e-007	2.00342e-009	4.7489e-009	6.07944e-009	2.73545e-010	1.53313e-011	1.67033e-012	5.86934e-015	6.05092e-015	1.92223e-015	4.31809e-016	2.02388e-015	1.48041e-015	1.30949e-016	1.95052e-017	3.19308e-020	3.30748e-022	8.93845e-026	9.55956e-030	1.6617e-034	5.751e-038	1.5057e-041	9.54408e-046	1.46485e-048	1.49799e-048	6.97391e-051	
0	0	0	1.13228e-007	2.51618e-008	1.58316e-007	3.54435e-007	2.60234e-006	2.47068e-006	6.46071e-006	0.000254835	0.00631405	0.134131	0.256046	0.378763	0.959327	0.989817	0.975271	0.991718	0.97234	0.900683	0.947558	0.877163	0.780509	0.476792	0.197581	0.632718	0.845365	0.985203	0.992114	0.997767	0.977543	0.99003	0.853955	0.834583	0.973857	0.902425	0.6256	0.424322	0.047612	0.0136131	0.00125386	8.53742e-005	3.42427e-007	1.8739e-009	1.98071e-011	1.19957e-013	5.7655e-016	1.16293e-016	3.64309e-018	
0	0	0	1.45779e-010	1.36087e-008	7.42392e-009	2.95685e-010	7.05839e-009	9.08163e-008	3.52388e-007	6.11366e-005	0.0425009	0.000611944	0.0312143	0.0213924	0.00036672	9.06563e-005	0.0180774	0.00641797	0.0237489	0.0795736	0.042546	0.0152726	0.103001	0.0868224	0.243508	0.21837	0.0603579	0.00777613	0.0018828	0.000158181	0.0133839	0.00557357	0.144753	0.10853	0.0191151	0.00188993	0.0716063	0.0334811	0.0066154	0.000994002	0.000132173	4.02262e-005	9.26962e-009	7.94202e-012	4.12085e-013	1.5902e-015	2.3889e-019	1.63789e-020	4.59758e-021	
0	0	0	0	3.4232e-009	8.89116e-009	1.58734e-009	9.16129e-010	1.38027e-009	3.17681e-009	1.35348e-009	1.26697e-008	0.00372053	0.000457759	0.00164465	0.00231147	0.00298347	0.00658738	0.00177376	0.00384289	0.0193751	0.00634104	0.106507	0.116466	0.436385	0.558911	0.148912	0.0942769	0.00702075	0.00600325	0.00207466	0.009073	0.00439634	0.00129175	0.0568871	0.00702768	0.0956852	0.302794	0.542197	0.945773	0.985393	0.998614	0.999874	1	1	1	1	1	1	1	


1	0.933995	0.267712	0.476183	0.0158935	0.000198086	5.4227e-005	1.60152e-005	5.88952e-007	3.11031e-007	2.5324e-009	1.24808e-011	2.27746e-014	3.07603e-016	4.79977e-019	2.06837e-022	4.38872e-025	2.96293e-028	3.35211e-028	7.46995e-030	1.62569e-031	1.16072e-031	1.30901e-032	1.6785e-034	4.06819e-036	1.05759e-036	4.20172e-037	1.78612e-038	1.12603e-039	2.75404e-041	4.16036e-043	4.8296e-043	6.83037e-044	1.55784e-044	9.67716e-045	2.24739e-044	4.29765e-045	6.56403e-046	2.97478e-046	1.34762e-046	1.48913e-047	3.01319e-048	1.4698e-048	6.27164e-049	1.21198e-049	1.67536e-050	1.28641e-050	1.10429e-050	1.9932e-050	8.72981e-050	
0	0.0334809	0.696063	0.504962	0.983026	0.996734	0.126545	0.0355395	0.00106418	4.55602e-005	2.33285e-007	1.45703e-009	4.69288e-014	4.65538e-017	1.02713e-020	2.011e-022	1.28791e-025	4.82416e-028	1.15504e-029	4.30753e-031	1.72401e-032	5.23155e-032	5.36288e-032	5.34757e-032	1.18334e-032	2.25629e-033	1.16543e-035	2.83893e-037	3.5563e-039	4.27333e-041	1.11584e-041	2.365e-042	1.38544e-042	2.21657e-043	5.34501e-043	4.2833e-043	8.12301e-043	1.88879e-042	6.75568e-043	5.70819e-044	3.0042e-044	3.37098e-045	9.76796e-046	7.33651e-046	1.3182e-046	6.89676e-047	5.81577e-047	5.36505e-048	5.35843e-049	1.74232e-049	
0	0.0325246	0.034423	0.00625557	0.00107762	0.00306742	0.8734	0.96287	0.998887	0.843213	0.0219104	0.000882614	1.22538e-006	6.62816e-008	2.99157e-010	1.27189e-014	3.24467e-017	4.55444e-021	4.27273e-020	1.89037e-021	1.08842e-022	1.20066e-022	2.06449e-024	6.13375e-027	1.07201e-029	3.00804e-031	1.21014e-030	3.34557e-032	8.89922e-034	3.04188e-035	1.9397e-037	1.60147e-037	3.87298e-038	9.98423e-038	1.65409e-038	1.15025e-037	1.77683e-039	1.47452e-041	1.54673e-041	2.18745e-043	9.84839e-045	1.7057e-046	1.18157e-047	7.36519e-048	8.88701e-049	4.33595e-050	2.86264e-048	5.99926e-049	1.79098e-047	1.40361e-047	
0	0	0.00180229	0.0125951	5.84039e-008	2.58641e-008	6.78288e-007	0.00157385	4.83398e-005	0.156741	0.978061	0.999037	0.999995	0.997711	0.991212	0.210492	0.00426601	4.00241e-006	2.29071e-005	6.13337e-008	3.32193e-010	1.63705e-009	1.837e-011	1.24109e-013	2.97448e-015	6.20589e-014	6.59957e-012	4.4052e-011	2.99868e-010	4.5065e-010	7.10349e-011	2.74751e-010	1.33432e-011	3.91052e-011	2.94646e-012	1.19089e-012	5.5737e-014	2.42103e-015	1.26739e-016	1.09294e-017	1.83948e-019	4.41877e-020	1.03753e-020	1.4203e-023	1.02029e-026	1.41744e-029	6.20964e-033	1.89066e-035	5.64623e-037	3.56112e-037	
0	0	9.66805e-022	4.01499e-006	1.12414e-007	1.47557e-012	3.57838e-014	2.08013e-012	4.71543e-011	4.82986e-010	2.85789e-005	8.04123e-005	3.6019e-006	0.00228921	0.00878828	0.789235	0.991888	0.953268	0.992877	0.213	0.000624078	1.84316e-005	1.27346e-009	4.29996e-013	1.26652e-017	4.18815e-017	2.71346e-016	1.28671e-014	4.44113e-009	7.31895e-008	3.75136e-008	1.17277e-006	8.15248e-007	5.92762e-007	1.11745e-007	6.37757e-010	1.11543e-012	6.85293e-016	3.06282e-020	1.11095e-019	1.2233e-020	1.79449e-021	8.59148e-022	1.04601e-024	2.53528e-027	7.12431e-030	7.64717e-034	8.37682e-038	2.80621e-040	1.44472e-040	
0	0	0	3.00154e-009	2.87373e-006	5.4276e-009	8.80911e-012	4.92821e-013	2.18219e-011	1.38496e-012	2.6308e-008	3.19525e-007	9.50595e-011	1.12593e-007	1.65923e-007	0.000273112	0.00384543	0.0467223	0.00539828	0.786979	0.997134	0.453032	0.265276	0.0206194	0.000267382	1.85442e-006	5.36324e-011	1.90776e-013	5.93505e-014	4.43269e-010	3.30468e-008	2.96548e-006	8.73764e-005	3.58797e-005	0.00774799	0.00454827	0.00566217	0.0333839	0.00458465	0.000789205	0.000102317	4.88999e-006	2.61903e-006	1.02747e-008	3.22858e-011	5.00388e-013	1.57257e-015	4.43277e-019	2.42469e-023	1.86669e-026	
0	0	0	7.73066e-029	3.58879e-010	4.28661e-007	1.14589e-007	9.7978e-008	1.79266e-008	2.96274e-009	3.10489e-012	3.1964e-012	2.98271e-012	8.22524e-015	1.02324e-012	1.86208e-011	5.64446e-008	4.99356e-006	0.00145298	1.19122e-005	0.00218621	0.542598	0.704347	0.946664	0.958172	0.0974234	0.00447305	1.10889e-005	1.09648e-007	1.17358e-010	2.71987e-011	6.88391e-009	1.54161e-007	4.45315e-006	5.91876e-005	0.0146284	0.0362144	0.0715209	0.489576	0.0720067	0.0125734	0.00076067	0.00109043	0.000663576	0.000258288	3.8201e-005	0.000485133	0.000322336	2.72661e-005	1.5334e-005	
0	0	0	0	6.2345e-013	5.29677e-010	9.81482e-009	1.26835e-008	1.37652e-010	9.54772e-010	4.54847e-011	2.93763e-012	2.06981e-011	6.81397e-013	5.53449e-012	6.47345e-011	5.41468e-008	3.45638e-007	0.000249034	9.14904e-006	5.59214e-005	0.00435188	0.0303768	0.0327164	0.0415609	0.902575	0.995527	0.999989	1	1	1	0.999996	0.999912	0.999959	0.992193	0.980823	0.958123	0.895095	0.505839	0.927204	0.987324	0.999234	0.998907	0.999336	0.999742	0.999962	0.999515	0.999678	0.999973	0.999985	


1	0.920848	0.88967	0.938977	0.385635	0.484858	0.0791304	0.00661551	0.000114728	7.85112e-005	1.66949e-005	2.62296e-006	9.37487e-009	2.64902e-009	6.3857e-010	5.5984e-012	1.48652e-014	3.4273e-017	2.95302e-017	1.15341e-017	5.54389e-018	8.24217e-018	4.51645e-019	2.3468e-020	4.91535e-022	2.45235e-022	2.14635e-021	3.33689e-021	1.01572e-021	3.67393e-022	1.8236e-023	8.38276e-025	4.37796e-026	3.77205e-026	1.4883e-027	7.45865e-028	5.72857e-029	1.68726e-030	2.21086e-031	2.44958e-032	2.44082e-033	5.32104e-034	5.2486e-035	1.59919e-035	9.0006e-036	2.0712e-036	1.13706e-036	8.5039e-037	9.64805e-036	8.75253e-035	
0	0.0656924	0.109233	0.0609893	0.605786	0.492574	0.479483	0.018518	0.002967	0.000910235	9.60647e-005	7.13291e-006	1.45739e-009	4.43709e-010	6.11519e-011	1.48374e-013	1.80344e-015	2.06623e-017	1.1219e-016	4.52773e-016	3.08039e-015	1.03961e-015	1.55966e-016	8.42879e-019	4.29335e-021	1.7895e-022	4.84291e-022	2.67128e-022	6.74208e-023	5.4493e-023	1.4802e-024	5.90935e-025	1.209e-025	2.68771e-025	3.74796e-026	5.30945e-026	1.59115e-027	2.92046e-029	1.87174e-029	2.01456e-030	4.89296e-031	1.29851e-032	4.8008e-034	8.05495e-035	6.38047e-036	2.84233e-037	1.78352e-036	5.36173e-037	1.09363e-035	3.25128e-035	
0	0.01346	0.000978899	1.0814e-005	0.0085317	0.0220593	0.438894	0.970316	0.993181	0.862034	0.572668	0.483181	0.000310251	0.000141113	2.80139e-005	1.64296e-008	1.31789e-010	1.78802e-014	2.8589e-013	3.13606e-013	3.86559e-013	3.33429e-012	1.44279e-013	8.7794e-015	3.01925e-017	6.60712e-020	1.18981e-018	5.94386e-020	3.38878e-021	1.31505e-022	2.61324e-023	6.61417e-025	1.52783e-025	6.48282e-025	4.97034e-026	3.83126e-024	2.01408e-025	4.16146e-028	4.73035e-028	3.81484e-031	2.68221e-033	1.55508e-034	2.01927e-036	9.40905e-038	2.47331e-038	3.98642e-040	1.45997e-039	2.5993e-039	7.34676e-037	1.15039e-036	
0	0	0.000116429	1.98367e-005	4.72147e-005	0.000509035	0.00249182	0.0045495	0.00351679	0.0158519	0.093131	0.18155	0.0003822	0.000239093	0.000466138	6.13491e-006	3.50212e-007	2.85495e-009	9.632e-010	4.28504e-011	1.06642e-011	2.1386e-011	2.77878e-011	4.8099e-014	1.39447e-016	3.89813e-018	7.50255e-018	4.2521e-018	1.85116e-019	2.93769e-021	3.12144e-020	2.07715e-021	8.77267e-023	6.11887e-024	8.06996e-024	4.48329e-023	1.85636e-023	2.26916e-025	6.84378e-026	1.58548e-027	5.26057e-029	2.51214e-031	1.5847e-032	3.99073e-035	1.47406e-038	2.00257e-039	2.65713e-040	7.14615e-039	1.57458e-038	3.5954e-036	
0	0	1.44496e-006	1.56637e-007	2.90869e-010	9.75557e-008	1.08009e-007	2.96315e-007	0.000220622	0.121119	0.0071252	0.00467764	9.35504e-005	3.3807e-006	1.70818e-005	1.79823e-008	2.76337e-009	1.05164e-009	2.82852e-009	3.00615e-012	6.31594e-014	3.81292e-013	7.87459e-013	3.51194e-016	1.13492e-017	2.67435e-017	2.31496e-017	9.86481e-019	2.34675e-020	2.14384e-023	6.03532e-023	5.03892e-022	5.01542e-025	4.77634e-024	5.81841e-025	1.51924e-026	8.33863e-025	8.48739e-027	5.02991e-028	6.66951e-029	1.48203e-030	1.53444e-032	3.09382e-033	3.31409e-036	7.50217e-041	8.57537e-044	2.88812e-042	3.27415e-042	1.29808e-041	4.70756e-038	
0	0	0	3.11743e-006	4.84283e-011	4.95477e-010	9.20796e-008	4.02193e-007	1.40858e-008	6.84713e-006	0.326963	0.330479	0.999205	0.993361	0.989536	0.235647	0.00121002	1.52917e-007	7.14072e-008	5.96973e-010	2.27879e-012	8.68363e-013	4.73577e-014	3.00938e-014	5.72537e-016	6.44761e-016	2.40206e-013	1.76131e-011	2.60267e-011	1.76202e-010	2.63672e-011	8.37397e-014	5.93637e-015	4.93672e-016	1.25686e-019	2.24937e-020	2.52752e-022	6.72901e-025	6.48378e-027	3.19731e-027	2.71717e-028	2.9215e-029	4.95965e-032	1.6419e-035	1.50886e-037	3.07074e-040	1.10371e-043	9.3374e-043	3.79369e-039	7.52745e-041	
0	0	0	1.18108e-021	1.89661e-009	2.95783e-012	4.39366e-015	4.02375e-013	1.06961e-013	2.95209e-013	4.15577e-009	8.61339e-005	8.48045e-006	0.00622873	0.00973234	0.763805	0.998193	0.993026	0.930023	0.312142	0.000633481	4.97973e-006	2.17204e-009	1.97528e-011	7.55136e-015	9.83988e-016	2.50401e-016	7.05842e-015	1.31118e-010	1.09195e-009	2.75646e-009	7.02128e-010	6.64682e-011	8.2917e-012	7.51317e-015	6.32187e-018	3.06921e-020	2.143e-023	5.32704e-027	4.13484e-029	5.48362e-029	2.92765e-029	5.44088e-031	7.21196e-034	1.77763e-036	6.40475e-039	5.85883e-042	5.06884e-045	1.69018e-045	2.87756e-042	
0	0	0	0	4.32312e-009	1.56652e-008	2.26855e-009	1.31126e-010	3.04723e-012	1.70808e-012	5.56273e-010	1.62656e-005	2.89051e-007	2.62358e-005	0.000220302	0.000541698	0.000596897	0.00697431	0.0699769	0.687858	0.999367	0.999995	1	1	1	1	1	1	1	1	1	1	1	1	1	1	1	1	1	1	1	1	1	1	1	1	1	1	1	1	


1	0.840406	0.986951	0.995305	0.995893	0.933318	0.367783	0.211503	0.0484599	0.00532446	0.000595969	1.49383e-005	2.52776e-007	3.59065e-009	1.69306e-011	1.41286e-014	6.25661e-018	1.89745e-020	1.1163e-022	1.11169e-024	1.37711e-025	1.71141e-025	4.75792e-027	4.86549e-029	3.75364e-031	1.8526e-030	2.56328e-030	2.15611e-030	3.45523e-030	2.18083e-030	1.15678e-030	3.25808e-031	2.61037e-031	1.2624e-030	4.48028e-031	4.69207e-032	2.82126e-033	5.84889e-035	8.94904e-037	5.09016e-037	2.44198e-037	6.26776e-038	7.95006e-039	1.19887e-039	1.61377e-040	1.41908e-041	2.65249e-042	6.26421e-043	4.14226e-043	2.31834e-043	
0	0.159461	0.0128161	0.00460327	0.00410614	0.0666803	0.632188	0.784456	0.951372	0.992147	0.261091	0.0154046	0.00221274	2.02382e-006	4.37732e-009	9.77977e-014	2.05439e-017	4.83836e-022	3.54779e-021	4.14704e-023	1.62305e-024	3.51896e-025	3.05933e-027	2.8722e-030	8.17298e-032	2.69083e-032	1.4385e-030	1.76769e-031	1.76132e-031	3.16169e-031	4.13594e-031	1.79257e-032	3.30601e-031	1.16317e-029	1.81137e-030	1.37921e-031	1.08683e-032	7.47421e-036	8.95869e-037	3.04501e-039	4.2317e-039	7.55532e-041	1.153e-042	1.68001e-041	1.46794e-043	1.24681e-045	2.69457e-044	3.85941e-044	5.17513e-043	2.3995e-044	
0	0.000132155	0.000229852	5.98952e-005	7.7604e-007	1.36391e-006	2.91209e-005	0.00404123	0.000168111	0.00252895	0.738311	0.984235	0.994978	0.986346	0.991704	0.0172842	8.64811e-005	3.37579e-008	1.87905e-010	5.7788e-013	4.16917e-014	7.41324e-013	1.17327e-014	1.68121e-017	2.34008e-020	1.22601e-019	1.53973e-018	9.46882e-018	1.18492e-016	2.65722e-016	4.6843e-016	9.17685e-017	9.70505e-018	4.96692e-018	3.73403e-018	2.69303e-018	1.59551e-019	1.16153e-021	2.31276e-024	3.32693e-025	1.61891e-027	5.09944e-028	1.2971e-028	2.4636e-032	4.83048e-036	4.10356e-039	8.27524e-044	7.07194e-047	3.90624e-047	2.53393e-044	
0	0	3.18664e-006	3.20527e-005	5.16002e-007	2.6333e-009	2.13776e-011	6.74932e-010	1.36338e-008	6.00184e-010	2.04408e-006	0.000345612	0.00280822	0.0136518	0.00829133	0.982584	0.0181638	0.0195	1.19329e-006	8.3558e-009	6.93307e-011	3.50048e-012	8.39019e-015	1.32035e-016	3.91572e-019	4.91309e-017	2.0106e-017	9.64908e-017	4.58033e-014	4.0885e-012	5.93556e-011	3.03924e-009	3.36188e-009	4.60458e-010	3.54893e-011	4.3574e-014	1.19801e-016	5.57264e-018	1.39823e-021	7.89536e-021	8.55135e-021	3.30615e-019	3.87782e-018	6.56808e-020	1.9703e-021	4.03522e-022	1.34932e-024	2.52897e-027	1.64021e-030	8.43556e-033	
0	0	9.26913e-018	6.38495e-011	1.49686e-009	1.07228e-010	1.83071e-012	1.60973e-014	8.47197e-016	5.17656e-015	6.10903e-016	2.49215e-013	3.66412e-007	6.28933e-007	4.61896e-006	0.000132109	0.98175	0.925465	0.992764	0.0273753	9.70391e-005	2.05697e-005	9.44288e-009	5.00488e-016	5.60522e-023	2.53968e-024	6.94965e-021	3.18205e-020	1.94748e-016	1.01815e-014	5.23895e-011	1.92927e-009	4.38092e-009	8.99871e-010	5.56383e-011	2.48763e-012	1.47323e-014	5.92638e-019	1.75531e-024	9.82611e-028	1.47961e-026	1.93901e-024	1.74282e-022	4.63013e-022	2.4947e-024	7.19948e-027	8.10166e-026	1.00374e-027	1.39658e-029	1.79232e-031	
0	0	0	1.61421e-015	1.41342e-011	7.05803e-012	7.593e-014	3.71734e-016	1.72342e-018	1.67476e-019	4.47899e-017	1.84034e-014	1.59892e-015	6.09969e-012	1.41116e-011	4.86127e-009	3.96686e-008	0.055035	0.00723156	0.972485	0.757316	0.0650225	0.0100993	2.67051e-005	4.87005e-008	6.24448e-009	9.73525e-013	2.65303e-014	1.73372e-014	4.61622e-015	1.00587e-013	7.04041e-011	4.06683e-007	5.28156e-006	5.15499e-005	2.69263e-007	6.77964e-008	1.09686e-008	2.51941e-011	3.00051e-012	1.60851e-012	3.85649e-014	1.71384e-016	1.07659e-020	5.34827e-026	5.90104e-029	1.05917e-031	7.64128e-031	2.17246e-032	1.0878e-034	
0	0	0	2.48703e-026	6.74025e-015	6.84983e-011	8.87586e-011	2.01656e-010	1.04035e-010	2.02435e-013	8.44287e-016	1.93496e-018	2.97751e-018	1.40099e-017	3.29411e-016	1.13528e-014	1.63324e-013	4.16569e-010	2.95254e-006	0.000139322	0.242585	0.884713	0.973733	0.990065	0.990099	0.25703	0.0081124	0.000325349	8.67987e-005	2.6017e-005	0.000109182	0.00027039	0.00662113	0.00670476	0.233297	0.741794	0.942745	0.98141	0.990427	0.751693	0.628106	0.182869	0.0767334	0.0421799	0.0116896	0.00221697	0.00134867	0.00025522	2.08698e-005	5.09737e-007	
0	0	0	0	8.52036e-021	2.95273e-015	4.97781e-012	1.7227e-011	1.12157e-011	7.9813e-013	2.96254e-014	3.80582e-016	1.13515e-017	1.11203e-019	5.51007e-020	1.58339e-019	6.0917e-018	3.01901e-016	1.45781e-010	2.70789e-009	1.61808e-006	0.0502436	0.0161677	0.00990805	0.00990113	0.74297	0.991888	0.999675	0.999913	0.999974	0.999891	0.99973	0.993378	0.99329	0.766651	0.258206	0.0572548	0.0185899	0.00957313	0.248307	0.371894	0.817131	0.923267	0.95782	0.98831	0.997783	0.998651	0.999745	0.999979	0.999999	


1	0.970241	0.978361	0.961508	0.999959	0.99646	0.917825	0.758651	0.743232	0.297758	0.195311	0.276248	0.00663624	4.34287e-005	4.1093e-007	1.49921e-009	7.43515e-013	1.33847e-015	9.54067e-018	2.76155e-020	5.57146e-022	3.24083e-023	3.31096e-025	3.50225e-026	3.90999e-027	3.48705e-027	2.49009e-026	2.60919e-026	7.54741e-027	1.94928e-027	1.8122e-028	9.84893e-030	4.19028e-031	2.95775e-031	8.36228e-033	1.05055e-033	8.15283e-035	3.45542e-036	4.34521e-037	1.09758e-038	2.38703e-040	1.90731e-041	8.09639e-043	2.95952e-043	7.50128e-044	1.24765e-044	1.41714e-045	7.39046e-046	1.3453e-045	5.40434e-045	
0	0.0297592	0.0215829	0.0384901	3.73954e-005	0.00354045	0.082174	0.241316	0.256493	0.702117	0.706203	0.27724	0.981707	0.00126805	2.11095e-005	4.87572e-009	5.24289e-013	5.47896e-018	1.29785e-016	1.86679e-020	4.99884e-024	1.56154e-025	2.41997e-027	1.02535e-028	1.43671e-028	2.04523e-028	6.7435e-025	1.08958e-025	6.52248e-027	7.34389e-028	5.4971e-029	3.68325e-031	1.20762e-032	1.63475e-031	2.82514e-035	6.41509e-035	8.78111e-037	1.7606e-039	7.91531e-038	7.543e-041	2.93873e-042	3.55837e-044	2.09542e-046	3.70385e-045	1.09556e-046	1.96156e-048	2.58217e-047	1.4955e-046	7.9451e-045	2.9918e-045	
0	1.48448e-008	5.6185e-005	1.55431e-006	4.03112e-006	9.28456e-009	5.53623e-007	3.37704e-005	0.000275204	0.000125153	0.0984817	0.438969	0.0111309	0.998505	0.974247	0.101532	0.0177656	0.000129149	4.058e-006	1.68012e-008	2.19719e-010	5.40545e-011	1.40637e-015	6.52305e-019	7.85019e-024	1.95389e-025	2.31043e-023	9.73231e-024	9.29538e-023	2.51941e-022	1.53266e-022	9.039e-023	6.61132e-025	2.93624e-026	8.64433e-029	2.27336e-029	6.52251e-033	2.5154e-037	7.32545e-041	4.40918e-042	2.4829e-045	6.14796e-045	2.10228e-046	5.36133e-050	1.17675e-048	5.27563e-051	4.97414e-053	1.10038e-051	1.10893e-048	1.97154e-045	
0	0	1.30259e-010	3.59836e-008	3.01686e-009	3.51894e-011	2.11491e-010	1.56995e-009	1.8684e-009	7.15291e-009	4.54601e-006	0.00746333	0.000524582	0.000183296	0.0257074	0.88989	0.977582	0.226206	0.000485518	1.39415e-006	3.55805e-010	1.14246e-011	1.97469e-014	7.83548e-019	1.66713e-023	1.36407e-025	1.89106e-026	1.02085e-023	2.70485e-023	4.44777e-023	3.64187e-022	1.70974e-022	1.50859e-023	2.32978e-026	2.85351e-028	4.2791e-030	1.05496e-031	7.17527e-035	1.48945e-039	1.73439e-042	2.65223e-045	3.75363e-047	9.5877e-047	3.36156e-050	1.02494e-052	2.63735e-051	8.709e-056	1.63191e-054	3.26297e-053	1.73379e-049	
0	0	2.81841e-012	5.79588e-008	1.51066e-008	4.60268e-010	3.62467e-013	5.45555e-012	3.59645e-011	5.1036e-010	6.29494e-008	7.91694e-005	1.63235e-006	8.56075e-008	2.43398e-005	0.00857761	0.00464913	0.773663	0.00791075	0.000894258	2.22245e-006	5.219e-009	1.57134e-011	2.38892e-013	1.44042e-015	1.94636e-016	2.51116e-019	2.23692e-020	5.66439e-020	1.23498e-020	2.86432e-020	1.16358e-019	4.27016e-019	3.80559e-020	1.15424e-021	7.2884e-025	5.05779e-026	6.41909e-027	1.22146e-030	4.00826e-032	6.49419e-034	1.80518e-034	1.07938e-035	1.0711e-038	1.577e-041	1.29345e-043	1.74281e-047	2.24782e-050	5.09489e-054	1.18138e-052	
0	0	0	2.21441e-016	1.04749e-009	1.75748e-009	6.12065e-010	2.80375e-010	4.36913e-010	1.9279e-010	2.68486e-010	1.14007e-008	1.21113e-007	1.73078e-010	2.6065e-010	5.11259e-008	3.34784e-006	1.9504e-006	0.991599	0.990201	0.816934	0.270827	0.00131831	0.000216962	4.05675e-005	1.42235e-007	6.5019e-007	1.30782e-009	2.46398e-009	1.01517e-009	1.95213e-010	1.13473e-009	2.30287e-009	9.97074e-008	5.14646e-008	2.10167e-007	2.7512e-008	1.42442e-010	8.0698e-011	1.77886e-014	2.89864e-018	1.39872e-021	7.60852e-025	9.05177e-028	1.87924e-030	3.73946e-035	1.01925e-037	7.34031e-040	2.87869e-041	6.0661e-043	
0	0	0	7.15456e-020	3.60064e-011	9.03961e-012	9.21866e-010	8.35823e-010	7.14682e-010	7.22414e-013	7.38176e-011	1.62545e-009	1.3373e-011	2.25282e-010	1.08609e-012	2.44777e-010	3.91605e-008	4.55233e-009	7.4524e-007	0.00887126	0.182247	0.723829	0.958648	0.268641	0.0163594	2.25213e-005	4.50642e-006	3.18141e-007	1.43869e-008	1.63558e-009	4.31294e-009	2.35067e-009	3.42367e-009	5.26637e-010	1.022e-007	4.56182e-006	2.61636e-006	1.53598e-006	7.81267e-006	2.36521e-008	7.55883e-011	3.50432e-013	4.00891e-015	1.13976e-018	1.82397e-022	3.14962e-025	7.34531e-029	4.62243e-032	7.21149e-034	2.37275e-035	
0	0	0	0	2.88454e-018	3.23557e-011	2.10919e-011	1.72227e-010	2.03123e-010	2.96831e-012	4.87479e-013	7.37437e-012	1.64572e-012	2.33276e-013	3.90952e-013	2.09577e-014	1.05011e-013	5.78746e-010	4.63442e-012	3.21043e-005	0.000817318	0.00534385	0.0400341	0.731143	0.9836	0.999977	0.999995	1	1	1	1	1	1	1	1	0.999995	0.999997	0.999998	0.999992	1	1	1	1	1	1	1	1	1	1	1	


1	0.997093	0.992738	0.997237	0.999917	0.999039	0.993514	0.993171	0.955551	0.866936	0.739361	0.63509	0.107419	0.0124024	0.000490113	1.43331e-005	1.61908e-008	1.23849e-010	1.04937e-012	1.54391e-014	4.45059e-016	1.51291e-016	9.27984e-018	2.00299e-019	1.29525e-020	3.97314e-021	9.97486e-021	1.18741e-019	2.33024e-020	4.11109e-021	9.43861e-023	2.17487e-025	1.8406e-027	8.25218e-028	6.49012e-030	1.05195e-030	4.52649e-032	2.31127e-033	2.01976e-034	1.17355e-034	3.40697e-035	1.43872e-035	6.2866e-037	1.4364e-037	1.86198e-038	2.79973e-039	3.29678e-040	2.99997e-040	4.19637e-039	7.62831e-039	
0	0.00290077	0.00726073	0.00275765	5.70361e-005	0.00095707	0.00647894	0.00681377	0.0444226	0.132954	0.200772	0.197615	0.887351	0.772241	0.703699	0.0448704	0.0019351	3.4483e-006	2.59003e-006	2.20912e-008	3.66592e-010	1.94872e-011	3.73893e-014	4.90082e-018	3.12837e-021	3.60102e-022	1.51108e-019	2.5127e-019	4.12082e-019	5.1861e-019	4.53825e-020	3.96794e-022	1.03825e-024	6.54058e-025	6.34973e-028	3.25464e-029	3.73855e-032	3.58814e-036	1.00652e-035	1.65364e-037	8.39719e-038	7.19012e-038	1.99031e-039	6.48749e-040	1.36078e-041	2.6932e-043	1.07949e-042	1.5886e-042	4.02115e-040	8.65965e-040	
0	6.37005e-006	5.97424e-007	4.74515e-006	2.47536e-005	1.47856e-007	6.87482e-006	1.50116e-005	2.66535e-005	0.00010928	0.0598625	0.166771	0.00322863	0.215275	0.295235	0.748027	0.397341	0.288088	0.0409824	0.0481283	0.0122148	0.0398651	0.0029238	1.4731e-006	5.56067e-010	9.8387e-012	2.33224e-012	6.7039e-012	4.33359e-011	6.72151e-011	9.93003e-012	1.6059e-012	3.35102e-013	1.55733e-013	4.23166e-014	2.45794e-014	2.11794e-015	1.20316e-017	2.31191e-020	5.79351e-021	6.02954e-022	7.06775e-023	5.99127e-024	4.08949e-027	2.57436e-030	7.20522e-033	1.8414e-036	1.70049e-038	2.23895e-039	8.94101e-040	
0	0	3.43619e-007	7.90323e-007	1.42707e-006	3.29883e-006	1.03547e-008	5.2496e-008	1.68351e-008	4.37091e-008	4.15874e-006	0.000521455	0.00106654	1.87819e-005	0.000224282	0.196951	9.64648e-005	0.00437516	1.8731e-005	0.000256296	0.00049402	0.00107592	0.0105319	0.0389557	0.216449	0.960014	0.120386	0.579007	0.23035	0.0698763	0.00359254	0.000182945	1.38619e-006	1.01949e-007	2.29978e-009	1.89123e-010	4.17309e-011	1.86133e-010	3.69799e-011	5.97408e-010	4.80162e-010	2.00415e-008	2.46411e-007	6.50071e-008	3.36312e-008	8.47991e-008	4.56994e-009	6.33221e-010	1.34194e-011	1.04351e-012	
0	0	1.03018e-010	6.84846e-011	8.58651e-011	1.67857e-009	1.07952e-008	6.59556e-010	7.67146e-009	8.52271e-009	6.86267e-009	3.62964e-006	0.000935095	5.9918e-005	0.000351842	0.0101186	0.600605	0.664473	0.899078	0.0102494	1.18857e-005	5.79622e-006	5.96928e-007	8.27763e-008	1.31356e-006	0.000182133	0.877041	0.313658	0.700011	0.558763	0.655488	0.129524	0.00167679	0.000128949	6.62109e-008	5.38398e-010	5.59248e-013	5.1598e-016	1.25033e-013	5.60127e-015	5.23751e-013	4.14458e-013	3.3309e-012	3.82533e-010	1.30388e-011	3.40112e-013	2.12331e-010	6.40043e-011	5.54946e-010	1.71636e-010	
0	0	0	7.12433e-014	8.15208e-012	2.24604e-013	4.67353e-012	2.6339e-011	1.43268e-012	1.01042e-011	9.05965e-009	1.99068e-008	3.77897e-010	2.20062e-006	5.32411e-008	1.78437e-005	2.23733e-005	0.0430545	0.0598979	0.924853	0.3319	0.312313	0.344751	0.00374256	4.83219e-005	7.52264e-007	1.43612e-007	0.105703	0.0175272	0.00431041	0.0424615	0.0156701	0.0459794	0.0472682	0.00896192	0.00118609	0.000518367	0.00016294	2.68599e-006	5.25388e-007	3.87575e-008	3.43122e-009	6.97658e-011	4.62726e-015	2.91553e-015	2.99291e-015	3.43881e-018	2.49626e-014	3.74251e-014	7.20895e-013	
0	0	0	8.0506e-018	1.50462e-015	4.23975e-014	8.849e-016	3.49378e-015	1.06133e-014	5.21587e-017	1.37593e-014	2.24075e-011	7.03481e-012	2.43382e-010	1.42112e-008	1.64733e-007	2.81996e-008	5.72345e-006	1.53703e-005	0.0156911	0.622231	0.027218	0.00977537	0.00163005	0.000190487	7.5808e-006	4.63307e-007	1.7958e-005	0.0498137	0.365778	0.287723	0.851537	0.937187	0.860361	0.803108	0.139725	0.00396912	0.000454451	0.000165971	9.31293e-005	2.17548e-005	8.0618e-006	8.99632e-007	1.56013e-008	8.31815e-011	3.26435e-013	3.50361e-015	6.20261e-017	1.57694e-016	1.17867e-016	
0	0	0	0	4.16383e-013	2.31107e-011	3.88031e-011	8.80885e-011	2.01481e-010	1.33876e-011	6.89091e-013	4.92067e-011	3.29468e-012	4.31452e-013	1.28635e-009	1.09069e-009	5.08095e-009	2.05248e-007	5.27334e-006	0.000822118	0.0331489	0.619522	0.632017	0.95567	0.783311	0.0397955	0.00257243	0.00161375	0.00229851	0.00127213	0.0107341	0.00308523	0.0151558	0.0922413	0.18793	0.859088	0.995513	0.999383	0.999831	0.999906	0.999978	0.999992	0.999999	1	1	1	1	1	1	1	


