E:\Google Drive\Progetti\MSR Action3D\Real\a03_s09_e03_skeleton3D.txt
3
TRUE
-780.798
-841.876
-814.303
-808.488
-823.207
-836.433
-821.545
-802.698
-799.871
-800.376
-839.78
-789.187
-809.164
-734.471
-779.663
-783.272
-774.178
-763.286
-783.681
-779.489

32
20
1	0.73827	0.380891	0.0598705	0.00831729	4.58596e-008	1.98545e-013	2.41069e-018	2.6665e-022	4.56013e-026	4.13524e-027	7.21613e-028	6.11378e-028	2.71787e-028	8.64309e-028	3.43468e-027	1.96469e-026	5.29652e-026	6.63199e-026	6.8635e-026	1.65888e-025	8.15571e-026	3.47309e-026	1.61733e-026	1.21156e-026	3.50298e-027	4.05011e-031	1.28601e-031	1.3769e-032	1.6019e-032	1.90296e-032	3.50058e-031	1.83981e-031	
0	0.0311643	0.0887666	0.060128	0.00788751	1.94177e-007	4.7146e-012	1.1526e-016	8.99759e-020	1.43148e-023	3.58024e-024	7.10891e-025	9.66687e-025	8.56041e-025	4.6222e-024	1.68204e-023	6.16611e-023	1.31321e-022	1.15052e-022	5.45682e-023	8.96268e-023	5.99442e-023	1.45361e-022	1.8901e-022	1.41594e-022	2.5076e-022	3.85965e-026	1.91605e-026	2.67163e-027	4.88356e-027	7.19833e-027	3.29519e-026	3.3276e-026	
0	0.230565	0.150864	0.00632876	0.0149527	2.38725e-007	6.54546e-012	1.09821e-016	2.3415e-020	6.9769e-024	6.03981e-025	7.00946e-025	1.0838e-024	5.39238e-026	1.62594e-025	2.40218e-024	4.65077e-024	2.2644e-023	2.97192e-023	2.28936e-023	9.30276e-023	7.39032e-024	2.44946e-024	9.18358e-023	1.71847e-023	1.84807e-022	1.18872e-026	2.5553e-026	1.29272e-027	7.80254e-028	1.89421e-027	7.94991e-027	1.30253e-027	
0	0	0.0563176	0.144202	0.000982375	1.01214e-006	1.74245e-011	2.93521e-015	3.53105e-017	6.53223e-020	5.70465e-021	7.95813e-023	6.60877e-024	1.15046e-023	6.53761e-022	1.27253e-021	1.2133e-020	2.19706e-021	1.18144e-022	9.86761e-024	1.37087e-023	4.27551e-022	3.78749e-022	1.93923e-023	1.35226e-022	1.08174e-023	9.45508e-025	2.14253e-026	9.23122e-027	3.09622e-027	2.53438e-027	6.26002e-026	8.57778e-026	
0	0	0.32316	0.118471	0.0232184	2.85798e-005	1.87715e-008	7.15954e-013	1.33502e-014	1.49681e-015	5.0674e-017	4.81015e-020	8.18727e-024	2.79356e-026	4.87055e-023	4.49739e-020	3.37336e-020	5.23884e-020	8.09141e-023	7.28235e-026	1.10234e-023	1.4819e-021	4.20725e-022	1.30348e-021	3.04022e-022	5.74913e-023	1.75792e-023	1.27647e-024	1.28063e-027	1.02184e-030	1.42955e-029	2.16905e-026	6.52492e-030	
0	0	0	0.611	0.936093	0.992279	0.967678	0.979554	0.722739	0.632996	0.436315	0.36796	0.00585405	9.54212e-006	1.79767e-006	4.3831e-008	2.44845e-008	2.01321e-009	1.97035e-012	2.25869e-015	6.38314e-018	4.10139e-018	2.08569e-016	3.80064e-015	1.78635e-013	1.60083e-012	1.82413e-012	1.13384e-011	3.92247e-013	2.76928e-015	4.69409e-018	6.77881e-020	1.99499e-022	
0	0	0	1.00282e-010	0.00428827	0.00553612	0.0300816	0.00654994	0.0486231	0.0219254	0.00270099	0.0199411	0.00476896	6.19491e-005	1.26559e-005	1.0165e-005	1.40605e-007	3.14826e-009	4.86306e-012	3.49347e-015	2.1048e-018	7.55407e-020	1.27766e-019	6.96167e-018	2.74019e-017	1.28418e-014	2.10523e-014	7.29852e-014	2.04383e-014	3.54273e-016	1.39273e-018	3.96591e-020	1.98027e-023	
0	0	0	0	0.00426022	0.00215488	0.00224076	0.0138964	0.228638	0.345078	0.560984	0.612099	0.989377	0.999929	0.999986	0.99999	1	1	1	1	1	1	1	1	1	1	1	1	1	1	1	1	1	


1	0.998869	0.936042	0.257176	0.884932	0.0531558	0.000485608	1.19116e-006	3.10163e-008	9.99492e-010	1.79752e-009	1.7382e-009	5.2413e-010	2.02215e-010	2.80626e-011	8.15372e-012	1.23634e-011	9.21671e-011	2.48387e-009	1.81665e-007	6.62868e-007	1.2872e-007	1.36706e-007	6.83646e-007	7.36799e-007	8.36939e-006	3.27862e-006	9.59834e-006	0.000216436	0.00983335	0.00854169	0.00719653	0.0242973	
0	0.000808864	0.00138407	0.026458	0.00141394	0.0107619	1.2845e-007	5.24043e-010	5.21591e-010	1.29693e-012	3.56251e-012	2.35892e-016	4.48407e-016	5.08546e-013	1.6507e-010	5.5835e-011	6.5683e-012	1.04334e-011	2.41559e-012	1.39122e-012	4.15874e-009	1.4068e-007	4.74805e-009	7.82314e-008	8.91341e-009	5.57236e-010	1.89427e-008	2.71992e-011	1.24419e-005	1.5887e-009	2.79886e-005	0.000182457	5.42665e-005	
0	0.000321947	0.0625719	0.649378	0.00246633	0.100001	0.0018135	3.15882e-006	3.74165e-006	1.22176e-006	5.7262e-009	1.23861e-015	8.91686e-020	3.36638e-014	5.05809e-013	9.78759e-012	2.24419e-012	2.96706e-014	4.40779e-015	1.79636e-013	3.30244e-011	4.91637e-007	2.93699e-006	1.29327e-008	3.04217e-008	2.63688e-011	6.30067e-006	7.58448e-010	1.202e-010	1.49431e-010	5.58314e-011	2.02553e-006	1.48188e-006	
0	0	2.00496e-006	0.0669877	0.0888259	0.0179281	0.0586651	0.898762	0.0147742	0.249388	0.00755184	0.000360126	1.06897e-007	9.88405e-012	1.3641e-015	6.10819e-019	4.33545e-014	1.23156e-016	8.12948e-020	1.84368e-017	2.6578e-018	4.95109e-013	2.81889e-006	9.56306e-009	7.07077e-007	5.65682e-009	5.69628e-007	3.77716e-006	3.21257e-008	5.07752e-009	1.77124e-015	1.2516e-014	7.35926e-010	
0	0	9.05287e-019	1.50572e-008	0.0223621	0.808267	0.625151	0.0812985	0.979657	0.739279	0.934762	0.887231	0.000498889	7.00769e-007	2.7439e-010	6.09716e-013	2.85669e-015	4.26971e-015	5.12876e-016	3.37667e-017	2.23104e-019	1.33582e-020	5.06896e-015	2.64971e-006	1.40374e-007	7.52991e-007	8.42295e-006	1.35948e-005	0.000234346	1.52929e-005	3.42279e-007	1.16611e-009	4.56971e-012	
0	0	0	9.70772e-018	6.25457e-009	0.0098869	0.313883	0.00992946	0.00465533	0.0112598	0.0575809	0.101346	0.128792	4.00796e-006	9.00063e-011	5.82463e-013	2.08636e-016	4.5915e-015	4.4256e-013	3.5053e-011	4.22677e-012	1.96993e-015	1.55207e-018	1.83886e-012	8.21183e-010	1.17158e-007	6.57663e-008	7.2224e-007	0.000236743	0.00135228	0.00962974	1.08077e-005	7.42373e-007	
0	0	0	5.90564e-038	8.68009e-020	6.43782e-013	2.20692e-006	0.0100059	0.000541418	5.08313e-005	6.41664e-005	0.0110564	0.870706	0.338093	0.000710315	2.59467e-007	9.64369e-012	9.8026e-015	6.20063e-016	7.00798e-013	1.74744e-012	5.06166e-016	1.24322e-018	3.81476e-020	3.48376e-014	2.54962e-012	5.0244e-008	2.40797e-007	1.61827e-006	0.218918	0.956801	0.225226	0.503022	
0	0	0	0	1.29228e-021	2.56105e-014	1.69621e-009	5.85839e-008	0.00036806	2.17623e-005	4.15312e-005	6.48291e-006	3.06099e-006	0.661902	0.99929	1	1	1	1	1	0.999999	0.999999	0.999994	0.999997	0.999998	0.999991	0.999981	0.999972	0.999298	0.769881	0.0249995	0.767382	0.472624	


1	0.996683	0.855247	0.0790986	0.171318	0.00104336	3.25603e-006	3.43514e-010	2.68937e-012	3.32603e-015	3.61075e-014	3.50717e-013	7.4582e-014	7.0692e-015	1.72171e-014	4.3676e-014	2.12821e-014	2.89558e-014	4.65406e-014	5.73128e-014	5.9882e-014	2.65602e-014	5.63217e-015	8.72205e-015	2.035e-015	6.40677e-015	6.165e-015	3.33715e-015	4.75849e-015	4.14868e-015	9.79646e-015	3.30931e-015	1.69666e-015	
0	0.0031821	0.129936	0.360102	0.0125553	0.083359	2.13954e-005	1.09702e-009	5.44357e-010	1.40941e-012	1.78057e-013	1.6868e-018	2.5735e-021	2.4281e-016	5.06728e-014	1.55152e-013	4.41832e-014	1.9753e-015	1.28469e-017	6.4111e-019	3.82619e-016	4.08177e-013	5.33373e-014	6.00921e-015	5.84888e-016	2.72669e-019	4.51805e-014	4.56708e-019	2.43032e-017	1.82931e-022	1.0531e-018	6.59577e-016	3.01467e-018	
0	0.000134555	0.014817	0.560792	0.777454	0.677758	0.510192	0.714033	0.426361	0.860518	0.895662	0.132289	9.81108e-006	5.7965e-009	2.85088e-010	6.04764e-013	2.50439e-014	1.77469e-017	5.39075e-020	1.43546e-018	7.17256e-019	3.07084e-015	1.97157e-012	6.19712e-014	1.7424e-012	1.40782e-014	2.91336e-011	3.92272e-012	5.81527e-014	7.94699e-017	3.9141e-021	2.35935e-019	1.74704e-018	
0	0	2.12686e-008	4.12155e-006	0.0374138	0.0112976	0.2635	0.279486	0.0033658	0.0145936	0.0041057	0.563359	6.79738e-005	1.37374e-010	6.97863e-014	8.59532e-017	9.44667e-018	1.01248e-019	4.87222e-024	1.23391e-025	2.52536e-025	3.03754e-023	1.35225e-017	1.72198e-015	3.2297e-016	9.80123e-015	9.08766e-014	1.78535e-012	1.13465e-015	6.31919e-018	3.83407e-023	2.67212e-027	9.78632e-025	
0	0	3.86588e-007	3.33587e-006	0.00125938	0.226488	0.186371	0.00607482	0.570151	0.12474	0.0929685	0.0258855	8.68543e-006	7.15832e-009	1.99983e-011	7.51648e-014	6.187e-017	1.95294e-018	1.39896e-020	1.53208e-023	4.97465e-023	1.05081e-021	7.42085e-019	5.53933e-015	8.36828e-017	2.62954e-015	1.49342e-012	1.60314e-014	1.51985e-013	7.28497e-017	4.01886e-019	5.8952e-022	3.57292e-024	
0	0	0	1.62394e-013	1.14201e-007	5.39812e-005	0.0399118	3.58703e-005	9.03963e-005	0.000147807	0.00725803	0.267111	0.00635973	1.65468e-009	2.06539e-015	2.36381e-015	1.20228e-019	1.32669e-019	2.53239e-019	1.35289e-019	1.42269e-022	3.087e-027	6.04157e-027	2.44078e-019	3.94146e-020	4.10768e-017	5.57857e-017	1.1385e-014	5.11402e-015	6.23907e-016	3.40356e-017	1.37345e-022	1.23511e-025	
0	0	0	5.19789e-020	6.04561e-016	1.01009e-012	8.40053e-009	0.000370442	3.11808e-005	5.5209e-007	4.26557e-006	0.0113188	0.993272	0.92068	0.0406243	4.87374e-005	1.05623e-010	2.28399e-015	2.66861e-018	8.50006e-020	2.83419e-021	1.36228e-024	2.35588e-028	6.79243e-031	3.46393e-022	5.43207e-024	6.72173e-016	3.99193e-016	1.55853e-016	3.97308e-014	1.15706e-013	1.5357e-014	1.21799e-015	
0	0	0	0	1.20629e-016	6.83186e-014	1.55933e-011	2.14711e-009	4.33425e-007	6.78297e-009	1.41298e-006	3.62722e-005	0.000281477	0.0793195	0.959376	0.999951	1	1	1	1	1	1	1	1	1	1	1	1	1	1	1	1	1	


1	0.992359	0.871479	0.120692	0.113493	0.111279	0.0769759	0.0214291	0.0262424	0.0356078	0.0029858	4.22803e-005	3.65541e-005	9.95317e-005	0.0038014	0.165388	0.841806	0.99261	0.987155	0.976482	0.954796	0.316634	0.0353203	0.00473042	0.000358607	3.62913e-005	9.0057e-005	2.82138e-006	2.18185e-006	1.88772e-006	6.25863e-007	5.75863e-005	6.87217e-005	
0	0.00048655	0.000553993	0.00875474	0.000408555	5.19563e-006	1.19237e-006	8.26502e-005	7.55688e-006	1.8362e-005	1.98031e-005	1.28906e-007	1.16249e-006	1.70643e-005	5.51452e-005	2.00939e-005	0.00614086	0.00116557	0.011838	0.0226452	0.032437	0.00866052	0.00223709	4.56613e-006	8.81994e-006	1.83416e-008	1.1208e-008	1.00331e-008	9.98063e-008	1.47796e-007	4.92806e-009	2.101e-007	5.14052e-005	
0	0.0071545	0.127509	0.864513	0.0325057	0.00274334	0.000204266	0.000323765	0.000153247	0.00482453	3.29934e-005	2.9401e-008	9.34145e-009	2.6012e-006	0.000159762	0.000570506	0.141983	0.0057598	0.000890774	0.000856119	0.0127425	0.674112	0.955298	0.00110173	0.00077643	5.75779e-007	8.72442e-006	1.4983e-008	2.19821e-008	5.02699e-009	1.02177e-010	2.39675e-006	5.20592e-007	
0	0	6.88625e-006	0.00390651	0.610199	0.0298394	0.000113855	1.91068e-005	2.49833e-007	1.11971e-006	3.93502e-006	5.59143e-009	1.22392e-011	9.81647e-011	3.50502e-007	2.55019e-007	7.82288e-007	4.50963e-005	1.68069e-007	2.06406e-007	2.24245e-005	0.000384451	0.00514875	0.143993	0.0343932	8.55846e-005	5.90112e-007	3.63915e-008	3.63724e-009	2.07245e-012	5.13771e-012	1.95648e-010	2.6404e-009	
0	0	0.000451309	0.00213247	0.243343	0.845167	0.899377	0.936806	0.269498	0.785906	0.703213	0.0231427	5.58395e-005	2.5454e-009	1.15098e-008	1.13128e-006	4.44395e-007	8.28904e-005	6.79918e-007	1.2309e-007	3.33659e-007	0.000209754	0.0019951	0.850141	0.96083	0.728873	0.92819	0.916163	0.179094	0.000204753	4.73217e-007	1.13884e-007	1.14904e-009	
0	0	0	5.89898e-007	5.13313e-005	0.0109597	0.0207155	0.0332684	0.483057	0.0585776	0.223281	0.934283	0.179729	0.000944766	5.20346e-006	6.66219e-008	9.14654e-009	1.30613e-010	5.14869e-006	1.66391e-006	9.94597e-009	1.6052e-009	6.15697e-007	2.88118e-005	0.0036317	0.269238	0.0628871	0.0591965	0.694861	0.476224	0.00915633	0.000216441	7.74872e-005	
0	0	0	2.11165e-010	4.69548e-008	2.5976e-007	1.02487e-005	5.49322e-005	0.000233363	0.000176558	2.34225e-005	0.000293128	0.00160771	0.000269418	1.28486e-006	1.276e-009	7.68575e-013	1.69577e-013	1.92631e-011	1.85815e-010	1.95013e-010	4.48389e-013	2.11652e-010	2.05551e-008	3.51606e-007	1.61751e-005	4.49119e-005	0.000322758	0.000409929	0.00100075	0.000165829	8.02806e-006	1.34732e-007	
0	0	0	0	1.80569e-007	5.75841e-006	0.00260207	0.00801597	0.220808	0.114888	0.0704399	0.0422387	0.818569	0.998667	0.995977	0.83402	0.0100689	0.000336584	0.000110681	1.47476e-005	1.69889e-006	9.4778e-009	3.06467e-009	4.0862e-007	4.52444e-007	0.00175026	0.00877909	0.0243152	0.125633	0.522569	0.990677	0.999715	0.999802	


1	0.963625	0.908197	0.97608	0.85757	0.927656	0.957633	0.97646	0.973097	0.993338	0.963652	0.54078	0.430791	0.900899	0.994603	0.991269	0.991311	0.987573	0.830144	0.458113	0.605585	0.992196	0.969995	0.736443	0.801793	0.506956	0.874989	0.645042	0.893612	0.857312	0.91286	0.988326	0.981651	
0	0.0291502	0.0741837	0.0229127	0.0788023	0.0603966	0.017645	0.00958268	0.016496	0.00387497	0.0282398	0.0810716	0.0162268	0.00128455	0.00182411	0.00676824	0.00593127	0.00508156	0.00222272	0.00534226	0.00802379	0.00547065	0.026941	0.241918	0.195487	0.309376	0.115934	0.233122	0.0799479	0.0136163	0.0192368	0.00726144	0.001771	
0	0.00722444	0.0175172	0.00095825	0.0634803	0.011942	0.0247173	0.0139551	0.0104034	0.00278696	0.00808183	0.350665	0.500252	0.0570676	9.64242e-005	0.000548573	0.000881691	0.00504217	0.166567	0.520444	0.377859	0.00108597	0.00282702	0.0214237	0.00227815	0.181157	0.00901901	0.115272	0.0216686	0.10843	0.0617411	0.00393124	0.0164372	
0	0	9.05774e-005	5.68552e-006	0.000145424	2.09208e-007	4.3487e-006	6.27684e-007	3.61994e-007	1.84788e-007	8.75765e-006	0.0274534	0.0503887	0.00132703	3.75175e-007	1.54718e-007	8.55307e-008	2.55213e-006	0.000241882	0.0143935	0.00289765	4.51469e-006	1.44429e-006	1.34099e-005	9.98506e-006	0.00238233	1.41682e-006	0.00654341	3.50327e-005	0.0201188	0.00147014	2.86311e-005	1.42982e-005	
0	0	1.15772e-005	4.32963e-005	1.51929e-006	4.93307e-006	1.89165e-007	1.44671e-006	3.04485e-006	1.59051e-007	1.71147e-005	2.98244e-005	0.00233904	0.0391954	0.000989083	6.52763e-006	1.18606e-006	1.49799e-006	6.0871e-005	0.00151743	0.00552014	0.000784094	1.25295e-005	3.4144e-006	4.47083e-005	6.75408e-006	2.00499e-005	1.11747e-005	0.00471224	0.000506588	0.00468188	0.000402017	0.000105363	
0	0	0	8.63681e-008	8.09613e-008	1.36704e-007	8.47247e-009	3.72536e-009	1.9146e-008	3.19776e-008	1.1845e-009	3.22354e-008	2.60058e-006	0.000226505	0.00242803	0.00116501	0.000225281	4.97017e-007	1.8694e-009	9.65403e-008	2.43311e-005	0.000166008	2.07334e-005	1.53548e-007	1.77468e-007	6.30399e-008	6.29334e-006	2.76302e-007	9.90273e-007	5.77889e-006	7.06016e-007	4.60441e-005	4.6389e-007	
0	0	0	3.39718e-012	9.24302e-013	4.10525e-013	2.63024e-014	3.84406e-013	2.86444e-015	5.53418e-012	1.53783e-015	1.14722e-015	2.42801e-012	2.69379e-011	5.12267e-006	1.81889e-010	6.32304e-011	6.75777e-013	1.5839e-016	1.38791e-014	1.24648e-012	8.36075e-009	4.94634e-012	8.76113e-013	1.72193e-011	4.22021e-015	2.35341e-010	5.90765e-015	4.92634e-010	6.35276e-013	2.42296e-011	2.60784e-010	3.064e-013	
0	0	0	0	8.52869e-009	1.00989e-008	9.41146e-009	3.09412e-009	4.91399e-010	1.40423e-009	1.16219e-008	1.60212e-009	3.37276e-009	2.96755e-007	5.41787e-005	0.000242037	0.00164923	0.0022985	0.000764313	0.000189084	9.00217e-005	0.000292605	0.000202628	0.000198244	0.000387641	0.00012096	2.94277e-005	8.52424e-006	2.29063e-005	1.04593e-005	9.60483e-006	4.46043e-006	2.06965e-005	


1	0.300753	0.222716	0.2426	0.193536	0.0397548	0.00435912	0.0191191	0.00633379	0.00746976	0.00244212	0.000781197	0.0020369	0.000221301	1.37587e-005	9.19852e-007	3.92522e-007	1.04138e-007	4.50995e-008	6.02555e-009	1.27231e-009	1.95949e-010	1.40108e-010	1.1905e-010	2.05597e-011	5.76439e-011	1.98983e-011	5.22688e-011	2.61064e-011	3.47541e-011	2.53899e-011	8.10815e-013	5.90206e-013	
0	0.698291	0.58072	0.314078	0.549198	0.37542	0.123057	0.889497	0.374745	0.97043	0.948224	0.669208	0.391606	0.024332	0.00113033	0.000111192	4.99837e-005	3.03987e-005	2.41682e-006	2.27137e-007	1.04309e-008	1.11363e-009	2.71825e-010	4.23001e-010	1.48729e-010	3.829e-010	7.4272e-010	1.66702e-009	4.63966e-010	2.86708e-010	1.79045e-010	9.73178e-012	9.62126e-013	
0	0.000955854	0.169062	0.436636	0.212018	0.444973	0.0702093	0.0122657	0.26244	0.00140802	0.00881532	0.00213968	0.013878	0.231526	0.00501709	0.00111498	0.000355991	0.000197971	0.000107567	1.35301e-006	2.29686e-007	9.15618e-009	2.53266e-007	4.95841e-007	4.57642e-009	2.66088e-008	1.53389e-010	7.93607e-011	2.77719e-011	1.13851e-011	8.38423e-012	4.6213e-013	2.79271e-013	
0	0	0.0275021	0.00161102	0.0429087	0.137209	0.800843	0.0484189	0.352196	0.0132617	0.0370478	0.326232	0.524811	0.00645434	0.000718416	0.000931762	8.03479e-006	7.47796e-006	9.80704e-007	8.0591e-008	2.06931e-009	5.19097e-011	2.14539e-009	5.34169e-007	1.55685e-009	1.85373e-006	3.22624e-008	7.08178e-008	1.1643e-009	2.71081e-010	4.53739e-011	1.52328e-014	3.155e-015	
0	0	3.79037e-007	0.00507211	0.000596678	0.00193302	0.0015034	0.0296962	0.00361061	0.00190231	0.000529036	0.000301836	0.0666429	0.737322	0.0439412	0.021139	0.0457054	0.113377	0.319594	0.367707	0.0608394	0.0130519	0.0616451	0.00552024	0.000333128	8.31061e-005	1.56032e-006	2.4771e-008	7.11444e-008	1.40574e-007	7.58958e-008	3.35464e-009	1.79445e-009	
0	0	0	2.56264e-006	0.00174092	4.87534e-005	1.20562e-005	0.000615487	0.000626301	0.00263194	0.00272007	0.00124058	0.000756914	4.69144e-005	0.881118	0.849769	0.0271987	0.0019597	3.32641e-005	4.70478e-005	0.000520769	0.00484693	0.000275316	0.0678101	0.014501	0.0515541	0.0301535	0.294583	0.064994	0.00176825	0.00122587	3.65145e-005	1.15753e-006	
0	0	0	2.91459e-009	1.06717e-006	0.000650767	1.44515e-005	0.00038403	4.54848e-005	0.00289144	6.51755e-005	2.26487e-006	2.37231e-005	1.14263e-005	0.0680377	0.0774376	0.185128	0.00829778	4.98925e-005	0.000111555	6.56781e-006	0.000554433	4.79347e-006	1.27015e-006	0.00221018	1.6016e-006	0.888794	0.00075734	0.0675794	0.00118203	0.000127713	1.81304e-005	4.29995e-007	
0	0	0	0	3.0078e-007	1.04953e-005	1.38266e-006	3.69848e-006	2.45015e-006	5.12356e-006	0.000156797	9.43141e-005	0.000244191	8.62928e-005	2.31789e-005	0.0494951	0.741553	0.87613	0.680212	0.632133	0.938633	0.981547	0.938074	0.926667	0.982956	0.948359	0.0810507	0.70466	0.867427	0.99705	0.998646	0.999945	0.999998	


1	0.643886	0.368453	0.152717	0.0732432	0.00235055	3.45141e-005	2.95781e-007	2.28318e-008	5.31604e-010	1.24139e-009	1.01335e-010	2.60847e-011	5.64728e-010	6.9674e-011	1.66115e-011	6.16527e-012	1.64202e-012	2.18236e-012	1.6313e-012	9.01775e-013	8.74554e-014	3.73533e-013	2.52456e-013	5.84259e-014	1.16329e-013	5.29645e-014	7.65474e-014	2.15912e-014	2.28008e-014	3.35599e-015	4.43669e-016	2.55123e-016	
0	0.293302	0.302826	0.265975	0.725005	0.0161599	0.000477644	4.40569e-007	5.19872e-009	3.26555e-011	3.35624e-011	3.03637e-012	9.74906e-013	5.93945e-011	1.06025e-010	1.22558e-010	2.57335e-011	1.15047e-011	2.23031e-013	2.03867e-014	2.02091e-013	6.17498e-014	1.67325e-012	4.91294e-012	7.3693e-013	2.96924e-012	5.62498e-013	7.13515e-013	4.7871e-015	8.03271e-016	1.01753e-016	1.31117e-016	3.78017e-018	
0	0.0628121	0.315924	0.0353262	0.0383628	0.225949	0.190703	0.000345385	1.40891e-005	4.02632e-007	1.81896e-008	3.69838e-012	2.52159e-014	3.68045e-012	1.58895e-011	7.54676e-010	1.42684e-009	3.69564e-008	3.64013e-008	1.26976e-008	1.5263e-008	1.05693e-008	7.07379e-009	1.70784e-009	9.57706e-012	1.50421e-012	1.22662e-011	1.57019e-013	3.01397e-015	7.41597e-017	4.50992e-017	8.6214e-016	5.93789e-018	
0	0	0.012648	0.542607	0.081917	0.679508	0.103299	0.00750009	0.00188429	0.00274332	0.000264969	2.57267e-009	6.84669e-014	7.03474e-014	2.56158e-012	4.50611e-012	1.33277e-009	1.62076e-009	4.0036e-010	2.1933e-010	4.87165e-010	4.94207e-008	9.1528e-007	1.29123e-007	6.49257e-008	4.22873e-010	8.41595e-009	2.7695e-012	7.88341e-014	1.51308e-017	1.32376e-020	1.44212e-018	1.82804e-017	
0	0	0.000148354	0.00336523	0.0528508	0.0759185	0.705296	0.990864	0.997874	0.994927	0.619719	0.132629	0.0664318	0.232287	0.00251301	2.48717e-005	7.75297e-007	3.07186e-008	1.22826e-008	2.48447e-008	2.12128e-009	5.59956e-011	3.50054e-008	2.59983e-008	1.4467e-008	2.85385e-008	3.66128e-007	3.29635e-007	4.22656e-008	1.56249e-007	4.07248e-009	2.25215e-011	2.35827e-011	
0	0	0	9.84259e-006	0.0286193	7.53894e-005	0.000190249	0.00119697	7.45699e-005	0.000970261	0.17289	0.783632	0.895913	0.00975716	0.000173306	2.07947e-005	4.07562e-009	7.10484e-009	2.14414e-010	1.39818e-009	8.73596e-010	2.603e-012	8.08666e-012	1.36972e-007	5.5259e-008	1.01265e-008	5.8388e-010	4.00831e-006	2.23053e-007	6.62645e-007	8.29687e-007	9.21303e-008	3.00597e-010	
0	0	0	4.71274e-007	1.77358e-006	1.54496e-005	5.28049e-008	9.31692e-005	0.000151961	0.0013586	0.204951	0.0788713	0.0260872	0.1057	0.00895815	5.01656e-005	5.93519e-007	7.36835e-010	3.32547e-011	8.7935e-012	2.13639e-011	1.89054e-011	1.30297e-013	2.1618e-011	7.5315e-008	4.24842e-009	9.4135e-008	4.60884e-007	8.57939e-007	2.42428e-007	2.29487e-007	7.04358e-008	1.67157e-008	
0	0	0	0	3.68293e-007	2.28422e-005	5.28997e-008	1.04375e-008	8.61287e-007	6.44015e-007	0.00217621	0.00486763	0.0115677	0.652256	0.988356	0.999904	0.999999	1	1	1	1	1	0.999999	1	1	1	1	0.999995	0.999999	0.999999	0.999999	1	1	


1	0.463092	0.275659	0.198457	0.308998	0.00141964	3.86459e-005	8.27981e-007	1.16202e-008	1.69076e-010	3.54226e-011	1.34815e-011	7.59954e-012	5.52911e-012	4.28355e-011	5.24105e-011	4.72093e-011	5.59146e-011	6.2226e-012	1.76657e-012	7.44033e-013	4.56603e-012	5.71264e-011	2.95979e-011	1.95238e-010	9.84276e-011	7.14806e-012	3.36757e-012	1.07544e-012	4.10326e-013	2.6714e-014	1.90827e-014	9.41154e-015	
0	0.536905	0.338083	0.197443	0.251778	0.0240396	0.000964379	0.000319209	2.68653e-005	3.38313e-005	9.36348e-006	1.79737e-005	1.94257e-005	2.59302e-007	1.45258e-006	3.43948e-007	2.75009e-008	2.0514e-009	4.07521e-011	1.76103e-012	8.51397e-013	4.96032e-012	3.04053e-012	3.00043e-011	7.90034e-010	6.83697e-010	1.77298e-009	2.93083e-009	4.52926e-009	6.66273e-010	1.16764e-010	7.13364e-011	1.95428e-011	
0	2.34681e-006	0.386257	0.568523	0.0285578	0.769442	0.0958073	0.0114098	0.052552	0.00839164	0.000373061	3.95448e-006	2.02292e-008	4.47818e-005	0.000231125	4.54629e-005	0.000264837	6.15621e-006	5.5481e-008	4.56418e-011	7.91728e-014	7.19031e-013	1.30211e-010	6.0107e-012	3.59835e-010	3.27475e-011	3.93581e-009	2.46129e-011	1.51839e-010	2.16676e-012	5.6336e-014	9.85051e-013	1.49539e-013	
0	0	1.46127e-007	0.0270484	0.374247	0.0050817	0.0324172	0.0548819	0.00406341	0.0122372	0.00210528	0.000171665	6.25366e-005	1.53188e-005	2.7353e-005	1.25903e-005	1.78001e-006	3.54554e-005	2.07765e-006	3.02126e-007	2.41948e-007	1.09817e-006	1.57945e-006	8.29261e-007	1.54997e-006	1.87366e-007	5.19872e-008	1.2647e-008	5.21597e-009	2.84818e-010	5.31958e-012	1.34105e-012	5.83245e-013	
0	0	4.25615e-007	0.00852878	0.031774	0.198429	0.864027	0.277765	0.578084	0.308584	0.0634815	0.0353669	0.0105151	0.031043	0.00646726	0.00275223	0.00236113	0.00239574	0.00358727	0.00142207	8.2944e-005	6.22736e-005	0.00173778	0.000414069	0.00173022	0.00128449	0.00889855	0.000897484	0.00041133	0.000140688	2.21824e-006	4.1195e-007	3.34963e-008	
0	0	0	1.00015e-008	0.00461372	0.000166592	0.0039539	0.653892	0.169603	0.590354	0.871052	0.7853	0.155025	0.000188772	0.0449738	0.0020196	3.00059e-006	2.40146e-006	1.28722e-007	9.75454e-007	6.64265e-006	7.51203e-005	7.75301e-006	0.00163083	0.00526904	0.0108412	0.0126314	0.144499	0.0277065	8.25037e-005	1.65537e-006	2.96181e-008	2.35518e-008	
0	0	0	5.01969e-010	3.17544e-005	0.00142079	0.00277819	0.00167349	0.194019	0.0754671	0.0301528	0.0730098	0.0779136	0.681569	0.479689	0.535917	0.95155	0.779786	0.414745	0.107841	0.00551974	0.00530192	0.106019	0.0231684	0.120641	0.0381052	0.350882	0.0286271	0.0287156	0.0043261	6.84142e-005	2.67156e-005	1.04083e-006	
0	0	0	0	2.3713e-010	6.67537e-007	1.3277e-005	5.78017e-005	0.00165096	0.00493158	0.0328262	0.106129	0.756464	0.287139	0.46861	0.459253	0.0458194	0.217775	0.581666	0.890735	0.99439	0.99456	0.892234	0.974786	0.872358	0.949769	0.627588	0.825976	0.943167	0.995451	0.999928	0.999973	0.999999	


1	0.503258	0.157521	0.0164076	0.172087	0.020361	0.00010501	2.75952e-007	4.03679e-010	1.9138e-012	3.84592e-014	1.20514e-015	4.09983e-015	8.57485e-015	6.66219e-015	6.51112e-015	2.62285e-014	2.61377e-014	1.96886e-014	1.12473e-014	4.15934e-015	9.69271e-016	7.22918e-016	3.33914e-016	1.19795e-016	3.33469e-016	7.98903e-016	1.57826e-016	6.33499e-017	2.00707e-017	5.58675e-018	1.95954e-018	3.21092e-019	
0	0.496733	0.840379	0.589136	0.283092	0.201452	0.000320549	5.53272e-007	2.84448e-010	1.49088e-011	3.88285e-014	4.93903e-018	1.66308e-018	7.79415e-016	1.58386e-014	7.77403e-014	1.07336e-011	3.58598e-011	5.98277e-012	9.62089e-013	1.61755e-013	7.99162e-012	1.28466e-012	4.15081e-015	3.4812e-015	6.88688e-018	8.45749e-015	7.96905e-018	7.56841e-018	1.76684e-019	7.54031e-020	2.13288e-017	6.17293e-019	
0	9.54532e-006	0.00209943	0.394453	0.240302	0.03951	0.000228083	4.58754e-006	5.19319e-012	4.33259e-013	1.71523e-016	6.1489e-020	2.23738e-020	9.04876e-020	5.81693e-019	1.61071e-018	7.41358e-015	1.07667e-013	6.64521e-015	7.8849e-015	4.87038e-016	7.87091e-014	1.02637e-012	1.67496e-015	1.65544e-014	4.79176e-019	1.15704e-017	6.9477e-019	3.40462e-020	3.89424e-021	5.57015e-024	1.72562e-021	6.32057e-021	
0	0	5.72925e-007	3.48825e-006	0.304514	0.115417	0.00484345	0.000329232	1.08088e-006	3.57853e-009	3.03062e-013	1.61592e-016	1.80802e-018	2.38061e-021	7.9083e-023	1.51886e-022	1.01773e-021	4.05049e-019	1.49574e-016	6.81701e-018	2.46395e-018	7.26308e-019	2.25696e-015	8.32504e-014	1.05921e-015	5.17308e-015	6.86729e-016	6.61838e-018	7.92059e-020	5.0178e-023	2.82888e-025	5.26905e-027	1.97049e-023	
0	0	1.59597e-014	5.75163e-009	5.52898e-006	0.621185	0.931568	0.958542	0.99166	0.990163	0.99633	0.980156	0.335824	0.0020295	5.20627e-005	1.30772e-006	3.71219e-008	4.87161e-010	6.16677e-013	6.87024e-016	4.28995e-019	1.99405e-020	5.22227e-020	2.55726e-015	1.97868e-014	1.11794e-012	5.31146e-010	1.64563e-008	3.66082e-009	4.13562e-011	1.55485e-012	5.53711e-016	8.63112e-019	
0	0	0	3.3373e-013	1.93866e-009	0.00207437	0.0624399	0.0407303	0.00827299	0.00964096	0.0019523	0.0132202	0.0148368	0.00187514	9.68225e-005	1.57115e-005	4.84394e-007	2.42099e-009	6.66761e-012	7.80035e-015	1.50689e-019	7.47659e-022	5.5386e-023	5.28755e-020	1.19233e-017	1.94825e-015	3.3413e-012	6.53104e-012	2.13874e-010	5.8167e-013	3.62768e-015	6.43006e-017	6.51415e-020	
0	0	0	1.03366e-018	3.89744e-010	2.31245e-007	0.00049517	0.000391169	6.60192e-005	0.000195642	0.00171514	0.0066157	0.638722	0.0899655	0.000334639	0.000160972	0.000111003	0.000908595	0.0201914	0.303923	0.0200111	0.000203391	1.51038e-007	8.88618e-009	9.68085e-011	5.01135e-012	1.85154e-011	2.42329e-012	3.12969e-009	1.07619e-009	3.00587e-009	1.66523e-010	6.06718e-012	
0	0	0	0	5.5305e-015	4.02617e-012	1.01978e-008	1.8177e-006	2.55506e-007	8.35621e-008	2.31579e-006	8.19251e-006	0.0106176	0.90613	0.999516	0.999822	0.999888	0.999091	0.979809	0.696077	0.979989	0.999797	1	1	1	1	1	1	1	1	1	1	1	


1	0.492666	0.377997	0.625468	0.874194	0.986549	0.067303	0.000333635	3.49302e-006	7.33786e-009	5.16658e-009	1.40078e-008	1.45837e-007	1.01244e-008	7.54187e-010	2.00264e-011	1.92507e-011	7.57569e-012	2.17276e-012	1.46928e-012	8.88827e-013	8.0545e-013	3.76595e-012	9.41535e-012	1.57559e-010	4.53408e-010	4.30953e-010	9.54413e-010	5.53449e-010	3.78797e-009	1.96107e-009	4.1359e-009	2.33766e-009	
0	0.507128	0.620895	0.340748	0.124764	0.000438342	3.12369e-005	1.58254e-008	6.98401e-011	8.59113e-013	3.6514e-010	3.59164e-010	2.10845e-008	2.05377e-009	1.58531e-009	3.75453e-010	1.63602e-009	3.02742e-008	9.80097e-008	4.27537e-007	3.63987e-007	1.94592e-006	2.54648e-007	3.15813e-008	2.84407e-008	3.3711e-009	3.2059e-012	7.67214e-012	2.17122e-010	2.28402e-009	7.46783e-009	3.78737e-007	2.608e-007	
0	0.000205464	0.00110758	0.0337838	2.62315e-005	0.000104194	3.07171e-007	2.29322e-007	3.61507e-010	4.57852e-011	2.73432e-012	1.10723e-014	2.21214e-012	2.85267e-010	3.03834e-010	4.0538e-013	7.13427e-010	6.54131e-012	7.3993e-012	1.23284e-010	1.88031e-009	1.34175e-006	7.76987e-008	3.30137e-012	3.94635e-009	9.55294e-013	5.09689e-010	8.75265e-014	1.51675e-012	2.06128e-013	2.87513e-013	2.47759e-009	7.84218e-009	
0	0	1.50894e-008	2.29314e-008	6.71464e-005	4.54615e-008	1.43598e-009	2.17286e-014	3.13723e-014	1.96619e-016	3.90053e-016	7.98104e-016	6.11109e-018	1.22844e-018	2.11065e-016	3.08313e-015	6.52371e-017	9.85297e-014	2.24791e-017	1.60467e-016	1.17948e-014	1.81308e-013	8.48591e-010	1.13661e-010	1.74818e-013	1.58482e-012	1.36238e-015	5.09956e-014	5.16858e-018	2.60213e-016	1.01916e-018	4.7615e-017	1.11207e-015	
0	0	3.32638e-008	3.11797e-007	0.000948351	0.00255007	0.000616016	3.92224e-008	2.58682e-011	4.66243e-017	1.84088e-016	1.21825e-016	7.19757e-020	8.43827e-020	6.97105e-016	7.95741e-016	1.82151e-019	1.92472e-014	1.97905e-017	1.24379e-018	1.19878e-015	3.56142e-013	3.8502e-009	2.08089e-007	9.03354e-009	2.1369e-008	7.12271e-012	7.34461e-013	9.12446e-016	5.23882e-019	5.56856e-019	4.00141e-018	1.30467e-015	
0	0	0	8.0073e-010	6.73265e-009	0.010358	0.932036	0.999578	0.997838	0.999943	0.924721	0.83929	0.0165274	1.16408e-007	5.10203e-010	1.77971e-013	2.21381e-016	2.21473e-020	3.26209e-020	1.70069e-022	9.88117e-024	3.83928e-017	2.24907e-014	7.13169e-010	6.77884e-007	2.66236e-005	0.0285146	0.710373	0.00629299	1.22126e-005	3.15106e-009	5.09879e-012	4.89766e-016	
0	0	0	1.2785e-018	5.95036e-013	2.20302e-010	7.70322e-006	4.71845e-005	0.00138126	3.61508e-005	0.0640942	0.146476	0.103178	0.000124779	2.81965e-006	2.01537e-008	8.05949e-011	2.00875e-013	1.93741e-016	1.27614e-019	5.77523e-024	1.83474e-025	2.8981e-020	7.58908e-017	1.81305e-012	1.31948e-008	1.23374e-006	9.78667e-005	0.0398749	0.00017138	1.82515e-006	9.47455e-010	5.14222e-013	
0	0	0	0	3.50328e-012	1.25268e-010	5.52006e-006	4.10513e-005	0.000777452	2.10942e-005	0.0111853	0.0142336	0.880294	0.999875	0.999997	1	1	1	1	1	1	0.999997	1	1	0.999999	0.999973	0.971484	0.289529	0.953832	0.999816	0.999998	1	1	


1	0.494802	0.566438	0.521768	0.841264	0.405526	0.00191201	1.1588e-005	2.58378e-008	5.69877e-011	1.09302e-010	1.49708e-010	6.18479e-011	3.03542e-011	4.00753e-011	3.15914e-011	4.78436e-011	1.19262e-010	1.69763e-010	1.56615e-010	6.09547e-010	1.07586e-009	2.52493e-009	1.98026e-008	4.24966e-008	1.16974e-007	1.72167e-010	3.20753e-010	4.83643e-010	4.41743e-010	1.94278e-009	3.71698e-009	1.02621e-008	
0	0.0026942	0.0202377	0.0617875	0.05909	0.175123	0.016591	0.000255923	7.65663e-006	7.3498e-008	1.58176e-007	3.18895e-007	1.79837e-007	2.99182e-007	1.51131e-007	2.70497e-008	1.83775e-008	1.77966e-008	5.9916e-009	7.46098e-010	3.12287e-010	1.45369e-010	9.52247e-009	5.36328e-008	8.16256e-008	1.06545e-006	4.55911e-009	3.4349e-009	2.11139e-009	7.51719e-009	6.8666e-009	8.51069e-010	1.58143e-009	
0	0.502504	0.365842	0.198753	0.0857978	0.00121667	0.000802448	2.22468e-005	8.16954e-009	2.3544e-008	9.00155e-009	1.0718e-007	1.33762e-007	3.06064e-008	1.10158e-008	5.78117e-009	3.47239e-009	1.67267e-009	1.12273e-009	3.52255e-009	1.57946e-009	5.19157e-010	5.46519e-010	6.43684e-011	1.40127e-008	6.29331e-009	5.04354e-010	2.49357e-009	4.58413e-011	1.0202e-008	1.33828e-009	2.38443e-009	3.39509e-009	
0	0	9.2494e-005	3.76645e-006	8.54106e-005	3.13829e-006	6.65429e-009	4.43638e-009	2.23912e-011	1.20831e-014	1.51451e-011	1.50195e-010	1.96472e-009	5.54063e-011	1.25365e-012	3.11265e-013	1.49893e-013	1.36978e-012	1.25194e-011	9.21433e-012	8.64737e-012	1.67303e-014	1.00366e-014	1.4012e-013	1.40386e-015	4.20163e-011	1.24115e-014	7.12827e-013	5.9457e-012	1.76741e-012	6.85638e-010	1.09705e-011	7.36012e-012	
0	0	0.0473892	0.217676	0.0115782	0.117306	0.000180321	0.000193462	4.21451e-007	6.31817e-007	2.24808e-008	3.11766e-011	5.33085e-012	1.5487e-010	4.13653e-009	2.50148e-011	4.3364e-009	5.09871e-011	3.16382e-013	6.80815e-013	5.66051e-011	6.11636e-009	1.10741e-009	8.92856e-012	7.67301e-011	2.36138e-012	1.005e-009	8.38942e-012	2.35624e-011	1.30166e-014	1.39593e-012	1.07642e-010	4.80911e-011	
0	0	0	1.14834e-005	0.00218411	0.280846	0.822771	0.169646	0.53967	0.00226268	0.000284194	0.000649027	2.63779e-005	2.30649e-007	2.56572e-012	8.90231e-014	3.3234e-016	7.84392e-013	4.89924e-013	3.28301e-015	2.83986e-015	5.20367e-016	6.1518e-010	6.13113e-009	1.83007e-011	2.88987e-009	1.7552e-012	2.76433e-010	1.9309e-012	3.06457e-013	4.07798e-015	2.3906e-018	1.53233e-013	
0	0	0	9.27217e-037	2.25768e-010	5.46839e-006	2.3122e-005	0.000271108	9.34805e-006	5.93308e-005	1.72934e-007	7.65275e-009	1.72026e-008	5.45384e-010	1.27428e-010	1.14614e-013	1.99035e-018	3.59279e-022	1.12382e-018	3.18548e-019	4.59688e-021	2.19229e-020	1.45642e-020	4.89535e-014	8.58584e-014	1.61148e-015	6.65418e-014	5.37838e-017	8.04239e-015	3.44539e-018	9.45307e-019	3.02228e-021	2.93295e-023	
0	0	0	0	8.69191e-007	0.0199743	0.15772	0.829599	0.460312	0.997677	0.999715	0.999351	0.999973	0.999999	1	1	1	1	1	1	1	1	1	1	1	0.999999	1	1	1	1	1	1	1	


1	0.0417618	0.00650099	0.000654948	0.000107226	0.000103785	6.79299e-006	5.21406e-007	4.09024e-008	5.0515e-009	1.19907e-010	5.02251e-012	4.22399e-011	1.13792e-011	8.47477e-013	7.71231e-014	6.47546e-014	2.52419e-014	1.5634e-014	4.25481e-015	4.6307e-016	4.55088e-017	2.39106e-017	1.12896e-017	9.44713e-018	6.66748e-018	4.3854e-017	2.89581e-018	1.52909e-017	2.21679e-017	5.90761e-018	5.03745e-019	1.67885e-020	
0	2.6275e-007	3.69462e-006	2.88879e-006	2.43597e-008	3.12135e-006	9.51122e-009	3.22005e-009	1.45696e-008	1.66998e-009	6.84315e-010	6.40167e-012	1.9531e-014	1.28913e-014	2.23098e-015	1.32321e-016	4.10225e-015	8.61361e-017	4.7212e-018	1.98136e-019	2.93772e-020	1.59988e-018	5.70213e-019	1.45972e-020	1.29822e-020	4.26614e-020	1.37679e-018	2.26518e-021	1.86535e-017	3.20507e-021	1.34069e-021	1.47474e-023	3.12358e-023	
0	0.958238	0.968333	0.806829	0.888342	0.831961	0.537377	0.0647145	0.0427553	0.104922	0.0221815	0.000334798	0.000466765	0.000141691	0.000256135	0.00126698	0.00072572	0.00051644	4.77751e-005	2.553e-006	1.59449e-006	1.20347e-005	2.11015e-005	7.5882e-005	0.000112093	0.000579718	0.0751753	0.0257562	0.0396872	0.00954461	0.00121742	0.00051402	2.05151e-005	
0	0	0.0251584	0.192216	0.10884	0.161991	0.459221	0.934052	0.928565	0.845804	0.957403	0.997433	0.939934	0.0367437	0.00129423	4.21145e-005	7.85174e-006	6.6557e-007	1.70106e-008	3.81915e-009	2.6653e-010	8.03595e-008	1.46729e-005	1.30734e-005	0.000119016	0.000704733	0.0629704	0.861755	0.332984	0.0701868	0.000104726	1.51515e-007	1.66792e-007	
0	0	3.88643e-006	0.000297269	0.00268931	0.00578244	0.00325142	0.00116793	0.0286707	0.0489298	0.0181457	0.00124069	0.00665721	0.0118848	0.0195464	0.0287596	0.00089452	7.22761e-005	2.61581e-007	7.98635e-011	1.78589e-012	2.24772e-010	7.44402e-010	5.32817e-007	2.46853e-007	1.00787e-005	0.00235431	0.000396065	0.488734	0.000730391	0.000186739	3.12475e-006	2.71661e-009	
0	0	0	6.1034e-008	2.15783e-005	0.000158848	0.000143313	6.41648e-005	7.83651e-006	0.000343697	0.00226914	0.000988974	0.0153572	0.00165577	2.6029e-005	0.000609946	0.00305369	0.00389149	0.0105835	0.0582972	0.0135827	0.00600119	0.000908689	0.000225607	5.63626e-005	1.61053e-005	4.67559e-005	5.89787e-005	0.00235484	0.28397	0.0526317	0.00125358	0.000256609	
0	0	0	5.16622e-011	6.40972e-009	3.97359e-008	3.96779e-007	1.25159e-006	6.46872e-007	6.34911e-008	5.11038e-007	2.76715e-006	0.0375797	0.942657	0.826263	0.153406	0.00119393	0.00024656	0.000451759	0.00114269	0.0305924	0.0115985	0.00270557	0.000785392	0.000146751	2.11093e-005	2.84224e-005	3.25165e-006	0.000135397	0.0234755	0.670382	0.47261	0.814536	
0	0	0	0	1.95973e-011	3.81319e-010	1.18677e-009	7.99946e-010	2.43113e-009	1.80922e-009	1.11815e-009	1.18167e-008	5.05046e-006	0.00691692	0.152615	0.815915	0.994124	0.995273	0.988917	0.940558	0.955823	0.982388	0.99635	0.9989	0.999566	0.998668	0.859425	0.112031	0.136104	0.612093	0.275478	0.525619	0.185187	


1	0.997622	0.998866	0.999707	0.910682	0.785978	0.000170272	8.99884e-009	3.83452e-013	6.28833e-017	1.85777e-018	5.99967e-021	2.35931e-021	1.11334e-021	2.23811e-021	4.40606e-022	1.16568e-021	1.01044e-021	2.79574e-022	7.04821e-023	2.77407e-022	5.98954e-022	3.48899e-021	1.64379e-020	5.1508e-020	1.13385e-018	1.00113e-020	3.65051e-020	4.10982e-021	1.92044e-021	1.33877e-021	8.02188e-021	3.41464e-021	
0	0.00190948	0.00101999	0.000179882	0.0884231	0.013676	0.000277501	5.94748e-008	1.94864e-012	6.55258e-017	1.54112e-018	1.00986e-018	2.16631e-017	3.85354e-020	5.52561e-024	8.42463e-026	2.73832e-025	2.63186e-024	1.39807e-022	4.78437e-023	2.07206e-024	5.50782e-027	3.91168e-023	7.20403e-021	1.60354e-022	2.184e-017	3.74191e-022	5.35873e-019	3.52887e-021	1.71149e-020	1.83759e-021	5.11909e-025	5.57353e-022	
0	0.000468329	9.50418e-005	2.75895e-005	0.00062221	0.0069964	3.95913e-005	4.35006e-008	1.59648e-011	3.95485e-015	4.3551e-017	8.35328e-019	1.87411e-018	2.36808e-020	3.95027e-023	2.0833e-026	4.86589e-027	6.23809e-026	2.16967e-025	3.38068e-025	1.82887e-025	4.18148e-027	2.35813e-025	3.88189e-023	1.10598e-023	6.63785e-020	4.09501e-020	4.42522e-019	2.17219e-021	1.55128e-021	1.27882e-021	2.73288e-024	2.96984e-024	
0	0	6.73014e-007	6.31208e-006	2.04789e-007	0.00246747	3.68285e-007	4.47356e-010	2.93993e-013	1.64342e-017	5.92807e-019	1.14696e-022	2.3454e-020	9.18606e-019	1.64824e-017	8.06041e-018	1.62023e-019	5.98793e-021	3.32503e-023	1.11968e-025	1.52923e-025	3.14641e-026	1.95097e-026	5.72769e-025	4.02908e-023	9.25529e-024	1.01133e-021	1.93786e-022	2.63152e-021	9.33879e-023	1.54261e-022	5.11702e-023	1.93402e-024	
0	0	1.85241e-005	7.78191e-005	3.55363e-006	0.00386471	3.78507e-005	4.51742e-008	4.25842e-012	6.20498e-014	5.7399e-017	7.88523e-023	2.27647e-023	3.49122e-021	6.12998e-019	9.3068e-019	1.85803e-016	3.55684e-016	3.36019e-018	2.50467e-020	5.64139e-021	6.10352e-019	7.48105e-018	6.93952e-019	2.3072e-018	7.46891e-020	4.56252e-020	3.98499e-022	2.43214e-022	2.33922e-024	1.12376e-025	4.88356e-022	6.33348e-024	
0	0	0	1.06615e-006	0.000269129	0.108392	0.212671	0.00323428	1.45562e-006	1.3206e-009	7.2555e-013	3.94546e-017	7.00112e-021	4.02912e-025	5.37796e-024	3.09501e-022	1.49746e-022	3.87535e-019	1.85777e-021	9.75055e-024	9.22881e-023	5.41059e-022	2.00467e-018	1.85113e-015	1.56734e-015	1.64224e-013	5.71886e-016	1.11601e-014	4.19099e-018	1.54519e-022	9.446e-027	4.76459e-029	1.9777e-026	
0	0	0	1.90514e-011	7.63146e-008	0.0786225	0.786594	0.994706	0.997748	0.997684	0.981428	0.999416	0.683725	0.000240854	8.96791e-006	3.95281e-008	6.5355e-011	1.19491e-013	5.76178e-017	1.65377e-020	3.09619e-024	3.18648e-025	7.3667e-023	8.53512e-018	8.17238e-017	6.9346e-013	2.33435e-011	8.97708e-009	1.77938e-009	3.84944e-011	1.86883e-012	9.91059e-016	1.04947e-018	
0	0	0	0	2.42516e-013	2.05017e-006	0.000209015	0.00205997	0.0022507	0.00231612	0.0185719	0.000584121	0.316275	0.999759	0.999991	1	1	1	1	1	1	1	1	1	1	1	1	1	1	1	1	1	1	


1	0.998579	0.441378	0.00164187	6.80562e-005	6.04173e-009	8.62439e-013	9.89806e-017	1.87213e-019	1.11944e-020	4.82934e-022	1.46538e-025	6.76887e-027	1.31382e-025	6.03882e-026	5.12133e-027	1.36132e-027	1.82555e-028	3.53663e-029	7.01966e-031	2.05256e-031	8.06769e-031	1.25498e-031	1.32646e-032	2.78682e-033	7.59617e-034	4.34205e-035	1.77248e-036	3.11278e-037	2.03449e-037	1.26243e-037	5.22017e-037	1.47815e-037	
0	0.00141655	0.558188	0.99409	0.386894	0.00106433	6.66989e-008	6.22868e-011	1.43682e-014	2.43928e-016	6.34664e-019	3.89107e-024	3.27415e-028	2.41476e-028	7.69868e-028	5.31127e-030	1.42626e-029	1.88e-030	9.86059e-033	1.82112e-033	1.45991e-033	2.80502e-030	1.56651e-029	8.77541e-030	2.6146e-028	1.74082e-031	7.51569e-033	1.48574e-035	7.84688e-037	1.94818e-039	7.07127e-041	4.91571e-039	6.89003e-040	
0	3.94862e-006	0.000434018	0.00426767	0.613012	0.998847	0.984361	0.96163	0.830059	0.455511	0.00247867	1.34844e-006	2.13671e-010	9.12709e-012	8.39966e-015	4.80344e-019	2.13944e-022	2.46254e-026	3.23538e-030	5.44702e-035	1.88474e-036	1.12362e-034	1.04663e-029	3.84418e-028	3.50878e-027	4.76217e-026	7.70208e-027	2.14002e-026	3.39048e-028	2.1555e-031	6.27935e-035	6.59635e-038	2.48025e-040	
0	0	1.04568e-008	5.05359e-009	2.59165e-005	8.90546e-005	0.0156388	0.0383702	0.16994	0.544479	0.997384	0.999998	0.999841	0.0741281	1.40985e-005	1.01864e-009	2.67503e-014	4.46007e-019	9.39786e-023	1.00294e-026	3.56646e-031	1.68197e-034	3.83137e-035	7.40014e-031	2.4899e-030	1.03097e-025	4.85878e-026	2.98563e-024	1.26454e-025	4.40467e-026	6.17977e-028	1.48592e-032	1.83908e-035	
0	0	5.95866e-016	1.08899e-014	2.34546e-013	3.65556e-012	1.65517e-011	6.73552e-010	1.35351e-006	7.63994e-006	3.90241e-005	3.17869e-007	0.00010633	0.871078	0.991425	0.971779	3.54358e-005	1.45332e-008	6.4804e-013	4.25847e-019	5.90152e-023	2.39868e-025	1.66698e-029	1.2367e-032	1.45109e-035	3.51529e-034	1.44746e-029	3.80806e-030	3.80518e-028	8.4075e-030	1.13509e-028	6.83331e-030	3.06417e-034	
0	0	0	1.29043e-013	3.21561e-013	9.29281e-010	5.92194e-011	7.23328e-009	3.58737e-008	2.42612e-006	9.85851e-005	5.43998e-007	5.22977e-005	0.0528086	0.0080886	0.0281921	0.999668	0.982551	0.225648	0.00281514	4.76311e-006	6.93066e-007	5.66252e-009	1.37196e-011	2.69451e-013	6.83979e-017	3.63847e-020	2.46557e-024	4.61592e-025	8.85642e-028	2.88042e-029	4.49469e-030	7.36337e-032	
0	0	0	3.49813e-025	2.69388e-016	2.32839e-018	8.64162e-015	1.94464e-014	8.83891e-013	7.41912e-011	8.44064e-009	4.13894e-009	1.87341e-007	0.00184985	4.052e-005	5.43161e-006	0.000254288	0.0159127	0.771432	0.99474	0.932834	0.144455	0.00253114	1.80916e-005	1.33665e-006	2.89716e-009	8.27019e-012	9.4592e-014	6.55459e-014	4.87476e-013	3.96427e-013	2.0882e-013	3.81672e-013	
0	0	0	0	5.05475e-016	6.1368e-017	3.10672e-013	1.19882e-013	1.25776e-010	1.5142e-009	1.54546e-008	4.12575e-009	2.77047e-009	0.000135837	0.000431806	2.37363e-005	4.19377e-005	0.00153633	0.0029199	0.00244527	0.0671614	0.855544	0.997469	0.999982	0.999999	1	1	1	1	1	1	1	1	


1	0.120078	0.0204089	4.94458e-005	1.6392e-006	2.21061e-010	1.72836e-013	1.52731e-017	2.71155e-021	3.28456e-025	9.69066e-027	3.8949e-028	2.69066e-028	2.4014e-029	6.27483e-029	9.22952e-029	7.77616e-028	2.45164e-027	2.96978e-027	2.60389e-027	6.05874e-027	1.12291e-026	2.90821e-027	4.1104e-028	1.70497e-028	5.85235e-029	2.00565e-031	3.76815e-032	1.156e-033	2.39163e-034	4.2489e-035	1.28293e-034	9.33192e-035	
0	0.0472158	0.0114742	3.98516e-005	1.33375e-006	3.75752e-010	3.01621e-013	3.73626e-017	1.40219e-020	1.86647e-024	6.85016e-026	8.48113e-027	5.32756e-027	8.26118e-028	7.24249e-027	1.93631e-026	1.85142e-025	2.73979e-025	4.61107e-026	2.21676e-026	1.98772e-026	1.00093e-025	3.58294e-026	3.74293e-027	4.69196e-027	8.51856e-028	4.89825e-030	5.6239e-031	6.0972e-032	3.14123e-032	7.35588e-033	3.09625e-032	1.43152e-032	
0	0.832706	0.283496	0.00322575	2.21518e-005	3.00174e-008	5.24204e-011	1.44082e-014	1.12465e-016	1.72878e-018	3.2664e-020	1.08466e-023	1.25275e-026	2.88309e-028	6.14165e-025	3.25971e-023	4.44939e-022	8.21705e-022	3.0321e-024	4.96775e-027	7.19522e-027	9.72019e-024	1.11184e-024	3.78145e-026	7.3956e-027	1.38916e-028	7.88131e-028	9.00981e-030	5.67716e-032	2.94565e-035	1.64341e-034	6.09886e-032	2.99348e-033	
0	0	0.684522	0.990821	0.854026	0.80104	0.045128	0.00427731	0.000104685	2.73802e-005	1.18762e-006	6.57091e-009	2.69962e-012	5.3076e-015	9.86494e-014	1.29989e-013	2.32514e-012	2.06948e-012	3.04962e-015	7.81791e-018	4.93552e-019	3.20358e-016	5.21909e-015	1.09319e-014	2.71687e-012	2.06193e-014	2.04941e-013	8.8704e-015	9.21502e-016	1.15319e-019	9.66375e-023	2.34676e-022	4.49003e-024	
0	0	9.88553e-005	0.00584014	0.144756	0.179034	0.930051	0.696189	0.00455307	0.0100676	0.000633936	1.58395e-005	1.46192e-008	5.74209e-013	2.52688e-013	1.1124e-013	2.07547e-013	2.16049e-013	3.61509e-016	2.61687e-018	1.33003e-019	1.64972e-017	4.33092e-017	1.51641e-015	2.24289e-013	9.23353e-014	5.02218e-012	1.1601e-011	1.70778e-014	2.68619e-018	2.42699e-022	2.91354e-022	3.64192e-025	
0	0	0	2.38677e-005	0.0011913	0.0139669	0.0231796	0.184432	0.146347	0.0847776	0.0424208	0.0619608	0.0149545	0.000244747	0.00267675	0.00763511	0.0110341	0.00154363	1.63718e-005	5.86308e-007	3.1507e-008	7.14126e-007	8.54763e-007	1.38424e-006	2.61843e-005	1.05449e-005	0.00019317	0.000525077	0.000301571	4.28892e-006	7.4337e-008	3.71997e-008	2.82541e-009	
0	0	0	1.23567e-008	1.34379e-006	0.00594911	0.000274016	0.11469	0.796181	0.89985	0.936104	0.729557	0.00454068	1.15421e-005	1.52231e-006	5.20684e-007	0.000915534	1.48369e-006	1.19635e-006	5.6139e-008	5.45289e-010	9.95529e-009	3.67964e-009	6.53828e-010	2.25428e-007	1.05689e-007	4.91005e-005	8.37328e-006	5.96783e-005	1.46636e-007	6.48893e-010	5.26011e-011	5.53331e-010	
0	0	0	0	1.16207e-007	1.07529e-005	0.00136736	0.000412249	0.0528143	0.00527728	0.0208399	0.208467	0.980505	0.999744	0.997322	0.992364	0.98805	0.998455	0.999982	0.999999	1	0.999999	0.999999	0.999999	0.999974	0.999989	0.999758	0.999467	0.999639	0.999996	1	1	1	


1	0.540176	0.122523	0.0125364	0.000572715	2.35241e-008	1.89822e-012	3.19238e-017	1.12983e-020	8.52737e-025	2.31599e-026	6.34899e-029	6.1358e-028	3.5117e-028	2.57894e-027	1.17966e-026	1.20598e-025	2.8782e-025	2.11378e-025	6.9018e-026	2.25587e-026	2.60758e-026	3.90285e-026	5.71251e-027	9.02728e-028	8.91175e-029	8.12247e-032	7.86419e-034	3.0697e-034	5.89625e-035	1.65325e-035	3.7387e-035	4.59987e-035	
0	0.0572628	0.00377568	0.000911807	0.000127783	6.61543e-009	8.25004e-014	3.59495e-017	2.22436e-021	3.21513e-025	6.21133e-027	1.36564e-028	6.36204e-027	1.51054e-027	2.74197e-028	3.60374e-028	1.98955e-026	3.75582e-026	1.30104e-024	1.30824e-023	5.73577e-024	4.47284e-025	5.01485e-026	2.29599e-027	1.7149e-027	1.11577e-029	6.05267e-033	4.5192e-034	6.58259e-034	5.4316e-034	3.03531e-034	8.44592e-034	6.00016e-033	
0	0.402561	0.849061	0.754911	0.0104898	7.73846e-005	9.03722e-008	6.12548e-011	1.41643e-012	1.03834e-013	4.3609e-016	9.5476e-020	1.27281e-020	1.06327e-021	5.96558e-020	7.17615e-019	2.32175e-017	8.28467e-018	1.40593e-019	1.22724e-021	2.64443e-022	1.39976e-020	3.1307e-020	6.57291e-022	4.45063e-022	3.49933e-024	3.9251e-024	9.66991e-027	6.33227e-028	3.78386e-030	2.80671e-032	2.80156e-031	3.12862e-032	
0	0	0.0246402	0.231637	0.988764	0.9992	0.999714	0.999527	0.985416	0.998432	0.578252	0.101692	0.0137053	7.94553e-006	2.4454e-006	2.57662e-007	4.03608e-008	3.7273e-010	4.22727e-014	5.57035e-018	9.84086e-021	5.11921e-021	7.57686e-020	4.62079e-018	4.18289e-016	4.13992e-015	2.79125e-014	5.20501e-013	3.24103e-014	1.23666e-017	9.34898e-021	8.69692e-023	3.80323e-025	
0	0	1.69687e-020	3.73082e-006	4.4639e-005	0.000711463	0.000283833	0.000472677	0.0145819	0.00156574	0.42161	0.890869	0.484583	9.84234e-005	7.89639e-006	1.02837e-006	1.80945e-008	8.24013e-011	1.84743e-014	5.8467e-019	4.26303e-025	1.72975e-024	1.03203e-023	3.13517e-022	8.86973e-021	3.05437e-018	6.83001e-017	4.27309e-016	3.41995e-014	1.0484e-017	2.03811e-020	4.91285e-025	5.18159e-027	
0	0	0	4.13828e-008	6.87406e-007	1.11949e-005	2.07172e-006	1.64714e-007	2.13863e-006	1.99701e-006	0.000137165	0.00743889	0.46116	0.0043014	1.75429e-005	1.20975e-005	1.77357e-005	5.2489e-005	0.000250029	0.000358997	4.04305e-007	2.14443e-009	3.45445e-011	2.68775e-013	2.56948e-015	1.04556e-017	7.77739e-020	2.67258e-020	1.1968e-015	1.11895e-016	3.11837e-018	1.33473e-020	9.91407e-022	
0	0	0	3.22364e-027	1.60742e-010	1.50536e-010	1.10263e-009	1.03087e-008	1.57739e-009	4.2739e-009	1.19955e-008	2.06465e-008	0.0367167	0.991903	0.854963	0.302976	0.221496	0.072696	0.186186	0.502493	0.899972	0.940701	0.519136	0.0106934	0.00424516	4.31823e-006	5.27787e-007	2.69916e-009	6.51529e-009	1.85074e-009	8.92371e-010	6.06496e-009	1.31925e-007	
0	0	0	0	6.73717e-011	1.51907e-010	6.69614e-009	1.24781e-009	2.31133e-009	1.74468e-009	8.56793e-009	3.16972e-007	0.00383446	0.00368943	0.14501	0.69701	0.778486	0.927252	0.813564	0.497148	0.100027	0.059299	0.480864	0.989307	0.995755	0.999996	0.999999	1	1	1	1	1	1	


1	0.714135	0.0406606	0.00035694	2.19581e-006	4.43661e-011	6.35186e-016	2.07785e-020	8.46992e-024	3.42678e-028	2.84242e-028	1.79554e-029	1.25003e-029	4.97386e-030	2.71027e-029	1.94442e-029	1.4704e-028	9.21809e-029	1.95375e-029	4.28648e-030	4.44055e-030	8.98394e-030	2.63293e-029	1.68884e-029	4.82841e-029	7.70119e-029	1.30548e-031	4.23694e-032	3.41667e-033	8.98612e-034	2.21114e-034	8.2296e-034	2.86104e-034	
0	0.113363	0.0333756	0.000279101	1.67273e-007	3.67424e-010	3.71759e-013	1.17576e-016	9.30049e-018	9.40822e-020	7.51082e-020	2.36327e-022	9.76055e-024	1.644e-023	1.48326e-022	4.6014e-022	7.90246e-021	9.51401e-021	5.55956e-021	8.77895e-022	1.07061e-021	1.9985e-020	5.09063e-020	8.09578e-022	1.03531e-022	2.72752e-023	1.06422e-023	5.87071e-026	2.0035e-027	1.51629e-028	5.72361e-030	2.93091e-029	1.14981e-029	
0	0.172503	0.923086	0.621173	0.0138843	5.14422e-005	1.39658e-008	1.68466e-011	1.18113e-014	6.98855e-017	3.25663e-018	1.75482e-021	5.73329e-024	3.13101e-026	3.81514e-023	5.50132e-023	1.85671e-021	3.002e-021	2.29506e-023	1.73795e-023	1.28796e-022	1.73835e-019	9.23225e-019	2.80164e-019	4.72881e-018	1.66495e-020	6.37154e-021	4.72745e-023	8.30152e-025	1.85899e-027	9.34975e-030	3.95055e-028	4.14997e-030	
0	0	0.00287666	0.377969	0.973785	0.887614	0.167027	0.0346059	0.000265604	8.9901e-008	1.84134e-009	1.18757e-011	1.59495e-014	8.52641e-017	1.14109e-017	1.08564e-019	1.79078e-020	4.31245e-021	2.02085e-023	4.77888e-024	4.68057e-024	8.79873e-022	1.19191e-017	5.20056e-016	1.13919e-013	1.14904e-014	9.2254e-017	1.1748e-017	2.71084e-019	3.69704e-022	2.64478e-025	4.82611e-026	2.16938e-027	
0	0	7.94701e-007	0.000220727	0.0108379	0.107077	0.0128901	0.0188564	0.00335665	3.38373e-007	2.49532e-009	9.16619e-013	3.16201e-017	4.17602e-017	2.26331e-018	6.23038e-021	6.8777e-022	3.39774e-024	9.65279e-026	3.10479e-028	3.5322e-027	6.70495e-025	1.18236e-019	3.01073e-017	5.50925e-015	1.27539e-014	2.88672e-017	6.05137e-018	2.53345e-020	2.43268e-025	1.02427e-027	9.23407e-028	1.14063e-028	
0	0	0	1.24055e-006	0.00149033	0.00525776	0.820082	0.943992	0.908762	0.996765	0.850476	0.258922	0.0101994	9.91598e-007	1.41567e-007	4.3746e-009	9.86206e-012	1.51765e-014	1.8187e-019	5.99673e-024	1.03635e-026	3.44053e-025	1.20821e-022	1.01348e-017	2.61157e-016	7.63233e-013	1.77945e-011	2.26396e-009	2.20523e-012	5.58832e-015	4.00255e-018	5.99462e-020	4.95772e-024	
0	0	0	1.60727e-024	1.59295e-010	4.6423e-007	1.19941e-006	0.00245278	0.0858352	0.00230727	0.132707	0.707201	0.0843312	0.000117348	4.24099e-005	1.70319e-006	2.16649e-009	4.51395e-013	5.802e-017	4.08296e-021	7.1707e-026	3.53666e-028	1.19687e-027	2.47504e-024	5.53504e-020	1.46456e-017	2.74348e-014	8.21346e-013	3.4143e-011	4.5918e-014	1.76473e-016	1.62401e-019	3.54472e-023	
0	0	0	0	1.0896e-011	2.00234e-008	1.4476e-007	9.27522e-005	0.00178094	0.000927614	0.0168173	0.0338771	0.905469	0.999882	0.999957	0.999998	1	1	1	1	1	1	1	1	1	1	1	1	1	1	1	1	1	


1	0.0335714	0.0028769	0.000515516	9.02053e-006	7.63081e-011	8.4324e-016	2.76416e-020	1.04102e-023	3.23741e-026	5.29535e-027	1.22873e-029	8.91382e-031	3.45699e-030	1.50564e-029	2.66527e-029	2.00218e-028	8.36922e-029	9.54595e-030	2.27149e-031	1.76967e-032	1.61046e-032	2.90647e-032	3.43758e-032	2.57505e-032	3.48454e-032	6.27403e-034	2.56407e-034	7.31735e-035	5.14495e-036	1.19421e-036	7.19825e-037	2.14999e-037	
0	0.966428	0.750554	0.137283	0.00951789	5.91223e-006	4.06231e-009	7.73869e-013	6.39916e-015	6.93139e-015	8.92115e-017	5.92106e-021	5.29431e-025	2.37781e-026	1.74968e-025	1.48453e-023	4.69061e-023	1.5269e-023	1.35691e-026	2.51071e-030	1.65656e-031	1.87148e-030	1.2178e-030	2.92852e-030	1.17603e-030	1.54077e-031	1.23985e-030	2.26044e-031	5.21682e-034	6.0349e-038	7.888e-039	2.64149e-036	8.68761e-040	
0	1.64767e-007	0.246569	0.86194	0.98981	0.998509	0.9948	0.843037	0.0688615	0.269774	0.0223353	0.000136494	1.29469e-007	1.92016e-010	2.75979e-012	4.02462e-014	4.83744e-014	1.28596e-015	1.98155e-019	2.43427e-023	8.75115e-027	2.64825e-027	3.09585e-025	3.78211e-023	3.07926e-021	2.14351e-020	6.16532e-019	4.82545e-018	6.613e-020	1.80972e-023	1.77135e-027	2.27833e-030	3.4139e-034	
0	0	1.23174e-009	0.000261558	0.00066272	0.001485	0.00519881	0.15696	0.930585	0.658403	0.974936	0.999854	0.999857	0.91294	0.00689904	1.69446e-005	3.59931e-007	1.37503e-010	1.53936e-013	7.08107e-017	2.0689e-021	2.89247e-024	1.20939e-024	3.66944e-025	1.92226e-024	4.68396e-021	5.77426e-020	2.85022e-018	3.69402e-018	2.4142e-019	2.30092e-021	1.02318e-025	9.00721e-028	
0	0	6.45015e-019	4.86347e-011	2.30302e-007	1.35919e-007	1.33914e-006	3.46056e-006	0.000553129	0.0717745	0.000596992	2.98928e-006	0.000140253	0.0869813	0.992825	0.796106	0.0063455	1.25281e-005	1.53023e-010	1.31695e-016	7.70309e-021	1.37986e-021	1.48384e-021	2.14492e-022	1.90778e-023	4.34354e-025	3.54575e-021	2.97028e-022	4.46917e-021	1.80463e-023	7.58106e-024	3.46964e-024	1.27523e-028	
0	0	0	1.03851e-019	1.17126e-013	3.24255e-011	7.1553e-012	1.28036e-010	9.08421e-009	4.84823e-005	0.00213029	5.6026e-006	1.02444e-009	1.71417e-007	0.000210472	0.203522	0.593066	0.0171959	0.000581547	2.10443e-006	4.28668e-010	3.6699e-011	1.29569e-013	2.19861e-015	5.84261e-018	2.94286e-019	1.29005e-019	1.5034e-021	5.57228e-023	2.79247e-026	6.65582e-028	2.68506e-027	1.01823e-027	
0	0	0	1.03919e-026	8.65924e-020	8.32831e-018	9.33465e-016	7.04397e-015	1.63005e-013	2.06529e-010	1.37278e-006	1.17413e-006	2.49407e-006	6.9068e-005	1.8306e-005	0.000283634	0.4	0.966613	0.961521	0.986686	0.963217	0.916617	0.434009	0.0473728	0.0113236	8.29467e-005	6.60793e-005	1.38039e-005	1.27467e-005	9.61163e-006	4.86521e-006	8.65378e-006	7.05258e-006	
0	0	0	0	6.86471e-027	1.80412e-022	7.68805e-020	7.29769e-019	4.11512e-017	6.18022e-015	1.1841e-011	7.91743e-010	1.39921e-007	9.0571e-006	4.7147e-005	7.16436e-005	0.000588962	0.0161781	0.0378978	0.0133115	0.0367832	0.0833832	0.565991	0.952627	0.988676	0.999917	0.999934	0.999986	0.999987	0.99999	0.999995	0.999991	0.999993	


1	0.119338	0.0585424	0.000759163	0.00116054	6.28458e-008	3.04981e-013	9.68329e-017	8.07943e-019	3.15737e-021	1.35253e-021	1.84427e-021	3.40887e-021	4.03058e-022	5.55585e-022	8.25619e-023	5.14313e-023	1.18927e-023	2.79887e-024	2.87332e-025	2.0723e-025	8.49739e-026	6.19476e-026	2.55244e-025	5.83323e-025	1.31719e-024	2.89589e-027	2.16952e-027	7.89559e-029	8.88894e-030	2.57862e-030	5.35919e-030	5.52273e-031	
0	0.880662	0.403065	0.0197055	0.0638255	4.14491e-005	7.31069e-009	4.38438e-011	3.47469e-011	2.46844e-011	4.12761e-013	1.13916e-014	5.69797e-017	1.75014e-019	3.07966e-018	3.34776e-018	1.33345e-020	4.62148e-023	1.00766e-027	1.24054e-029	1.76698e-026	5.18159e-025	5.12218e-025	6.20692e-024	7.82425e-024	2.33153e-024	7.92632e-025	1.07292e-024	1.55034e-028	3.93169e-032	1.03113e-032	1.6321e-030	9.99483e-034	
0	3.20843e-009	0.538392	0.979403	0.450004	0.425529	0.0034343	0.00101518	0.00081575	0.000611513	5.33726e-006	4.92394e-007	1.67492e-009	3.85063e-013	2.234e-014	3.07273e-018	4.26315e-019	3.58118e-022	1.04295e-026	9.78718e-032	5.67951e-034	1.02152e-027	1.34604e-023	1.63528e-023	3.09988e-021	7.75411e-022	1.00011e-021	2.14974e-022	7.74404e-025	1.7404e-028	1.32507e-032	2.58153e-035	3.32772e-035	
0	0	6.82636e-007	0.000131945	0.483433	0.5731	0.996224	0.986637	0.261556	0.0955561	0.00135381	0.0010733	2.14366e-005	4.25907e-010	3.75398e-013	2.1892e-017	4.11135e-020	1.07526e-021	2.43536e-025	5.38225e-030	2.55859e-035	9.99824e-034	4.35116e-028	2.20247e-023	1.04483e-023	7.55801e-021	1.02713e-021	1.76293e-022	4.56462e-025	2.33963e-028	2.45321e-032	7.98606e-036	2.69194e-039	
0	0	1.11845e-012	1.63514e-007	0.00157721	0.00132739	0.000341706	0.0123468	0.732287	0.0677436	0.105144	0.947288	0.203868	4.90763e-005	1.75823e-007	2.51251e-010	4.13716e-013	1.12582e-015	2.83408e-017	7.57798e-020	6.08111e-024	1.62484e-026	1.18767e-029	1.47018e-025	4.40028e-026	2.13237e-022	7.35121e-023	5.19814e-023	2.59873e-023	1.76369e-026	2.32248e-028	6.10293e-032	4.59265e-035	
0	0	0	9.82027e-012	1.05464e-008	1.37763e-006	2.25599e-008	1.08297e-006	0.00534081	0.835235	0.887601	0.0125911	0.00775249	0.00272057	0.0394477	0.847189	0.407024	0.0754814	0.000253155	2.31854e-007	2.53281e-008	1.02123e-006	1.17083e-007	2.47149e-008	7.50722e-009	7.35325e-011	3.72856e-010	1.60297e-011	3.59356e-013	3.09061e-017	2.91536e-019	5.6016e-019	2.68496e-022	
0	0	0	4.16142e-017	3.9913e-010	2.06331e-007	7.34944e-009	2.06977e-008	1.1986e-007	0.000843118	0.00478757	0.0144339	0.00106908	6.34923e-006	0.000128942	0.0047119	0.510418	0.830622	0.0742263	0.00640138	0.00115507	0.00773044	0.00922759	0.0130362	0.0747933	0.000578041	0.000105581	1.36852e-006	8.51954e-009	1.75071e-011	8.35745e-015	1.2386e-014	5.18404e-017	
0	0	0	0	8.38329e-015	2.34473e-012	2.19174e-010	1.4635e-009	9.92454e-008	1.1072e-005	0.00110884	0.0246134	0.787289	0.997224	0.960423	0.148099	0.0825578	0.0938966	0.925521	0.993598	0.998845	0.992269	0.990772	0.986964	0.925207	0.999422	0.999894	0.999999	1	1	1	1	1	


1	0.94629	0.279837	0.0121027	0.00680547	1.90894e-006	1.43837e-010	1.26008e-013	6.7638e-017	3.74157e-019	3.6376e-020	2.86362e-021	1.2958e-022	7.2348e-023	6.47548e-022	2.41529e-021	1.12753e-020	7.60095e-021	2.71144e-022	1.1993e-023	4.92391e-024	4.21836e-024	7.0592e-024	3.47641e-023	5.87013e-023	1.67146e-021	6.35556e-023	4.60965e-022	9.54764e-024	1.42767e-024	1.56727e-025	7.74267e-026	6.63349e-027	
0	0.05371	0.715565	0.981037	0.907141	0.156018	0.00105517	3.40033e-005	3.9439e-006	1.50401e-006	1.40773e-008	8.26102e-011	5.11866e-015	2.75376e-016	4.80328e-015	4.13402e-014	4.84551e-014	1.26665e-015	1.82627e-020	2.28993e-025	1.89334e-026	3.67486e-024	1.34435e-022	1.39389e-021	1.89078e-020	7.93111e-020	5.46692e-019	6.78044e-018	1.66061e-021	4.13208e-025	1.80937e-028	2.35996e-027	2.31556e-030	
0	2.71875e-007	0.00459813	0.0068425	0.0858592	0.843099	0.994711	0.36641	0.0209835	0.0312088	0.00218165	9.96054e-005	4.61881e-008	1.93809e-010	7.90844e-011	3.57939e-011	1.67935e-010	9.4521e-011	1.85905e-013	4.29354e-017	7.07971e-021	2.7238e-021	2.16909e-020	5.30977e-020	3.25641e-020	1.84216e-018	8.68931e-018	1.61782e-017	2.68627e-019	1.35026e-022	2.9883e-026	8.33104e-029	2.83784e-031	
0	0	3.75124e-009	3.97076e-006	0.000160269	0.000846798	0.00410172	0.632767	0.973784	0.940929	0.996168	0.999276	0.999951	0.942506	0.053385	0.00512108	0.000398829	1.18917e-005	1.22502e-006	2.10094e-007	1.26321e-008	5.90012e-010	1.70217e-010	3.19848e-010	7.05817e-011	1.5327e-009	6.06816e-009	1.14876e-007	4.10136e-008	2.54727e-008	4.07016e-009	1.44135e-011	3.81679e-012	
0	0	2.4753e-010	1.41207e-005	3.39613e-005	3.21201e-005	0.000132361	0.000788038	0.0052255	0.0269888	0.000790606	0.000530408	4.07897e-005	0.0574562	0.944906	0.80276	0.0138523	7.28764e-005	2.87508e-010	7.68873e-013	5.88923e-011	8.80326e-010	5.84888e-009	7.00368e-009	8.7408e-009	8.64197e-009	1.84769e-008	4.72059e-008	3.51425e-011	2.31834e-012	1.51202e-012	3.41442e-011	1.2587e-015	
0	0	0	7.67219e-014	4.56637e-007	2.04068e-006	1.77189e-007	1.54357e-006	3.43284e-006	0.000871855	0.000753013	1.0719e-005	1.50639e-008	7.11835e-009	0.00164698	0.190884	0.847468	0.181974	0.00401161	3.03937e-005	4.29283e-008	2.90097e-008	1.04075e-009	2.82329e-009	3.0544e-010	1.33032e-008	1.14167e-008	1.64488e-009	1.8215e-010	1.0233e-014	1.47739e-016	1.26978e-015	2.16047e-014	
0	0	0	2.38292e-016	2.45663e-011	3.40955e-010	1.8707e-010	3.01329e-010	6.37064e-009	2.12516e-008	9.52996e-005	7.52551e-005	5.00269e-007	4.56417e-007	1.98665e-007	0.000906975	0.0372256	0.0504343	0.000486559	1.16866e-005	2.41935e-007	6.53185e-008	4.35212e-008	6.50967e-009	1.42693e-009	8.90702e-010	1.74644e-009	2.49171e-008	5.40513e-010	7.49883e-012	2.50925e-014	8.13759e-017	6.35027e-018	
0	0	0	0	1.98982e-015	1.12215e-009	3.535e-010	2.03901e-009	2.91749e-009	4.78147e-008	1.1065e-005	7.52939e-006	7.46523e-006	3.72808e-005	6.1717e-005	0.000328178	0.101055	0.767507	0.995501	0.999958	1	1	1	1	1	1	1	1	1	1	1	1	1	


