E:\Google Drive\Progetti\MSR Action3D\Real\a07_s07_e02_skeleton3D.txt
7
TRUE
-919.169
-987.547
-983.652
-991.67
-990.558
-982.408
-993.223
-950.78
-914.551
-961.94
-987.097
-911.38
-973.746
-902.634
-925.586
-914.011
-932.259
-841.883
-920.615
-904.09

39
20
1	0.401987	0.0344028	0.00139964	9.57319e-005	8.14321e-007	3.6642e-009	3.00576e-011	1.99613e-013	5.52205e-019	3.42087e-021	2.56017e-022	4.49428e-024	4.78451e-026	5.61566e-028	5.87594e-030	3.54713e-032	5.81405e-038	3.05334e-043	1.09792e-044	2.34323e-045	2.01775e-045	1.3146e-045	1.57792e-045	1.56112e-044	1.01153e-043	8.43006e-043	8.26381e-042	4.02958e-041	2.87344e-040	2.27218e-040	1.06418e-040	5.53804e-041	4.04704e-041	4.15936e-041	1.5061e-041	7.13893e-041	3.11603e-041	5.07551e-041	1.65749e-040	
0	0.0984524	0.00764701	0.000302288	1.58584e-005	2.8753e-007	3.52853e-009	2.06414e-010	6.52168e-012	7.34562e-017	3.04298e-018	2.78275e-019	5.03164e-021	5.87862e-022	4.23427e-024	2.66817e-025	1.08929e-027	1.32276e-033	2.32848e-039	3.61834e-041	1.1717e-041	7.03406e-042	3.59435e-042	3.1628e-042	2.10051e-041	3.18467e-041	7.60488e-040	2.04672e-038	1.25372e-037	2.46951e-036	1.12177e-035	2.11986e-035	1.78725e-035	3.14333e-035	6.98957e-035	1.6522e-034	4.50818e-034	7.61071e-034	7.81045e-034	1.9136e-032	
0	0.499561	0.0090467	0.00191938	7.15909e-005	2.78295e-007	2.99788e-009	2.77023e-011	4.06344e-013	5.17958e-017	8.07759e-019	2.02769e-019	2.66743e-021	3.32477e-023	6.56223e-025	1.84158e-026	1.02707e-028	2.2296e-034	6.62443e-039	3.065e-040	2.2434e-041	7.68888e-042	1.57954e-042	1.25894e-042	1.89592e-042	9.40768e-041	2.03856e-039	1.15027e-038	4.56047e-037	3.79613e-037	1.4752e-037	8.40749e-037	1.09975e-037	1.50828e-035	6.76905e-036	3.77385e-036	4.27181e-035	2.45969e-035	2.3963e-034	2.82031e-033	
0	0	0.0580416	0.00037645	3.09247e-005	1.74597e-006	2.18252e-009	1.28738e-010	5.48956e-013	1.99035e-017	6.28626e-019	1.61756e-020	3.00857e-022	4.10471e-023	3.80834e-025	8.3607e-026	4.7936e-029	1.82182e-032	8.0182e-038	6.40107e-040	1.20783e-040	7.07196e-042	5.68536e-042	6.5863e-043	1.32283e-040	2.25467e-041	1.49688e-039	1.52761e-038	2.15212e-038	4.52761e-035	1.9667e-035	4.54032e-035	5.59596e-035	5.48006e-036	1.58519e-035	2.10861e-035	2.47291e-035	1.11915e-034	5.42733e-035	5.17016e-034	
0	0	0.890862	0.995721	0.999615	0.973791	0.992458	0.00168657	4.83052e-006	3.07453e-008	5.00131e-011	3.53614e-014	2.14156e-017	2.57189e-022	6.03466e-024	2.38993e-024	1.40377e-027	7.52557e-031	4.08432e-034	6.60679e-037	6.67682e-038	6.28384e-041	7.45655e-043	8.20397e-044	1.81325e-041	4.97314e-041	7.87511e-038	1.79527e-038	9.94624e-039	5.89689e-037	1.78342e-038	5.12585e-039	5.13605e-040	8.02499e-038	4.31332e-039	2.23203e-040	5.32132e-037	6.35246e-039	3.16715e-037	2.18885e-034	
0	0	0	0.000281549	0.000170755	0.0262055	0.00753618	0.998305	0.998774	0.874538	0.972942	0.362072	0.0285303	0.0102477	0.000620544	0.000928412	0.000172464	8.77338e-007	8.55964e-010	2.40962e-012	2.06323e-013	1.97593e-016	1.10767e-019	3.06111e-023	3.92306e-024	2.41679e-025	5.69112e-025	3.03831e-023	1.49075e-023	2.98586e-023	1.37896e-023	9.02025e-026	1.12202e-027	2.31099e-030	2.58387e-032	1.31231e-033	1.04408e-035	1.45652e-037	4.66811e-039	6.57484e-036	
0	0	0	1.56762e-012	3.44857e-009	6.20095e-009	1.6107e-006	2.62093e-006	0.000651725	0.123815	0.0244764	0.600469	0.955439	0.757966	0.991736	0.984825	0.996967	0.992785	0.944619	0.883074	0.113279	0.00104365	2.35873e-006	5.59917e-010	9.86877e-013	3.84248e-015	7.5459e-018	5.36782e-019	8.2116e-021	1.74222e-022	5.46193e-025	3.04065e-027	1.55801e-029	7.86155e-031	2.07522e-033	7.68412e-036	7.5811e-036	9.2078e-039	1.16573e-040	3.07796e-041	
0	0	0	0	2.22553e-008	6.48474e-008	4.35921e-006	5.54063e-006	0.000569633	0.00164671	0.00258183	0.0374593	0.0160309	0.231786	0.00764324	0.0142469	0.00286042	0.00721458	0.0553811	0.116926	0.886721	0.998956	0.999998	1	1	1	1	1	1	1	1	1	1	1	1	1	1	1	1	1	


1	0.406638	0.0410151	0.840803	0.786637	0.0814022	0.0160169	0.106113	0.239964	0.00198362	0.0290546	0.0724511	0.0290196	0.00847915	0.00263978	0.000296008	0.00012223	3.58384e-008	3.03427e-011	4.66755e-012	3.88543e-012	2.19955e-013	2.65697e-012	7.86339e-013	1.10606e-012	5.50119e-012	6.16317e-012	5.07031e-011	5.98262e-010	3.18403e-010	6.49856e-009	4.80386e-008	1.23285e-007	1.36768e-006	2.20345e-005	5.09455e-005	1.03686e-006	1.00721e-006	1.03463e-006	2.69612e-006	
0	0.593361	0.123261	0.138637	0.0119292	0.0529672	0.0137421	0.405494	0.00355207	5.05207e-007	0.000481009	6.87134e-009	3.94246e-007	9.65906e-005	6.5113e-008	0.00145736	1.07329e-008	6.19101e-008	3.70583e-015	3.64689e-015	6.77786e-012	1.36589e-016	1.04322e-014	6.66946e-016	4.39157e-014	1.56731e-016	4.41142e-011	2.21621e-014	1.59009e-014	4.34177e-013	1.08458e-011	5.43002e-009	1.36278e-012	1.01862e-010	3.20392e-010	7.68e-008	1.91736e-011	4.69065e-010	1.39843e-010	1.48192e-007	
0	1.75638e-006	0.835724	0.0198588	0.201425	0.842036	0.968382	0.462375	0.0163751	0.000997449	6.68565e-005	2.25287e-008	1.60631e-009	9.37837e-009	1.82438e-006	6.18529e-006	7.99191e-007	1.5499e-008	6.57028e-010	1.14595e-015	2.96382e-015	6.14307e-019	2.42244e-016	4.92842e-018	1.27029e-013	2.41787e-017	1.55113e-013	3.89829e-014	1.92566e-016	2.14338e-013	8.54292e-015	1.35037e-013	1.54837e-012	3.74741e-015	2.33607e-013	1.52901e-012	4.46585e-013	6.18643e-012	1.51481e-013	2.97487e-012	
0	0	3.06804e-009	0.000700981	8.20229e-006	0.0235942	0.00172689	0.0255966	0.739217	0.913393	0.106454	0.0195562	5.953e-005	2.6078e-008	5.00091e-008	3.66586e-009	4.31737e-005	4.07371e-009	3.41279e-011	1.62877e-015	2.16719e-020	1.40211e-021	1.01879e-022	6.367e-023	1.41243e-019	3.39826e-016	2.93965e-021	4.25711e-013	7.57532e-016	1.46673e-016	1.24502e-014	6.65253e-020	1.53104e-013	1.68434e-017	1.12099e-017	4.1254e-017	2.71267e-017	6.60756e-017	4.58088e-018	4.853e-018	
0	0	1.39651e-023	8.79412e-011	2.51914e-007	2.65018e-008	0.000132333	0.00040633	0.000860374	0.0835911	0.859735	0.817766	0.890046	0.756654	0.989814	0.995044	0.997928	0.974201	0.967676	0.680122	0.0808728	4.07256e-006	4.65555e-008	2.53606e-011	1.25804e-014	1.28316e-016	1.90928e-019	6.11032e-022	3.06286e-015	1.30861e-018	3.10916e-018	1.12828e-016	2.77723e-019	4.96522e-015	1.26274e-016	9.9139e-019	1.86232e-021	1.47314e-020	2.31048e-019	2.13969e-020	
0	0	0	1.72751e-017	1.20419e-015	1.03347e-011	2.55475e-010	1.52447e-005	2.75997e-005	3.35534e-005	0.00420735	0.0797367	0.052112	0.233016	0.000103091	3.44118e-005	0.000267104	0.0257984	0.0323234	0.319863	0.918746	0.990447	0.192792	0.290498	8.24384e-006	1.07209e-006	2.2587e-008	3.6507e-011	1.85309e-011	5.6189e-017	1.52617e-016	1.91321e-016	2.01751e-019	2.2832e-018	4.05093e-015	7.39586e-016	1.88338e-019	2.13452e-022	3.17519e-021	6.35389e-020	
0	0	0	2.25192e-042	3.11281e-022	1.54165e-021	5.15904e-017	4.2326e-013	3.53061e-006	3.62102e-007	6.50289e-008	0.0104898	0.0284079	0.0016675	0.00661088	7.61158e-007	5.80342e-007	5.28056e-009	7.37011e-007	1.47254e-005	0.000373085	0.00954844	0.802003	0.7073	0.00962557	8.466e-005	9.51416e-008	9.29878e-008	9.35937e-009	1.11486e-009	1.02084e-008	7.09448e-009	1.07684e-007	1.11416e-005	0.598958	0.947278	0.996841	0.816168	0.962924	0.959138	
0	0	0	0	9.65837e-021	5.83527e-020	1.28982e-016	2.96423e-014	7.90807e-010	1.36668e-008	1.15395e-006	6.37815e-007	0.000354175	8.68025e-005	0.000830629	0.00316111	0.00163848	5.00444e-007	1.09898e-008	3.92815e-008	8.24323e-006	3.62497e-008	0.00520526	0.0022017	0.990366	0.999914	1	1	1	1	1	1	1	0.999987	0.40102	0.0526706	0.00315833	0.183831	0.0370749	0.0408592	


1	0.935048	0.0128707	0.354512	0.208001	0.00301996	0.000369782	0.000129016	5.21958e-005	9.97902e-008	9.02466e-007	1.24831e-005	6.91493e-005	0.000391748	9.8951e-005	6.18034e-005	1.35079e-005	8.59663e-006	1.16001e-008	8.58202e-009	9.25957e-008	1.29138e-007	4.96793e-007	8.02824e-007	6.92195e-007	8.22148e-007	1.44063e-006	6.79983e-007	1.4742e-006	4.56963e-007	2.88901e-007	4.48403e-007	5.10123e-008	7.16991e-008	4.58265e-008	3.0196e-008	9.72118e-009	3.93191e-009	6.19823e-009	8.88458e-009	
0	0.064951	0.987011	0.639921	0.787841	0.938905	0.945009	0.821781	0.000526855	4.76188e-007	5.34771e-007	1.19771e-011	6.52785e-010	6.77493e-007	9.70283e-008	0.00162014	1.17355e-007	0.00185423	1.83518e-006	2.90846e-009	1.72021e-007	1.12752e-011	1.48332e-008	8.90242e-011	6.02753e-007	8.35551e-011	7.15435e-006	2.04202e-010	2.74548e-011	2.53332e-009	1.15599e-011	4.96593e-009	2.93564e-012	2.38289e-013	1.64728e-013	2.1445e-012	1.2701e-013	1.59348e-012	1.05715e-013	2.70486e-011	
0	5.95306e-007	0.000118638	0.00556692	0.00415733	0.0580751	0.0546108	0.178025	0.994346	0.846061	0.941671	0.522845	0.0244199	0.0036953	0.0018315	0.000528521	0.0011326	0.0458921	0.00312608	2.05204e-006	1.72597e-007	1.39249e-010	3.10809e-011	4.86722e-012	8.27087e-009	2.66781e-010	1.32856e-010	2.21232e-007	2.29597e-010	2.15336e-009	5.73674e-011	1.57913e-012	2.34845e-010	2.6619e-014	1.14954e-012	4.13958e-013	3.61803e-013	2.55923e-013	4.00949e-015	8.56454e-014	
0	0	2.21913e-014	1.74717e-008	2.17822e-008	2.36557e-008	5.71693e-007	1.16068e-005	0.00504476	0.150404	0.0289555	0.385806	0.408239	0.00539241	0.00326147	1.21404e-005	0.00036453	0.0042018	0.000385255	1.08917e-007	9.0292e-012	1.40985e-013	1.2467e-017	6.01856e-018	3.73665e-017	1.87705e-012	1.44206e-017	2.10842e-013	1.08613e-011	1.07785e-014	7.17924e-013	1.58451e-017	5.75815e-017	4.50259e-015	4.61096e-020	2.56956e-017	5.56908e-017	3.51334e-018	1.73174e-018	1.36411e-020	
0	0	3.55811e-013	3.58907e-008	9.48697e-008	1.08831e-007	9.69647e-006	5.32554e-005	3.04293e-005	0.00353168	0.0292529	0.0111032	0.0381056	0.220349	0.00563797	0.00162563	2.32996e-005	0.451755	0.666981	0.0866511	0.112933	9.30794e-005	5.50622e-007	9.54098e-010	9.10273e-013	6.96715e-014	1.08387e-014	2.60164e-016	3.51316e-012	2.19164e-015	2.22879e-014	6.57241e-015	3.78359e-018	6.97259e-015	4.04639e-018	2.02603e-017	1.95282e-018	4.73004e-018	1.08298e-017	9.80782e-020	
0	0	0	3.41248e-016	2.64844e-014	1.02181e-014	1.75748e-011	1.90864e-009	4.69256e-008	3.49187e-006	0.000118839	0.0752672	0.0362567	0.073844	9.41634e-006	1.84814e-008	1.71273e-007	4.73155e-005	0.32904	0.911187	0.882965	0.844692	0.00208239	0.00020065	5.12566e-011	6.36255e-013	3.24741e-017	2.22872e-020	1.89177e-016	2.26025e-020	2.92337e-019	1.25501e-016	4.40451e-021	1.59406e-019	1.18811e-018	2.01348e-021	3.2488e-022	1.86283e-022	6.43279e-020	2.24174e-021	
0	0	0	3.89647e-026	2.99425e-021	1.19223e-020	1.73639e-020	5.06996e-017	1.30435e-011	4.16938e-010	4.65954e-009	0.0049662	0.486579	0.206176	0.407713	0.000760814	0.000313161	0.000686366	5.80628e-006	0.00202098	0.00224742	0.154105	0.87585	0.789671	0.00252732	2.39776e-006	3.55488e-010	4.24783e-012	4.45896e-015	1.78397e-016	2.03589e-018	4.59793e-021	7.26621e-017	1.3371e-016	3.41354e-013	1.89639e-014	2.87568e-013	1.47598e-014	6.96058e-015	3.66212e-016	
0	0	0	0	5.06968e-020	1.51734e-019	1.66125e-019	9.65098e-016	1.95167e-013	1.1858e-014	5.82973e-009	2.70967e-007	0.00633114	0.490151	0.581448	0.995391	0.998153	0.495554	0.000460356	0.000139035	0.00185442	0.00111033	0.122067	0.210128	0.997471	0.999997	0.999991	0.999999	0.999999	1	1	1	1	1	1	1	1	1	1	1	


1	0.999489	0.825549	0.98942	0.954124	0.230013	0.224044	0.0301629	0.000816111	0.000287458	0.00013435	8.40903e-006	6.47177e-006	6.31443e-007	3.78464e-006	5.36423e-007	1.07657e-006	0.000406171	0.0036947	0.02394	0.0116498	0.0476706	0.437168	0.484002	0.469442	0.937683	0.878363	0.963367	0.990736	0.722806	0.868556	0.955057	0.398192	0.70413	0.825255	0.392417	0.735342	0.360822	0.404428	0.0940918	
0	0.000108874	0.000973285	0.000250136	0.000777633	0.0030293	0.000242138	0.000102642	4.4196e-006	2.73484e-009	1.45298e-007	5.84244e-009	3.16774e-009	2.42694e-008	4.67391e-009	6.26908e-010	2.70526e-009	1.67124e-008	6.4079e-008	2.39796e-005	4.43779e-005	0.000718175	0.00881892	0.0287527	0.0337636	0.0126819	0.000491767	0.00529223	0.000336036	0.00679787	0.11702	0.0434047	0.571145	0.290493	0.152174	0.52309	0.17396	0.414257	0.133305	0.00117433	
0	0.000402039	0.173477	0.00487518	0.0450002	0.755755	0.256194	0.00646109	6.56169e-005	3.08909e-007	5.01484e-007	1.71424e-009	5.00456e-009	1.2598e-009	1.74933e-007	5.41155e-008	1.29006e-007	3.84532e-006	7.47236e-007	7.56698e-006	5.47274e-005	1.72901e-005	0.00115192	0.000428216	0.494808	0.0161087	0.00703258	0.0150043	0.00014333	0.270294	0.0130312	0.000228409	0.0305714	0.000289372	0.00189176	0.0017099	0.00436015	0.00387114	0.000360402	0.000491581	
0	0	4.43185e-007	0.000407025	2.94241e-006	0.00340929	0.0302439	0.00750798	0.000154726	1.2865e-006	1.67366e-008	1.88919e-011	3.23884e-012	2.59505e-012	6.06385e-010	6.72143e-009	9.6983e-010	5.64365e-008	6.03278e-009	1.92994e-009	2.59128e-008	4.81698e-009	1.95569e-007	1.40547e-006	5.37466e-005	0.00436845	0.000195639	3.17794e-006	1.57469e-005	5.01271e-008	0.000615051	9.24716e-005	9.09737e-007	0.000900614	4.42725e-006	7.09455e-005	0.000113726	5.67195e-005	6.52291e-005	2.40001e-005	
0	0	2.74341e-007	0.00504809	9.457e-005	0.00779347	0.489173	0.932143	0.994643	0.986268	0.842319	0.041034	0.00255673	1.25419e-005	4.89555e-006	5.00038e-007	1.26234e-007	1.46926e-006	1.44097e-006	9.70834e-007	5.22335e-007	4.71321e-008	2.76727e-009	1.64147e-006	2.9646e-007	0.0283271	0.112741	0.0131372	0.00196897	2.44903e-006	0.000485712	1.2073e-005	2.02128e-009	2.9939e-005	5.826e-007	4.96497e-007	1.81616e-007	4.10525e-007	7.94672e-007	3.12382e-007	
0	0	0	5.45855e-011	7.56541e-007	1.93905e-007	0.000103426	0.0236146	0.00262949	0.0120529	0.13641	0.931209	0.847929	0.665885	0.00439842	9.61396e-007	1.31126e-008	2.83101e-008	4.39525e-006	5.97677e-005	5.80225e-005	2.57018e-005	3.62726e-006	1.7836e-007	1.31457e-009	1.03839e-008	3.13332e-005	0.00244049	0.00427372	6.47533e-006	4.71897e-007	0.000167015	8.94825e-006	2.57984e-006	3.13395e-006	2.77483e-006	5.05057e-009	1.44665e-008	5.85885e-009	7.54405e-011	
0	0	0	5.0246e-015	2.00276e-011	7.68014e-011	3.98023e-009	1.90401e-007	1.28733e-005	4.40763e-006	3.80895e-005	6.08527e-005	0.00891268	0.00262825	0.0046534	2.93715e-005	1.41973e-006	1.52711e-008	1.41374e-010	6.67752e-009	4.844e-008	4.62481e-009	2.37991e-009	7.10224e-010	1.0307e-012	4.48416e-013	1.63228e-009	3.3804e-008	6.7604e-007	1.11682e-007	2.26922e-008	6.10157e-010	5.37966e-008	2.59622e-007	9.0527e-009	1.23282e-008	3.35622e-009	7.19784e-011	1.10346e-011	3.29694e-012	
0	0	0	0	1.78576e-013	2.99488e-009	1.24598e-008	7.29193e-006	0.00167353	0.00138524	0.0210979	0.0276881	0.140595	0.331473	0.990939	0.999969	0.999997	0.999588	0.996299	0.975968	0.988192	0.951568	0.552857	0.486813	0.0019324	0.000830505	0.00114485	0.000755366	0.00252575	9.23429e-005	0.000290612	0.00103817	8.21741e-005	0.0041535	0.0206705	0.0827089	0.0862238	0.220993	0.461841	0.904218	


1	0.77965	0.848076	0.588651	0.713454	0.709042	0.565042	0.332637	0.452936	0.421512	0.461811	0.256341	0.699565	0.852466	0.955135	0.898411	0.927811	0.993494	0.75501	0.625156	0.953465	0.899367	0.949156	0.888782	0.987908	0.820362	0.489527	0.536584	0.13572	0.619198	0.937747	0.913492	0.981343	0.78971	0.789747	0.905834	0.944981	0.966251	0.876926	0.936667	
0	0.212567	0.150832	0.400523	0.270376	0.290022	0.427418	0.660677	0.519863	0.532206	0.512961	0.174154	0.0672086	0.0280581	0.015814	0.0991995	0.0268077	0.00408729	0.00658377	0.0100109	0.0190657	0.00487797	0.0097417	0.00785149	0.0111415	0.0329157	0.506105	0.427026	0.697164	0.375717	0.0517309	0.0654362	0.00258411	0.0196761	0.0217455	0.00929576	0.00567143	0.00574779	0.00362898	0.051096	
0	0.00778264	0.00107513	0.0106363	0.0159394	0.000905877	0.00750465	0.0066683	0.0267984	0.0462605	0.0249775	0.402457	0.192262	0.106789	0.0236656	0.000902334	0.0419866	0.00237987	0.238374	0.358382	0.0219161	0.0941233	0.0384194	0.101152	0.000650608	0.144729	0.00417379	0.0346021	0.162648	0.00271737	0.00996332	0.0195002	0.0141796	0.189139	0.172044	0.0738543	0.0424146	0.0258845	0.114946	0.0112724	
0	0	3.54855e-006	0.00018882	0.000220452	6.02855e-006	3.4682e-005	1.54872e-006	0.000394941	1.93825e-005	3.75502e-005	0.16701	0.0379442	6.12942e-005	0.00476693	1.63928e-007	0.00322893	9.27421e-009	2.79189e-005	0.00267651	1.21266e-005	0.00140528	0.000109818	0.00182675	2.34807e-006	0.00197859	1.90665e-006	0.00175937	0.00443617	4.19202e-005	6.47209e-005	2.89487e-006	0.000559035	0.000911815	0.00771129	0.000187751	0.00601175	8.27014e-005	0.00408835	2.45928e-005	
0	0	1.40451e-005	1.04006e-006	1.01481e-005	2.31377e-005	3.95771e-007	1.52696e-005	6.15553e-006	2.2023e-007	0.000212188	3.69418e-005	0.00289919	0.0123649	0.000374386	0.00032612	7.11043e-006	2.99564e-006	6.64778e-008	0.00377484	0.00518951	0.000194866	0.00252464	0.000379676	0.000202912	2.63101e-006	0.000175215	5.63738e-006	2.7949e-005	0.00223548	8.98439e-005	0.000401672	0.000767925	0.000266066	0.00862709	0.010482	0.000819648	0.00185357	0.00036495	0.000842198	
0	0	0	2.41635e-008	2.62059e-007	5.57583e-007	1.45919e-007	1.52139e-008	2.38097e-008	1.20183e-006	2.88234e-007	5.28444e-007	0.00012038	0.00018883	0.000232307	0.0010919	0.000107248	1.75162e-005	3.47695e-006	1.73469e-007	0.000350998	5.71233e-006	4.37763e-005	1.02296e-006	8.36005e-005	4.00918e-007	1.98228e-006	9.54042e-007	1.3004e-007	4.67374e-005	2.57065e-006	7.8706e-007	1.78928e-006	9.24443e-007	7.3039e-007	2.71664e-005	6.40755e-006	1.77416e-005	2.43286e-007	2.02037e-006	
0	0	0	1.56989e-013	7.94341e-016	3.16713e-011	4.73776e-013	9.74585e-014	2.24033e-013	2.45426e-013	2.59034e-012	8.55045e-014	9.77382e-012	8.93499e-009	5.50456e-009	7.05925e-008	1.39967e-009	1.94966e-006	1.88644e-013	4.90336e-011	1.8548e-008	1.37088e-010	3.00089e-011	3.1412e-013	3.36712e-011	2.21242e-013	2.50869e-014	3.82624e-013	4.79984e-016	3.61861e-011	2.56641e-011	2.38352e-013	2.19067e-012	3.8515e-014	3.70015e-012	7.9642e-011	1.3337e-011	8.78217e-014	1.89858e-013	8.44389e-012	
0	0	0	0	4.05067e-009	8.14919e-008	1.36884e-007	3.32197e-007	6.63102e-007	4.58107e-008	3.59469e-007	3.14347e-008	2.36119e-007	7.22129e-005	1.14826e-005	6.92014e-005	5.1614e-005	1.66766e-005	2.75034e-007	2.97195e-007	9.03985e-007	2.54947e-005	4.50754e-006	6.53727e-006	1.10315e-005	1.16762e-005	1.50707e-005	2.19045e-005	3.90751e-006	4.31195e-005	0.000402095	0.00116656	0.000564692	0.000296067	0.000124259	0.000319269	9.47047e-005	0.00016301	4.55591e-005	9.60877e-005	


1	0.246046	0.0807417	0.0186239	0.0064148	0.00444572	0.00416862	0.0011058	0.00152766	7.72354e-005	2.96532e-006	4.21403e-007	1.73727e-007	7.72354e-008	2.15272e-008	2.14125e-009	1.81863e-009	5.84617e-013	1.54872e-014	1.7916e-015	1.28194e-015	8.78177e-016	7.17705e-017	2.91381e-017	8.21741e-019	2.75748e-019	1.3013e-019	4.61041e-019	2.92448e-019	1.05492e-019	2.59472e-019	8.15216e-020	4.87559e-020	6.93651e-020	1.46798e-019	2.88639e-019	8.09147e-020	4.77639e-020	1.87299e-020	3.36405e-020	
0	0.403476	0.793089	0.917743	0.943433	0.919741	0.614818	0.130548	0.159453	0.0295282	0.000833793	0.000382256	0.000414685	1.89213e-005	3.98038e-005	7.08536e-006	2.13288e-005	1.75744e-008	2.9033e-009	2.16983e-010	7.53037e-011	6.55701e-012	1.42603e-013	1.34593e-014	2.12058e-016	2.07383e-016	4.49692e-017	1.42814e-016	2.13777e-016	9.10393e-017	1.18246e-016	2.21317e-017	5.17033e-018	4.11674e-018	1.69939e-018	4.0597e-019	3.67764e-019	1.12888e-019	3.43776e-020	1.5849e-020	
0	0.350478	0.121714	0.0124874	0.0184455	0.0527655	0.248958	0.711831	0.3672	0.0139405	0.00675849	4.71485e-006	7.33924e-006	0.000500945	3.83062e-005	0.000252104	5.54867e-005	2.79538e-009	4.77846e-012	2.51392e-012	7.64545e-011	1.76039e-012	2.84859e-013	1.20382e-014	1.06369e-016	1.20537e-019	6.78669e-017	5.53454e-018	1.24995e-018	7.22489e-018	1.11173e-016	9.55838e-017	1.35825e-017	1.41103e-017	2.00221e-018	5.82476e-018	3.56987e-019	8.81018e-019	2.27556e-020	1.77849e-018	
0	0	0.00393725	0.0491537	0.0236301	0.00270533	0.0793329	0.142497	0.415275	0.93429	0.984168	0.98652	0.935912	0.473446	0.160333	0.358231	0.0979777	2.84554e-007	8.90769e-010	2.03866e-011	1.87139e-011	4.72292e-013	6.17693e-015	2.96166e-016	3.47191e-019	8.15088e-019	3.67421e-017	1.98826e-016	1.32512e-015	9.69027e-017	2.58325e-017	1.89946e-017	6.11212e-020	2.57609e-017	4.62399e-018	6.2136e-019	7.35518e-020	4.03131e-020	6.87341e-021	4.03219e-019	
0	0	0.000518405	4.49377e-005	0.00594861	0.00630597	0.00118557	0.0035329	0.00296807	8.79971e-005	0.00566737	0.00573452	0.0384176	0.525453	0.295121	0.204281	0.183692	3.99176e-005	4.38267e-007	5.3784e-008	9.92856e-008	4.7986e-008	5.548e-008	5.44033e-009	8.06053e-011	7.77479e-013	1.29356e-014	1.65573e-015	1.16092e-016	2.15489e-016	3.56379e-016	8.79719e-016	5.44297e-015	3.92294e-015	3.23139e-015	4.7023e-015	1.61814e-015	6.37031e-015	2.27373e-015	1.75149e-015	
0	0	0	0.00194575	0.00185919	0.0116789	0.0491053	0.00800375	0.0518052	0.02183	0.00254086	0.00732894	0.0242572	0.000319094	0.539655	0.431457	0.61883	0.00104215	2.01805e-005	5.41459e-006	1.97769e-006	1.93408e-007	3.73213e-010	7.49624e-010	3.55934e-011	8.74663e-011	4.81078e-010	2.44791e-009	6.32791e-009	2.56175e-009	6.97725e-010	2.70158e-011	4.96563e-014	1.11065e-014	1.04381e-015	4.84873e-017	3.17145e-016	2.73211e-018	3.95761e-016	4.67431e-016	
0	0	0	8.95687e-007	1.53993e-005	0.000711816	9.08467e-005	9.92362e-005	4.40157e-006	0.000204606	2.27642e-006	1.49433e-005	0.000733396	4.07855e-005	0.00445351	0.000409071	0.0425956	0.998865	0.994184	0.832367	0.263077	0.157207	0.0206157	7.88327e-005	2.45869e-006	3.1921e-008	1.23049e-011	6.05164e-012	2.39952e-012	2.30783e-010	1.79715e-011	1.09365e-012	1.5945e-012	1.02854e-016	9.54856e-017	2.50571e-018	1.35372e-018	2.99875e-020	1.15291e-018	3.35306e-020	
0	0	0	0	0.000253527	0.00164593	0.00234023	0.00238149	0.00176625	4.11943e-005	2.60124e-005	1.37561e-005	0.000258076	0.000221067	0.000359541	0.00536282	0.056828	5.27129e-005	0.00579577	0.167628	0.736921	0.842793	0.979384	0.999921	0.999998	1	1	1	1	1	1	1	1	1	1	1	1	1	1	1	


1	0.542542	0.185392	0.0488738	0.0198192	0.000528269	5.19666e-005	1.76864e-005	5.31369e-005	1.06781e-006	2.00955e-005	9.88673e-007	6.35123e-007	1.3122e-005	2.53752e-006	1.85569e-005	1.01017e-005	1.37729e-006	2.77731e-008	1.37344e-008	1.11252e-007	5.32652e-008	3.66883e-008	8.52183e-009	1.0114e-009	1.34456e-010	5.90134e-011	3.31783e-011	1.36933e-011	3.65526e-012	2.97814e-012	2.90454e-012	2.47753e-012	9.8636e-012	7.14098e-012	1.46573e-011	8.76817e-012	4.52864e-011	1.48427e-011	3.5388e-011	
0	0.342303	0.236369	0.237949	0.0643849	0.00236425	0.000899906	0.000325302	0.00348561	0.00100914	0.00856732	3.42221e-005	1.42371e-005	3.37903e-005	4.72687e-005	0.002547	0.00495582	0.000275568	1.12779e-007	1.61622e-009	2.19419e-009	3.90214e-010	9.80698e-010	1.99443e-010	4.67622e-010	1.77827e-011	7.20072e-011	7.13323e-011	1.83164e-011	2.48911e-011	9.2019e-012	4.68417e-013	1.12798e-013	9.61058e-013	5.83489e-013	3.02826e-013	3.62163e-012	2.58482e-012	3.02098e-013	2.42362e-010	
0	0.115155	0.246739	0.633987	0.477959	0.0125104	0.00471436	0.000151869	4.15476e-005	0.000244589	0.000288898	4.05274e-007	2.06955e-006	2.15032e-006	2.9585e-006	6.52262e-005	0.000172996	0.462028	0.0364186	0.0193997	0.0186134	0.00222174	0.00143411	0.000100151	2.06366e-005	1.45871e-007	4.60347e-008	6.18546e-010	7.18845e-012	2.78407e-012	2.92368e-013	6.93562e-014	8.86091e-015	1.36705e-014	3.06831e-014	4.61261e-015	4.50354e-013	4.2111e-014	9.33198e-014	1.17084e-011	
0	0	0.331481	0.034648	0.432339	0.982838	0.991738	0.986761	0.24829	0.01238	0.00634123	6.58065e-008	5.37106e-010	4.89421e-007	3.32694e-008	3.45696e-005	3.76345e-006	0.0676489	0.0303594	0.000594637	0.0238532	0.000131712	3.29844e-005	1.45709e-006	2.69821e-005	5.26289e-007	1.83487e-007	2.30345e-009	8.40873e-012	5.05439e-013	3.97095e-014	2.86416e-014	9.43723e-016	1.19909e-017	3.33188e-018	2.23334e-016	2.01248e-017	1.66879e-014	2.05456e-016	1.86169e-015	
0	0	1.91991e-005	0.00631306	0.000924302	0.000947758	0.00224759	0.0125869	0.68577	0.979959	0.95754	0.302603	0.113925	0.564027	0.14956	0.0102034	0.0180675	0.0625112	0.927201	0.768343	0.343851	0.248139	0.0466959	0.00889409	0.0001122	2.00318e-005	1.79583e-008	4.46074e-008	6.12977e-009	2.32263e-010	9.37583e-011	1.38705e-011	5.73216e-011	3.69189e-011	1.41015e-011	7.34738e-012	4.04194e-012	5.96722e-012	3.05027e-012	6.1844e-014	
0	0	0	0.0382282	0.0013931	0.000130053	0.000162444	5.81055e-005	0.06199	0.00633286	0.015151	0.689823	0.759454	0.00507636	0.64406	0.0837272	0.0963299	0.00030647	0.00146951	0.194896	0.0138831	0.0277953	0.00244789	0.00568332	1.58854e-005	0.000239834	5.33122e-006	6.13738e-007	1.10925e-006	3.77709e-009	2.98528e-011	5.13645e-013	3.55979e-014	1.18981e-010	1.01668e-010	5.90956e-013	7.19447e-012	1.79498e-013	2.86762e-012	3.01965e-013	
0	0	0	1.75871e-007	0.00144114	0.000154337	3.63438e-006	2.07854e-006	9.64312e-005	5.72401e-005	0.0104416	0.00719652	0.0815761	0.034037	0.00242263	0.0377553	0.00368634	0.000974194	2.67255e-005	0.00581351	0.22504	0.0421754	0.0120358	0.00266361	0.00108815	0.000715645	0.0003694	0.000199746	8.72507e-005	1.66575e-005	7.70737e-007	7.45724e-008	1.17686e-008	1.08414e-009	1.39679e-009	2.47111e-010	2.23981e-011	2.05826e-012	2.08223e-013	8.34653e-015	
0	0	0	0	0.00174017	0.000526612	0.000182596	9.67623e-005	0.000274011	1.62871e-005	0.00164981	0.000341666	0.045028	0.39681	0.203904	0.865649	0.876774	0.406255	0.00452436	0.0109529	0.374759	0.679536	0.937353	0.982657	0.998736	0.999024	0.999625	0.9998	0.999912	0.999983	0.999999	1	1	1	1	1	1	1	1	1	


1	0.56178	0.681132	0.291031	0.413202	0.196378	0.250067	0.0101266	0.0383031	0.000904865	3.17526e-005	2.70223e-005	1.86933e-006	2.46559e-008	7.48068e-009	1.18853e-009	4.65514e-011	9.61929e-014	3.21241e-016	2.98027e-017	4.64391e-019	3.4608e-020	1.05347e-020	3.22766e-022	2.49079e-021	5.86485e-022	1.84501e-022	8.12758e-022	7.58743e-022	2.22406e-020	2.04843e-020	9.77839e-021	2.91743e-020	4.92542e-021	4.70717e-022	1.10739e-022	7.7292e-023	1.32426e-022	1.80714e-023	1.22801e-023	
0	0.437945	0.117537	0.705609	0.550853	0.777808	0.649085	0.0325646	0.0936359	0.0363454	0.000454225	0.00164156	8.96541e-005	2.42335e-007	2.93879e-008	1.30915e-009	1.81267e-011	1.59883e-012	9.87768e-014	7.89272e-014	3.0797e-015	4.14886e-016	3.22904e-017	2.06823e-018	1.37277e-017	5.98802e-017	6.64208e-017	3.18194e-016	1.20064e-015	4.73803e-015	4.23261e-016	9.57065e-017	6.0051e-018	5.61694e-019	2.76952e-020	3.51655e-021	2.32857e-022	4.1367e-023	1.80054e-023	1.86379e-024	
0	0.000275128	0.201319	4.69392e-005	0.0351854	0.0228331	0.0930096	0.955328	0.221331	0.215494	0.874424	0.0434178	0.0214948	0.0399395	0.002301	0.0309656	0.00184504	0.000389856	6.28713e-006	4.82852e-008	1.63453e-007	5.40161e-011	1.40579e-011	6.95504e-017	1.1136e-016	2.23854e-021	4.52378e-019	2.31937e-017	1.12589e-018	2.03731e-014	3.87014e-015	7.49789e-016	9.52959e-016	7.28562e-020	7.10381e-022	9.1151e-022	1.07316e-024	4.89849e-023	7.60499e-028	1.74879e-025	
0	0	8.91852e-006	0.00324957	0.000571341	0.00284895	0.00581917	0.000232071	0.509245	0.0742419	0.00103591	0.0679515	0.000962058	0.000137697	0.00158674	0.000247893	0.000126015	6.85739e-005	2.30443e-005	4.11726e-006	8.14063e-008	6.7327e-009	6.71455e-010	3.61452e-011	3.52278e-011	1.15586e-011	6.73855e-013	5.18095e-014	2.62328e-015	1.1207e-015	1.22149e-015	2.63626e-016	9.16238e-017	2.28145e-016	1.85099e-018	1.2543e-019	2.22939e-020	2.64804e-020	3.97594e-021	5.3897e-022	
0	0	2.294e-006	6.24141e-005	0.000182281	0.000104538	0.00189805	0.00172519	0.121392	0.226864	0.0543293	0.274755	0.412873	0.271938	0.132997	0.031036	0.0197412	0.00472644	0.00335434	0.00120011	0.000941915	0.000144157	0.00011576	5.55762e-007	1.26753e-007	5.70895e-010	3.14399e-012	4.70764e-012	3.59334e-013	1.22926e-012	6.38435e-013	1.11463e-013	5.90422e-013	6.78258e-015	7.29266e-016	1.54499e-016	1.40221e-017	1.58014e-017	1.51808e-019	2.43337e-020	
0	0	0	9.36881e-007	5.7671e-006	2.7534e-005	0.000113431	1.60626e-005	0.0160634	0.439229	0.0321776	0.523198	0.0144976	0.000313147	0.00516991	0.00291038	3.14736e-005	0.000441514	0.000179585	0.000742203	1.64124e-005	2.86097e-006	4.84667e-008	6.48958e-007	2.77116e-007	5.3667e-007	1.18434e-006	6.38717e-007	4.47439e-007	9.97003e-008	4.01255e-009	2.94461e-010	3.65344e-013	5.8293e-014	1.20025e-016	5.5565e-018	1.15958e-018	1.71284e-019	3.58533e-019	1.2185e-020	
0	0	0	4.72166e-011	1.10042e-007	1.11515e-007	7.98757e-006	7.58676e-006	2.21955e-005	0.00689717	0.0372869	0.0595304	0.540644	0.682218	0.847727	0.930796	0.975618	0.986126	0.982476	0.587191	0.897931	0.119071	0.218015	0.000509957	0.000315493	7.26865e-007	9.45342e-009	1.76311e-007	2.29883e-008	7.84328e-007	2.61597e-007	4.00119e-008	1.63975e-007	1.15886e-009	9.29091e-011	1.22562e-011	1.14079e-012	7.23294e-013	3.18547e-015	1.0104e-015	
0	0	0	0	3.22538e-009	1.17127e-008	4.11142e-007	8.35919e-008	6.90543e-006	2.34172e-005	0.000260225	0.0294792	0.0094379	0.00545391	0.0102187	0.00404428	0.00263819	0.00824753	0.0139611	0.410862	0.10111	0.880782	0.78187	0.999489	0.999684	0.999999	0.999999	0.999999	1	0.999999	1	1	1	1	1	1	1	1	1	1	


1	0.980827	0.0462848	0.025502	0.0016365	3.16891e-005	2.37425e-005	0.00030571	0.00374098	1.3018e-005	4.09637e-007	7.05712e-009	1.60198e-010	2.60282e-012	1.02678e-013	2.52421e-015	1.74668e-017	5.78508e-022	1.2027e-026	4.98393e-029	5.03832e-030	8.36844e-032	1.841e-032	2.13203e-033	1.29055e-033	2.14744e-033	8.13944e-034	1.56688e-033	6.24795e-033	4.25146e-033	8.11024e-034	3.34275e-034	1.5471e-034	3.0479e-035	8.52153e-036	3.94719e-036	6.00316e-037	1.42212e-037	2.44824e-038	1.19655e-038	
0	0.0191719	0.953713	0.974459	0.998346	0.984762	0.994331	0.906185	0.141073	3.6282e-005	1.38821e-008	1.19948e-011	3.67762e-012	1.47586e-015	1.75081e-014	8.16779e-017	8.38312e-019	2.73481e-020	3.02238e-024	5.46776e-027	1.68395e-028	2.66356e-031	1.03597e-031	2.12355e-033	1.70677e-031	3.54023e-032	1.39875e-033	1.61206e-034	1.36523e-035	8.66339e-033	8.02867e-035	4.4946e-036	4.11346e-035	1.06154e-038	2.98778e-038	6.33831e-039	4.19083e-038	9.67032e-040	5.59955e-040	1.2463e-041	
0	7.4617e-007	2.58674e-006	3.88923e-005	1.71681e-005	0.0152059	0.00557172	0.0916337	0.570831	4.57366e-005	1.36522e-010	1.89556e-014	8.07743e-015	7.88537e-017	1.91966e-016	2.97493e-019	3.6675e-019	2.16864e-022	5.2042e-027	1.87636e-030	2.10775e-031	3.00462e-033	3.9504e-035	7.87762e-036	1.90177e-034	6.09755e-035	1.08671e-037	1.95688e-036	1.08986e-039	1.80297e-036	2.01597e-035	5.47405e-040	7.23202e-037	1.04718e-041	5.01616e-041	4.329e-041	1.82342e-041	2.51722e-042	4.87253e-044	2.80596e-044	
0	0	4.7159e-011	3.7705e-007	1.58228e-008	3.51727e-007	7.29737e-005	0.00129452	0.104884	0.00731614	2.74945e-005	3.96627e-009	1.27475e-013	2.81453e-016	6.73547e-019	1.12697e-019	1.57159e-022	1.34777e-024	2.2844e-026	1.13498e-029	3.34448e-032	4.38601e-036	7.60354e-038	5.42116e-038	4.76272e-040	3.10448e-036	1.32627e-038	1.26664e-039	4.41691e-039	3.37774e-043	4.50962e-039	9.13299e-039	3.30919e-042	1.41056e-039	1.13524e-043	1.31312e-043	6.92749e-045	9.72307e-044	2.83249e-045	2.19115e-046	
0	0	5.77161e-017	2.56041e-012	1.77943e-010	7.44376e-011	1.05656e-007	0.000580564	0.179379	0.948906	0.927276	0.651197	0.0819652	0.000459787	5.83028e-006	3.55158e-007	5.08156e-010	6.62713e-015	1.29021e-018	5.13092e-022	6.21218e-023	5.9916e-027	2.32905e-030	3.6913e-033	1.24403e-035	1.83121e-036	2.16531e-036	7.54405e-036	2.84831e-035	2.59386e-036	1.55847e-037	3.53633e-039	9.3149e-042	1.69379e-043	6.20672e-042	1.76683e-043	7.61276e-046	1.25935e-047	5.31021e-047	6.86532e-047	
0	0	0	7.08725e-018	2.36943e-014	6.4763e-015	1.82097e-012	1.2769e-007	8.82085e-005	0.0436564	0.0726362	0.341413	0.820589	0.978289	0.998859	0.999933	0.999612	0.996427	0.993242	0.703497	0.13146	2.66002e-005	2.55455e-008	4.26947e-013	3.53224e-017	7.9925e-020	2.40473e-024	2.023e-026	4.4719e-028	3.18604e-031	1.63832e-034	6.22731e-037	5.69048e-040	1.49857e-043	1.80782e-046	1.84491e-045	8.35897e-048	1.37465e-049	3.08775e-050	1.10189e-051	
0	0	0	4.99322e-020	1.62096e-017	3.76494e-015	7.41841e-014	1.51313e-009	3.20751e-006	2.66122e-005	5.86465e-005	0.00738775	0.0973987	0.0209521	0.000837186	1.97337e-005	0.000383528	0.00357331	0.00675847	0.296494	0.857675	0.993104	0.876308	0.532559	0.00126399	0.00026785	1.61618e-007	2.44287e-010	2.75664e-011	1.35499e-014	3.06917e-016	3.66682e-017	4.33935e-018	9.99571e-020	2.36969e-020	1.74559e-021	3.76557e-023	2.15823e-025	6.75351e-026	2.84668e-028	
0	0	0	0	1.01282e-021	1.5479e-018	6.61797e-016	1.58405e-013	2.54922e-008	2.06052e-009	1.76139e-006	2.02373e-006	4.76306e-005	0.000299103	0.000298094	4.73772e-005	4.86655e-006	1.64644e-008	2.48322e-008	8.66841e-006	0.0108643	0.00686898	0.123692	0.467441	0.998736	0.999732	1	1	1	1	1	1	1	1	1	1	1	1	1	1	


1	0.827384	0.680047	0.189748	0.177781	0.204184	0.529216	0.947378	0.975809	0.0368917	0.000771414	7.42307e-005	2.17989e-005	4.21974e-007	4.4467e-007	7.75079e-009	1.35954e-009	2.26241e-013	3.39561e-015	1.86799e-017	8.35337e-019	1.16616e-019	6.80696e-021	2.2555e-021	7.05812e-021	9.56074e-020	2.21824e-019	3.59527e-017	5.22517e-016	5.317e-015	1.01019e-014	1.88225e-015	5.24057e-015	3.17846e-015	9.96764e-015	9.7613e-015	1.73888e-014	1.43166e-014	6.21102e-015	6.79303e-015	
0	0.172612	0.24939	0.809955	0.813725	0.603068	0.466038	0.0514656	0.0179492	9.43679e-007	9.03058e-006	4.34511e-006	1.334e-005	2.94254e-008	1.76274e-007	1.6694e-010	2.98766e-010	3.20645e-014	4.3827e-018	1.60341e-016	1.38253e-018	2.43591e-018	3.61925e-019	5.86006e-019	2.9745e-018	3.42256e-017	3.63924e-018	7.05771e-017	8.44225e-017	2.73206e-015	4.87393e-015	5.24281e-016	5.46452e-015	4.67884e-016	3.16304e-015	1.1057e-015	3.86925e-014	1.90923e-015	1.90609e-014	3.46692e-015	
0	3.85762e-006	0.0705631	0.000294456	0.00849394	0.192747	0.0033563	0.000512679	1.90235e-005	9.16351e-008	1.37034e-007	8.73287e-011	7.60363e-010	6.08883e-010	5.49672e-011	2.08789e-011	5.66565e-014	6.58387e-014	5.85574e-019	4.10524e-020	8.85412e-020	2.20965e-022	8.61782e-021	1.22652e-022	1.11099e-017	2.14298e-019	1.19863e-019	2.0684e-019	4.01264e-021	1.40562e-015	3.74286e-017	2.21772e-018	2.78834e-016	1.08596e-019	1.30071e-018	2.14557e-017	5.75099e-018	1.93723e-016	6.73455e-019	5.73178e-018	
0	0	4.3586e-011	1.56891e-006	4.875e-009	3.34755e-007	0.000401286	7.41082e-007	5.07736e-008	1.83086e-009	7.53929e-015	2.09644e-013	2.95912e-014	5.94279e-016	1.79432e-013	2.72092e-017	9.39452e-016	2.39467e-020	4.16273e-019	1.54283e-025	1.87626e-025	5.62348e-025	2.0322e-028	9.6843e-026	4.67703e-026	9.68966e-021	3.42035e-024	6.63904e-023	2.52916e-022	5.9057e-025	1.38658e-019	4.78197e-023	1.98382e-023	1.38472e-020	1.09171e-024	6.24625e-024	2.76323e-021	2.0765e-023	1.3215e-021	8.26543e-023	
0	0	9.10599e-012	1.26479e-006	2.27211e-009	1.38556e-006	0.000988246	0.000371387	4.66402e-005	7.26787e-006	2.05011e-008	1.51845e-012	5.72722e-015	2.9527e-015	2.92895e-013	1.93015e-014	7.27906e-016	8.57748e-020	7.15383e-019	8.75077e-023	2.74347e-025	2.33208e-027	3.19437e-030	5.89724e-027	1.50114e-028	2.84353e-022	2.19881e-022	1.09948e-023	5.61049e-023	3.45296e-026	4.68414e-021	1.2918e-022	7.05898e-026	5.28997e-021	2.5035e-025	8.41351e-025	1.83009e-022	5.68229e-024	1.08871e-021	3.83768e-022	
0	0	0	4.89245e-014	2.56373e-009	4.42611e-010	1.55902e-007	0.000271896	0.00617581	0.963079	0.993021	0.959179	0.51585	0.000592125	0.00142985	0.000137369	5.13262e-005	4.04134e-007	2.35392e-008	1.05279e-010	6.3707e-013	1.3603e-017	7.02303e-023	2.20398e-027	2.0226e-029	8.39107e-031	3.73895e-023	7.37023e-021	8.98579e-022	2.20839e-021	5.46605e-024	7.63521e-026	7.23373e-027	3.73714e-030	1.22844e-023	3.15497e-027	9.63334e-028	9.67196e-027	1.05625e-028	7.5518e-024	
0	0	0	1.53763e-022	1.20186e-017	2.79094e-012	8.22527e-013	5.66152e-010	6.61541e-008	1.46061e-005	0.00522486	0.0397066	0.463949	0.836131	0.633396	0.898258	0.967989	0.990335	0.90387	0.892851	0.0541275	0.000141966	5.58061e-008	5.78118e-012	1.23381e-015	1.26621e-017	6.74835e-021	2.22004e-022	8.52906e-023	1.9845e-024	2.47745e-024	1.19095e-026	1.09942e-028	3.27126e-030	1.06832e-030	3.17853e-026	4.42754e-029	2.60932e-031	4.37865e-030	6.95804e-032	
0	0	0	0	5.9931e-017	8.99672e-012	1.62304e-011	1.45539e-009	3.97894e-007	6.58752e-006	0.000973322	0.00103594	0.020165	0.163277	0.365174	0.101605	0.03196	0.00966446	0.0961299	0.107149	0.945873	0.999858	1	1	1	1	1	1	1	1	1	1	1	1	1	1	1	1	1	1	


1	0.977783	0.903795	0.956808	0.645685	0.532262	0.796966	0.704144	0.240849	0.0539201	0.0209397	0.00393637	0.0042104	0.000340661	1.7082e-005	1.2861e-006	6.69353e-009	6.61685e-014	2.46261e-018	6.54536e-020	4.21586e-020	1.42126e-020	8.00505e-021	2.31834e-020	8.87827e-020	4.53132e-019	1.02224e-017	2.77216e-017	2.05857e-016	3.78333e-016	1.18759e-015	8.93809e-015	9.35314e-015	3.52601e-014	5.83581e-014	2.86764e-013	3.61549e-013	1.07671e-012	2.80331e-012	2.01758e-011	
0	0.0220189	0.0314586	0.00538959	0.019726	0.0121901	0.0349914	0.285352	0.726443	0.858341	0.929805	0.316863	0.496575	0.740677	0.123164	0.103832	0.00330924	2.49145e-008	5.29979e-013	8.27356e-016	1.59945e-016	6.21464e-018	1.84913e-019	2.9535e-020	1.2148e-020	1.30963e-020	2.80726e-019	2.84743e-017	2.26238e-016	2.04827e-015	4.10392e-014	2.85197e-013	1.02225e-012	7.32201e-012	1.82259e-011	3.69951e-010	3.01002e-010	5.61205e-009	2.51511e-009	6.13109e-008	
0	0.000197672	0.0646929	0.037403	0.332186	0.0423841	0.0252334	0.000301095	0.0323551	0.0144769	0.00065028	0.657614	0.358164	0.000171935	0.315618	9.28369e-005	0.00752863	4.98118e-009	5.85297e-012	1.95923e-014	9.83343e-018	2.91581e-017	2.56488e-018	2.69226e-018	3.85804e-018	5.63038e-017	1.00247e-018	5.92006e-017	1.09221e-016	5.90832e-016	3.12681e-016	9.97201e-017	8.80223e-013	1.91908e-013	2.20873e-012	4.09785e-013	4.9325e-010	1.00388e-010	3.0983e-009	8.51094e-011	
0	0	1.74918e-009	2.23183e-005	1.19452e-006	8.44895e-007	7.53791e-007	2.17343e-007	7.13582e-009	1.37175e-006	4.7729e-007	3.3892e-006	0.00202751	9.99614e-005	3.86371e-007	1.07898e-006	2.00714e-009	6.77141e-010	8.80118e-015	2.08875e-014	3.64703e-018	2.83826e-019	4.85233e-020	3.69284e-020	9.05491e-023	1.97654e-020	6.90242e-021	8.50192e-022	4.20859e-019	1.4237e-020	1.67457e-019	9.44298e-019	3.78942e-019	2.35402e-014	4.24854e-014	1.31692e-014	6.95927e-015	3.27399e-013	4.93356e-012	4.14239e-012	
0	0	5.30565e-005	0.000377065	0.00240173	0.413163	0.142498	0.00548679	1.33433e-005	0.00326057	1.55614e-005	3.60333e-008	0.000545512	1.43709e-005	1.61992e-007	0.000103057	2.90796e-008	5.43708e-006	1.02811e-009	2.32016e-013	1.74415e-015	1.35178e-018	1.07871e-019	4.11823e-021	2.43435e-017	7.42807e-018	3.26759e-018	4.21181e-019	7.88584e-020	1.29659e-017	2.44094e-018	3.67519e-019	1.08817e-018	6.10774e-017	2.61507e-017	5.49131e-015	2.93822e-016	8.82746e-013	3.705e-014	8.29221e-013	
0	0	0	1.02447e-009	3.04723e-009	5.55064e-008	0.000310372	0.00470813	0.000245072	0.0499662	0.0327809	0.0020246	4.3172e-005	0.000236515	8.15985e-008	3.89115e-009	5.03727e-009	1.04152e-014	4.27859e-009	7.6817e-013	2.44635e-014	1.5402e-017	9.7408e-021	2.73239e-022	2.96657e-026	4.55776e-020	2.06948e-019	8.30265e-021	4.1051e-020	4.78064e-024	1.76079e-019	2.12218e-019	3.78373e-022	1.30706e-018	1.6066e-019	7.03095e-018	4.4347e-019	1.02816e-016	1.31011e-015	4.05488e-015	
0	0	0	1.34554e-040	9.67453e-016	4.99471e-015	7.10562e-013	7.04571e-009	5.68314e-008	1.39064e-005	2.0355e-005	5.16926e-006	7.85572e-007	1.98509e-007	8.88477e-008	3.34806e-008	7.68381e-010	5.68696e-011	2.80642e-013	7.33822e-013	1.61916e-015	4.87207e-019	1.20249e-022	2.70604e-026	3.65171e-028	3.35301e-031	4.04137e-025	3.28277e-024	1.33801e-025	8.75422e-026	1.29138e-028	6.35234e-024	4.02874e-025	8.61367e-027	2.21367e-024	4.4179e-024	2.06382e-023	6.83274e-024	5.57014e-022	6.17967e-021	
0	0	0	0	2.74741e-011	6.05366e-011	3.07651e-009	7.50006e-006	9.34975e-005	0.0200195	0.0157874	0.0195541	0.138434	0.258459	0.561201	0.89597	0.989162	0.999995	1	1	1	1	1	1	1	1	1	1	1	1	1	1	1	1	1	1	1	1	1	1	


1	0.33093	0.0136049	0.00064454	4.84246e-005	3.48551e-006	4.15538e-008	1.82856e-008	2.93889e-010	1.61019e-012	1.50544e-013	6.32048e-016	2.62719e-017	4.23975e-018	2.21927e-020	1.91323e-023	1.31752e-025	1.19407e-029	6.42097e-032	3.37903e-034	1.85952e-034	1.28782e-035	1.09655e-036	7.42833e-039	1.31872e-039	4.12555e-040	1.26834e-040	7.41209e-041	1.14763e-041	2.2315e-042	1.16419e-042	3.47873e-043	1.39886e-043	2.80834e-044	3.70149e-044	8.31324e-044	1.20672e-045	2.09592e-046	1.28465e-048	1.87123e-049	
0	6.25823e-005	1.52222e-005	2.83791e-008	1.13826e-008	9.87221e-008	2.08014e-010	1.28115e-009	1.50268e-013	1.38653e-016	1.4956e-014	1.01e-017	9.10258e-020	1.27946e-017	5.78678e-022	4.35271e-023	5.07769e-028	1.36565e-029	1.49605e-032	4.63245e-034	1.17214e-033	6.55392e-038	3.61557e-040	1.17083e-043	2.96499e-043	1.43866e-044	6.27663e-044	5.31199e-046	1.04765e-045	4.088e-046	7.6163e-047	1.32223e-044	2.39033e-047	5.40789e-048	3.1717e-049	4.016e-046	3.83421e-051	4.38837e-049	2.58809e-052	1.63393e-053	
0	0.669007	0.986184	0.999215	0.999729	0.986077	0.995764	0.846529	0.408997	0.104377	0.0229229	0.000266132	8.76993e-006	5.32055e-007	6.0784e-008	1.07109e-009	2.58761e-011	7.80241e-014	1.17399e-014	1.40883e-016	1.32537e-016	9.29049e-018	1.20528e-018	5.90894e-020	1.58576e-019	9.22007e-020	1.20111e-018	4.62603e-019	1.12749e-019	9.17955e-020	2.46118e-020	4.93042e-021	2.17169e-022	4.83656e-023	1.03865e-023	1.5029e-024	4.33717e-026	2.10827e-027	2.71943e-029	7.73401e-030	
0	0	0.000194264	0.000138975	0.000220201	0.0139085	0.00417842	0.153419	0.590596	0.893944	0.930606	0.992968	0.926998	0.79671	0.291703	0.00625444	0.00182991	3.36029e-007	1.19492e-008	1.05182e-011	3.84619e-013	3.64733e-016	4.17623e-019	5.50851e-023	1.82114e-022	7.74326e-023	3.66571e-022	1.47502e-019	3.35326e-021	5.38701e-021	3.13607e-021	3.6397e-023	6.10674e-023	7.07854e-025	8.01484e-025	2.32104e-025	5.58728e-028	8.42552e-029	1.92569e-032	2.75935e-032	
0	0	1.74387e-006	1.85278e-006	2.11552e-006	1.12058e-005	5.77899e-005	4.98375e-005	0.000406853	0.00167832	0.046467	0.00603271	0.0726975	0.184063	0.707933	0.993741	0.99736	0.999702	0.901532	0.954379	0.707514	0.000986626	2.21763e-006	3.34573e-010	1.70692e-012	4.64321e-015	5.21613e-017	5.84605e-020	9.5351e-023	1.17153e-023	2.47284e-024	4.42096e-024	1.26877e-026	2.37633e-026	3.83303e-028	4.14265e-028	6.53694e-029	8.9802e-032	1.92107e-032	4.02268e-035	
0	0	0	9.77362e-010	1.31912e-009	9.35437e-009	4.62746e-008	2.22355e-006	1.8598e-007	2.52564e-007	4.32479e-006	0.000733113	0.000291042	0.0192143	0.000172517	4.79014e-006	0.000809522	0.000297352	0.098468	0.0455578	0.291527	0.925098	0.67789	0.0648669	0.00288079	0.000273566	1.58009e-006	1.46886e-008	3.52274e-010	1.5066e-012	3.03144e-013	1.43875e-013	1.05255e-013	1.53402e-014	1.15051e-014	8.60994e-015	4.3024e-017	3.07924e-018	6.13648e-020	2.24565e-022	
0	0	0	2.2758e-012	1.83693e-012	2.84804e-012	1.06819e-011	1.80973e-010	3.83369e-008	3.43668e-010	5.79394e-010	1.15779e-008	4.58619e-006	1.22334e-005	0.000190274	1.1805e-007	5.20871e-007	2.1428e-008	3.21225e-007	6.35099e-005	0.000955568	0.0738546	0.317445	0.930323	0.511851	0.0325569	0.00268288	9.39759e-005	1.79713e-006	8.62873e-007	4.67712e-006	5.22016e-006	4.14948e-005	0.000638404	0.0396996	0.229512	0.752254	0.86195	0.968552	0.972474	
0	0	0	0	8.59849e-013	1.54008e-013	2.56986e-013	2.5313e-012	4.08058e-011	3.04467e-011	4.97954e-012	8.48486e-012	5.76185e-009	1.15362e-008	2.97035e-007	1.27054e-008	5.35327e-010	6.73661e-012	1.43771e-009	9.76569e-008	3.25448e-006	6.10393e-005	0.0046621	0.0048098	0.485268	0.96717	0.997316	0.999906	0.999998	0.999999	0.999995	0.999995	0.999959	0.999362	0.9603	0.770488	0.247746	0.13805	0.0314476	0.027526	


1	0.988511	0.999878	0.997335	0.999612	0.999691	0.996258	0.976401	0.600392	0.00109243	6.5418e-006	3.22855e-009	5.02306e-012	3.41156e-014	1.77362e-014	1.10884e-015	7.71923e-017	2.01809e-021	2.15402e-025	7.26514e-027	3.14553e-028	1.05641e-029	9.09918e-031	2.23907e-031	2.62517e-030	1.18207e-028	7.59233e-027	6.51133e-025	3.2674e-023	1.06448e-021	4.20147e-022	1.27655e-022	8.48721e-023	1.47994e-022	1.34937e-022	6.8213e-023	2.32033e-022	1.41798e-022	1.48196e-022	2.22421e-021	
0	0.0106201	5.105e-006	0.00178474	0.000337018	4.3103e-005	0.00325704	0.0229375	0.389604	0.00273606	3.28586e-005	1.25193e-006	2.25611e-009	9.43558e-011	2.95829e-013	2.03111e-017	4.22359e-018	2.84548e-025	1.65395e-025	1.82584e-027	1.32237e-029	1.06022e-029	1.86852e-033	3.55706e-032	3.65144e-035	1.18889e-028	5.95983e-029	2.73181e-025	1.31287e-022	7.36576e-025	3.01291e-022	2.86299e-023	1.30088e-024	1.596e-021	4.23461e-022	1.41332e-021	3.44775e-022	2.66971e-022	4.58782e-022	9.62546e-022	
0	0.00086927	3.42294e-006	0.00087263	1.60999e-005	1.54693e-005	9.88458e-005	0.000167778	0.00362136	0.00248831	2.25575e-006	3.44803e-008	2.97282e-010	1.23152e-012	3.23883e-013	1.51934e-016	1.05345e-018	1.56021e-023	3.87875e-026	3.0373e-028	4.53819e-031	8.72317e-032	9.74497e-034	1.64449e-033	2.88403e-035	4.28742e-031	9.64655e-030	3.0551e-027	7.1721e-025	2.70587e-024	4.60474e-024	6.1777e-025	1.50447e-025	1.7711e-023	2.931e-022	4.25045e-023	1.88389e-022	7.24463e-024	1.44132e-023	7.22945e-023	
0	0	7.30526e-006	4.7738e-008	9.23035e-007	3.16489e-007	8.06357e-008	2.52078e-005	5.32042e-005	2.61451e-005	1.42431e-006	8.24634e-011	2.40577e-011	1.35345e-011	5.74653e-012	9.53456e-012	4.68864e-013	6.16354e-016	3.02804e-020	1.7051e-022	2.27931e-024	1.52645e-026	5.24464e-028	5.41738e-030	9.34461e-031	2.05736e-032	1.00418e-029	1.20246e-029	2.99063e-027	1.96868e-023	4.72424e-024	2.67488e-024	2.48801e-025	5.35126e-026	9.31652e-024	7.96376e-024	2.4071e-023	5.81241e-024	1.11997e-024	8.58892e-023	
0	0	0.000105965	6.73251e-006	3.42475e-005	0.000249194	0.000277961	0.00014584	9.46097e-006	1.65099e-006	4.48666e-008	1.2335e-013	1.31567e-013	9.0788e-015	3.80724e-013	9.88224e-014	5.64186e-014	3.24507e-014	2.26429e-017	1.6073e-020	1.10078e-022	8.20692e-026	5.01304e-028	1.51104e-030	3.75996e-028	8.85322e-029	2.57621e-028	6.40783e-028	2.63137e-029	2.4218e-024	1.08444e-024	8.62467e-027	4.72655e-026	1.12259e-028	5.98389e-028	1.07758e-025	3.02216e-025	1.93996e-025	5.82149e-027	3.76837e-025	
0	0	0	4.05561e-007	3.05458e-009	9.77022e-007	0.000107759	0.00027853	0.00558933	0.262658	0.00189547	1.40895e-008	9.56264e-013	3.94161e-016	4.80842e-016	2.74282e-014	8.38081e-016	5.51428e-018	1.18173e-017	9.58095e-022	1.28911e-024	5.48629e-029	6.99925e-032	2.52724e-032	6.30052e-033	4.37397e-030	7.61318e-029	1.44307e-029	2.97596e-029	5.51853e-031	4.73846e-027	1.08161e-028	1.09289e-032	3.44129e-028	1.78879e-033	2.59371e-032	1.48965e-028	6.31377e-029	4.65913e-029	1.52322e-027	
0	0	0	1.2046e-010	3.23012e-011	5.18064e-011	5.15391e-008	4.4572e-005	0.000729461	0.730972	0.997518	0.999474	0.994817	0.881722	0.928511	0.99041	0.981638	0.93169	0.859988	0.863535	0.100423	0.000223295	8.056e-009	4.21302e-012	1.55763e-015	5.8689e-016	5.08211e-016	1.78238e-014	1.81145e-013	2.52982e-014	1.18643e-015	9.3115e-018	4.41959e-021	9.44734e-022	8.84593e-023	4.99601e-024	2.32745e-025	5.37856e-028	6.30531e-030	2.00974e-029	
0	0	0	0	2.0945e-013	3.3461e-013	1.00637e-012	5.96079e-009	1.07265e-006	2.47297e-005	0.000543818	0.00052445	0.00518337	0.118278	0.0714893	0.00959046	0.018362	0.0683103	0.140012	0.136465	0.899577	0.999777	1	1	1	1	1	1	1	1	1	1	1	1	1	1	1	1	1	1	


1	0.995394	0.98639	0.998443	0.997506	0.0385828	0.00608085	4.55052e-005	4.98018e-007	2.25804e-011	1.07611e-013	9.99761e-018	5.29464e-020	1.73898e-022	2.78394e-023	2.90546e-026	5.8575e-028	1.26242e-030	2.45672e-031	2.40249e-032	3.50059e-033	3.69467e-034	1.56353e-035	1.19796e-036	8.26274e-036	8.10185e-035	6.48793e-035	2.42208e-034	9.21847e-034	2.28881e-033	6.37726e-034	1.65722e-034	1.23289e-034	1.33381e-035	3.8383e-036	7.27565e-037	3.56418e-037	3.19048e-038	1.9952e-038	2.6722e-039	
0	0.00450336	0.0135996	0.00152209	0.00247994	0.961368	0.971767	0.139914	0.00179399	1.34174e-007	1.48779e-011	7.67211e-018	1.06523e-021	9.25097e-024	6.4629e-024	2.34132e-026	1.59983e-027	2.37812e-029	1.15415e-030	6.35268e-034	9.30677e-035	5.13848e-037	6.18494e-038	1.59316e-039	6.55449e-037	4.74094e-037	5.71234e-037	1.84384e-036	6.58883e-037	6.5073e-036	8.11383e-036	1.7577e-037	2.51881e-036	1.49623e-039	6.38479e-039	1.56453e-039	2.21461e-040	4.23147e-041	2.9274e-042	6.8562e-042	
0	0.000102301	1.09407e-005	3.51067e-005	1.43447e-005	4.93933e-005	0.0221511	0.860009	0.962936	0.877868	0.4665	3.91336e-005	3.60569e-008	4.89599e-010	8.67434e-011	3.87563e-012	4.72408e-013	1.44333e-015	4.44633e-015	7.53376e-018	3.1073e-019	3.31947e-024	5.48951e-029	1.54403e-033	1.14428e-035	3.27848e-037	1.15112e-037	2.57646e-037	6.14268e-037	2.4941e-038	1.04344e-037	8.06138e-038	5.08394e-040	3.63469e-039	1.38089e-041	1.25109e-040	3.37306e-042	1.78086e-041	1.33846e-043	1.82931e-042	
0	0	3.53573e-010	1.86717e-008	9.2824e-010	2.48575e-010	1.32218e-006	3.17246e-005	0.0352699	0.122131	0.533484	0.999958	0.997995	0.985702	0.192684	0.000634317	9.01491e-005	5.09782e-008	1.2349e-006	5.33062e-007	4.3787e-008	1.06376e-010	6.39085e-015	7.97047e-019	5.32325e-023	7.77889e-024	2.47758e-026	8.77184e-026	2.96755e-025	1.66419e-027	5.66225e-029	6.30677e-031	2.84134e-033	5.44762e-034	7.22495e-035	8.52709e-036	4.06827e-038	6.14207e-040	2.29141e-042	1.54649e-044	
0	0	1.94237e-013	3.02873e-013	8.7989e-012	7.13799e-015	3.77948e-014	1.77132e-012	1.54086e-010	1.59296e-007	1.05956e-005	2.75184e-006	0.00161617	0.000459253	0.80661	0.999151	0.995165	0.754733	0.493376	0.0483069	0.000508259	2.1519e-007	1.0326e-010	8.94884e-015	1.0285e-017	1.00647e-020	2.3102e-023	1.25906e-026	6.61788e-029	2.57645e-028	7.61213e-032	4.64804e-033	1.17333e-035	4.27465e-037	1.00526e-037	6.279e-040	1.67397e-038	8.99941e-043	5.50984e-043	1.30044e-045	
0	0	0	1.17712e-014	1.82425e-012	1.05606e-013	2.41385e-014	4.2679e-010	2.23106e-011	9.00104e-010	5.02645e-006	1.48905e-007	0.000389119	0.0138286	0.000535331	0.000211769	0.00474403	0.245259	0.413235	0.922413	0.82144	0.0451686	0.00124836	2.73027e-007	8.18663e-009	1.21625e-010	4.30986e-014	1.05729e-016	5.27077e-019	8.65599e-022	6.36214e-024	2.65833e-025	1.58497e-026	6.2065e-031	4.34228e-034	7.0326e-036	1.71402e-039	1.15593e-041	8.19411e-044	1.37534e-046	
0	0	0	4.16154e-022	6.75827e-018	4.50783e-016	3.11582e-017	4.21309e-018	1.41606e-013	2.72904e-017	5.1038e-014	4.31989e-011	8.93801e-011	8.93717e-006	3.53425e-005	6.0398e-009	2.98809e-007	3.21932e-006	0.064879	0.0231902	0.139674	0.949984	0.989857	0.966092	0.534289	0.227808	0.000988369	9.34978e-006	3.29778e-007	5.96857e-009	3.46814e-009	1.85509e-009	1.91408e-008	8.71612e-009	1.27774e-008	1.67084e-008	4.56069e-009	5.31347e-009	5.09e-009	7.03468e-011	
0	0	0	0	2.26997e-017	1.56799e-015	4.88368e-016	4.93819e-017	1.53438e-012	1.85971e-014	1.0378e-012	5.5902e-011	8.46664e-011	1.13455e-006	0.000135452	2.4971e-006	4.23546e-007	5.4902e-006	0.0285085	0.00608956	0.0383781	0.00484696	0.00889415	0.0339075	0.465711	0.772192	0.999012	0.999991	1	1	1	1	1	1	1	1	1	1	1	1	


1	0.690011	0.0124292	0.000376647	1.95395e-005	1.62422e-008	9.23292e-011	1.56795e-012	1.24656e-013	3.22491e-018	4.98033e-019	3.34305e-021	2.61812e-023	1.09824e-024	1.12525e-026	1.91832e-028	4.30859e-030	9.00458e-035	1.26048e-039	3.00159e-041	7.3399e-043	2.95332e-042	3.94023e-042	7.69775e-042	8.22198e-041	9.03693e-040	9.42949e-039	6.40768e-038	7.86701e-038	2.63337e-037	2.10818e-037	1.46634e-038	6.84292e-039	4.27498e-040	9.62855e-041	3.89897e-041	9.14479e-042	8.83208e-043	2.09074e-043	1.8969e-043	
0	0.122033	0.028759	0.000833537	0.000233762	3.13291e-007	1.19124e-009	2.41498e-011	8.89744e-013	2.89841e-017	4.43216e-018	1.83132e-019	3.53508e-021	7.76865e-023	2.91768e-024	1.53481e-025	2.07052e-027	3.10924e-032	8.45135e-037	1.32879e-038	1.61151e-040	1.24055e-040	2.0618e-040	7.10247e-041	1.4229e-039	9.26417e-039	3.68071e-038	6.98103e-037	3.91006e-036	1.06332e-034	5.2009e-035	1.88915e-035	1.38552e-035	1.74781e-036	4.55911e-037	8.78936e-038	4.80627e-038	1.22887e-038	3.76777e-039	8.6943e-040	
0	0.187956	0.926288	0.991102	0.913007	0.0736285	0.00827705	3.66467e-005	6.66593e-007	7.38668e-010	3.79951e-011	8.21618e-015	1.45647e-017	3.13636e-021	8.34323e-023	1.08709e-023	2.41656e-026	8.13059e-028	8.7752e-032	9.06157e-034	1.15356e-035	5.60462e-037	7.43258e-038	1.57212e-038	6.96997e-036	1.78101e-035	2.6196e-033	3.54297e-033	2.36701e-034	1.0732e-032	4.03462e-034	2.04962e-036	6.14447e-038	3.82444e-039	1.48425e-039	2.80517e-040	4.57475e-039	1.64343e-041	1.3637e-040	2.1118e-040	
0	0	0.0325237	0.0067814	0.0866304	0.923731	0.963179	0.981613	0.280472	0.00482619	0.000492507	4.24131e-007	2.14309e-009	1.2966e-011	2.81791e-012	3.67778e-012	8.70696e-013	2.66962e-013	1.64046e-015	7.61179e-018	9.95551e-019	2.12556e-020	9.33445e-022	8.79027e-024	5.70086e-022	1.14258e-021	5.45387e-021	5.03916e-021	2.27381e-022	1.82089e-022	3.97403e-024	7.03509e-027	6.97387e-029	1.80593e-033	3.727e-037	5.02091e-040	7.70417e-042	1.37944e-042	2.36656e-043	1.2717e-042	
0	0	3.70365e-007	0.000906149	0.000106423	0.00263775	0.0284313	0.0156713	0.716051	0.908837	0.0802625	0.000912797	2.06934e-005	5.23089e-009	3.57927e-009	1.95169e-010	2.46492e-010	1.18077e-010	1.07392e-011	1.41606e-013	1.00252e-015	1.57824e-017	6.92925e-020	9.19956e-022	1.5192e-020	8.95021e-020	1.79397e-019	2.26581e-019	5.5936e-021	1.63723e-021	1.51766e-023	4.50579e-028	1.62421e-030	4.46712e-034	5.86478e-038	2.19685e-041	1.07156e-042	1.9774e-046	1.69926e-046	1.83513e-046	
0	0	0	2.52508e-007	2.42194e-006	2.70864e-006	0.000112086	0.00206768	0.00343614	0.0858551	0.801333	0.973214	0.98596	0.894471	0.99214	0.990404	0.997291	0.996739	0.968121	0.975376	0.856685	0.798164	0.318693	0.0264204	0.0905217	0.268293	0.251911	0.408962	0.194868	0.0878131	0.00703057	0.000155029	4.90764e-006	2.4169e-008	3.09505e-010	8.09169e-012	3.09038e-013	2.48389e-015	5.98804e-017	8.91414e-019	
0	0	0	4.94683e-012	1.49913e-007	2.92173e-008	4.06923e-007	0.000610617	9.03526e-006	0.000473697	0.114532	0.0156282	0.00076384	0.0192561	1.28767e-005	0.000171899	1.53447e-005	0.002803	0.0299189	0.0207882	0.126811	0.0162349	0.0199833	0.000566623	0.00541351	0.00458679	0.00315996	0.00265058	0.00354742	0.000748452	7.26564e-005	0.000109391	3.78236e-006	1.33033e-009	3.69502e-012	2.68498e-012	4.8406e-016	4.31397e-016	1.20382e-018	1.06266e-022	
0	0	0	0	6.8135e-011	3.3743e-011	3.44083e-010	2.97352e-007	3.01722e-005	8.25955e-006	0.00338024	0.0102444	0.0132555	0.0862734	0.00784744	0.00942415	0.00269322	0.000457998	0.00196037	0.00383564	0.0165033	0.185601	0.661323	0.973013	0.904065	0.72712	0.744929	0.588388	0.801584	0.911438	0.992897	0.999736	0.999991	1	1	1	1	1	1	1	


1	0.940783	0.29407	0.15196	0.0249501	0.000549508	8.41968e-005	1.99993e-006	4.51534e-009	3.38602e-015	4.6795e-017	4.67396e-020	4.89608e-023	8.03657e-025	2.3675e-025	5.94381e-027	5.69346e-029	6.83225e-033	1.67357e-037	2.87387e-040	1.44283e-041	1.04565e-042	7.41845e-044	1.51671e-045	1.097e-045	6.11487e-046	8.977e-046	3.39501e-046	8.65236e-047	6.94021e-046	5.47628e-046	1.08211e-045	1.15451e-045	3.77512e-046	8.20114e-047	4.3325e-047	1.80533e-047	1.7813e-047	6.45539e-048	7.30704e-048	
0	0.0380133	0.00614076	0.00473119	0.00132077	4.86291e-005	2.64694e-006	5.96522e-008	1.78656e-010	9.07983e-017	6.83603e-019	1.19307e-020	1.82278e-023	3.09047e-025	2.52182e-026	2.84988e-029	2.6434e-029	7.39854e-034	8.71812e-037	9.10517e-039	2.8519e-039	3.13385e-039	8.80503e-040	1.65237e-040	6.48087e-041	3.10294e-040	1.41754e-041	6.77886e-043	7.23782e-044	9.08267e-045	3.25282e-045	3.82101e-045	1.78223e-044	3.11251e-045	9.37252e-046	1.49198e-045	3.88778e-046	6.70259e-046	9.56985e-046	7.184e-047	
0	0.0212039	0.69968	0.825941	0.971951	0.928369	0.671211	0.00564367	2.45066e-006	2.80075e-010	4.00781e-013	2.64129e-017	6.10338e-021	1.57364e-024	1.14202e-024	2.45623e-026	2.81741e-028	1.74373e-029	3.76363e-032	2.40908e-035	6.24945e-037	2.15307e-039	6.02068e-041	9.56369e-043	2.08963e-039	9.38775e-040	1.68277e-039	5.02831e-040	1.17267e-041	4.29482e-040	9.34484e-042	2.90797e-043	3.49579e-044	1.03551e-046	1.14798e-047	4.26319e-048	3.04999e-047	6.04781e-048	5.5304e-048	3.19719e-047	
0	0	0.000109045	0.0173682	0.00177768	0.0710323	0.328658	0.993947	0.999972	0.99995	0.957919	0.0564603	0.000637709	1.02427e-005	4.10397e-005	0.000115769	5.51883e-005	2.64579e-007	5.57111e-009	1.60704e-012	3.2276e-013	7.97213e-018	4.34062e-022	1.20315e-026	3.45337e-028	6.47309e-029	3.03759e-028	3.31884e-028	1.04423e-028	5.24532e-029	1.3928e-030	2.28598e-032	2.41131e-035	7.8011e-038	7.64127e-041	7.20459e-043	8.19435e-046	1.92347e-047	5.66005e-051	2.56602e-049	
0	0	6.82308e-024	7.22763e-009	6.87066e-008	1.59606e-007	4.332e-005	0.000405988	2.55654e-005	5.00481e-005	0.0420799	0.942653	0.994327	0.830611	0.948595	0.999027	0.981376	0.826043	0.109661	0.0052928	0.000481716	2.57471e-007	1.87719e-012	1.0681e-018	2.69227e-024	8.43415e-027	8.37571e-031	6.88377e-031	3.44591e-031	1.93763e-032	2.94383e-032	9.80036e-034	1.94717e-036	9.52489e-040	4.96963e-042	1.10687e-043	1.84921e-047	3.33979e-050	7.18208e-052	1.78352e-055	
0	0	0	3.36593e-011	1.30175e-009	4.60308e-010	1.31908e-007	9.35731e-007	6.51326e-009	1.1714e-009	9.828e-007	0.000886205	0.00503512	0.169306	0.0387377	0.000196058	0.018293	0.173716	0.889649	0.992908	0.853539	0.686284	0.0282507	3.59975e-005	1.9032e-009	4.91732e-011	7.7865e-016	1.06969e-019	2.77546e-022	2.20002e-026	6.07026e-029	6.81005e-030	4.88332e-031	2.1458e-034	4.0371e-037	7.52464e-039	2.92523e-042	1.25829e-044	3.93213e-046	2.28906e-050	
0	0	0	1.10381e-031	2.61415e-014	4.048e-012	1.25138e-012	8.16687e-011	2.33619e-010	1.63617e-014	2.27208e-013	5.16963e-011	5.01343e-008	7.11156e-005	0.00786637	8.57607e-005	1.63786e-006	0.000231736	0.000477703	0.00171691	0.144506	0.305398	0.968372	0.986865	0.982598	0.119804	0.00992671	2.06798e-005	3.00227e-008	7.18756e-009	4.64072e-009	1.01891e-008	1.61706e-007	4.27735e-008	4.59578e-008	8.08734e-008	8.87003e-008	3.50625e-007	4.96808e-007	7.23422e-008	
0	0	0	0	1.26107e-014	2.75163e-013	1.00214e-012	2.90735e-011	1.28472e-010	6.9971e-013	4.05128e-013	6.62896e-010	1.1153e-007	1.8257e-006	0.00475942	0.000575905	0.00027397	9.58058e-006	0.000212997	8.20915e-005	0.00147362	0.00831787	0.00337753	0.0130993	0.0174015	0.880196	0.990073	0.999979	1	1	1	1	1	1	1	1	1	1	1	1	


1	0.95447	0.332008	0.360515	0.152436	0.00114498	3.29574e-005	2.2187e-006	7.49438e-008	2.88662e-014	4.45557e-015	3.03563e-017	1.70661e-019	4.1681e-021	4.45647e-022	2.215e-023	5.18549e-025	2.16263e-030	1.27167e-035	1.77333e-037	7.92817e-038	8.27688e-039	1.75857e-039	2.99926e-040	6.65054e-039	2.75985e-038	7.7428e-037	2.98606e-035	1.07847e-034	3.75755e-033	3.50216e-033	8.9341e-034	6.21344e-034	9.03846e-035	5.14907e-035	3.77629e-035	2.63439e-035	1.43621e-035	2.09526e-036	1.71769e-035	
0	0.0266791	0.506953	0.214393	0.393863	0.00331786	0.000115888	8.46755e-007	6.21725e-009	9.44866e-014	3.42464e-015	6.69944e-018	1.39474e-020	6.94615e-022	1.40866e-022	5.90007e-024	6.05981e-026	1.28821e-027	4.14425e-030	7.90129e-032	1.85089e-032	2.13775e-033	7.54377e-034	1.20981e-034	3.91383e-033	2.58519e-033	1.02426e-032	2.06616e-032	4.07673e-033	1.30683e-031	2.02757e-032	2.52995e-033	2.54956e-033	6.48847e-035	5.23165e-036	2.46585e-036	4.41903e-036	3.29438e-036	1.20288e-036	7.30727e-037	
0	0.0188513	0.160978	0.424447	0.452443	0.990515	0.975883	0.0429	0.000235635	1.89083e-009	2.00712e-012	1.03651e-016	3.23334e-020	9.19842e-024	1.34395e-022	3.76029e-024	1.65216e-025	2.28658e-026	1.72484e-029	6.19645e-032	1.33238e-033	1.02881e-034	2.20561e-035	3.32126e-036	8.91862e-033	1.88544e-032	1.92762e-031	3.96531e-031	1.56069e-032	1.23634e-031	1.90609e-033	3.87905e-036	1.50355e-035	1.00319e-037	1.07875e-037	7.03291e-039	1.03733e-037	1.59989e-039	5.11688e-039	6.16451e-038	
0	0	5.86326e-005	0.000640667	0.00122906	0.0050147	0.0238707	0.937113	0.394795	0.000339179	5.9135e-006	2.93566e-009	2.56787e-012	3.98108e-014	5.92844e-014	1.38462e-014	1.0509e-014	1.26292e-016	1.37062e-018	4.68369e-022	3.60517e-024	1.83127e-027	4.34388e-030	5.16709e-033	2.74052e-033	2.88081e-034	3.83751e-034	2.77686e-032	9.93501e-033	1.2562e-033	7.15719e-033	1.41842e-034	2.73327e-035	2.67377e-037	3.74693e-039	5.3808e-039	6.20899e-039	1.03295e-038	1.41079e-039	1.13263e-038	
0	0	2.92023e-006	6.3432e-007	2.87725e-005	7.3792e-006	4.39538e-005	0.0199187	0.0267016	9.12091e-005	0.000191553	5.96723e-009	9.74199e-014	7.44691e-015	1.72641e-015	1.43906e-013	1.05011e-015	5.25587e-019	5.23401e-020	3.60561e-023	4.1839e-024	1.77994e-030	3.14833e-031	1.87529e-035	1.5166e-034	3.29335e-037	5.93568e-035	1.68015e-035	5.21895e-035	5.34904e-035	1.72322e-036	7.60476e-035	5.07966e-038	2.9432e-039	2.63207e-043	2.72502e-042	1.58357e-042	1.98452e-040	4.67546e-043	1.53125e-041	
0	0	0	4.34355e-006	4.74402e-007	4.49155e-007	5.33098e-005	6.47152e-005	0.578268	0.999441	0.899413	0.230265	0.0233592	1.86208e-005	0.000109674	1.60222e-005	8.30745e-006	7.98852e-008	1.36534e-009	2.89946e-012	1.81203e-014	4.66758e-018	2.07363e-022	1.65087e-025	1.5768e-026	1.19578e-027	4.273e-027	8.57807e-026	1.21338e-026	3.09167e-026	5.34099e-028	1.54025e-032	1.38734e-036	1.32381e-038	2.18447e-040	2.09048e-043	4.29422e-041	1.47709e-043	7.73528e-043	1.73135e-040	
0	0	0	9.32859e-023	1.74531e-010	4.48754e-012	6.57334e-011	3.3139e-008	1.23708e-008	0.000128526	0.100268	0.764345	0.96106	0.84284	0.919749	0.986016	0.991519	0.98556	0.888526	0.924535	0.288469	0.000647146	8.36356e-008	2.62958e-012	5.97823e-016	1.13216e-017	2.40341e-020	3.48722e-021	2.39666e-022	9.68478e-025	7.37875e-028	8.75535e-031	2.34146e-034	5.4382e-037	2.01656e-039	5.794e-042	1.72287e-044	4.02969e-045	4.80031e-047	5.96728e-046	
0	0	0	0	8.6831e-011	5.57753e-013	4.93677e-012	1.41665e-009	1.83407e-009	2.16576e-007	0.000120842	0.00538993	0.0155806	0.157141	0.080141	0.0139682	0.0084726	0.0144398	0.111474	0.0754649	0.711531	0.999353	1	1	1	1	1	1	1	1	1	1	1	1	1	1	1	1	1	1	


1	0.282722	0.0045117	0.000204504	4.22676e-006	1.51343e-007	1.87659e-009	2.86157e-011	4.30627e-013	1.16892e-018	3.62533e-020	2.05043e-023	3.48661e-026	4.83067e-030	6.21182e-033	2.35341e-037	3.35556e-041	7.49222e-048	1.47691e-054	3.12096e-058	1.71294e-059	5.47138e-061	4.9346e-063	1.12055e-064	8.17178e-065	5.87282e-064	1.9641e-063	2.56314e-063	2.90189e-063	1.63772e-063	2.49889e-064	6.76072e-065	8.93552e-066	9.78936e-067	5.94914e-068	7.55161e-069	1.52692e-069	2.23682e-070	7.64307e-071	1.45402e-071	
0	0.717235	0.995431	0.999459	0.999918	0.925449	0.953553	0.00108117	3.75368e-006	9.03405e-009	1.13143e-011	2.3494e-016	5.49546e-020	2.90685e-027	2.62477e-029	2.70629e-033	2.29972e-037	1.80949e-041	2.24231e-045	4.32753e-050	2.7226e-052	9.96624e-056	8.4182e-059	1.30991e-061	4.72966e-061	2.15329e-060	8.68202e-059	5.56798e-060	1.37126e-060	1.88746e-061	3.16178e-065	6.32895e-068	1.99621e-069	3.96599e-069	6.18845e-071	3.00366e-073	9.17885e-071	8.12854e-074	7.51424e-073	1.23278e-072	
0	4.32151e-005	5.7539e-005	0.000336117	7.75988e-005	0.0745509	0.0464454	0.998677	0.996857	0.985637	0.342968	0.000130243	5.78559e-007	2.2584e-010	5.52266e-013	2.83223e-016	1.03227e-018	1.36836e-022	7.87955e-027	2.31764e-032	3.81171e-034	1.89494e-038	2.55911e-043	1.43324e-048	2.27873e-050	3.23349e-051	3.32947e-051	6.59225e-051	1.30431e-051	2.25971e-053	5.08134e-055	3.47008e-058	2.46332e-061	4.01586e-065	9.49373e-069	2.06893e-071	4.83421e-075	2.42691e-074	2.19507e-078	1.32107e-074	
0	0	7.64671e-012	4.28433e-011	1.64664e-010	1.68217e-009	1.37517e-006	0.000241505	0.00313869	0.014353	0.656883	0.999853	0.998315	0.998904	0.00464464	1.33472e-006	2.62052e-009	5.46634e-013	2.2482e-015	7.58562e-018	1.13339e-018	3.62468e-021	1.44874e-024	4.27892e-029	2.55729e-033	2.1365e-035	1.65722e-038	3.0626e-039	2.81105e-040	1.15721e-042	4.4283e-044	2.86597e-045	1.16767e-046	5.20127e-048	3.34495e-049	8.45699e-050	1.95157e-052	1.57311e-053	3.54827e-056	6.52536e-059	
0	0	8.37682e-018	2.00953e-016	6.10845e-016	2.15996e-013	1.57324e-012	3.29131e-010	4.31019e-007	1.01424e-005	0.00014889	1.61488e-005	0.00168489	0.00109589	0.995355	0.999997	0.999939	0.98503	0.000932967	8.5958e-007	1.00605e-008	1.06501e-012	7.05473e-017	3.45533e-022	5.0383e-025	2.31858e-028	1.01289e-030	1.47193e-033	1.45501e-037	9.03105e-040	3.20243e-043	1.01383e-047	7.69542e-050	1.33425e-051	5.99998e-053	2.62421e-054	4.72508e-053	3.12346e-057	4.83567e-058	4.05685e-059	
0	0	0	7.37422e-022	3.13188e-020	4.02934e-019	1.06888e-016	2.37981e-016	2.12e-015	1.92763e-011	1.58542e-008	1.67679e-007	2.48107e-008	3.41396e-007	1.24626e-007	1.44853e-006	6.12697e-005	0.0149703	0.999066	0.999806	0.934894	0.00728969	5.21562e-006	5.69916e-010	4.85139e-013	2.72981e-013	1.4843e-016	2.445e-020	2.73744e-022	2.14941e-027	2.57117e-032	7.04016e-035	4.08851e-039	2.5027e-043	5.15551e-049	2.79301e-053	1.05266e-057	1.23875e-057	4.86332e-060	1.21055e-064	
0	0	0	1.17562e-027	9.5799e-026	4.21134e-023	4.28058e-022	2.60621e-020	1.83446e-019	4.22149e-018	2.20106e-015	2.33974e-012	4.83947e-010	6.51016e-012	6.19126e-011	2.55696e-013	6.3925e-011	5.60953e-009	9.05985e-007	0.000193525	0.0651037	0.991483	0.995104	0.987977	0.869606	0.482787	0.0194583	0.000150776	2.51897e-006	6.50586e-008	1.19395e-008	2.20303e-009	4.39938e-009	8.21191e-010	5.84639e-010	8.20418e-011	5.18112e-011	9.1317e-012	7.35775e-012	2.81369e-013	
0	0	0	0	7.33602e-030	7.82186e-028	2.62307e-026	5.75506e-024	9.23656e-023	1.04738e-023	1.01435e-018	3.37e-017	5.74651e-015	6.31083e-014	2.15036e-015	1.80211e-016	7.57444e-016	3.95606e-015	5.12099e-013	5.08937e-010	2.73317e-006	0.00122688	0.0048907	0.012023	0.130394	0.517213	0.980542	0.999849	0.999997	1	1	1	1	1	1	1	1	1	1	1	


1	0.820656	0.117988	0.0297418	0.00548878	0.000369866	1.75354e-005	1.56761e-006	3.43833e-007	6.85881e-011	6.18591e-012	8.868e-014	3.68909e-015	7.14688e-018	1.3543e-018	5.26851e-020	1.29267e-021	2.75008e-027	7.67365e-033	7.98325e-037	3.58413e-038	1.8278e-038	5.5584e-039	1.65252e-039	4.71357e-039	2.35756e-038	1.276e-036	2.89179e-035	3.26227e-034	1.42572e-033	6.40762e-034	2.93766e-034	1.78423e-035	7.11132e-036	1.6314e-036	3.43588e-037	1.15666e-037	4.57121e-038	4.76583e-039	2.1916e-038	
0	0.179344	0.881884	0.970046	0.99423	0.779866	0.990088	0.00651604	0.00271458	0.00280813	2.63797e-005	3.34013e-008	1.13596e-010	1.58757e-016	4.62716e-016	2.90401e-016	2.73029e-018	2.4583e-022	2.35899e-026	1.10536e-032	4.79117e-036	2.76637e-039	2.78327e-041	2.07678e-041	4.81137e-039	2.67695e-039	1.24675e-035	5.64197e-035	8.52805e-035	1.02742e-033	3.12722e-036	2.77459e-037	3.81972e-039	1.74408e-037	5.13641e-039	3.21659e-041	1.71125e-038	5.64982e-041	6.06826e-041	4.55181e-039	
0	6.24493e-008	0.000128027	0.000211863	0.000281403	0.219765	0.00980396	0.992086	0.564847	0.0703435	0.0268568	1.07775e-005	2.76071e-007	3.09654e-009	1.58784e-008	7.68224e-008	1.01548e-006	2.7765e-009	3.19597e-014	6.25117e-020	9.91374e-023	9.28368e-027	3.41398e-031	8.26685e-037	3.17471e-038	3.93647e-041	4.4997e-040	2.27628e-034	3.3822e-036	1.39435e-034	1.47751e-035	4.75773e-040	2.25849e-040	6.84009e-045	7.59052e-041	3.87936e-042	4.15331e-045	1.60163e-042	4.47645e-047	6.72557e-042	
0	0	9.36383e-011	1.85582e-008	9.69576e-009	5.38136e-008	8.50078e-005	0.00139426	0.432389	0.923784	0.528401	0.0143726	0.0050595	0.000884758	0.0135375	0.0415295	0.876067	0.39742	0.00191684	3.02601e-007	3.62717e-011	1.25349e-014	8.14842e-020	1.12954e-025	2.97519e-030	3.0668e-033	3.66165e-036	1.07556e-035	7.21092e-036	1.05958e-037	1.8202e-036	4.32022e-039	4.25254e-043	2.27613e-044	1.30845e-045	8.74186e-044	1.4386e-045	2.75051e-046	1.59845e-047	1.57429e-046	
0	0	3.20371e-014	1.58986e-009	9.69013e-010	2.64687e-009	5.17857e-006	1.96001e-006	4.90728e-005	0.00306148	0.444646	0.984923	0.949707	0.998436	0.160115	0.0321681	0.00269021	0.288589	0.985896	0.99765	0.14586	0.0139415	3.83106e-005	1.57803e-008	4.83103e-013	1.22323e-014	5.62484e-017	7.89572e-019	2.08674e-019	6.33596e-023	6.95757e-026	4.06263e-027	2.10708e-031	1.89054e-033	6.4633e-037	2.28319e-039	7.05951e-043	8.65937e-046	3.29998e-046	2.01591e-049	
0	0	0	7.94095e-015	4.16411e-011	1.5965e-009	2.43699e-009	1.99627e-008	1.2307e-008	2.91264e-006	6.94563e-005	0.000692934	0.0451308	0.000610687	0.825913	0.925176	0.0211271	0.0369321	0.00144985	0.00231968	0.854069	0.496889	0.406472	0.0286474	0.12368	0.00364018	0.231905	0.0024241	1.01018e-005	2.5667e-006	2.24899e-009	2.34955e-012	2.45443e-016	6.64141e-020	9.07104e-023	8.15087e-027	3.64571e-029	4.24505e-033	5.33337e-036	4.92574e-037	
0	0	0	3.14751e-020	4.62858e-015	2.11366e-012	3.42163e-011	8.88662e-010	5.56923e-010	4.54824e-009	6.94286e-009	9.69768e-007	0.000101853	6.30583e-005	0.000425465	0.0011145	0.100046	0.27623	0.0084263	5.0115e-006	5.98487e-005	0.478196	0.165319	0.00588432	0.0167211	0.0064978	0.000665307	0.016519	0.000298941	6.46707e-006	9.51522e-008	3.33096e-010	1.77018e-012	3.73768e-016	4.25827e-019	5.36797e-022	1.22834e-024	1.72054e-027	8.72462e-031	8.58643e-033	
0	0	0	0	5.63423e-020	1.04734e-015	2.72748e-014	3.16255e-013	2.97001e-011	1.1442e-011	3.87594e-010	8.73787e-009	6.57655e-007	5.779e-006	9.44659e-006	1.17557e-005	6.91416e-005	0.000828623	0.0023115	2.46248e-005	1.15032e-005	0.0109736	0.42817	0.965468	0.859599	0.989862	0.76743	0.981057	0.999691	0.999991	1	1	1	1	1	1	1	1	1	1	


1	0.974029	0.477347	0.871026	0.710372	0.0840832	0.00635117	0.00151575	0.00106976	5.70045e-007	4.70623e-008	4.32763e-009	3.0933e-010	2.45234e-013	2.42003e-016	9.60561e-021	3.34173e-024	9.93183e-030	1.61755e-035	8.7958e-039	4.154e-040	5.58806e-041	3.23802e-042	2.46336e-043	1.0475e-042	8.86693e-042	1.18906e-039	8.4465e-038	4.90653e-036	8.08133e-035	3.1123e-035	1.1442e-035	5.11668e-037	4.1722e-037	5.85109e-038	6.52773e-039	3.4798e-039	1.4522e-039	1.90416e-040	5.43778e-040	
0	0.0259686	0.522623	0.125567	0.288904	0.910671	0.979201	0.610355	0.545786	0.855643	0.124516	0.00140416	9.14125e-005	8.95023e-009	3.47798e-010	3.70643e-012	3.98007e-014	1.94477e-017	1.85289e-021	1.47962e-026	1.37202e-028	1.25269e-032	8.65907e-036	6.51084e-040	1.98719e-039	9.95408e-041	2.40201e-038	6.6094e-037	1.01614e-036	3.52349e-035	1.78181e-037	3.05357e-039	5.59377e-040	1.24663e-040	8.14123e-041	1.68258e-042	1.29417e-041	1.45922e-042	3.26432e-044	4.49406e-041	
0	2.11957e-006	3.04407e-005	0.00340689	0.000722942	0.00524402	0.0144402	0.387527	0.406769	0.11349	0.859406	0.110458	0.172909	0.00919179	0.000200765	9.28173e-007	7.47653e-008	6.96108e-008	1.33913e-010	1.30497e-012	3.77965e-014	9.9625e-017	1.01199e-020	2.28493e-025	2.01512e-027	4.47765e-029	6.52542e-030	3.16013e-029	5.5047e-030	2.24441e-030	6.37186e-032	1.0054e-034	3.69954e-038	2.09634e-041	8.13346e-045	9.09118e-044	2.94989e-045	5.55173e-045	1.95451e-046	2.03927e-045	
0	0	1.36193e-010	8.35179e-009	5.32331e-007	3.14569e-007	6.32979e-006	0.000592966	0.0414477	0.0233872	0.0148496	0.887616	0.796323	0.989799	8.75256e-005	2.07051e-009	3.00735e-011	4.33447e-011	1.84781e-010	3.76213e-012	1.17394e-011	2.34392e-011	5.19409e-012	8.17043e-013	1.21046e-014	1.4966e-015	1.72996e-015	1.45605e-015	3.19811e-015	2.30321e-016	8.65559e-017	1.26213e-016	8.62855e-018	3.40365e-017	3.36777e-017	4.26813e-017	1.75466e-018	3.74167e-018	3.02857e-019	1.37472e-019	
0	0	2.19529e-009	5.66357e-009	1.15864e-006	9.7556e-007	1.76226e-006	8.80926e-006	0.00492711	0.00744159	0.000964958	0.000392715	0.0304106	0.000709095	0.999711	0.999978	0.999685	0.066561	1.93949e-005	3.08519e-009	4.38527e-012	3.46266e-016	1.89417e-015	3.06577e-017	1.00245e-014	1.55673e-017	5.42342e-016	4.34086e-016	1.78162e-017	2.02373e-015	1.9857e-018	2.49777e-021	6.56464e-021	4.06417e-021	8.00124e-021	5.49171e-022	3.73165e-019	8.70848e-022	1.44266e-022	3.36963e-020	
0	0	0	6.51929e-012	3.47926e-011	1.25925e-008	1.74811e-008	8.70834e-008	3.42533e-008	3.75399e-005	0.000263093	4.21078e-005	8.59046e-006	0.000278624	1.33224e-007	2.11705e-005	0.000314448	0.933438	0.998599	0.997789	0.911868	0.0322181	5.33171e-005	2.33675e-008	2.41297e-010	1.26482e-010	3.49101e-011	1.87388e-012	1.03219e-012	1.43927e-015	1.11863e-018	2.66368e-020	9.28293e-025	1.14093e-024	1.03416e-026	1.17985e-024	1.4e-026	1.04889e-022	3.74833e-025	2.0128e-026	
0	0	0	3.2211e-017	8.55598e-016	5.98207e-013	1.46491e-011	4.74173e-011	2.26849e-010	1.3063e-009	1.03751e-007	8.53926e-005	0.00025066	1.97404e-005	2.12735e-007	2.19021e-009	9.56101e-008	2.76449e-007	0.00135028	0.00112579	0.0429169	0.0174681	0.00269794	1.37001e-005	3.40568e-007	2.86989e-009	1.32527e-010	3.60445e-012	1.97859e-013	1.32412e-014	6.90812e-017	4.57351e-019	9.50259e-021	6.85096e-023	7.20089e-025	2.86573e-027	7.76821e-028	1.97513e-025	3.66108e-026	5.92133e-028	
0	0	0	0	1.37746e-014	1.4277e-013	1.48349e-011	1.75631e-010	9.51137e-010	4.56886e-012	3.6084e-008	1.57123e-006	6.18748e-006	1.86208e-006	2.25596e-008	8.46788e-013	1.23921e-009	2.55632e-007	3.13689e-005	0.00108501	0.0452147	0.950314	0.997249	0.999986	1	1	1	1	1	1	1	1	1	1	1	1	1	1	1	1	


