E:\Google Drive\Progetti\MSR Action3D\Real\a08_s03_e02_skeleton3D.txt
8
TRUE
-806.516
-845.767
-857.304
-858.266
-860.578
-852.448
-856.205
-827.508
-827.481
-844.598
-856.689
-779.763
-836.083
-818.807
-795.914
-800.069
-826.685
-795.14
-736.389
-773.671

33
20
1	0.817896	0.530203	0.0725297	0.00755145	0.000227515	4.20738e-006	7.4311e-008	1.7276e-010	1.73267e-012	5.86079e-014	2.17636e-014	2.14029e-015	5.92108e-016	1.93721e-017	4.06171e-018	1.37469e-018	1.12927e-019	2.5892e-020	6.37952e-021	3.69751e-022	7.45158e-023	2.70896e-024	2.98577e-025	1.8219e-026	1.32249e-027	8.09859e-029	2.19659e-028	1.25307e-028	1.30686e-028	5.12698e-028	1.88667e-027	4.85408e-027	4.14312e-027	
0	0.116648	0.0408223	0.385514	0.0854412	0.00788636	0.000193826	4.65023e-006	5.2765e-008	6.62927e-010	9.84254e-011	4.90783e-012	7.99147e-013	4.10621e-014	3.36077e-015	1.04258e-015	3.2258e-016	2.52548e-017	1.91113e-017	1.65171e-018	2.89007e-019	1.00633e-019	2.58005e-021	4.13427e-023	2.71809e-024	5.50364e-025	8.64654e-026	4.42758e-026	6.8092e-026	7.72153e-026	8.59482e-025	7.20455e-024	3.73118e-024	1.94258e-023	
0	0.065456	0.427143	0.287552	0.00802768	0.0041059	8.62006e-006	2.64207e-006	9.691e-010	1.99736e-010	5.47403e-012	2.55141e-012	4.1283e-013	1.03846e-013	3.45659e-015	1.5352e-015	1.11149e-015	2.31984e-017	1.81224e-018	5.27855e-019	5.0534e-020	4.29228e-020	8.89044e-022	5.94835e-023	2.38495e-024	1.34506e-025	2.10842e-027	1.62549e-027	1.48932e-026	1.42652e-026	3.28643e-026	3.99998e-025	1.67716e-024	1.43123e-024	
0	0	0.000972534	0.161843	0.717299	0.0289558	0.00225728	1.13796e-005	2.53249e-007	2.02447e-010	7.74955e-011	3.73005e-013	2.23967e-013	6.01186e-015	1.31148e-014	3.59325e-016	3.09948e-016	4.06325e-017	4.60255e-017	3.69477e-019	2.80905e-019	8.09369e-020	5.73093e-021	8.35814e-024	2.14045e-024	2.70634e-025	7.45387e-027	4.61009e-026	3.52472e-027	1.49292e-027	9.71677e-025	5.65951e-024	1.30435e-024	1.65139e-023	
0	0	0.000858673	0.0925298	0.180571	0.958197	0.00501303	9.96906e-005	2.96774e-007	1.82892e-010	6.22585e-011	1.69279e-013	1.36271e-013	2.04462e-013	1.5303e-012	6.14863e-012	5.8341e-010	2.12155e-011	5.71749e-012	1.05656e-014	1.43503e-015	5.90809e-016	7.00646e-020	7.56484e-024	1.83376e-026	2.76191e-028	8.94353e-031	8.50753e-029	7.63622e-029	1.32324e-030	2.03956e-026	2.3128e-025	3.91159e-026	6.42451e-026	
0	0	0	3.22487e-005	0.00110956	0.000626843	0.992516	0.983126	0.998444	0.976329	0.929426	0.0389579	0.00666417	0.000802641	0.000407207	0.0031134	0.013966	0.00867153	0.0258118	0.0017077	0.000534632	0.00144397	4.2333e-005	1.33398e-007	1.34098e-008	1.2489e-009	1.0769e-010	2.60948e-014	1.01705e-016	2.69578e-019	6.00477e-020	4.07845e-020	1.17104e-023	5.63122e-025	
0	0	0	1.10435e-014	5.44397e-010	1.43652e-008	6.11918e-006	0.0162742	0.00120876	0.0231644	0.0657674	0.916015	0.628292	0.803865	0.919096	0.918729	0.796783	0.771242	0.48178	0.235128	0.163126	0.0881791	0.0265596	0.0201469	0.000163396	1.53382e-006	5.66068e-008	1.95798e-011	1.50577e-014	3.53784e-017	3.12249e-019	1.69951e-021	2.19743e-023	2.08208e-026	
0	0	0	0	1.37022e-008	1.31077e-007	6.29993e-007	0.000481237	0.000346965	0.000506375	0.00480633	0.0450269	0.365044	0.195332	0.0804964	0.0781572	0.189251	0.220087	0.492408	0.763165	0.836339	0.910377	0.973398	0.979853	0.999837	0.999998	1	1	1	1	1	1	1	1	


1	0.361229	0.999942	0.969927	0.506878	0.920603	0.0164813	0.00218897	1.06197e-005	1.96709e-006	8.58481e-007	5.87172e-008	5.85888e-008	3.93908e-008	2.15791e-009	7.35468e-008	1.31578e-007	1.09036e-007	1.6053e-006	3.96171e-007	1.76927e-006	5.40119e-005	0.000131138	7.95355e-005	0.000300755	9.66398e-005	3.1603e-005	9.23151e-005	5.22169e-005	5.54941e-007	1.38311e-006	3.38772e-005	0.000119166	2.83255e-005	
0	0.638741	1.81392e-005	0.0290284	0.0515509	0.0111305	9.93312e-007	6.03853e-009	1.5368e-008	2.76631e-010	4.57769e-007	9.77754e-012	1.96627e-008	4.62448e-012	4.78067e-007	5.86102e-009	4.02416e-008	1.39858e-008	2.27574e-005	9.14119e-010	2.47733e-007	3.49014e-008	1.40235e-009	1.85933e-009	8.35683e-007	3.16411e-006	4.18554e-011	1.34137e-006	1.92209e-009	1.22256e-013	2.06405e-005	0.0232954	3.0482e-007	1.02977e-008	
0	3.00234e-005	3.95093e-005	0.0010451	0.441556	0.0681552	0.000984506	9.74724e-009	2.11076e-005	8.00847e-012	5.79645e-009	4.91752e-014	4.77057e-010	1.98839e-011	1.37848e-011	2.71481e-007	8.90681e-008	6.04757e-010	5.3661e-007	1.38241e-010	1.05592e-008	3.758e-007	1.3272e-009	1.18188e-012	1.15535e-007	2.7001e-010	6.14653e-011	8.44001e-009	1.49665e-012	9.38521e-015	1.68328e-009	4.69599e-007	4.68105e-006	6.1948e-007	
0	0	3.09897e-008	1.74785e-009	1.51923e-005	0.0001116	0.982533	0.849344	0.99856	0.204202	0.000285093	7.10285e-008	4.32572e-012	6.91279e-012	6.53909e-017	5.80376e-010	3.36631e-010	1.46089e-010	4.59486e-012	1.16024e-009	1.53949e-012	3.70786e-008	1.11909e-007	6.88633e-012	7.13244e-013	3.65938e-012	8.22089e-012	1.39907e-014	1.48947e-013	4.29346e-017	1.29599e-019	1.74784e-013	8.48686e-010	2.23233e-009	
0	0	5.39928e-021	1.07887e-011	1.55818e-013	1.35961e-008	6.40715e-007	0.148467	0.00140779	0.795794	0.999207	0.540023	0.799368	0.923957	0.996984	0.609964	0.940891	0.694284	0.415889	0.00422264	0.0149441	0.0622556	0.14838	0.239801	0.726588	0.0468651	0.000741984	1.21209e-005	4.7121e-008	7.54547e-013	1.22458e-014	4.00481e-016	1.7708e-016	4.50735e-014	
0	0	0	4.43498e-019	4.43426e-017	2.53839e-015	6.50979e-016	1.22574e-010	1.00987e-008	1.87258e-006	0.000506703	0.459977	0.20045	0.0751573	0.00300441	0.389845	0.0577304	0.305364	0.580856	0.977908	0.891406	0.113581	0.00690001	0.736758	0.198029	0.952107	0.698413	0.00362323	0.000670463	1.26474e-006	3.85836e-009	1.04221e-008	1.16708e-009	1.08926e-014	
0	0	0	1.87442e-038	1.08875e-021	5.56764e-020	3.22958e-020	1.00999e-019	3.92762e-016	3.97979e-012	7.02669e-012	5.57829e-007	0.000131134	0.000870736	1.45436e-007	0.000128935	0.000382434	0.000113722	0.000947147	0.0178569	0.0259443	0.0633383	0.0110871	0.00108896	0.0236993	0.000605829	0.30081	0.348161	0.959735	0.99993	0.0072756	5.86844e-005	3.65196e-005	3.50302e-008	
0	0	0	0	1.28345e-022	9.64682e-021	2.70815e-020	2.98612e-021	5.10231e-016	2.85531e-014	1.45028e-010	9.13024e-011	5.05659e-005	1.44934e-005	1.10826e-005	6.19137e-005	0.000995908	0.000238386	0.0022824	1.16374e-005	0.0677038	0.76077	0.833501	0.0222723	0.0513819	0.000321814	3.63419e-006	0.64811	0.039542	6.85299e-005	0.992702	0.976612	0.999839	0.999971	


1	0.735495	0.999876	0.952971	0.279099	0.778774	0.0470515	0.0281105	0.00119622	0.00012173	0.000805273	0.000498185	0.00395494	0.0379299	0.0101206	0.0212867	0.0688541	0.150278	0.00685435	0.105464	0.460509	0.553206	0.661142	0.748826	0.531172	0.654983	0.529918	0.216954	0.216462	0.116435	0.0413834	0.0645627	0.165655	0.0631367	
0	0.26449	8.93685e-006	0.0469756	0.707463	0.21788	0.000993163	3.43723e-007	0.000137587	1.07288e-008	0.000614612	3.45897e-008	0.00414187	7.88785e-005	0.956283	0.0039172	0.535015	0.566299	0.980737	0.00135125	0.216695	0.012975	0.000132495	1.29697e-005	0.00538728	0.00358482	4.09887e-007	0.0351835	1.85106e-006	1.0377e-008	0.42622	0.59991	2.12158e-005	0.000965765	
0	1.449e-005	0.000115416	5.37262e-005	0.013438	0.00334527	0.951629	0.162116	0.979382	0.0157509	0.00783723	0.000113879	2.64547e-005	0.00320282	2.44812e-005	0.963905	0.349897	0.157793	0.00912244	0.857897	0.18261	0.334648	0.0612492	0.000132781	0.00499186	0.000504053	0.00370425	3.35301e-005	1.87455e-006	6.37097e-006	2.73403e-006	0.000489218	0.000768861	4.72416e-005	
0	0	2.01415e-010	1.43362e-011	1.11156e-010	2.68791e-008	0.000326441	0.809133	0.0179693	0.983815	0.0196213	0.00308037	4.93786e-007	7.70517e-007	3.4211e-009	1.58424e-007	4.31251e-005	9.63774e-005	1.82684e-007	0.000648193	4.47363e-005	3.21704e-005	0.00160207	0.000238359	1.56308e-006	2.03907e-007	1.39645e-005	1.6995e-009	2.57751e-010	5.61657e-010	1.73045e-012	2.79453e-012	2.17688e-008	1.16957e-009	
0	0	1.14157e-010	1.45721e-009	1.96634e-010	3.83715e-007	3.59213e-007	0.000639578	0.00131541	0.000311349	0.970996	0.163968	0.348127	0.20334	0.0257591	0.000724599	0.0108945	0.00836948	0.000110419	0.000146442	0.0105567	0.000456491	0.000735276	0.000340847	2.47664e-005	1.73356e-005	8.13472e-007	1.64492e-007	7.87615e-010	7.20215e-012	1.8778e-010	1.39947e-010	1.44948e-008	4.51691e-009	
0	0	0	2.59147e-016	1.14594e-017	1.79652e-014	1.53937e-014	2.29597e-008	5.42183e-009	1.0085e-006	0.000125565	0.832339	0.642881	0.334529	5.36457e-005	0.000446576	3.51807e-006	0.000160208	8.06249e-007	0.00259601	0.000132362	1.72835e-005	5.09607e-006	0.00636406	0.000111003	0.000119977	0.000134871	1.35247e-009	4.46297e-010	6.53468e-012	8.61537e-018	3.67869e-014	4.21985e-012	8.83316e-015	
0	0	0	5.36555e-022	2.09113e-019	1.26303e-021	9.07833e-018	1.94326e-017	2.30738e-012	3.93199e-013	4.23897e-012	7.05229e-007	0.000515825	0.416409	3.66792e-006	2.07522e-007	7.69675e-006	7.44536e-007	6.78053e-011	1.73122e-006	2.16845e-005	6.71557e-007	7.05487e-006	4.32857e-006	3.93584e-005	1.68693e-007	3.30645e-005	1.66918e-005	3.38848e-005	0.00312107	2.29784e-007	8.08834e-013	1.5399e-013	3.49025e-015	
0	0	0	0	3.47716e-020	1.1825e-019	1.81422e-018	5.48875e-018	1.0547e-012	4.9996e-013	8.56207e-010	1.41246e-008	0.000352895	0.00450923	0.00775517	0.00971996	0.0352846	0.117002	0.00317514	0.0318948	0.12943	0.0986644	0.275127	0.244081	0.458272	0.340791	0.466195	0.747812	0.783501	0.880437	0.532394	0.335038	0.833554	0.93585	


1	0.972321	0.995799	0.988512	0.928451	0.994463	0.285503	0.350671	0.0379574	0.0432067	0.125822	0.608602	0.178179	0.280812	0.366964	0.0516316	0.00589503	0.0228281	0.00788623	0.0113929	0.00544805	0.00204437	0.000186077	9.46723e-005	1.59478e-005	1.08467e-006	3.81249e-008	3.3222e-006	1.83018e-007	7.35612e-008	1.34094e-006	1.21299e-005	0.000206151	3.37887e-005	
0	0.00310331	0.00213503	0.00519283	0.00503138	0.000132306	0.00234748	0.000286634	0.00118079	0.000161702	0.000116731	0.00134898	0.00015227	5.23234e-005	5.35134e-005	1.94348e-005	6.85826e-007	5.24032e-005	4.12957e-005	0.000249984	4.68193e-006	4.55853e-006	7.64968e-006	6.25452e-007	2.26961e-006	5.73623e-008	7.50497e-009	1.55631e-006	7.93948e-008	1.52208e-007	1.55736e-007	1.07127e-007	3.33343e-006	3.34757e-006	
0	0.0245757	0.000439056	0.00613816	0.0664797	0.00228901	0.712084	0.462902	0.947755	0.082843	0.117776	0.00439273	0.000131209	0.0007178	0.00388274	0.002283	0.00019477	0.000741778	0.000597315	0.000181275	1.37551e-005	9.30658e-005	3.12738e-006	6.67733e-008	1.80809e-007	5.8815e-009	3.61784e-010	4.11492e-007	7.62237e-010	4.23003e-010	6.32398e-008	9.41637e-008	2.82357e-007	1.10839e-006	
0	0	2.27238e-005	8.48664e-007	1.71392e-005	0.000254638	3.8154e-006	0.0203073	0.000716359	0.564289	0.034455	0.0019803	2.77103e-005	3.48346e-007	1.36912e-005	1.42237e-006	3.4961e-006	3.61228e-006	1.42471e-005	4.84026e-006	1.37406e-006	7.36869e-008	7.81411e-009	5.59753e-009	1.49219e-008	1.27883e-009	7.92397e-013	2.19834e-010	7.46725e-011	1.82673e-012	4.04777e-009	3.42138e-009	1.42118e-010	6.42056e-011	
0	0	0.0016041	0.000136346	2.07901e-005	0.0028598	5.47069e-005	0.165825	0.0117972	0.308832	0.680508	0.283893	0.574471	0.696853	0.626068	0.942823	0.99236	0.869976	0.956425	0.512801	0.154304	0.0732706	5.82733e-005	1.05868e-006	3.27491e-007	5.48145e-009	5.82549e-012	8.56864e-013	7.48051e-012	2.89812e-014	5.17636e-013	7.80478e-009	1.39847e-009	1.10938e-011	
0	0	0	1.98307e-005	8.55673e-008	7.79932e-008	6.79792e-006	6.29993e-006	0.000593446	0.000403487	0.0412386	0.0985516	0.224688	0.012717	0.00216144	0.00299475	0.00150137	0.106371	0.0338639	0.474509	0.756318	0.674222	0.996257	0.988859	0.75753	0.759139	0.969982	0.348666	0.00219285	0.000105917	5.11459e-007	1.17739e-008	1.4569e-007	3.82095e-009	
0	0	0	4.18942e-009	2.39465e-010	2.34648e-011	9.90499e-010	7.34686e-008	1.18886e-007	8.63109e-006	7.03643e-007	3.4682e-005	1.52373e-005	1.81063e-005	6.00513e-007	2.31211e-007	2.17746e-007	1.71138e-006	5.17259e-006	2.23875e-005	0.00118777	0.00051514	0.000132755	0.00039536	0.00191563	0.000538431	0.00045484	0.00503631	0.00104198	1.54954e-005	7.95596e-008	5.09119e-011	9.45562e-012	2.69577e-011	
0	0	0	0	3.4333e-007	1.48314e-006	2.32236e-008	2.02813e-006	1.23027e-007	0.000255669	8.36837e-005	0.00119659	0.0223359	0.0088291	0.000855302	0.000246289	4.4577e-005	2.54028e-005	0.00116726	0.000838911	0.0827226	0.24985	0.00335537	0.0106492	0.240535	0.240321	0.0295627	0.646293	0.996765	0.999878	0.999998	0.999988	0.99979	0.999962	


1	0.98907	0.771584	0.696599	0.599741	0.0767785	0.296883	0.208627	0.420897	0.464609	0.626721	0.662324	0.700239	0.708218	0.782527	0.598702	0.495117	0.925105	0.979429	0.958943	0.96033	0.901221	0.969215	0.833612	0.804504	0.916055	0.83762	0.985243	0.904598	0.574246	0.962935	0.976409	0.897652	0.888452	
0	0.0107106	0.0826635	0.272382	0.398989	0.921128	0.668895	0.713808	0.563397	0.424167	0.368988	0.0115993	0.163462	0.128274	0.215636	0.390339	0.499821	0.0635151	0.0199085	0.00125897	0.0373671	0.0888244	0.00270053	0.000665133	0.0129288	0.0125662	0.00245221	0.00136008	0.013316	0.00174206	0.0228057	0.0220495	0.00509731	0.0464183	
0	0.000218856	0.143342	0.0293543	0.00117231	0.00205558	0.0324027	0.0716372	0.0144583	0.110489	0.00342292	0.310199	0.132626	0.155218	0.000605147	0.0103348	0.00495369	0.0112465	0.000437645	0.0395604	0.00205882	0.00984987	0.0264989	0.163376	0.178344	0.0660771	0.148865	0.0093954	0.0806163	0.323831	0.00486222	0.000852123	0.0914011	0.0601306	
0	0	0.00240976	0.000187395	1.27854e-005	3.62364e-005	0.00178429	0.00588398	0.000647452	0.000667349	8.79906e-007	0.0156077	7.21618e-005	0.00799107	2.3733e-008	0.000400591	2.40367e-005	6.82002e-005	2.09501e-008	0.000169315	2.54026e-006	4.71521e-005	0.00149885	0.00226551	0.00156261	2.12283e-005	0.0103604	0.000113725	0.000798607	0.0997261	3.22133e-006	1.10121e-008	0.00569191	0.00232052	
0	0	4.32003e-007	0.00147569	6.50661e-005	2.50348e-007	3.27451e-005	4.04508e-005	0.000585053	5.38847e-005	0.000750387	0.000180826	0.00332883	0.000190328	0.000557433	1.00532e-006	7.76772e-006	1.83241e-005	1.41592e-005	3.87043e-007	0.000159199	4.53425e-006	7.92016e-005	7.99207e-005	0.00265971	0.0052614	0.000698581	0.00387204	0.000654004	0.000453572	0.00930107	0.00020838	5.33902e-006	0.00263809	
0	0	0	1.33817e-006	2.02932e-005	9.04384e-007	8.79628e-007	2.34692e-006	1.27477e-005	4.85009e-006	1.62339e-005	9.76463e-007	0.000184476	9.51564e-005	0.000481655	9.66192e-005	3.1753e-005	1.15384e-006	2.53729e-006	2.1497e-008	8.78149e-007	3.21702e-005	1.44894e-006	1.06427e-007	2.79258e-007	1.80649e-005	1.00929e-006	1.38085e-005	1.36254e-005	1.05631e-007	8.91347e-005	5.06653e-005	7.89216e-007	6.70481e-006	
0	0	0	3.0835e-017	1.8327e-011	1.2808e-015	1.4055e-011	2.31183e-012	7.68919e-013	1.9922e-009	4.47707e-011	3.56885e-010	4.01449e-011	1.55963e-008	2.52657e-007	1.54336e-010	1.22284e-010	6.01182e-010	3.10023e-011	1.13685e-011	5.72402e-015	1.55041e-012	1.057e-011	1.45741e-011	2.54431e-013	3.50279e-009	3.1105e-012	1.33677e-010	2.42917e-013	4.69441e-014	1.80001e-010	9.34313e-009	4.75258e-015	2.04486e-017	
0	0	0	0	3.03443e-007	7.76377e-007	2.05188e-006	7.85796e-007	2.42972e-006	8.76708e-006	0.00010085	8.79388e-005	8.7531e-005	1.38885e-005	0.000192376	0.000125863	4.49133e-005	4.58514e-005	0.00020855	6.75961e-005	8.16374e-005	2.13326e-005	5.97279e-006	8.17277e-007	3.08231e-007	1.1637e-006	3.34652e-006	2.01806e-006	3.12223e-006	1.09557e-006	3.24126e-006	0.00043059	0.000151884	3.41585e-005	


1	0.137751	0.0346153	0.00600226	0.0320242	0.00137415	0.00305745	0.00243315	0.00406943	0.00196576	0.000418744	0.000432	0.000176077	2.38114e-005	1.39369e-006	4.00022e-007	2.37231e-008	3.89119e-009	1.47182e-009	7.80392e-010	1.19034e-010	8.53436e-011	4.65561e-011	9.17991e-012	3.36326e-012	3.15624e-012	4.07235e-012	2.35271e-013	3.46005e-013	8.97786e-013	6.04366e-014	1.83772e-014	2.19379e-015	1.79697e-015	
0	0.647344	0.953756	0.023235	0.157624	0.0129802	0.0788747	0.0850514	0.13086	0.255512	0.13941	0.253667	0.15786	0.0450995	0.00280426	0.00146993	0.000117008	1.18342e-005	2.54522e-006	4.41676e-007	5.96386e-008	1.55572e-008	3.95379e-009	8.96496e-010	2.64323e-010	3.3068e-011	1.38178e-011	1.10898e-012	4.77464e-013	2.41871e-013	5.97431e-014	2.04299e-014	6.04547e-015	1.8602e-015	
0	0.214905	0.000123525	0.213496	0.18238	0.0213144	0.0150291	0.00462397	0.127121	0.00871153	0.29888	0.00607265	0.0113579	7.48959e-005	0.0031502	0.000227563	8.20603e-006	2.22236e-006	1.56657e-005	2.74423e-008	1.48434e-007	1.02659e-008	5.86967e-011	2.32848e-012	6.79226e-012	7.89322e-011	4.05776e-011	2.31182e-013	2.87621e-012	2.345e-013	2.36011e-012	7.92102e-013	2.14239e-016	4.27831e-014	
0	0	0.0114812	0.75723	0.266799	0.861186	0.0848401	0.30589	0.0595434	0.0751218	0.277455	0.00105175	0.0657002	0.00073591	0.00214425	0.0220757	0.00108271	3.11799e-006	1.08526e-006	7.90608e-009	1.14868e-007	3.43483e-007	1.30996e-009	2.15295e-012	1.16316e-012	8.88887e-012	2.46973e-012	2.05414e-016	5.16479e-013	3.68616e-014	6.22972e-015	4.99319e-014	2.19286e-016	2.96381e-015	
0	0	2.35998e-005	3.58254e-005	0.339624	0.00771779	0.565541	0.0221639	0.143688	0.00877297	0.100295	0.0791953	0.038023	0.000344029	4.97133e-005	7.68159e-005	4.70489e-005	0.000150635	0.000335407	2.04231e-005	1.50018e-005	4.14644e-006	4.27572e-006	6.18955e-007	1.77547e-007	5.05512e-007	1.81922e-006	1.3191e-006	1.94993e-006	1.11641e-006	9.21317e-007	4.5785e-007	5.7803e-008	2.35334e-007	
0	0	0	8.45931e-007	0.0215451	0.0952044	0.114246	0.507265	0.374205	0.541417	0.0567149	0.0240973	0.120775	0.496406	0.797083	0.910144	0.986522	0.11104	0.0177479	0.00294288	0.0020467	0.00207158	0.000232985	1.71096e-005	4.37589e-006	9.40997e-008	4.24216e-009	1.3493e-009	5.15719e-009	2.51372e-008	2.05233e-008	3.04818e-008	4.82753e-009	7.29055e-010	
0	0	0	1.82926e-012	2.26864e-006	5.87544e-007	0.113422	0.00152897	0.00821866	0.00321157	0.0023252	0.0802233	0.00458479	0.0410389	0.0418731	0.0011519	0.0017453	0.83764	0.0922066	0.0789329	0.00113269	7.05772e-005	0.00462523	0.01758	0.000663521	3.09412e-005	2.32456e-006	1.17084e-006	7.95769e-011	2.07178e-010	1.0941e-009	6.66589e-010	3.89586e-010	5.63987e-013	
0	0	0	0	8.47284e-007	0.00022273	0.0249895	0.0710431	0.152294	0.105288	0.124501	0.555261	0.601524	0.416277	0.152894	0.0648537	0.0104775	0.0511521	0.889691	0.918103	0.996805	0.997853	0.995138	0.982402	0.999332	0.999968	0.999996	0.999998	0.999998	0.999999	0.999999	1	1	1	


1	0.671063	0.97845	0.392564	0.120581	0.0165976	0.00540467	0.00228325	0.000441468	0.000362012	0.0001021	6.30559e-005	0.000370201	9.64377e-005	5.91739e-005	9.12386e-005	2.73795e-005	3.20564e-006	9.68559e-007	3.06155e-007	4.44801e-007	3.14403e-007	6.49823e-008	1.85724e-008	1.03054e-008	1.96278e-008	1.67975e-008	4.98595e-009	1.67885e-008	2.60812e-008	6.80444e-009	3.50095e-009	8.36264e-010	3.07361e-009	
0	0.215747	0.00597444	0.60632	0.836364	0.967391	0.955211	0.984476	0.974825	0.978769	0.447438	0.0102804	0.0012996	6.76074e-005	0.000151839	0.000727027	0.000314456	3.12351e-005	4.13636e-006	1.37882e-007	1.74782e-007	8.1469e-008	9.25894e-010	5.19482e-011	8.19663e-011	1.56555e-010	4.7825e-010	2.47091e-011	2.25417e-009	1.53236e-009	1.97253e-008	5.02193e-009	2.25294e-011	3.14399e-010	
0	0.11319	0.000928984	0.000995142	0.0173659	0.0137902	0.0298121	0.0111648	0.00714904	0.0156487	0.455176	0.838404	0.043115	0.00779059	0.0922234	0.0475337	0.0270147	0.13551	0.0394174	0.00414323	0.00188512	1.02868e-005	9.47656e-008	9.86141e-009	2.21793e-011	2.73702e-011	2.28955e-011	5.25798e-011	2.46649e-011	4.28791e-011	7.14662e-009	2.04888e-008	4.11493e-010	1.14216e-011	
0	0	0.000216309	4.37549e-006	0.0256407	0.000639595	0.00894435	7.17412e-005	0.0172453	0.00171395	0.097227	0.0134181	0.783177	0.00257029	0.0522467	0.0200352	0.00622023	0.00590481	0.622458	0.0561173	0.0108311	0.00091628	7.17284e-006	2.26824e-008	3.49538e-009	4.44731e-010	2.94879e-012	2.9829e-012	2.26066e-014	6.16777e-014	1.38168e-010	2.10858e-008	1.1578e-010	2.38944e-011	
0	0	0.0144303	8.44113e-005	6.28765e-006	0.000103588	0.000476645	0.000852805	0.000288909	0.0023694	3.4803e-005	0.119497	0.0643565	0.089839	0.000281578	0.0108633	4.94996e-005	0.00026078	0.000157201	0.482472	0.0969888	0.0348893	0.0878297	0.0387539	0.058577	0.0222674	0.37731	0.0130843	0.00972679	0.0566502	0.000431879	4.61271e-006	7.70438e-006	7.0536e-006	
0	0	0	2.21377e-005	1.68119e-006	0.00147067	4.5206e-006	0.00108149	1.27835e-006	0.00109146	3.07909e-007	0.0182651	0.0236084	0.203757	0.000395807	0.00965792	0.00943246	0.000265194	2.96212e-007	0.00565627	0.0443896	0.0316449	0.00288141	0.011538	0.00619662	0.000118707	9.10318e-005	0.00313066	0.0200376	0.0181416	9.348e-006	1.68587e-007	5.10318e-006	4.54912e-008	
0	0	0	1.01018e-005	3.19599e-005	1.70072e-006	7.86401e-005	2.00827e-005	7.84801e-006	2.95604e-006	4.28819e-007	2.60091e-007	0.0772534	0.63059	0.101288	0.00985605	0.009597	0.000207049	1.23703e-006	2.99915e-007	0.00111535	0.0107337	0.00691256	0.00221627	0.0078825	0.00116332	2.03382e-005	0.00488043	0.000405117	0.000768861	3.43391e-005	5.23639e-007	2.78775e-007	1.94025e-007	
0	0	0	0	9.3627e-006	5.15145e-006	6.82872e-005	5.00833e-005	4.08786e-005	4.25109e-005	2.16416e-005	7.16478e-005	0.00681967	0.0652895	0.753354	0.901236	0.947344	0.857818	0.33796	0.451611	0.844789	0.921805	0.902369	0.947492	0.927344	0.976451	0.622578	0.978905	0.969831	0.924439	0.999524	0.999995	0.999987	0.999993	


1	0.881365	0.106286	0.14829	0.200532	0.152499	0.0136676	0.0369966	0.00564873	0.00377826	7.91763e-005	3.56378e-005	4.1657e-006	8.84207e-007	9.46674e-008	4.3409e-008	1.0152e-008	8.84115e-010	5.23368e-011	4.074e-012	2.0399e-012	8.76269e-013	3.01667e-013	2.95752e-015	5.03637e-015	8.06539e-016	1.49455e-016	5.1537e-017	3.27701e-017	6.99592e-018	4.56539e-017	3.7567e-017	1.38198e-017	5.34465e-017	
0	0.0888089	0.892995	0.786355	0.782091	0.846634	0.00592979	0.0812413	0.00165231	0.0047336	1.55206e-005	1.69122e-005	2.52402e-005	2.75586e-005	5.84409e-006	3.4912e-006	4.8348e-006	4.14194e-007	2.8404e-008	1.3708e-008	4.44054e-009	1.80423e-008	9.62677e-009	3.25585e-010	1.70558e-009	1.39642e-010	2.07543e-012	2.90556e-013	3.87832e-014	2.08186e-015	1.05266e-015	4.70289e-016	2.47218e-016	6.19633e-017	
0	0.0298257	6.16899e-007	0.0652303	0.0168261	0.000706215	0.980368	0.631606	0.953623	0.646667	0.968048	0.0130437	0.0225208	0.000744637	0.0168285	0.00236196	0.0047607	0.000810102	0.00674104	2.68982e-005	0.000108496	0.000377949	0.000144646	4.96234e-007	1.5195e-008	3.31731e-008	4.95687e-010	7.47781e-011	2.07919e-013	9.82166e-018	7.37633e-015	4.3096e-015	1.9969e-019	2.13774e-017	
0	0	0.000709531	7.29851e-005	0.000474336	0.000117511	6.90201e-007	0.12478	0.00229707	0.164571	0.00224043	0.547312	0.0998696	0.0113847	0.000842583	0.00208279	0.000858105	0.000202157	7.05431e-005	0.0021537	0.000300685	3.99154e-005	4.54994e-005	5.96304e-006	2.07891e-005	2.16529e-006	8.95628e-008	1.86616e-008	1.30817e-008	2.45043e-009	8.19696e-010	4.30363e-010	9.64112e-011	1.68137e-011	
0	0	8.49902e-006	1.9057e-005	4.36516e-005	7.3465e-006	2.81107e-005	0.125352	0.0363181	0.175384	0.0290397	0.434684	0.282854	0.152628	0.0319195	0.0366974	0.0156886	0.0131398	0.00968118	0.00970663	0.0050184	0.00568929	0.00758958	0.00487394	0.00174412	0.00489836	0.0121499	0.00595355	0.00103727	5.396e-005	4.02008e-005	1.46032e-005	5.76916e-007	1.71375e-007	
0	0	0	3.28975e-005	3.24789e-005	3.5262e-005	2.51446e-008	6.26268e-006	0.000364349	0.00395281	6.56114e-005	0.000599726	0.587421	0.536663	0.140385	0.0602908	0.0374763	0.000482585	0.000184714	0.000581431	0.00342186	0.00142645	0.000139693	7.75146e-006	0.0180254	0.000244634	1.10478e-005	2.42247e-006	1.9022e-005	2.98858e-006	1.0951e-006	1.94151e-006	4.53368e-007	4.8127e-008	
0	0	0	2.64704e-009	1.28397e-007	5.42514e-008	6.18189e-006	1.70725e-005	9.65798e-005	0.000906174	0.000510842	0.0039386	0.00610997	0.278338	0.802327	0.837914	0.846846	0.92998	0.972028	0.811292	0.88106	0.960146	0.960451	0.912651	0.174759	0.58255	0.585101	0.577202	0.0651385	0.00152466	0.00355153	0.00141119	2.20612e-005	3.592e-006	
0	0	0	0	6.75549e-008	8.78057e-008	1.82458e-009	8.46728e-007	3.2176e-008	7.19773e-006	9.1043e-007	0.000369521	0.00119514	0.020213	0.00769157	0.0606491	0.0943652	0.0553849	0.0112949	0.176239	0.110091	0.0323206	0.0316298	0.0824606	0.805451	0.412305	0.402738	0.416842	0.933805	0.998418	0.996407	0.998572	0.999977	0.999996	


1	0.18324	0.53931	0.99706	0.402027	0.862903	0.216368	0.825754	0.5126	0.949884	0.546587	0.119109	0.0105337	0.00053823	1.95694e-005	4.12942e-005	3.18192e-005	6.67362e-007	6.74764e-007	4.09108e-008	5.10644e-009	1.12741e-008	2.86283e-010	3.84847e-014	1.3718e-014	2.50055e-015	4.08659e-016	1.24119e-016	4.06778e-017	1.1393e-017	9.57374e-018	8.15607e-018	2.43567e-018	1.02901e-018	
0	0.816571	0.46056	0.00289367	0.597949	0.137	0.753638	0.159487	0.424313	0.0246763	0.427482	0.263587	0.00159514	0.000402737	6.30458e-005	9.78212e-006	1.38716e-005	4.55958e-006	7.70071e-006	9.68542e-008	4.97967e-009	1.10935e-009	2.64699e-010	1.78889e-014	1.48551e-015	3.48738e-017	3.85698e-018	1.60694e-015	1.18883e-018	2.75198e-020	8.7579e-018	6.57888e-018	6.54934e-018	1.32087e-019	
0	0.000188933	9.34149e-005	2.90011e-007	1.41269e-005	7.5857e-006	0.0299709	0.0125914	0.0622949	0.0127713	0.000240858	0.0256557	3.32215e-007	3.73567e-007	9.21858e-009	8.51664e-007	1.48108e-008	6.02646e-007	1.22213e-006	5.1516e-007	1.00242e-010	1.0142e-011	1.61099e-012	5.66603e-016	3.1066e-017	5.0926e-019	1.7706e-018	2.29352e-019	2.93508e-020	8.62052e-022	1.51236e-022	1.04908e-020	2.521e-021	1.26059e-023	
0	0	3.67521e-005	7.32589e-007	2.64265e-010	2.16774e-006	1.02103e-007	0.00181803	0.00017669	0.0061646	0.000138098	7.37721e-006	0.000132049	7.64882e-008	1.97309e-012	4.5045e-009	1.11973e-010	3.84837e-013	1.6778e-008	2.05582e-009	1.45223e-010	4.44118e-013	2.48493e-016	3.3136e-019	3.63673e-018	9.56868e-020	6.67196e-021	4.01241e-023	4.25679e-021	2.42461e-023	4.45515e-026	2.92812e-024	1.53096e-023	1.49202e-023	
0	0	2.04202e-011	4.5759e-005	9.26741e-006	8.65859e-005	1.29179e-005	0.000263805	0.000549534	0.00240395	0.000596534	2.87105e-006	2.07997e-006	2.45573e-006	1.93589e-007	2.98633e-006	1.55065e-005	1.48953e-008	1.49821e-009	3.69281e-012	3.54532e-010	8.91683e-009	2.90999e-011	9.37519e-017	7.31791e-017	6.05197e-018	7.83221e-020	2.09146e-023	7.47419e-025	2.53418e-024	5.76779e-026	2.77998e-027	1.28766e-027	2.86833e-025	
0	0	0	5.39982e-012	1.16394e-009	1.66712e-009	1.0029e-005	8.54658e-005	6.55874e-005	0.00409452	0.0249295	0.087735	0.880139	0.752947	0.964352	0.957582	0.793617	0.0752481	0.175951	0.0157127	0.0331937	0.117669	0.10671	0.000749334	0.000154834	9.95102e-006	4.85065e-007	1.41428e-010	1.10468e-014	1.81536e-018	8.06789e-022	1.55524e-024	3.76514e-027	2.7781e-030	
0	0	0	2.04107e-016	2.2553e-010	1.11196e-009	1.09669e-008	2.6733e-007	4.96152e-008	5.30108e-006	2.47622e-005	0.503894	0.0968764	0.244207	0.0343472	0.0246177	0.183627	0.922876	0.33532	0.950862	0.794599	0.334248	0.877962	0.999233	0.695437	0.900687	0.924352	0.73123	0.0681864	0.00830056	4.20556e-005	2.27219e-006	2.51697e-006	5.90706e-010	
0	0	0	0	7.38694e-015	3.20959e-010	3.53842e-011	2.22012e-008	1.22695e-007	1.2343e-007	1.59936e-006	8.73099e-006	0.0107217	0.00190225	0.0012179	0.0177454	0.0226947	0.00187016	0.48872	0.0334251	0.172207	0.548082	0.0153278	1.79935e-005	0.304408	0.0993029	0.0756472	0.26877	0.931814	0.991699	0.999958	0.999998	0.999997	1	


1	0.567495	0.748967	0.993826	0.889931	0.976598	0.8032	0.939104	0.940446	0.939087	0.648438	0.0210199	0.355319	0.110256	0.0136823	0.077892	0.0605737	0.00727121	0.000588327	0.000172079	5.92422e-006	6.94055e-006	1.71332e-006	6.52426e-008	3.09657e-008	3.48388e-009	2.45534e-009	1.08959e-009	1.18527e-009	3.62116e-009	8.10971e-010	2.76032e-010	7.3071e-010	1.7651e-009	
0	0.428108	0.251006	0.00609167	0.106167	0.0233945	0.175975	0.0607493	0.0556917	0.060729	0.321112	0.978864	0.609354	0.860086	0.138396	0.0415086	0.00944863	0.177845	0.00532834	0.00670386	5.71523e-005	6.95563e-007	4.8387e-006	4.35914e-006	4.17463e-007	1.03151e-008	1.24489e-008	2.97129e-008	2.17934e-009	6.50393e-009	5.23553e-009	4.26602e-009	1.13568e-007	5.86661e-009	
0	0.0043965	2.62667e-005	8.26705e-005	0.00390193	2.65855e-006	0.020819	7.22822e-005	0.00377934	4.99849e-005	0.0300809	8.19015e-005	0.0114854	0.000363674	0.0369694	0.000143568	2.29068e-005	7.37903e-005	0.000844808	8.49332e-006	2.64226e-007	7.17848e-009	1.29266e-008	3.83974e-010	6.09419e-009	2.17667e-010	5.00066e-012	4.45523e-009	1.79194e-012	2.20507e-012	2.59833e-010	3.56999e-010	4.02047e-011	5.90125e-010	
0	0	1.92983e-008	1.56385e-011	9.70651e-011	9.40616e-008	5.54996e-011	1.19218e-005	8.15545e-010	5.34868e-006	1.99499e-008	1.52517e-006	1.10174e-008	4.03116e-007	3.86242e-008	7.49012e-005	1.14601e-008	3.258e-010	2.34007e-009	6.61552e-007	7.66359e-012	1.35908e-011	1.26349e-014	1.27472e-012	2.9889e-016	2.66904e-014	5.37969e-014	7.50102e-017	3.59398e-013	2.33112e-016	8.39517e-017	2.71273e-015	2.15277e-014	2.69313e-017	
0	0	2.14031e-009	1.42458e-009	5.05715e-010	4.55137e-006	2.13444e-009	4.45401e-006	8.81959e-008	1.25859e-006	3.36073e-007	4.6909e-008	6.43505e-007	1.05339e-007	8.76613e-008	3.00428e-005	2.45652e-006	1.09651e-008	1.25315e-008	4.57844e-009	9.91275e-009	3.29713e-011	7.64829e-015	3.44653e-015	1.26999e-014	1.16476e-013	2.13063e-015	5.15969e-020	3.25427e-014	6.11703e-018	1.07239e-016	2.71527e-015	2.02436e-016	2.18098e-016	
0	0	0	8.82512e-011	3.14481e-011	1.38225e-011	5.99311e-006	5.74856e-005	8.16596e-005	0.000105133	0.00021405	2.34476e-007	4.08215e-006	1.44217e-005	1.07177e-005	0.000659814	0.000599588	3.89026e-006	7.51636e-008	4.34119e-010	4.88079e-011	1.54811e-009	3.88445e-012	4.02238e-016	1.72223e-017	1.59994e-017	2.55679e-016	1.58144e-021	7.70329e-025	2.8099e-018	9.29254e-022	3.92098e-019	5.58292e-019	1.64039e-019	
0	0	0	4.03717e-020	6.36985e-015	1.48521e-015	7.41414e-013	3.47467e-007	1.10987e-006	2.16048e-005	0.000134316	2.64741e-005	0.0169567	0.0150689	0.390663	0.0170768	0.00176309	9.90096e-005	2.3647e-007	1.9885e-009	7.82631e-011	4.71388e-012	2.85392e-010	5.51991e-011	1.41064e-012	1.79567e-014	2.61009e-016	4.3469e-019	2.16825e-022	2.05782e-024	7.92618e-022	8.08563e-025	2.38004e-022	2.43703e-022	
0	0	0	0	8.75477e-014	4.94402e-014	1.95376e-014	5.82808e-009	1.21832e-007	2.41934e-007	2.08234e-005	5.99984e-006	0.00688085	0.0142097	0.420279	0.862614	0.92759	0.814707	0.993238	0.993115	0.999937	0.999992	0.999993	0.999996	1	1	1	1	1	1	1	1	1	1	


1	0.925461	0.420238	0.575668	0.633405	0.794966	0.0848732	0.0194411	0.00274738	0.000575057	5.33935e-005	4.08685e-005	0.000552116	0.00012008	2.90023e-005	8.54039e-006	6.18248e-006	1.78949e-006	9.42335e-007	7.17968e-008	8.48393e-008	5.87412e-008	8.08022e-009	4.51497e-010	1.25333e-009	1.33339e-009	4.96844e-010	7.63117e-010	3.22178e-009	2.89514e-009	2.65452e-008	9.10314e-008	9.34218e-008	9.53863e-007	
0	0.0734142	0.00522063	0.402842	0.240586	0.188423	0.287749	0.279749	0.730191	0.955799	0.999741	0.105283	0.901163	0.00762442	0.000970027	0.000807425	0.000133153	6.2059e-006	3.1817e-006	6.36151e-008	3.43725e-008	3.63266e-008	1.51815e-009	1.03926e-011	3.57197e-011	1.60593e-010	7.92077e-010	1.61841e-010	2.38494e-009	4.1668e-009	2.37395e-008	4.76943e-008	5.34901e-009	5.93476e-007	
0	0.00112509	0.57454	0.0212492	0.124661	0.0165905	0.626012	0.698889	0.255211	0.0414151	0.000116452	0.894058	0.0423754	0.610333	4.31557e-005	0.000146073	7.53542e-006	1.29623e-006	2.93744e-009	6.61554e-007	1.62989e-009	1.54126e-008	4.94964e-008	4.411e-009	1.93091e-009	9.04367e-012	5.90084e-010	7.09671e-010	4.24398e-010	4.69537e-008	4.9825e-010	5.38879e-011	1.52583e-006	4.20359e-006	
0	0	6.60434e-007	0.000108311	5.39065e-007	1.89663e-006	9.95817e-007	0.000377677	3.56708e-006	0.000199624	1.49913e-007	0.0003761	0.0028027	0.000411741	6.86194e-006	1.10927e-009	3.12759e-009	8.91955e-010	1.04096e-012	8.7143e-013	1.03419e-011	7.12022e-014	1.21093e-011	1.63967e-010	1.62358e-011	1.70584e-012	7.40779e-014	6.24504e-013	4.0052e-012	1.86474e-011	1.99224e-011	5.75007e-014	2.16257e-013	1.5585e-009	
0	0	2.99236e-007	0.000132805	0.00134692	1.29042e-005	0.00136433	0.00152418	0.0118444	0.0019555	8.22426e-005	3.41231e-005	0.0309142	0.00178898	0.00996495	5.62808e-005	4.44822e-006	1.9856e-007	5.41369e-008	1.25436e-009	2.60289e-010	2.78492e-011	1.94205e-010	3.21332e-011	2.00242e-010	3.51395e-012	5.35189e-015	7.11338e-011	9.74505e-014	2.02915e-013	3.52962e-009	5.71196e-010	7.14895e-012	7.78316e-009	
0	0	0	3.97489e-008	3.76521e-010	5.33192e-006	1.06882e-009	1.69465e-005	1.48479e-006	5.23199e-005	1.64063e-006	3.55448e-008	3.97485e-005	9.11514e-007	1.1015e-007	9.0554e-005	6.64542e-007	1.51439e-010	5.41312e-010	2.38143e-012	2.0204e-011	8.76885e-012	5.70822e-015	5.01236e-015	3.90232e-013	4.36288e-012	3.72366e-013	7.57964e-018	1.84098e-010	4.54047e-012	7.21699e-015	1.17181e-012	3.39706e-014	8.83865e-012	
0	0	0	3.12244e-042	3.15839e-014	9.39267e-017	2.05204e-010	2.9863e-013	5.35379e-010	1.17908e-009	4.35943e-009	1.5902e-009	1.79974e-008	4.88847e-008	1.79387e-009	6.70969e-012	2.40623e-009	8.64117e-012	5.87475e-014	2.94504e-014	1.40342e-016	1.06686e-015	2.112e-016	3.15188e-019	2.42731e-019	1.1569e-017	7.44188e-017	4.77589e-019	5.0805e-023	5.63422e-016	4.45956e-017	1.14294e-019	1.74473e-018	3.08865e-019	
0	0	0	0	3.96746e-010	2.11647e-011	8.86367e-007	1.73766e-006	1.78043e-006	3.35492e-006	5.07953e-006	0.00020813	0.0221528	0.379721	0.988986	0.998891	0.999848	0.999991	0.999996	0.999999	1	1	1	1	1	1	1	1	1	1	1	1	0.999998	0.999994	


1	0.465968	0.239213	0.0148814	0.000337986	7.42436e-006	6.05867e-007	3.32377e-008	1.04764e-010	2.0024e-011	1.27327e-012	4.60338e-014	8.94649e-016	4.70086e-018	1.65376e-021	6.67427e-021	9.23145e-022	3.99417e-023	9.72711e-024	7.00706e-026	8.41533e-027	4.31823e-027	3.39348e-029	9.27385e-032	3.8996e-033	4.77488e-034	5.73229e-036	2.29949e-036	5.24431e-038	3.04476e-040	4.20511e-041	1.34782e-040	2.58992e-042	4.21296e-043	
0	0.000974465	3.9775e-006	6.73305e-006	1.31571e-007	1.9981e-010	5.98284e-009	8.12782e-011	1.28887e-012	5.95615e-013	1.10514e-011	2.87039e-014	5.45574e-014	2.26078e-018	3.56169e-018	3.87901e-020	2.60897e-021	5.25783e-023	2.86565e-023	1.22431e-027	3.64766e-027	5.85967e-027	1.79685e-028	5.49697e-031	1.49704e-030	2.76656e-030	1.01573e-033	1.49835e-035	1.14428e-040	2.01549e-045	5.76184e-043	2.56475e-042	4.73274e-047	1.44342e-045	
0	0.533057	0.760287	0.972601	0.99136	0.998049	0.193973	0.0257787	0.000575482	9.01418e-005	3.948e-005	1.19257e-006	2.64399e-007	4.36353e-008	7.84904e-010	2.67565e-008	5.21975e-008	5.26333e-009	1.39186e-008	3.77035e-010	3.5878e-010	7.0726e-010	2.05909e-012	2.47092e-015	1.80787e-016	6.48755e-018	4.89474e-020	7.68415e-021	6.10471e-023	1.31487e-025	1.13598e-025	8.78112e-025	4.71019e-026	1.72838e-026	
0	0	0.000496038	0.0125107	0.00827978	0.00194063	0.805462	0.949522	0.994166	0.82438	0.116784	0.000322188	9.84613e-006	2.28792e-007	6.79628e-010	2.78598e-008	3.94513e-008	7.35692e-009	2.20905e-009	1.70834e-011	1.96302e-010	4.95401e-009	4.6246e-010	2.26936e-013	8.38963e-014	1.1475e-015	1.08522e-016	5.82084e-020	5.53883e-023	4.68393e-026	3.52771e-028	2.12369e-028	4.05043e-029	6.92137e-028	
0	0	3.31843e-007	3.76288e-007	2.16765e-005	2.87865e-006	0.000563761	0.024699	0.00525592	0.1755	0.882378	0.682247	0.977104	0.99255	0.999835	0.733303	0.953336	0.384462	0.154215	0.000840165	0.00217116	0.000988676	3.31843e-005	6.34023e-007	5.71173e-008	1.01027e-009	9.47169e-013	1.20047e-014	2.38821e-019	2.89929e-024	1.12755e-025	1.35061e-026	7.98924e-030	3.10053e-032	
0	0	0	8.7192e-011	9.37363e-011	3.71244e-009	6.47734e-009	4.77152e-007	2.82664e-006	2.93469e-005	0.000798451	0.317424	0.0228059	0.00741801	0.000164975	0.266682	0.0464195	0.615363	0.839547	0.993146	0.971397	0.990015	0.998679	0.999491	0.987347	0.987619	0.946238	0.288992	0.00261754	4.84552e-005	7.33847e-007	5.09475e-007	1.4771e-007	1.75507e-009	
0	0	0	4.66237e-012	3.85186e-012	4.61151e-011	5.8292e-012	1.30057e-010	1.49966e-009	9.23217e-009	1.79602e-008	5.76663e-006	7.87627e-005	3.09681e-005	4.37825e-008	1.5231e-005	0.000240632	0.000173971	0.00615841	0.0059839	0.0261516	0.00731951	0.00126598	0.000507729	0.0126403	0.0123197	0.0537056	0.700422	0.9934	0.996107	0.870024	0.278307	0.0494007	0.0208408	
0	0	0	0	4.56142e-013	9.45306e-013	6.0024e-013	1.18039e-013	5.90501e-013	6.86412e-011	2.87982e-010	1.03035e-008	1.43265e-006	4.51366e-007	7.75775e-010	1.90102e-007	4.1197e-006	1.1132e-006	7.93464e-005	3.02337e-005	0.000280014	0.0016771	2.2079e-005	1.09137e-006	1.30565e-005	6.15591e-005	5.6482e-005	0.0105859	0.00398284	0.00384459	0.129975	0.721692	0.950599	0.979159	


1	0.999905	0.265045	0.68924	0.997286	0.992247	0.999256	0.787416	0.993435	0.619768	0.958682	0.705352	0.208068	0.0214622	0.00105983	0.000107364	3.58491e-005	4.9562e-006	1.15822e-007	2.93934e-009	1.29077e-010	7.39676e-011	2.94756e-012	7.98722e-015	2.38633e-015	1.90605e-016	8.49725e-018	2.31425e-018	3.15236e-018	3.81346e-018	2.88181e-017	4.7647e-017	5.00487e-017	1.31364e-015	
0	7.3188e-005	0.730959	0.263847	0.000112277	0.00703204	0.000357837	0.202359	0.00284363	0.372419	0.00208216	0.154091	0.0479502	0.000721007	3.47106e-008	2.95945e-005	4.67229e-008	1.74844e-009	2.39075e-010	2.49896e-009	2.56238e-012	5.11763e-012	1.40016e-013	8.03546e-015	1.77744e-015	2.2076e-016	2.59116e-016	1.7859e-020	7.49525e-018	2.77892e-016	6.48226e-020	1.7871e-019	1.52371e-017	1.54279e-016	
0	2.13732e-005	0.00399639	0.0413151	0.000139637	0.000544542	0.000151524	0.0100124	0.000428172	0.00482578	0.000256903	0.0202684	0.000918439	0.000409822	6.97787e-008	2.95698e-007	1.28667e-008	2.29862e-010	1.56327e-012	3.50321e-012	2.2801e-013	4.6812e-014	4.8779e-015	4.13394e-017	2.23064e-017	9.05147e-019	1.00157e-018	1.04356e-020	1.57643e-019	2.6432e-018	1.23721e-019	2.60061e-021	1.0772e-019	5.08617e-018	
0	0	2.72855e-009	0.00559687	0.00169917	6.08578e-005	2.14709e-005	1.00881e-006	0.00188195	0.000102349	0.00992498	0.00104598	0.00227518	5.03497e-005	2.83578e-005	9.85161e-008	3.36874e-008	1.46724e-009	3.62516e-011	2.96155e-014	6.17774e-012	1.82523e-013	1.37778e-015	1.08382e-018	4.58574e-018	1.32256e-018	4.7215e-020	1.52044e-019	1.9999e-020	1.31816e-020	6.11315e-017	1.15438e-017	3.00735e-020	9.58134e-019	
0	0	3.16148e-010	3.85547e-007	0.000762914	1.03716e-005	0.000203406	2.0797e-005	0.00133354	0.000254451	0.0191505	0.0370125	0.000249539	1.24152e-005	2.89875e-005	9.07376e-007	5.71955e-008	3.63029e-008	2.03188e-008	1.45692e-010	8.24603e-013	2.86003e-014	2.81649e-016	2.15852e-019	8.80753e-021	1.3355e-020	1.07365e-021	9.78329e-021	1.21649e-022	4.28004e-023	1.58385e-018	1.02791e-016	2.37323e-018	2.86139e-019	
0	0	0	9.46527e-013	3.35112e-010	0.000105145	8.10288e-007	1.74285e-005	3.91658e-006	0.000231215	0.00018996	3.66483e-005	7.00722e-005	2.94364e-007	5.08705e-008	4.97885e-007	1.98746e-008	1.68064e-010	6.97327e-010	3.72195e-012	2.32834e-012	9.07962e-014	2.83341e-018	2.3266e-022	6.32165e-022	3.81536e-024	1.80376e-024	9.42214e-029	2.17338e-023	1.25984e-026	9.7685e-025	9.37808e-021	2.77978e-021	1.28908e-020	
0	0	0	5.28099e-015	1.34464e-013	1.03666e-009	9.27084e-006	0.000173753	7.0259e-005	0.00239799	0.00918206	0.0456567	0.501227	0.891447	0.851642	0.984923	0.933603	0.0756729	0.000415377	1.00799e-005	3.29414e-006	5.76998e-006	4.15715e-007	1.15949e-008	3.06856e-009	6.81965e-010	1.29179e-010	1.23572e-015	1.36384e-017	4.12703e-019	1.63206e-021	3.28106e-023	2.61245e-023	5.2476e-023	
0	0	0	0	9.20459e-018	1.27161e-016	8.45712e-012	3.27508e-008	3.35049e-006	1.6024e-006	0.00053131	0.0365372	0.239241	0.0858966	0.147241	0.0149382	0.066361	0.924322	0.999584	0.99999	0.999997	0.999994	1	1	1	1	1	1	1	1	1	1	1	1	


1	0.966619	0.99962	0.998068	0.918718	0.966656	0.497963	0.264763	0.0295202	0.00185001	0.00359728	0.000665258	0.000154342	0.000205046	4.52362e-006	3.83046e-005	2.85002e-005	7.20373e-007	5.1799e-008	8.67311e-009	1.12446e-009	3.19584e-010	1.26096e-010	1.9265e-012	5.28934e-013	5.24221e-014	4.38142e-015	7.91425e-016	3.15565e-017	2.62818e-018	8.85987e-018	9.9611e-018	4.48446e-017	1.25062e-017	
0	0.0333772	0.00019042	0.00125931	0.081175	0.00625783	0.4872	0.032615	0.461504	0.0100522	0.00190512	6.05795e-005	3.93107e-006	1.8504e-006	2.65689e-007	1.03453e-005	7.77359e-005	4.89771e-005	2.18059e-005	3.56378e-006	2.25468e-007	8.47387e-008	2.29975e-008	8.17247e-012	3.02929e-012	2.26938e-014	5.82275e-016	1.37779e-017	5.20798e-020	3.11288e-021	1.96657e-019	3.02034e-020	1.03017e-020	2.21193e-020	
0	3.4842e-006	0.000173624	0.000644943	0.000106437	0.0270832	0.0139181	0.586885	0.500766	0.582435	0.638623	0.00173485	0.00120668	7.11904e-005	1.78364e-007	8.18046e-006	3.42872e-006	4.74927e-008	2.2506e-005	2.21647e-007	3.03264e-006	5.69206e-006	3.61519e-008	2.94135e-012	1.51789e-011	3.74862e-012	6.71504e-014	1.97189e-019	7.10791e-021	1.45457e-023	6.08009e-022	5.974e-021	3.51303e-023	6.40213e-021	
0	0	1.55045e-005	2.79162e-005	7.5562e-008	3.21356e-006	0.000919299	0.115732	0.00806969	0.405647	0.217791	0.0319318	0.195659	0.542299	0.00223936	0.323352	0.0928289	4.31468e-005	1.12055e-007	3.51927e-007	2.65688e-007	6.46645e-006	7.36323e-006	1.41705e-007	7.46742e-008	1.01583e-008	3.71629e-009	5.26617e-015	7.26464e-017	1.02399e-018	9.11366e-023	5.41689e-025	4.08884e-023	1.10294e-024	
0	0	5.15693e-016	3.14848e-008	2.06637e-008	3.53564e-010	6.51753e-009	4.52235e-006	7.32101e-005	5.96765e-006	0.0110644	0.000476346	0.0056092	0.196489	0.304746	0.040823	0.108326	0.000238441	2.00715e-007	7.16848e-011	1.17353e-008	1.67955e-009	1.3258e-008	1.94727e-009	2.73698e-011	9.64516e-013	3.62491e-014	3.26009e-013	2.45149e-017	1.10118e-021	7.96253e-021	2.05313e-024	1.32353e-027	2.42714e-027	
0	0	0	2.08728e-011	4.86698e-010	9.10989e-013	2.01411e-008	2.28977e-007	6.67604e-005	8.67423e-006	0.127018	0.91205	0.725031	0.15896	0.688211	0.101188	0.0745092	0.967654	0.928898	0.247161	0.184367	0.0260165	0.367097	0.902335	0.293886	0.145506	0.0026515	8.50557e-005	4.07165e-009	4.02267e-013	9.49768e-014	5.92557e-014	9.42993e-016	1.19103e-019	
0	0	0	1.75056e-024	5.96506e-015	4.04338e-013	2.43137e-015	3.64597e-011	9.25527e-011	4.80193e-008	9.2674e-008	0.0526935	0.0246598	0.0496231	5.73411e-005	0.125184	0.00318581	0.00125172	0.0423201	0.740921	0.102422	0.005728	0.0214562	0.0866144	0.388148	0.451451	0.739801	0.971151	0.89843	0.934673	0.0739497	0.0135704	0.111387	0.0031414	
0	0	0	0	2.35255e-013	1.48258e-011	4.6332e-012	2.86531e-010	2.29458e-009	1.7687e-007	1.15971e-006	0.000387989	0.047676	0.0523509	0.00474078	0.409396	0.72104	0.030763	0.0287375	0.0119143	0.713207	0.968243	0.611439	0.0110502	0.317966	0.403043	0.257547	0.0287637	0.10157	0.0653274	0.92605	0.98643	0.888613	0.996859	


1	0.252568	0.0936321	0.0711433	0.000563528	7.91488e-005	2.7206e-006	5.50926e-007	2.19885e-008	9.80866e-010	1.26255e-010	1.00292e-011	3.14472e-014	4.8042e-016	2.72094e-018	9.89736e-020	1.37833e-021	4.53621e-023	8.68475e-025	3.32868e-026	2.35212e-028	1.94447e-030	2.11227e-032	3.11269e-034	6.74662e-036	6.86894e-037	9.45078e-038	5.46048e-038	5.94139e-039	3.1703e-039	1.72574e-039	1.09221e-038	1.4072e-038	6.57829e-039	
0	0.427613	0.896105	0.6044	0.0321266	0.035988	0.00247612	0.000652631	3.05306e-005	2.15856e-006	1.00873e-006	7.49558e-008	5.6157e-010	3.65572e-012	4.3941e-014	2.14901e-015	4.0635e-017	6.15529e-019	1.26022e-020	7.61653e-023	3.26931e-024	1.52135e-025	7.80563e-027	3.77399e-029	1.38783e-030	9.70098e-032	6.79531e-033	7.06085e-033	5.38563e-034	1.16188e-034	2.29619e-034	7.8174e-034	2.93436e-033	3.06451e-033	
0	0.319818	0.00881534	0.324259	0.938836	0.932026	0.0906991	0.00284407	0.000674581	1.72703e-006	2.71793e-006	1.3613e-008	1.11073e-010	9.68398e-012	1.1154e-011	1.58463e-013	1.78341e-014	7.70325e-016	1.53846e-017	1.14373e-020	2.89487e-022	6.02498e-025	9.9074e-028	5.34722e-031	5.00279e-032	4.42045e-034	2.297e-035	8.20958e-034	1.18312e-036	3.83381e-037	9.28755e-034	5.21535e-033	7.76417e-034	2.82523e-034	
0	0	0.00144157	0.000197682	0.0284736	0.0316274	0.898345	0.150011	0.554627	0.196384	0.207719	0.0222574	0.000841307	2.7136e-005	2.3441e-005	4.93056e-006	6.68861e-006	9.80532e-006	1.43459e-005	1.22906e-006	8.77256e-008	2.5154e-008	7.49468e-010	6.99119e-012	2.27581e-012	9.59077e-014	9.7966e-016	5.87381e-016	3.79906e-020	1.63924e-023	2.1981e-023	3.63554e-023	5.33406e-025	4.07335e-027	
0	0	5.88284e-006	3.31237e-007	4.11918e-007	0.00027779	0.0084257	0.840508	0.36639	0.538463	0.239423	0.15496	0.000788443	0.00149246	8.09124e-005	0.000116324	3.17045e-005	1.41501e-005	4.84276e-006	2.85958e-006	2.76354e-008	8.31273e-010	2.35216e-011	5.66147e-012	1.26039e-013	9.5304e-016	2.4441e-016	3.90646e-018	5.28032e-021	5.38976e-024	8.95484e-026	3.22319e-024	1.1474e-024	3.10693e-028	
0	0	0	6.46917e-008	2.8937e-009	1.895e-006	5.05293e-005	0.00596324	0.0769067	0.263674	0.520163	0.813591	0.849154	0.994091	0.995851	0.997914	0.998493	0.997761	0.984387	0.996846	0.970135	0.985578	0.952478	0.976693	0.820767	0.33448	0.164662	0.0296956	7.09808e-005	1.47433e-006	1.59547e-007	7.08626e-008	2.28373e-008	5.08578e-010	
0	0	0	1.08369e-009	2.27199e-011	2.41379e-011	6.90605e-007	2.01791e-005	0.00136457	0.00111442	0.0293815	0.00430237	0.147658	0.00367037	0.00332576	0.00017209	0.000380496	0.000370803	0.0125425	0.0013597	0.0061119	0.00940546	0.0415518	0.0153893	0.162916	0.452215	0.0923218	0.0322808	3.50227e-006	6.00035e-009	1.54096e-009	2.37937e-009	1.54834e-009	2.11274e-010	
0	0	0	0	5.00646e-012	1.9691e-011	1.48065e-009	4.0811e-007	7.48372e-006	0.00036063	0.00331028	0.00488967	0.00155831	0.000719349	0.000719256	0.00179281	0.00108783	0.00184389	0.00305156	0.00179038	0.0237526	0.00501629	0.00597001	0.00791736	0.0163171	0.213305	0.743016	0.938024	0.999926	0.999999	1	1	1	1	


1	0.808532	0.0511763	0.239181	0.0357768	0.0166836	0.00119606	1.66768e-005	3.62247e-007	2.44002e-009	1.25419e-009	2.27709e-010	3.93611e-012	3.93236e-013	9.56487e-015	1.6097e-014	7.22375e-016	1.30127e-017	8.56543e-018	1.00355e-019	4.74572e-020	5.08831e-021	5.35849e-024	8.2019e-029	1.25798e-030	1.04796e-031	6.29543e-033	1.83968e-034	5.13629e-035	7.46833e-036	4.9673e-035	2.7841e-034	8.3641e-035	9.87878e-035	
0	0.0485821	0.942782	0.0479188	0.000425649	0.00016099	3.8281e-005	1.12741e-006	9.76672e-009	5.4181e-010	1.167e-011	1.27567e-009	3.94833e-011	6.2638e-012	1.65951e-015	1.26862e-015	2.45838e-017	2.75773e-018	1.89533e-018	1.46539e-018	1.23683e-019	1.17689e-020	6.08382e-023	8.04574e-026	8.12406e-027	2.97633e-027	5.34003e-028	5.98949e-028	3.51746e-028	3.37579e-028	2.27507e-029	1.84108e-029	1.68436e-028	2.97401e-029	
0	0.142886	0.00448273	0.693167	0.951287	0.437071	0.274384	0.00780272	0.00188906	3.4975e-006	3.00117e-006	7.38197e-008	3.74261e-010	5.53523e-011	5.28801e-012	1.57044e-011	3.4929e-012	1.11626e-013	1.12159e-013	7.4201e-016	1.78639e-016	8.45102e-017	9.90662e-020	1.19015e-025	4.51994e-028	9.02721e-030	2.22197e-030	6.54873e-030	1.34913e-030	7.38651e-031	6.51285e-028	5.32235e-028	6.43413e-029	4.57483e-029	
0	0	0.00155876	0.0197324	0.0125102	0.546084	0.711656	0.980012	0.994592	0.887156	0.942465	0.00765093	0.00498676	0.0016984	0.000450936	0.0703557	0.391267	0.00570135	0.044077	0.000398381	0.00563788	0.194317	5.01733e-005	6.46754e-011	1.03314e-011	4.12717e-013	1.07835e-015	8.68278e-021	3.63122e-023	5.44721e-027	1.66125e-028	8.90208e-029	1.3863e-031	5.57628e-031	
0	0	1.55684e-021	6.9443e-007	2.09625e-007	1.76006e-007	0.0127236	0.0121659	0.00351668	0.112834	0.056415	0.183155	0.588975	0.594221	0.975032	0.892651	0.597706	0.0408716	0.000797661	2.82801e-005	0.000267844	0.00590258	0.00529257	1.50281e-005	1.75862e-006	1.97157e-008	1.35299e-010	9.09777e-016	2.26201e-020	1.16168e-024	1.79914e-028	1.14995e-031	1.36068e-033	8.75413e-036	
0	0	0	4.72807e-011	5.51746e-011	1.04051e-010	2.0892e-006	1.49483e-006	1.80527e-006	7.2283e-006	0.00111711	0.80889	0.398708	0.383425	0.024154	0.0292441	0.00857759	0.9532	0.581484	0.881281	0.834612	0.685705	0.993843	0.999898	0.926524	0.900776	0.791414	0.00521928	3.4533e-006	9.947e-009	2.01681e-011	5.4721e-013	4.03798e-014	1.85216e-017	
0	0	0	1.57565e-028	1.15356e-013	4.32108e-014	1.56455e-013	7.56979e-011	1.69911e-009	1.78218e-010	2.7111e-008	0.000297532	0.00601443	0.0116256	0.00021224	0.000488724	2.3537e-005	0.000107269	0.371231	0.112077	0.112585	0.00395943	0.000248734	8.5249e-005	0.0717839	0.0966659	0.19984	0.993564	0.790825	0.768936	0.891718	0.8468	0.720112	0.310169	
0	0	0	0	1.7375e-014	3.08788e-013	1.3706e-013	2.07355e-009	8.35458e-010	1.14615e-009	6.99696e-009	6.79088e-006	0.00131592	0.00902989	0.000151279	0.00726068	0.00242628	0.000120072	0.00241022	0.00621485	0.0468968	0.110116	0.000565827	1.9475e-006	0.00169034	0.00255824	0.00874561	0.00121685	0.209172	0.231064	0.108282	0.1532	0.279888	0.689831	


1	0.685828	0.917909	0.917599	0.654872	0.905089	0.538656	0.321199	0.144466	0.0162842	0.042217	0.00387402	7.64701e-005	8.12092e-006	1.13335e-006	2.09964e-006	5.34743e-007	1.13171e-007	5.05907e-008	2.82348e-009	1.96994e-010	7.24206e-011	1.79474e-012	6.09422e-015	2.6194e-016	2.16532e-017	9.84055e-019	4.07784e-019	1.2165e-019	3.02924e-020	1.79271e-019	9.4549e-019	2.81056e-019	1.46037e-018	
0	0.226871	0.0787214	0.0818748	0.189065	0.0548887	0.202234	0.0185508	0.0432365	0.000440114	0.0577869	0.00581892	8.39709e-005	6.92925e-006	2.18571e-006	8.57343e-007	1.27461e-007	9.43721e-008	6.55999e-008	3.91906e-009	1.359e-010	1.30337e-011	1.77364e-012	1.24166e-014	2.64118e-016	1.0576e-017	1.34984e-018	2.6734e-018	8.45495e-020	1.13264e-020	1.75613e-019	6.80795e-019	7.41457e-019	6.23477e-018	
0	0.0873013	0.00315866	0.000516271	0.155486	0.0309966	0.213655	0.0948311	0.192532	0.00610926	0.00718269	0.00919767	8.93963e-006	1.20709e-005	9.82318e-006	2.70473e-005	0.000248669	0.00603428	0.0065708	0.00218303	2.36747e-005	4.02713e-006	2.08852e-007	5.10512e-010	4.60035e-012	6.01427e-015	1.06094e-017	4.75132e-018	5.04781e-021	1.71879e-022	1.54441e-020	3.93471e-020	7.59501e-021	3.62825e-021	
0	0	0.0002105	7.02434e-006	0.000577353	0.00869159	0.0438859	0.0211529	0.286687	0.315488	0.140714	0.0393016	6.62083e-005	5.3471e-007	6.53546e-008	7.64079e-007	8.58923e-007	0.000575091	0.0204062	0.0042369	0.00121399	0.00023884	1.10811e-005	2.97281e-008	2.04601e-008	1.25318e-009	1.7589e-010	8.64205e-013	2.57678e-015	6.06869e-018	1.00683e-017	8.86813e-019	2.37716e-021	2.25489e-021	
0	0	8.07258e-007	3.07344e-007	1.78924e-007	0.000259259	0.000316264	0.000132135	0.00244767	0.0107507	0.242425	0.000117932	0.000496867	1.28456e-007	8.40413e-009	1.41754e-009	2.58611e-009	1.17973e-008	0.00242829	1.03416e-006	0.00100632	6.01035e-005	2.03452e-008	2.52365e-011	6.77069e-009	1.07211e-009	4.93372e-013	1.40763e-014	4.50847e-017	4.60603e-021	3.39245e-018	6.76622e-019	2.636e-023	2.28647e-022	
0	0	0	2.84313e-006	1.24769e-007	7.53405e-005	0.0012506	0.5438	0.325304	0.543038	0.30996	0.0134116	3.18484e-005	0.00211577	0.000259415	0.0368378	0.055875	0.0027615	0.000144478	0.000108867	3.20782e-005	0.000376495	3.87214e-007	3.32098e-010	7.36488e-012	3.88411e-012	3.28426e-012	1.23834e-016	2.62087e-016	1.51835e-018	1.24981e-020	4.42389e-020	4.15909e-022	4.58365e-024	
0	0	0	2.94729e-023	1.80155e-010	1.36507e-011	2.0482e-006	0.000333735	0.00530247	0.10773	0.174026	0.761303	0.937026	0.854937	0.858457	0.673766	0.713866	0.115315	0.00162703	8.42762e-005	2.44676e-005	2.289e-005	8.11857e-005	2.28279e-005	4.5678e-007	4.49635e-009	4.76475e-011	1.97322e-014	4.72791e-018	1.04114e-019	3.65404e-022	1.13861e-024	9.5961e-024	1.64275e-025	
0	0	0	0	5.09614e-011	1.92868e-011	3.53012e-009	2.04663e-007	2.34373e-005	0.000159882	0.0256888	0.166975	0.06221	0.14292	0.141271	0.289365	0.230009	0.875314	0.968823	0.993386	0.997699	0.999298	0.999907	0.999977	1	1	1	1	1	1	1	1	1	1	


1	0.607036	0.701548	0.811564	0.232466	0.00988438	0.00127886	3.06374e-005	1.18966e-006	1.68246e-008	3.88836e-009	4.71079e-010	6.0207e-013	9.18212e-015	1.3984e-016	4.98809e-016	3.13473e-016	1.11504e-017	4.24006e-018	5.75952e-020	1.72289e-020	1.56313e-020	5.56473e-022	5.74287e-025	2.7806e-025	8.90943e-026	3.23672e-027	9.10337e-029	9.06444e-030	4.94112e-031	8.03358e-031	1.21801e-030	7.22538e-031	8.32094e-031	
0	0.392939	0.297994	0.185235	0.767074	0.987908	0.0524602	0.00165344	2.01456e-005	4.50766e-008	6.1327e-009	1.33492e-010	1.31742e-013	5.3757e-014	1.07674e-014	2.93895e-013	1.90948e-011	4.98648e-013	6.03321e-014	7.40082e-017	1.3942e-017	2.15945e-017	1.10846e-020	5.25094e-025	7.42197e-027	9.8407e-029	6.55324e-031	5.94628e-030	4.19391e-032	4.99039e-034	1.46216e-031	4.1415e-032	3.9601e-032	9.50482e-033	
0	2.49974e-005	0.000458457	0.00319738	0.000459445	0.00220806	0.946058	0.940662	0.97589	0.867782	0.818034	0.0315372	1.56395e-005	1.28874e-007	6.22662e-009	2.33412e-006	3.10733e-005	6.82765e-006	3.43373e-005	4.20781e-007	2.51295e-007	2.42905e-006	7.07307e-009	5.10379e-013	3.80029e-014	7.62957e-015	1.03773e-016	4.24925e-022	4.55007e-025	3.504e-029	7.20591e-031	1.21561e-031	1.57365e-035	4.59649e-035	
0	0	8.69349e-008	3.67833e-006	9.66408e-008	5.40701e-009	0.000202873	0.0576431	0.015575	0.128525	0.0980114	0.0829005	0.00425809	0.000126393	7.91752e-006	3.24686e-005	1.84099e-005	1.07397e-006	4.56287e-007	1.97134e-007	2.48325e-006	6.35662e-005	0.000397283	1.67519e-005	3.34932e-005	0.000114441	0.000101349	3.52784e-009	8.3984e-011	9.53012e-013	9.87679e-016	1.63576e-018	3.69344e-021	1.3217e-022	
0	0	7.92304e-019	3.96589e-011	1.43097e-009	2.15051e-012	4.8238e-009	1.06709e-005	0.00851373	0.00368151	0.0822399	0.0441219	0.000349711	0.0015697	0.0141647	0.0896924	0.171765	0.0250532	0.0137231	6.19801e-005	1.42169e-005	4.92153e-006	6.60812e-008	3.5426e-008	1.94045e-008	3.50761e-008	1.91954e-008	9.52136e-010	1.04947e-013	5.67193e-016	6.81407e-015	1.56199e-017	2.79158e-022	3.26382e-025	
0	0	0	3.43007e-019	2.72969e-016	2.34753e-015	6.72212e-015	2.39268e-012	3.248e-009	1.09081e-005	0.00171484	0.839671	0.995314	0.989252	0.981287	0.70649	0.630571	0.231771	0.211448	0.0621155	0.0822999	0.102738	0.323414	0.59964	0.339445	0.0482521	0.000274736	1.71498e-007	1.292e-012	2.77534e-017	5.47672e-020	1.20115e-017	9.11894e-018	2.78422e-021	
0	0	0	9.43067e-028	2.53717e-020	1.06126e-019	3.32878e-018	1.53381e-018	3.74059e-015	1.53516e-012	2.86121e-008	0.00176934	6.26148e-005	0.00905138	0.00452951	0.202287	0.190053	0.741606	0.716466	0.930622	0.827281	0.679581	0.656139	0.399987	0.642897	0.805133	0.905638	0.984262	0.798436	0.811336	0.277012	0.0453567	0.132298	0.00593323	
0	0	0	0	8.65442e-026	9.6343e-023	1.13193e-021	1.04227e-020	1.37191e-019	1.2192e-016	3.76508e-012	2.09267e-009	1.10696e-007	9.96368e-008	1.11424e-005	0.00149602	0.00756136	0.0015626	0.0583282	0.00719961	0.0904017	0.21761	0.0200498	0.000356635	0.0176248	0.1465	0.0939857	0.0157379	0.201564	0.188664	0.722988	0.954643	0.867702	0.994067	


1	0.966513	0.979404	0.18836	0.00345999	2.79356e-005	5.13002e-009	8.31374e-012	2.05495e-015	5.7638e-019	9.34625e-021	3.40035e-023	4.83108e-026	1.87491e-028	8.66049e-033	1.26042e-033	1.81052e-036	4.25654e-040	1.19624e-042	1.02249e-045	1.60451e-046	8.64445e-047	4.92207e-049	1.75348e-051	1.10883e-052	4.78881e-054	3.26344e-056	4.77921e-057	1.37202e-057	7.72917e-059	1.91221e-058	8.83666e-058	1.49957e-058	2.15751e-058	
0	0.0334864	0.0205957	0.811619	0.995916	0.999955	5.03298e-005	8.68341e-008	4.23047e-011	7.02001e-016	8.47701e-019	4.02937e-024	3.3569e-027	1.06037e-028	3.36407e-032	2.36691e-032	1.28738e-033	1.69776e-038	4.11879e-042	2.58829e-047	1.48766e-046	4.25654e-046	1.96963e-050	2.9538e-055	1.63032e-054	9.39273e-058	6.7397e-060	1.11195e-059	1.67796e-059	2.34575e-061	5.27436e-059	3.70726e-060	7.56135e-061	2.27949e-059	
0	1.346e-007	2.03142e-007	2.1353e-005	0.000623646	1.70337e-005	0.999948	0.871616	0.998268	0.0248124	0.00226052	1.46771e-006	9.87086e-011	6.25589e-013	1.93415e-016	1.05081e-016	1.98311e-019	5.4619e-023	4.24345e-026	7.15794e-031	1.02566e-032	2.89557e-032	3.78655e-035	2.9484e-040	5.97386e-043	3.69942e-045	2.71174e-048	1.14489e-052	1.28348e-056	4.56295e-061	1.47815e-062	7.32265e-061	1.614e-066	2.62978e-063	
0	0	1.1154e-010	3.20634e-011	1.97097e-010	7.86528e-010	1.45976e-006	0.128301	0.00173134	0.975079	0.845595	0.135042	4.95382e-005	2.42233e-007	3.35236e-011	1.59358e-012	3.48275e-017	9.82192e-021	6.60279e-024	1.10193e-027	4.63165e-030	5.43859e-032	4.27201e-035	1.77792e-037	2.38628e-040	2.05912e-042	1.62299e-044	1.7855e-050	4.87929e-055	1.61763e-059	5.78092e-062	3.39472e-063	2.30582e-066	2.88145e-069	
0	0	2.61154e-010	1.77401e-013	9.24285e-013	5.59945e-011	1.78888e-011	8.35091e-005	9.02499e-007	0.000108494	0.152126	0.864346	0.984554	0.140858	0.000548023	5.02966e-006	2.14434e-009	9.0146e-013	5.60029e-016	4.56624e-019	5.34962e-019	7.57878e-020	4.32989e-020	4.51749e-020	4.00922e-021	8.37209e-022	3.85456e-024	6.25417e-028	1.59472e-031	2.06498e-035	1.93431e-038	5.32519e-040	3.98207e-042	2.84786e-045	
0	0	0	2.93796e-013	2.35568e-015	1.20973e-016	2.96678e-015	1.10021e-013	1.40506e-008	4.59419e-012	1.88573e-005	0.000570456	0.0153963	0.859095	0.999329	0.841104	0.994202	0.0675146	0.00283896	5.89994e-006	2.82185e-005	0.000112477	2.34532e-006	1.07784e-007	2.42618e-009	7.5565e-012	6.11593e-016	5.57563e-017	2.16935e-020	1.80382e-024	1.33006e-024	7.30121e-025	1.21356e-027	9.4416e-030	
0	0	0	1.06524e-018	7.64768e-018	7.84771e-021	4.45693e-018	1.13448e-018	1.00318e-011	4.29674e-013	2.01989e-009	4.06361e-005	2.39358e-007	4.72876e-005	0.000122467	0.158839	0.00576703	0.932471	0.995481	0.990166	0.50551	0.284556	0.0722051	0.0808002	0.00161117	2.22395e-005	8.57965e-007	1.15009e-008	4.1145e-012	3.64258e-015	3.62722e-016	3.68251e-016	7.71404e-018	9.81685e-022	
0	0	0	0	2.58203e-019	7.556e-022	1.44924e-023	2.40538e-021	1.32833e-020	1.71851e-015	1.53069e-015	1.78579e-009	2.83139e-008	1.80616e-007	5.36794e-008	5.17701e-005	3.083e-005	1.40864e-005	0.00168007	0.00982774	0.494462	0.715332	0.927793	0.9192	0.998389	0.999978	0.999999	1	1	1	1	1	1	1	


1	0.982246	0.999593	0.714116	0.234616	0.0733564	0.000914435	2.81493e-005	4.39024e-007	3.28292e-009	1.07524e-011	1.18284e-013	8.35072e-015	1.43147e-015	9.7115e-018	9.44661e-018	1.81426e-018	2.10743e-020	2.32738e-021	5.58626e-023	4.29186e-024	9.80595e-026	7.68141e-029	1.04503e-031	5.18038e-033	3.83748e-034	7.48725e-036	1.39371e-037	4.34776e-038	3.62657e-039	6.02293e-039	9.24184e-039	5.14807e-039	5.33022e-038	
0	0.0177505	0.000405057	0.285884	0.765317	0.926575	0.652626	0.278929	0.699832	0.00605648	3.71121e-005	4.02492e-009	2.05329e-010	7.3843e-011	2.0924e-011	2.36576e-010	8.64865e-009	1.25721e-010	1.56461e-011	5.71054e-015	2.93044e-015	2.71508e-015	3.41535e-019	1.70798e-024	5.88668e-027	4.6431e-030	2.81857e-034	4.65923e-038	2.44191e-040	1.26999e-042	3.67668e-040	2.2276e-041	6.18878e-043	2.4104e-039	
0	3.87745e-006	2.01343e-006	1.05017e-007	6.6826e-005	6.83568e-005	0.346457	0.713798	0.26202	0.988662	0.99868	0.978749	0.158458	0.196565	0.217433	0.475292	0.111526	0.0571073	0.0551338	0.00254068	0.000206496	2.82043e-006	1.13188e-008	3.27101e-010	6.97457e-012	1.22096e-012	4.64941e-014	1.81111e-018	2.78996e-022	5.49612e-026	2.75833e-027	1.14719e-027	6.6138e-031	9.18101e-033	
0	0	1.62144e-007	4.71677e-008	2.59091e-010	1.43213e-008	5.84289e-009	0.00018688	0.000210416	0.000144519	0.000313692	0.0176249	0.683611	0.0717603	0.00126954	0.0320178	0.0202098	0.00290119	0.0133167	0.0225842	0.0247419	0.00182777	6.08376e-005	1.37018e-005	7.95675e-006	5.77552e-005	8.30888e-005	4.27613e-007	5.67229e-007	2.08677e-007	2.18001e-009	3.06198e-010	5.80795e-011	7.87394e-011	
0	0	6.11814e-012	3.07082e-009	4.90933e-010	1.78003e-008	2.2391e-006	0.00705775	0.0379274	0.00494392	0.000495123	8.02779e-005	0.00164547	0.264754	0.202596	0.229659	0.506391	0.00787164	0.000269293	1.8818e-006	0.000784804	0.000234068	4.9625e-008	4.88948e-010	9.81213e-009	1.05076e-009	2.40599e-009	2.15861e-009	2.2195e-010	2.34374e-011	6.38999e-009	8.60546e-012	2.72501e-015	1.72926e-012	
0	0	0	7.55008e-017	1.2509e-013	1.61412e-014	2.42972e-011	3.78086e-009	9.96042e-006	0.000192629	0.00047398	0.003501	0.156101	0.441458	0.54116	0.229973	0.110734	0.136224	0.744071	0.736606	0.190261	0.00152299	2.72616e-005	1.05646e-005	6.67362e-007	1.67496e-007	1.24967e-009	4.3185e-013	2.03354e-014	2.73255e-015	2.56169e-014	8.85288e-010	8.57554e-011	2.76139e-013	
0	0	0	2.6241e-019	3.00104e-017	4.13845e-018	8.782e-015	3.11559e-013	4.68056e-009	1.46152e-009	2.24144e-008	2.69755e-006	0.000164899	0.0231202	0.0370767	0.0290558	0.249242	0.74767	0.106102	0.0349052	0.7519	0.994738	0.991677	0.856245	0.78903	0.114536	0.013988	6.04289e-005	1.53884e-006	1.03242e-008	8.6163e-011	1.40375e-013	1.65062e-012	3.36474e-012	
0	0	0	0	4.2812e-020	1.19417e-017	5.41452e-018	5.54554e-015	1.3092e-012	4.24225e-009	2.57355e-008	4.18078e-005	1.98271e-005	0.00234327	0.000464255	0.00400249	0.0018972	0.048226	0.0811078	0.203362	0.0321056	0.00167449	0.00823532	0.143731	0.210961	0.885406	0.985929	0.999939	0.999998	1	1	1	1	1	


