E:\Google Drive\Progetti\MSR Action3D\Real\a08_s07_e03_skeleton3D.txt
8
TRUE
-854.077
-931.961
-920.849
-910.286
-923.254
-917.482
-919.365
-877.642
-877.219
-888.142
-915.168
-847.725
-890.999
-861.214
-857.389
-858.847
-869.22
-839.784
-771.262
-831.735

35
20
1	0.453658	0.272456	0.0122671	0.00437184	0.000238729	1.33037e-006	1.78865e-009	3.10397e-012	1.37963e-018	2.3616e-024	2.37479e-026	5.40092e-028	4.31415e-029	5.47306e-029	2.21764e-029	1.3421e-029	9.83348e-029	3.66425e-028	2.50945e-028	5.82249e-029	1.09656e-029	9.47952e-034	4.55463e-039	1.96381e-043	4.95147e-044	2.22821e-045	7.83235e-047	3.97143e-048	2.76299e-048	3.29195e-048	2.70315e-048	1.32136e-048	3.99533e-048	6.79569e-047	7.63581e-047	
0	0.478817	0.402279	0.00973522	0.0145873	0.00139533	1.03464e-005	2.14287e-007	1.23017e-009	3.82154e-015	1.10617e-020	1.74843e-022	3.74993e-024	5.72647e-026	2.79475e-026	1.36807e-026	4.28445e-027	3.13099e-026	1.41367e-025	5.68922e-026	1.55525e-026	4.71835e-027	1.98759e-031	3.77238e-036	4.08856e-041	8.39014e-042	1.40328e-042	1.11775e-043	1.66682e-044	2.42193e-044	3.54573e-044	2.96373e-044	7.84864e-044	4.03602e-043	1.4703e-042	1.3959e-042	
0	0.0675252	0.282879	0.105984	0.0394046	0.00221516	1.06354e-005	6.45784e-008	3.21013e-011	1.49347e-016	4.70334e-021	5.44444e-023	5.31989e-024	3.03222e-026	2.58284e-026	1.11898e-026	1.19207e-027	1.67065e-026	7.39151e-026	6.35745e-027	1.815e-027	7.86632e-029	9.36544e-032	3.40014e-037	5.88494e-041	5.38786e-042	1.58313e-043	7.38187e-045	9.87732e-046	2.24779e-045	8.77094e-045	6.25503e-045	5.72725e-045	5.19974e-045	4.53755e-043	1.35369e-042	
0	0	0.0303649	0.00111684	0.0568812	0.0016083	6.75081e-006	5.73619e-008	5.47096e-010	3.66152e-015	1.70202e-020	2.56461e-022	2.33394e-024	1.31581e-025	7.22639e-027	1.96489e-027	7.20298e-027	1.4416e-026	2.21e-025	1.05962e-024	6.83151e-026	2.47789e-026	3.52665e-030	3.15688e-033	1.03731e-037	1.38764e-038	3.59813e-040	1.57911e-042	7.39239e-045	4.44703e-045	2.8582e-045	3.108e-046	1.00886e-044	2.72035e-043	2.86888e-043	7.11168e-043	
0	0	0.0120209	0.870889	0.766766	0.089632	0.000398237	2.66775e-005	2.9468e-009	3.77041e-014	1.27542e-019	1.94214e-023	5.37144e-025	4.22975e-028	3.20922e-028	8.72677e-028	2.21885e-028	3.91247e-025	2.21915e-022	2.29255e-020	7.69015e-022	5.22075e-024	4.88301e-027	2.64849e-031	1.07235e-033	1.10884e-035	7.27574e-040	9.55103e-045	4.79101e-048	2.02958e-047	1.80799e-047	1.30692e-049	7.38383e-047	3.86713e-045	6.09082e-043	8.76937e-045	
0	0	0	7.12133e-006	0.117989	0.90001	0.679707	0.967002	0.885105	0.797314	0.163719	0.00855959	0.000400975	3.11811e-006	1.70775e-009	2.98194e-013	6.97132e-017	3.74661e-017	2.38654e-017	6.86741e-017	2.93521e-016	1.2859e-015	3.40224e-016	2.4089e-018	8.06439e-021	1.86915e-021	4.47467e-022	2.85746e-023	1.942e-024	7.33926e-027	8.97643e-030	3.79723e-032	1.46037e-034	4.24143e-036	1.01645e-037	1.03658e-040	
0	0	0	1.46162e-014	8.38411e-010	0.00475486	0.319498	0.0321258	0.114609	0.201472	0.828941	0.961303	0.906966	0.62292	0.0426745	0.000184887	3.29934e-007	2.19755e-008	1.60346e-009	2.19564e-009	1.18999e-009	5.98767e-010	3.34734e-009	5.8049e-010	7.743e-010	1.62881e-011	2.38347e-013	9.51516e-015	3.90822e-016	5.54432e-019	1.4624e-021	5.17755e-024	4.81042e-027	5.01037e-029	7.8674e-031	1.85872e-033	
0	0	0	0	9.56245e-009	0.000145479	0.000367057	0.00084476	0.000286406	0.00121345	0.00734026	0.0301375	0.0926335	0.377077	0.957326	0.999815	1	1	1	1	1	1	1	1	1	1	1	1	1	1	1	1	1	1	1	1	


1	0.969931	0.975043	0.748264	0.996367	0.999652	0.995258	0.761023	0.935347	0.0354618	2.09213e-005	7.80076e-006	1.10994e-006	1.40133e-007	6.36436e-007	7.38308e-008	1.7447e-006	9.82919e-006	1.04229e-006	6.65002e-008	1.26523e-006	1.48861e-005	9.1204e-005	9.31314e-006	1.3072e-007	2.89677e-006	3.12972e-005	8.96965e-005	2.34662e-005	1.15287e-005	1.18446e-007	3.06589e-009	4.49357e-009	1.92803e-009	5.95172e-009	3.78055e-009	
0	0.000897844	8.10002e-007	0.251653	0.0021622	2.75571e-005	1.48493e-006	0.231178	0.0527504	0.000737798	1.16922e-011	2.27646e-010	6.92932e-011	2.16403e-010	2.90333e-011	3.34134e-009	1.65584e-007	9.13879e-008	5.46765e-005	7.58999e-006	1.96847e-005	0.000395621	5.22964e-006	6.47132e-008	2.26571e-012	9.92273e-011	1.83499e-010	5.22332e-011	2.05504e-011	4.95727e-008	7.08692e-013	2.48659e-016	3.00806e-009	6.96747e-012	6.64548e-011	1.18062e-013	
0	0.0291712	0.00026888	4.87241e-005	0.00146176	1.05131e-005	4.07671e-005	0.00480523	0.000645121	0.0178372	5.18482e-008	8.64829e-011	3.98875e-010	1.5656e-012	1.94137e-012	1.61325e-012	2.42568e-009	1.33065e-007	1.96119e-007	0.000608908	5.44874e-005	3.99146e-005	0.000172213	0.0207921	0.00355868	0.00249454	1.30775e-006	2.61961e-010	1.5524e-012	1.41275e-013	3.15683e-015	2.45279e-017	6.93643e-015	5.01018e-011	1.7045e-014	2.51074e-014	
0	0	0.0246878	2.69472e-008	9.07533e-006	0.000300719	0.00405921	0.000202384	0.00242604	0.106894	0.470468	0.00373688	1.30972e-005	2.61811e-008	3.6582e-012	5.00695e-020	1.06734e-015	2.92107e-012	2.31343e-013	3.28449e-009	0.000856704	0.000400003	0.0155632	0.00664858	0.000747612	0.0111022	0.207141	0.245299	0.000634021	5.35744e-009	1.11421e-014	2.00304e-018	2.30082e-023	1.23142e-015	2.71621e-015	1.00221e-019	
0	0	1.79586e-018	3.39616e-005	1.97738e-008	9.69591e-006	0.000640087	0.00278921	0.00882569	0.837124	0.52283	0.995359	0.999261	0.997091	0.0955163	3.86461e-005	1.36759e-006	4.87544e-009	6.43224e-012	8.57381e-014	1.12512e-009	0.00014755	0.0799236	0.342966	0.42091	0.410103	0.35483	0.604184	0.0312198	0.000280427	1.62221e-008	6.36901e-013	1.19752e-014	8.29055e-018	1.08027e-017	1.76158e-018	
0	0	0	4.304e-012	4.34178e-010	6.05561e-011	7.24791e-009	2.65671e-006	6.24589e-006	0.00194618	0.00667597	0.000881698	0.000723775	0.00290903	0.903869	0.984376	0.080073	0.00659969	2.74574e-007	3.35362e-012	2.18584e-011	8.78097e-010	0.132035	0.109268	0.561006	0.0076684	0.184653	0.0971548	0.942815	0.266814	7.68075e-005	4.68998e-007	2.5133e-008	6.00051e-013	1.99694e-013	6.33525e-016	
0	0	0	8.05198e-038	2.80111e-012	3.20427e-011	1.82745e-012	1.18573e-011	1.76639e-008	1.94429e-008	5.30264e-006	1.32662e-005	5.31306e-007	1.4392e-007	0.000614171	0.0155814	0.720334	0.0183072	2.84734e-008	1.51524e-012	9.64309e-015	1.56718e-013	3.86361e-009	0.000837811	3.57742e-005	0.00108332	0.000455823	0.0168802	0.0251906	0.732399	0.999264	0.999851	0.727153	0.0211978	0.00668022	0.000401471	
0	0	0	0	4.22924e-016	3.14324e-013	2.4092e-012	1.89583e-012	1.58374e-010	2.86301e-010	1.32749e-011	1.15376e-006	6.31875e-007	5.73986e-008	8.00464e-008	3.62742e-006	0.199589	0.975083	0.999944	0.999383	0.999068	0.999002	0.772209	0.519478	0.0137417	0.567546	0.252887	0.0363921	0.000116683	0.00049436	0.000658987	0.000148146	0.272847	0.978802	0.99332	0.999599	


1	0.974898	0.995199	0.87792	0.975495	0.987561	0.966229	0.579222	0.530769	0.000130757	1.23249e-008	1.23186e-007	1.90605e-006	3.17427e-006	6.59705e-005	0.000244354	0.000258273	0.000542116	0.000407316	7.75852e-006	1.56627e-005	5.85933e-006	2.28175e-008	5.64761e-011	1.62344e-013	2.20651e-012	7.01296e-012	2.06489e-011	2.05093e-011	3.91169e-011	1.22041e-012	3.03e-014	9.26504e-014	2.80148e-014	1.86486e-014	1.0848e-014	
0	0.0123879	2.1902e-005	0.122077	0.0037418	8.14355e-005	1.44515e-005	0.407201	0.0851572	0.000272939	1.8672e-011	3.69946e-011	2.4658e-009	2.53868e-008	6.06419e-009	4.06338e-006	0.000279553	3.2466e-005	0.155618	0.94616	0.117509	0.0464484	3.97625e-005	1.14381e-005	9.09055e-009	2.21763e-009	7.68147e-014	5.62236e-017	3.42987e-018	5.13302e-015	3.52929e-018	7.552e-022	5.66812e-015	2.27698e-016	8.41675e-017	2.66319e-018	
0	0.012714	0.00454097	2.98547e-006	0.020763	0.010201	0.024996	0.0133914	0.383097	0.158703	0.00516891	0.00226587	0.00414291	0.000564536	7.3555e-006	2.1376e-009	5.50687e-008	2.00566e-006	1.25711e-007	0.0199141	0.833613	0.927056	0.57372	0.624664	0.0468798	0.730726	0.681929	0.525755	0.00876898	1.215e-006	1.10068e-011	8.31912e-016	4.62383e-019	9.28406e-017	3.98559e-019	5.50857e-020	
0	0	0.00023825	1.51644e-009	1.78217e-010	0.00212476	0.00872408	7.97061e-006	0.000908825	0.838738	0.987941	0.638405	0.0209512	0.000850234	1.56574e-007	1.40163e-013	1.72827e-016	3.00446e-013	3.42356e-013	6.31505e-013	0.000420613	0.000494531	0.397574	0.00152664	0.00259167	0.00191194	0.248484	0.249134	0.0309972	1.36961e-006	5.58768e-012	2.15439e-015	4.86549e-021	8.32399e-024	2.35254e-021	4.43543e-025	
0	0	6.524e-008	1.71099e-007	4.70331e-011	3.20173e-005	3.59705e-005	0.000178264	6.79026e-005	0.00215533	0.00606129	0.354694	0.784963	0.950963	0.0463211	0.00031197	8.09822e-007	6.26236e-010	4.58556e-011	3.61454e-012	6.05355e-005	0.000845808	0.0281994	0.373277	0.298516	0.228522	0.0173771	0.01564	0.00483012	3.05882e-005	8.01808e-010	6.63668e-015	5.7979e-017	1.40088e-020	2.54597e-021	1.03582e-023	
0	0	0	4.72683e-010	1.90632e-014	1.20271e-014	1.57769e-007	3.13161e-008	1.44324e-008	4.27598e-008	0.000828517	0.00312235	0.18554	0.0262233	0.714176	0.153516	1.39078e-005	5.39314e-009	3.88138e-015	2.10462e-018	2.52268e-013	6.56982e-008	0.000411335	0.000520219	0.652011	0.0306072	0.0326835	0.0799006	0.764378	0.00238312	1.9681e-007	4.1351e-010	1.1059e-013	2.98492e-020	1.12342e-023	9.22815e-025	
0	0	0	1.09776e-021	1.37508e-010	4.30981e-011	7.51254e-012	4.73758e-010	1.74755e-010	7.89843e-013	2.45528e-010	0.00150938	0.000686706	0.00530762	0.03273	0.544004	0.154213	0.00133946	1.72431e-008	5.72434e-013	1.90501e-017	3.66558e-017	3.05659e-010	8.19711e-007	1.01148e-006	0.00443862	0.000188962	0.00223246	0.0419282	0.704786	0.98021	0.987993	0.303435	0.0061982	0.000175047	8.40608e-006	
0	0	0	0	1.6021e-013	3.89254e-011	5.61286e-011	4.66024e-011	3.01992e-010	1.13287e-013	4.73414e-016	2.67533e-006	0.00371424	0.0160879	0.2067	0.30192	0.845234	0.998084	0.843974	0.0339186	0.0483805	0.0251495	5.58002e-005	1.40154e-007	4.28439e-010	0.00379453	0.0193369	0.127338	0.149098	0.292798	0.0197898	0.0120065	0.696565	0.993802	0.999825	0.999992	


1	0.830898	0.917874	0.989041	0.954271	0.9654	0.955748	0.94082	0.95522	0.943145	0.976541	0.974189	0.81864	0.899627	0.978721	0.994348	0.952407	0.994738	0.985727	0.542306	0.637442	0.630935	0.972711	0.943706	0.95498	0.814008	0.146933	0.00908922	0.000229268	6.27243e-005	6.86091e-006	2.79602e-006	1.15918e-007	6.41303e-007	2.28166e-005	4.7533e-005	
0	0.00568886	0.00554688	0.000115883	0.00633601	0.000261865	0.000184693	0.000951784	0.000964537	0.000540488	0.000119044	0.00179494	0.000853759	0.0404096	0.0185753	0.00468879	0.0401434	0.000998615	0.000590255	0.000404417	0.00364909	0.0191497	0.000128624	0.00125072	2.19668e-005	0.00987498	0.0697404	0.0106655	0.000378081	5.80777e-005	2.74296e-006	5.5157e-006	1.18041e-007	3.22532e-007	7.55374e-007	8.97786e-007	
0	0.163413	0.0761118	0.0020657	0.0373934	0.0271437	0.0398906	0.0299699	0.0276015	0.0128178	0.0018044	0.00162828	0.000725664	0.0285906	0.000956438	9.22835e-005	0.00738376	0.00401573	0.013639	0.456795	0.243308	0.307712	0.00555739	0.00603204	0.00049338	0.0771755	0.00714023	0.000307259	1.82122e-006	3.50714e-007	1.97043e-008	7.29998e-009	8.81789e-010	1.85063e-007	8.9826e-007	3.685e-008	
0	0	0.00018495	0.000720391	1.29575e-005	0.000165833	1.199e-005	0.000927183	0.000262126	0.00192689	3.47613e-005	7.31614e-007	1.59315e-005	3.17368e-006	2.29802e-006	4.92296e-007	1.327e-006	1.26232e-005	1.60364e-005	5.02022e-005	0.0583676	0.00445212	0.00238088	2.36832e-006	9.22063e-007	5.74172e-007	9.07326e-005	6.19113e-006	1.44456e-007	1.01111e-007	5.60829e-009	9.33404e-011	3.25533e-010	4.93805e-011	4.76337e-008	4.65367e-010	
0	0	0.000281922	0.0080569	0.0019775	0.00697441	0.00401345	0.0269381	0.0152512	0.0405862	0.010546	0.000483706	0.000362369	3.08348e-006	1.40245e-006	2.06021e-007	2.02262e-009	0.000226108	2.70256e-005	0.000444565	0.0571884	0.0353439	0.0166569	8.56028e-005	0.00016634	1.59539e-005	9.07971e-005	2.70583e-007	3.86135e-008	5.3466e-010	2.65437e-011	1.97788e-012	6.14889e-014	3.78938e-013	4.82398e-009	1.76337e-010	
0	0	0	4.63224e-008	8.61147e-006	5.26172e-005	0.000146815	5.52194e-005	0.000255562	0.000259712	0.0102158	0.0169933	0.131025	0.0298059	0.000672712	4.64247e-006	1.80561e-008	1.8292e-011	3.8567e-009	1.62846e-008	4.47126e-005	0.00240677	0.00256297	0.0488813	0.0430215	0.095896	0.770761	0.967208	0.977596	0.00443343	7.45626e-005	1.16299e-005	4.75396e-009	6.01742e-011	4.60794e-013	2.98489e-009	
0	0	0	2.81029e-011	3.2051e-009	4.99724e-008	3.51101e-008	1.43394e-006	5.27896e-008	1.10429e-006	7.98813e-007	3.75186e-005	5.46894e-005	2.86076e-005	1.37898e-006	2.9181e-008	9.57397e-011	1.37464e-013	1.4756e-012	3.02974e-013	1.50658e-010	5.67883e-009	7.67164e-008	1.40254e-006	4.60561e-006	3.19246e-005	0.000719076	0.0015102	0.00178725	0.00415918	5.06759e-005	1.15883e-006	5.87292e-009	6.23856e-011	7.24835e-013	2.39853e-014	
0	0	0	0	1.13852e-008	1.77341e-006	4.77631e-006	0.000336111	0.000444555	0.000723067	0.00073866	0.00487245	0.0483228	0.00153253	0.00106898	0.000865516	6.46831e-005	8.76651e-006	7.53177e-007	1.39096e-008	1.22281e-009	9.50144e-008	2.06427e-006	4.05111e-005	0.00131132	0.00299679	0.00452494	0.0112133	0.0200076	0.991286	0.999865	0.999979	1	0.999999	0.999975	0.999952	


1	0.969001	0.955735	0.681818	0.298396	0.154621	0.238768	0.0498642	0.119388	0.656354	0.648864	0.558836	0.400721	0.827744	0.559662	0.680251	0.957894	0.953858	0.901263	0.961062	0.993934	0.998143	0.986438	0.994795	0.93724	0.903773	0.929952	0.725676	0.263158	0.685472	0.728347	0.201421	0.668324	0.981887	0.990465	0.837496	
0	0.0303871	0.0242402	0.310037	0.69905	0.813607	0.692883	0.947128	0.866048	0.274103	0.0633318	0.0194183	0.0580691	0.00130522	0.00655816	0.0098976	0.00762022	0.0388039	0.0981091	0.0387397	0.00508212	0.00108659	0.00166066	0.000649967	0.00264478	0.0117769	0.00349847	0.00218209	0.000562282	0.0103968	0.0175224	0.000447005	0.0126192	0.0046883	0.00405666	0.0163029	
0	0.000612101	0.0165398	0.00810993	0.00249355	0.0301048	0.0554036	0.00290564	0.0144694	0.0694738	0.287239	0.392703	0.528126	0.153626	0.424253	0.300835	0.0249893	0.00697449	0.000512527	0.000153172	0.000834063	0.000515659	0.0118803	0.00455199	0.0600666	0.08266	0.0626235	0.258972	0.618723	0.221624	0.209429	0.512069	0.118511	0.00193243	0.00458605	0.144919	
0	0	0.00348418	1.15565e-005	4.83074e-005	0.00166344	0.0129046	5.03423e-006	2.76524e-005	3.93412e-006	0.000557571	0.0241499	0.00931252	0.00089177	0.00747681	0.00251452	5.61003e-005	0.000146792	1.1368e-007	7.27644e-007	7.63044e-008	1.8402e-008	2.28813e-008	1.6784e-007	4.85293e-005	0.000986964	0.00337291	0.0124348	0.116513	0.00733534	0.0301572	0.28534	0.000302548	0.000163963	4.81448e-006	0.000984579	
0	0	3.86909e-007	2.21981e-005	1.14965e-005	2.67734e-006	3.7304e-005	6.80935e-005	2.62709e-005	8.07562e-007	3.94913e-006	0.00489256	0.00200079	0.0156262	0.00157243	0.00643205	0.00794631	2.68283e-005	1.22951e-005	4.3942e-007	4.85716e-008	7.92898e-007	3.95094e-009	1.13358e-006	8.80815e-008	0.000802834	0.000551843	0.000733916	0.00104463	0.0751592	0.0138622	0.000702858	0.199814	0.00841817	6.76032e-005	0.000115379	
0	0	0	1.83501e-006	6.91786e-007	1.32319e-007	3.84675e-006	2.86578e-005	8.60443e-006	3.72809e-006	4.7383e-007	1.38197e-007	0.00177097	0.000257514	0.000390763	9.18475e-006	0.00146621	7.2061e-005	2.75894e-005	1.381e-005	3.21437e-006	4.77744e-008	9.2441e-009	2.05365e-009	5.5957e-009	7.84252e-008	8.15414e-007	1.89868e-006	3.44565e-008	1.28794e-005	0.000680759	6.94125e-007	0.000325532	0.00266105	1.97802e-005	1.33293e-006	
0	0	0	6.84899e-015	3.00851e-013	6.39941e-013	3.3456e-013	2.41255e-011	7.96695e-008	3.94233e-010	1.25457e-011	6.73585e-013	7.45793e-012	2.9232e-006	2.52252e-011	3.36191e-011	3.70266e-009	5.05334e-011	8.33805e-011	4.07815e-010	2.40961e-009	1.02675e-009	3.22959e-012	1.61624e-016	6.16243e-015	4.8221e-016	2.35483e-012	1.672e-014	5.24789e-014	1.53201e-010	1.44769e-011	1.64936e-013	6.05607e-011	4.34011e-010	3.06991e-009	7.06817e-016	
0	0	0	0	2.25585e-007	1.04255e-007	6.16307e-008	1.89595e-007	3.16702e-005	6.08444e-005	2.82816e-006	2.56948e-007	5.70881e-008	0.00054637	8.70334e-005	6.0488e-005	2.83789e-005	0.000117724	7.5515e-005	3.00061e-005	0.000146233	0.000253761	2.1484e-005	1.66301e-006	2.38897e-008	5.25687e-009	3.04929e-008	7.27867e-008	7.50543e-008	2.86637e-007	1.79035e-006	1.92254e-005	0.000103772	0.000248689	0.000800455	0.000180803	


1	0.321557	0.279669	0.0865975	0.0695061	0.0192998	0.00206952	5.85989e-005	1.93034e-005	5.55246e-005	8.82011e-006	1.16516e-005	7.07475e-006	2.24985e-007	6.92894e-008	3.4267e-008	1.35319e-009	2.37934e-010	6.04244e-012	7.58044e-014	3.54797e-014	1.80078e-015	1.12538e-018	4.6337e-020	8.36353e-023	7.76141e-023	1.29524e-022	7.8659e-023	2.57053e-022	2.28043e-022	4.93344e-023	1.3865e-022	1.64774e-022	5.22792e-023	6.73459e-024	1.01436e-024	
0	0.245428	0.610535	0.696089	0.479208	0.31278	0.104088	0.000541834	0.000536618	0.00282763	0.00187842	0.00330761	0.00250022	0.000148605	1.60626e-005	3.60416e-006	1.09401e-007	1.60594e-008	7.27442e-010	3.17152e-011	1.28949e-011	1.89146e-013	2.93095e-016	5.03002e-018	7.94905e-020	1.25491e-019	5.75063e-020	1.35638e-020	7.90353e-021	7.13795e-021	1.62802e-021	8.98634e-022	4.51624e-022	1.56504e-022	3.13645e-023	3.25699e-024	
0	0.433015	0.0192295	0.0180233	0.0191505	0.0132423	0.000704756	0.0130263	0.00151782	0.00405856	1.74638e-005	0.000107887	2.62766e-005	3.90713e-007	4.39277e-006	2.7132e-006	1.12931e-007	2.44072e-009	8.01216e-010	2.07015e-012	2.16034e-012	6.95485e-014	4.1541e-018	6.69675e-018	9.18893e-023	1.83065e-020	3.15834e-020	6.72399e-020	6.9835e-020	4.37187e-020	2.35899e-021	1.62566e-022	9.39195e-021	3.52385e-021	2.83324e-023	1.69226e-024	
0	0	0.0904816	0.198505	0.426717	0.642511	0.871535	0.983465	0.779058	0.619789	0.118728	0.139924	0.251339	3.36694e-006	5.85463e-007	5.31767e-007	8.10366e-010	3.0698e-009	1.53548e-010	5.69123e-013	3.37742e-013	6.69167e-016	6.37361e-019	2.00471e-019	8.18927e-022	3.9246e-021	5.16538e-021	3.74536e-021	7.72117e-021	9.76364e-021	2.43263e-021	7.07636e-023	7.1255e-022	1.31178e-022	4.88936e-025	5.42267e-025	
0	0	8.47893e-005	0.00027899	0.00130418	0.000726054	0.00417854	0.000648325	0.208759	0.0326001	0.00570861	0.0449028	0.0643764	0.0667203	0.115676	0.179219	0.291568	0.00105556	2.15694e-005	8.88012e-007	8.28021e-007	3.4711e-008	1.30847e-012	1.63633e-013	2.05132e-016	1.20254e-015	1.80772e-015	1.54821e-014	2.96961e-014	4.74496e-014	1.59915e-014	9.08178e-015	7.16478e-014	3.52474e-013	6.71312e-015	2.61512e-015	
0	0	0	0.000505755	0.00409058	0.0113671	0.017157	0.00225413	0.00894313	0.272353	0.0136585	0.102818	0.159893	0.000609282	0.000140972	0.00904177	0.000252709	0.705355	0.944733	0.69052	0.0773949	0.0015518	6.92843e-007	1.00108e-009	6.37502e-012	1.75926e-013	1.11287e-014	7.00243e-018	1.30065e-016	4.01962e-015	6.13053e-016	1.62765e-016	4.05393e-016	3.23641e-015	2.04063e-014	2.72059e-016	
0	0	0	2.56291e-009	3.91819e-007	8.75295e-006	0.000185815	1.37992e-007	0.00113475	0.0681751	0.8587	0.518041	0.0208708	0.808266	0.022211	0.00064228	0.000802384	0.000112024	0.00163059	0.291796	0.568937	0.934649	0.999115	0.995302	0.999439	0.0785144	0.00377867	2.29145e-005	3.64067e-007	2.00917e-009	1.08947e-012	3.84293e-015	3.33392e-018	7.56872e-017	5.37797e-016	2.94874e-018	
0	0	0	0	2.29134e-005	6.49252e-005	8.21021e-005	5.53855e-006	3.1449e-005	0.000141039	0.00130038	0.190887	0.500987	0.124251	0.861951	0.81109	0.707377	0.293477	0.0536153	0.0176832	0.353667	0.0637988	0.000884708	0.00469776	0.000560701	0.921486	0.996221	0.999977	1	1	1	1	1	1	1	1	


1	0.302665	0.0821938	0.0344826	0.00408606	0.000577462	0.000278356	1.26991e-005	1.39245e-005	1.55787e-006	1.30995e-009	8.63124e-010	2.48682e-010	2.3989e-010	3.36571e-010	4.07036e-010	3.01405e-010	2.69116e-011	6.67977e-012	5.35753e-013	3.46409e-013	5.88394e-014	2.47355e-014	6.19739e-014	1.41179e-014	2.96246e-014	2.16472e-015	1.85109e-016	1.1472e-017	1.66231e-017	6.52721e-019	1.51784e-018	3.41244e-017	3.16674e-017	4.02788e-018	3.94383e-018	
0	0.696875	0.908712	0.809645	0.992281	0.988474	0.982049	0.996121	0.917678	0.0948574	2.67155e-005	1.54964e-006	1.39699e-008	5.51792e-011	6.9586e-012	2.27704e-011	6.58126e-012	2.33082e-011	2.54866e-011	1.91185e-012	3.67296e-013	2.30644e-014	9.09534e-015	2.05552e-015	4.72953e-017	4.18503e-016	1.08165e-016	1.08672e-017	5.1436e-019	1.54679e-018	6.40525e-020	5.16271e-020	4.48633e-018	1.10198e-017	2.88638e-018	4.15071e-019	
0	0.000459843	0.00893209	0.153926	0.00325827	0.0109006	0.0172387	0.00364407	0.0466907	0.0246178	3.63097e-005	9.0681e-007	6.38958e-010	5.94799e-010	1.39485e-010	5.35083e-010	1.46773e-010	1.81083e-011	2.80025e-011	8.06244e-012	2.66249e-012	1.21226e-012	1.54207e-010	1.09137e-009	1.32992e-009	1.38711e-010	1.13809e-013	4.88373e-016	2.00873e-018	2.42699e-019	1.21419e-021	1.45551e-021	1.62905e-019	9.64852e-019	8.63069e-018	8.60762e-019	
0	0	0.000155885	0.00191786	0.000212151	1.29421e-005	0.000131846	0.000220604	0.0355615	0.777592	0.000510342	1.86124e-006	8.36226e-009	9.69394e-009	2.39318e-010	2.2655e-011	1.25764e-010	4.48015e-012	6.04415e-011	2.97702e-010	2.20277e-009	1.56062e-008	4.67131e-007	0.000104182	0.000204112	3.40429e-005	7.2215e-008	5.31181e-011	4.74674e-015	1.96208e-017	1.60484e-022	3.23892e-024	9.72532e-022	3.09861e-020	3.40016e-020	1.8681e-020	
0	0	5.92974e-006	8.6082e-007	0.000127887	8.5722e-006	0.000242732	8.62152e-007	5.46652e-005	0.10293	0.998261	0.972093	0.380382	0.622125	0.567291	0.0783312	0.00666561	8.81641e-005	7.68336e-008	7.39738e-010	1.04458e-010	9.64186e-011	1.77133e-006	0.00212012	0.629674	0.685072	0.975067	0.999192	0.998242	0.165098	0.00518493	0.0931018	0.031777	0.0217639	0.000127356	0.000141627	
0	0	0	2.80407e-005	2.78058e-005	1.94686e-005	5.01629e-005	1.10943e-007	3.62389e-007	1.96056e-006	0.00116501	0.0238536	0.605923	0.0290615	0.148955	0.136369	0.00264669	0.000818985	1.10877e-006	9.58186e-009	3.3857e-011	2.19571e-014	1.03615e-010	7.25875e-010	0.00441132	0.00117215	7.69592e-005	0.000253815	0.00172487	0.830276	0.986683	0.824221	0.0952866	0.00165876	0.00161515	0.000616973	
0	0	0	7.25909e-008	6.18898e-006	5.41379e-006	4.10962e-006	5.47409e-008	2.43792e-008	4.76659e-009	3.99561e-007	0.00401264	0.0132384	0.209949	0.0142439	0.0084424	0.0132243	0.003469	0.000336607	0.000155857	2.48423e-006	3.53352e-008	3.4332e-009	1.50131e-009	1.74707e-005	0.00198605	1.87095e-005	1.80281e-006	7.75373e-006	0.00444233	0.00685757	0.0321534	0.180327	0.0147356	0.00122834	0.000173818	
0	0	0	0	3.37211e-007	1.55972e-006	4.82243e-006	2.30145e-007	4.27679e-007	1.76425e-008	4.35795e-011	3.65886e-005	0.000456684	0.138864	0.26951	0.776858	0.977463	0.995624	0.999662	0.999844	0.999998	1	0.999998	0.997776	0.365693	0.311736	0.0248376	0.00055203	2.52659e-005	0.00018314	0.00127476	0.0505237	0.692609	0.961842	0.997029	0.999068	


1	0.961924	0.905031	0.203623	0.0914394	0.03154	0.00984883	0.000320266	1.2483e-006	8.8418e-010	2.19136e-011	7.53622e-012	2.43653e-012	5.53857e-014	1.22097e-014	1.80338e-015	1.22376e-015	3.18391e-016	5.10537e-016	1.97651e-015	8.80386e-016	3.93158e-017	9.45979e-020	3.72995e-022	4.33884e-024	4.45963e-025	7.90693e-025	9.67039e-026	2.62298e-026	6.40905e-027	2.63056e-027	5.38864e-028	2.59542e-028	3.88931e-027	9.81082e-028	1.36802e-027	
0	0.0190749	0.0942942	0.796129	0.906096	0.694007	0.450327	0.0168637	3.91263e-005	6.29349e-007	7.82074e-007	1.69663e-007	3.02618e-007	6.5839e-009	8.4382e-010	4.97584e-011	6.31445e-012	1.15525e-011	1.63685e-011	9.59887e-011	2.96775e-011	1.33125e-012	2.04435e-013	1.97068e-015	1.61368e-015	1.35086e-017	5.47291e-018	1.82831e-020	1.18842e-021	1.81295e-022	6.67499e-023	2.67629e-024	1.57437e-025	6.29346e-026	2.3301e-026	1.37597e-026	
0	0.0190015	4.50439e-006	0.000122646	0.00243565	0.274235	0.502501	0.976858	0.992628	0.977908	0.306869	0.0849181	0.048634	0.0190856	0.00011033	4.3884e-008	1.58359e-008	1.73401e-011	5.292e-011	2.04188e-009	5.3145e-008	1.03884e-007	3.88827e-009	1.48084e-008	9.37934e-011	5.43185e-011	6.06991e-012	3.66755e-013	1.19018e-015	6.24765e-019	1.66266e-022	1.18902e-026	6.04229e-026	6.42072e-026	1.45569e-028	2.96377e-029	
0	0	0.000663699	8.45736e-005	2.25087e-006	1.2545e-005	0.00200703	0.00133638	0.000145367	0.00706975	0.075871	0.0140842	0.00808802	0.00352115	0.00362612	0.0014561	0.00104589	6.58483e-005	2.67449e-005	1.53443e-005	2.17826e-005	1.44302e-006	1.39329e-007	4.59476e-009	1.8431e-009	4.67009e-011	4.64939e-011	3.0019e-012	7.43512e-013	1.439e-013	2.50724e-014	5.01416e-015	1.61793e-015	5.67964e-016	1.81672e-016	6.87588e-017	
0	0	6.12733e-006	8.79635e-007	1.60362e-007	0.000186296	0.0352637	0.00387168	0.00713002	0.0148032	0.614579	0.708845	0.518169	0.592264	0.356276	0.0184335	0.0071868	7.84932e-005	9.18144e-006	5.95759e-005	0.000428974	0.000365092	0.000210929	0.000243674	0.000434695	0.000554995	0.0011119	0.00317278	0.00802817	0.000142533	4.13392e-006	4.21846e-007	3.69393e-008	3.95738e-008	2.26923e-009	2.00376e-010	
0	0	0	4.0877e-005	2.63303e-005	3.37324e-006	4.8076e-006	0.000719876	2.79533e-006	0.000195391	0.00179123	0.185344	0.371527	0.000521829	0.000631772	0.00845714	0.000141645	0.00661519	0.0113278	0.026191	0.001375	2.53354e-005	1.37405e-005	9.49852e-007	5.93004e-005	2.11791e-007	5.18696e-005	5.06096e-008	2.61888e-005	0.000191706	9.64941e-006	1.37573e-007	9.86867e-009	1.29063e-009	2.35222e-010	9.15336e-011	
0	0	0	2.33157e-010	6.07487e-008	1.52762e-005	4.74507e-005	2.98687e-005	5.30599e-005	2.33894e-005	0.000887804	0.00658127	0.0527256	0.38352	0.503086	0.0394044	0.0587502	0.00075908	0.00118807	0.0435266	0.819154	0.971147	0.987307	0.998201	0.916483	0.981551	0.77848	0.979401	0.560039	0.0125174	0.000294393	1.0715e-005	1.35123e-006	1.25202e-006	1.66441e-007	9.27748e-009	
0	0	0	0	6.08217e-008	1.79022e-007	2.96019e-007	1.54249e-007	3.80418e-008	3.46722e-008	1.38025e-006	0.000227314	0.000856474	0.00108731	0.136269	0.932249	0.932875	0.992481	0.987448	0.930207	0.17902	0.0284612	0.0124683	0.0015545	0.0830235	0.0178938	0.220356	0.0174262	0.431906	0.987148	0.999692	0.999989	0.999999	0.999999	1	1	


1	0.953025	0.929759	0.928573	0.973897	0.983659	0.960231	0.995926	0.740389	0.000152248	5.99017e-009	1.66866e-011	2.43101e-014	5.89198e-017	3.76056e-018	3.10347e-019	1.26866e-019	7.94239e-020	8.94338e-020	6.00405e-020	8.52762e-020	1.07083e-019	1.39603e-019	6.31742e-021	2.57118e-024	1.08122e-023	1.08737e-023	2.55231e-024	2.47324e-025	1.28178e-025	1.4077e-026	4.96446e-027	8.54176e-028	1.23883e-028	7.1193e-029	3.16573e-029	
0	0.0469255	0.0701808	0.0714267	0.0260891	0.0162609	0.0391416	0.00161981	0.026253	8.89763e-006	2.67336e-010	1.60859e-013	3.27103e-016	3.25683e-016	2.26098e-018	2.00072e-020	2.06271e-019	6.57774e-020	2.34054e-019	3.20084e-017	6.60147e-017	5.062e-016	1.44137e-014	1.01462e-014	1.19327e-016	4.61744e-016	2.77103e-017	3.04731e-019	2.03754e-022	9.47425e-025	2.20847e-027	1.05666e-029	2.83611e-030	3.7651e-028	6.92791e-028	4.46658e-029	
0	4.9306e-005	6.0263e-005	2.51446e-007	1.34348e-005	7.47093e-005	0.00039645	7.16285e-006	0.000424298	2.74577e-005	3.35701e-009	8.00714e-016	5.38094e-020	2.86618e-018	1.06478e-020	2.63423e-024	1.63769e-023	3.97608e-023	1.40623e-024	2.06313e-020	1.83523e-016	7.6076e-015	8.87487e-013	1.75348e-014	1.38832e-018	6.78441e-019	1.39861e-017	9.24892e-019	5.0779e-021	2.79502e-025	1.94607e-029	1.51707e-030	8.32345e-035	1.94487e-032	3.2621e-030	1.81421e-033	
0	0	2.26466e-007	6.30717e-008	3.36861e-008	1.4195e-007	1.67765e-008	6.08178e-006	1.0255e-007	6.65358e-007	3.418e-009	1.57349e-012	3.30873e-017	1.8142e-021	2.27088e-022	9.23316e-025	3.93903e-027	1.48188e-025	1.22866e-027	2.199e-026	1.05387e-021	1.07829e-018	1.2414e-014	6.24691e-014	4.29838e-016	7.1737e-017	2.09929e-017	6.56826e-020	2.00645e-020	4.9877e-023	6.63215e-026	3.95517e-028	1.91489e-031	2.4664e-035	7.36404e-035	7.19401e-033	
0	0	3.80494e-013	7.09517e-008	4.58078e-007	4.67272e-006	6.42925e-005	0.00202508	0.00376851	0.000101911	2.11194e-007	8.42263e-010	1.77043e-011	1.42792e-016	1.09564e-020	1.00585e-023	6.98319e-027	2.02142e-027	2.05365e-026	2.79603e-026	3.18483e-027	4.72134e-024	1.61274e-019	3.80765e-016	1.99098e-016	3.28254e-016	1.63662e-016	2.68408e-018	2.55793e-020	3.82855e-021	2.68827e-023	9.34404e-026	2.71545e-027	3.14019e-029	5.08383e-032	2.06078e-034	
0	0	0	5.97186e-014	2.44323e-012	8.19443e-008	0.000166212	0.000415034	0.229151	0.999685	0.998925	0.999251	0.998548	0.736678	0.00773079	3.19893e-006	9.67183e-009	1.34884e-011	1.8503e-013	2.68461e-013	1.31011e-012	3.11025e-012	3.76501e-009	2.45441e-007	5.03626e-007	5.66967e-007	9.10243e-008	1.23006e-008	2.32478e-010	1.01955e-013	1.27369e-017	1.23299e-020	1.4447e-024	3.60714e-028	9.57904e-032	2.5461e-034	
0	0	0	1.56562e-016	3.12544e-013	7.9167e-010	1.52569e-007	1.46821e-007	1.44456e-005	2.39319e-005	0.00107477	0.00074742	0.00144915	0.263319	0.98625	0.896591	0.483267	0.00736644	0.000113731	1.70945e-005	6.28924e-005	0.000241922	0.268964	0.946445	0.999884	0.616284	0.359839	0.8231	0.933122	0.229796	0.0056067	0.00173859	7.45209e-006	6.08267e-009	1.81093e-009	2.09055e-010	
0	0	0	0	3.3422e-016	2.62891e-014	8.02514e-011	2.44963e-007	1.78894e-007	4.10436e-008	1.46315e-008	1.97401e-006	3.15563e-006	2.67073e-006	0.00601943	0.103406	0.516733	0.992634	0.999886	0.999983	0.999937	0.999758	0.731036	0.053555	0.000115488	0.383715	0.64016	0.1769	0.066878	0.770204	0.994393	0.998261	0.999993	1	1	1	


1	0.996619	0.857362	0.90686	0.986733	0.954628	0.897609	0.996073	0.896012	0.593164	0.026	0.000297904	1.94145e-005	1.89571e-007	2.39339e-008	4.71784e-010	1.44868e-011	2.69998e-011	2.64455e-012	9.06722e-013	1.71513e-013	2.60709e-014	1.50833e-015	1.60738e-017	1.39017e-018	1.66088e-018	1.23632e-018	5.57488e-019	4.98027e-019	1.76186e-019	3.87993e-019	1.4184e-018	1.49999e-019	2.84741e-019	4.93044e-019	5.21738e-019	
0	0.00328861	0.14257	0.0930619	0.012752	0.0453608	0.102356	0.00346479	0.0904671	3.32539e-005	4.96036e-006	8.91931e-005	2.84988e-007	1.70629e-006	2.68468e-007	2.47449e-008	8.00966e-010	1.66351e-009	5.89691e-011	3.51644e-011	4.0967e-012	6.61836e-012	2.03586e-014	4.46115e-019	7.73069e-021	1.35075e-019	3.09922e-019	1.52415e-019	7.96362e-019	1.18407e-019	9.28283e-020	8.24807e-019	1.22021e-020	2.63829e-019	7.8787e-018	9.12319e-018	
0	9.28637e-005	6.77574e-005	7.85596e-005	0.000514864	9.93906e-006	2.0929e-005	5.31615e-005	0.000476718	4.66322e-005	9.90149e-008	7.67354e-008	3.16118e-010	3.46515e-008	1.13617e-010	5.51233e-012	2.05775e-010	1.96184e-012	1.42565e-011	2.08517e-011	9.58029e-013	1.08966e-012	7.36024e-015	1.9091e-017	2.18295e-021	1.45671e-020	2.59185e-021	1.66005e-022	2.28879e-023	2.91402e-022	3.33028e-023	1.1027e-022	6.81809e-022	8.71267e-021	7.01336e-021	7.95931e-021	
0	0	6.47769e-010	2.36385e-009	9.7983e-011	5.41562e-007	1.77135e-009	3.39478e-010	8.85826e-010	9.65218e-007	2.5011e-009	1.13983e-015	2.22093e-014	2.4832e-016	1.20287e-012	2.63639e-017	4.53113e-018	9.02288e-015	2.36814e-018	8.28747e-017	9.70865e-014	6.85402e-017	1.08056e-014	2.7007e-020	1.24938e-022	4.17004e-026	3.41036e-024	1.11169e-024	2.17908e-026	1.44859e-028	4.58151e-026	2.28378e-027	5.5044e-029	4.28587e-027	4.82007e-023	1.69397e-026	
0	0	5.09869e-010	2.06519e-008	1.83669e-010	8.13994e-008	4.1011e-010	2.04622e-007	8.05345e-009	1.12949e-006	9.15481e-010	3.82522e-013	4.75384e-013	3.63102e-018	2.18971e-015	6.04667e-017	5.57484e-020	1.00106e-014	1.2688e-017	1.49441e-016	3.27565e-016	2.87653e-017	1.15904e-016	4.13402e-018	1.00899e-020	2.98972e-024	1.59857e-025	1.01955e-026	1.73553e-026	3.46156e-029	1.23107e-027	3.90039e-029	3.22512e-028	2.16572e-027	1.06553e-025	2.37652e-025	
0	0	0	1.82715e-011	1.33118e-008	2.67587e-007	1.44794e-005	0.000397801	0.00912479	0.271341	0.722094	0.0520941	0.00225244	4.37568e-008	7.80189e-014	3.46653e-019	1.28892e-023	3.45248e-021	1.08491e-017	2.5591e-017	4.87865e-019	1.31861e-018	4.99989e-018	4.73741e-019	3.92336e-018	1.08438e-018	1.27606e-020	3.97289e-024	2.60909e-026	5.67024e-030	6.78566e-033	1.87013e-031	9.15839e-034	8.99198e-031	1.94577e-031	5.72664e-030	
0	0	0	1.58957e-020	3.6237e-016	8.31784e-010	5.34175e-007	1.06904e-005	0.00390642	0.131549	0.248526	0.942355	0.922418	0.890551	0.0246635	1.59331e-005	7.69815e-009	1.30348e-011	1.06294e-013	6.09422e-015	5.4475e-017	9.3951e-019	2.93531e-020	4.18003e-020	5.3192e-020	3.23949e-020	1.31748e-020	1.7723e-022	2.91195e-024	1.91832e-026	2.50221e-029	4.53847e-032	1.50953e-034	1.073e-036	2.95452e-034	1.37133e-034	
0	0	0	0	4.73538e-015	1.70647e-011	1.4783e-009	8.35191e-007	1.26854e-005	0.0038646	0.00337546	0.00516394	0.0753097	0.109447	0.975336	0.999984	1	1	1	1	1	1	1	1	1	1	1	1	1	1	1	1	1	1	1	1	


1	0.277741	0.00674172	0.398195	0.457352	0.160904	0.00763383	0.00286167	9.46966e-005	1.20022e-006	7.83251e-009	2.90197e-010	1.85562e-011	1.23205e-013	5.45347e-015	5.73109e-015	4.83476e-015	1.02919e-014	4.83716e-014	2.48979e-014	3.60804e-015	6.12757e-016	1.37741e-019	8.70651e-023	3.63808e-026	1.79631e-026	1.70602e-026	6.52525e-027	3.18171e-027	2.21488e-026	8.98293e-026	7.31282e-026	7.07416e-025	2.14682e-024	3.86269e-024	1.58604e-023	
0	0.654128	0.0313518	0.137964	0.245403	0.592296	0.308181	0.994914	0.99854	0.99276	0.132242	0.0159438	0.000784178	2.10909e-006	2.89986e-008	2.70399e-009	2.4412e-010	4.40088e-011	2.79658e-011	2.58644e-012	3.73008e-013	3.56662e-014	1.33381e-018	1.85761e-021	1.22913e-025	5.50511e-026	1.99139e-025	3.14623e-025	4.34891e-025	5.46071e-024	1.87991e-023	2.99914e-023	7.52304e-022	4.82326e-021	7.96429e-022	5.83297e-022	
0	0.0681311	0.961892	0.335588	0.287265	0.245802	0.684006	0.00150951	0.00130021	0.000612461	0.0325143	0.00405962	0.000439141	7.82074e-006	4.51257e-007	1.39552e-008	8.17785e-010	1.25571e-009	1.56733e-011	7.83753e-012	7.5277e-014	2.19232e-015	1.79775e-018	4.03623e-022	7.495e-024	5.67767e-024	7.75359e-024	1.11335e-023	1.37302e-023	1.16213e-024	6.92323e-024	3.10126e-022	2.58142e-024	1.73794e-021	1.72141e-021	2.51397e-021	
0	0	1.0745e-006	0.00461784	5.24558e-005	0.000382173	3.85373e-005	1.98929e-005	5.27923e-008	2.07293e-009	1.9068e-007	0.000115238	6.80955e-007	4.76939e-008	3.93285e-009	1.9416e-009	7.09757e-012	1.4782e-013	3.55705e-014	8.23248e-017	7.66533e-018	7.58632e-019	1.29861e-021	1.84202e-025	9.7439e-028	3.36136e-027	3.35953e-027	9.9044e-027	1.68792e-025	1.80351e-025	5.72943e-026	2.4894e-025	1.22355e-024	3.53215e-027	2.23704e-024	1.9479e-023	
0	0	1.3899e-005	0.123635	0.00989356	0.000559354	9.44595e-005	0.000606059	1.62418e-006	0.000253653	7.43738e-006	1.01721e-006	4.65701e-007	1.74406e-006	4.54611e-010	4.11002e-011	2.08183e-010	2.93994e-011	2.88874e-010	4.54093e-010	1.26666e-010	1.13094e-010	7.57568e-012	7.42115e-014	8.90434e-017	5.51078e-018	2.46823e-019	9.164e-022	4.19365e-025	3.76116e-027	2.65276e-028	2.32133e-027	1.98065e-025	6.0275e-026	1.16648e-022	2.11768e-024	
0	0	0	1.6519e-007	3.42783e-005	4.56318e-005	4.04514e-007	2.12311e-005	4.02814e-008	7.39498e-006	0.000500177	3.28947e-006	1.78484e-007	9.92199e-013	6.943e-010	3.67839e-012	2.13328e-015	5.16382e-014	3.95234e-015	2.73955e-016	1.13042e-013	1.28639e-015	5.29068e-015	8.17141e-014	1.5007e-016	5.38817e-018	2.22109e-018	1.8189e-018	1.48706e-018	2.69239e-019	6.69196e-020	2.86876e-021	2.1852e-021	5.68774e-025	1.92322e-029	2.50187e-024	
0	0	0	3.61062e-039	1.73072e-013	4.8919e-009	1.02805e-008	9.78514e-010	3.87888e-008	6.02789e-007	1.01997e-006	4.95648e-007	5.36246e-009	4.71405e-011	1.65106e-014	1.29603e-014	5.43178e-017	7.2159e-020	2.36008e-018	8.97277e-020	3.63742e-020	1.49847e-017	1.38111e-019	6.46097e-019	3.98333e-018	2.57533e-021	2.25594e-022	1.57256e-023	3.35137e-023	1.22494e-023	1.01261e-024	3.15168e-025	7.3084e-026	5.94419e-027	1.5567e-030	1.21596e-034	
0	0	0	0	2.29748e-009	1.08633e-005	4.49869e-005	6.80745e-005	6.29977e-005	0.00636454	0.834735	0.979877	0.998775	0.999988	1	1	1	1	1	1	1	1	1	1	1	1	1	1	1	1	1	1	1	1	1	1	


1	0.146859	0.0114139	0.000864696	0.000121579	8.22799e-006	2.89678e-008	2.90428e-010	6.3309e-012	4.19726e-014	6.69195e-016	5.39685e-018	6.14216e-020	8.66396e-022	2.31202e-022	4.77385e-024	2.5222e-025	3.07313e-026	1.88403e-026	4.88353e-027	2.58494e-027	2.70287e-027	9.94568e-028	6.78929e-029	3.00647e-030	1.84292e-030	1.08727e-031	7.65507e-034	1.04327e-035	1.12113e-036	4.68805e-039	7.31125e-041	2.58605e-042	1.12733e-043	1.19553e-044	1.04054e-045	
0	5.46194e-006	4.02037e-008	7.56509e-008	1.46994e-009	3.14926e-009	4.52485e-010	1.57499e-011	4.7967e-012	4.07124e-014	2.78439e-017	2.60171e-018	1.14855e-018	3.7906e-019	6.58911e-022	6.31491e-026	1.37978e-027	1.09739e-031	5.33869e-027	1.85351e-026	3.70392e-027	2.31843e-027	5.5002e-030	1.1795e-029	2.41267e-032	1.38417e-031	5.53084e-033	8.26196e-035	1.39676e-038	1.5278e-039	6.47193e-044	3.00371e-046	9.72264e-044	5.45576e-047	1.85978e-049	2.20094e-049	
0	0.853136	0.95036	0.998986	0.948243	0.502135	0.00634064	0.000841906	2.46018e-005	1.46335e-006	2.6433e-008	5.77367e-010	2.47225e-011	1.05094e-013	2.61058e-014	6.38253e-015	9.95548e-016	1.1165e-014	2.07628e-013	3.30104e-012	5.91949e-012	1.84761e-011	8.45643e-011	6.40343e-011	3.37779e-011	2.4722e-011	1.14055e-012	1.62657e-015	9.26575e-018	3.29906e-019	1.39982e-021	4.3771e-024	1.72748e-025	2.66622e-026	1.03022e-026	7.44138e-028	
0	0	0.0382258	7.76209e-005	0.0516353	0.491691	0.961274	0.964568	0.529879	0.893751	0.980995	0.206315	0.108217	0.000136751	3.64437e-007	1.13481e-010	7.24098e-014	6.12519e-015	1.20301e-015	1.82933e-013	2.42196e-013	1.29586e-012	3.05518e-012	1.58509e-011	9.94789e-013	2.4034e-012	2.58807e-012	2.11867e-013	8.93694e-015	1.38768e-017	6.60428e-021	1.22553e-023	9.11421e-027	5.69992e-028	1.34866e-030	2.65405e-030	
0	0	5.34464e-007	7.16492e-005	2.69579e-007	0.00616521	0.0323827	0.0345871	0.470077	0.105806	0.0174532	0.79361	0.870821	0.880526	0.0370127	0.000353215	2.56887e-006	1.1106e-007	4.10726e-007	2.2692e-005	4.25437e-006	6.74168e-006	4.88012e-006	2.72526e-006	2.55838e-006	3.35011e-007	1.27383e-009	3.98326e-013	3.35323e-016	4.82132e-018	2.25615e-022	5.01713e-026	5.99773e-027	6.00546e-029	1.50838e-030	6.0095e-033	
0	0	0	5.77748e-011	1.10219e-008	3.42319e-010	2.18614e-006	2.74145e-006	1.96651e-005	0.000441202	0.00155115	7.36968e-005	0.0209621	0.119314	0.909563	0.279336	0.058327	0.00174931	4.61808e-005	1.58387e-005	0.000177928	0.00378683	0.155821	0.835597	0.976431	0.981069	0.956596	0.996166	0.931973	0.00799483	2.10841e-005	1.53722e-006	3.5969e-009	1.27713e-011	4.97287e-013	7.69829e-014	
0	0	0	2.75448e-013	8.32857e-010	8.09091e-011	6.27184e-011	5.15851e-009	2.00535e-009	6.23692e-008	4.00394e-007	1.78567e-006	8.88139e-008	2.31731e-005	0.0533749	0.718599	0.890788	0.425809	0.0214147	0.000637532	3.04111e-005	2.19006e-005	0.000430685	0.01024	0.00291685	0.00473402	0.042023	0.00378461	0.0680132	0.991381	0.993755	0.989611	0.995079	0.89471	0.75441	0.464092	
0	0	0	0	2.09419e-014	8.78068e-012	3.76747e-014	1.29061e-012	6.33596e-012	6.28626e-012	2.09115e-010	3.0036e-009	5.11873e-009	2.93808e-008	4.87262e-005	0.00171185	0.0508829	0.572442	0.978539	0.999324	0.999787	0.996185	0.843744	0.15416	0.0206499	0.0141965	0.00138145	4.97293e-005	1.36676e-005	0.00062374	0.00622436	0.0103878	0.00492058	0.10529	0.24559	0.535908	


1	0.990909	0.938583	0.995455	0.993523	0.945272	0.89084	0.95105	0.750465	1.2797e-005	7.27162e-011	3.19897e-013	7.7857e-015	2.002e-016	5.03746e-018	3.83633e-019	3.07744e-020	2.89412e-019	2.229e-018	1.44249e-018	3.28256e-020	8.10858e-022	5.64134e-026	3.10225e-030	9.23526e-034	2.18837e-033	7.9252e-034	3.00949e-035	3.06518e-036	4.21847e-036	6.56828e-036	6.54988e-036	1.32182e-035	1.43455e-034	5.39342e-034	3.82206e-033	
0	0.00871083	0.0591824	0.00372829	0.00387767	0.0370847	0.0952408	0.0248491	0.00849983	2.87864e-005	2.50831e-009	1.35572e-011	7.04341e-013	1.91257e-016	5.07998e-018	3.07633e-020	5.18518e-024	3.56879e-021	1.18568e-022	8.03548e-024	9.45791e-022	2.00112e-024	2.62075e-027	1.21392e-031	6.0005e-034	2.63103e-034	7.46524e-033	2.37678e-033	3.02467e-032	1.95723e-032	1.85113e-032	3.02659e-030	2.72635e-031	4.84983e-033	6.9836e-035	4.61716e-034	
0	0.000380187	0.00223191	0.0007946	0.00259156	0.0176081	0.0128011	0.00474161	0.000511094	2.34654e-006	1.78239e-009	4.89734e-012	1.69953e-014	1.71922e-017	6.33941e-020	4.89504e-021	1.81133e-024	3.02315e-022	3.82302e-023	7.80067e-024	1.68533e-024	2.67532e-026	1.21863e-027	4.17558e-032	1.71636e-034	1.21863e-035	2.83101e-035	7.83865e-036	1.08009e-034	4.70029e-033	7.93079e-033	1.35514e-032	7.37399e-032	5.70886e-033	6.18059e-035	1.87411e-035	
0	0	2.20802e-006	2.01208e-005	6.94361e-006	2.82067e-005	0.000939188	0.018325	0.0536725	2.11702e-005	2.95553e-010	9.98839e-013	1.48894e-014	7.80393e-016	8.37561e-018	4.34495e-019	1.9692e-020	8.10831e-021	9.62662e-021	6.88864e-022	4.68548e-024	5.76792e-025	2.63163e-029	6.91388e-032	2.91601e-036	5.77096e-037	2.08425e-037	7.17281e-037	6.60962e-037	5.27061e-034	2.9879e-034	3.38862e-035	2.36921e-031	4.20569e-031	2.19146e-032	1.32099e-033	
0	0	5.54354e-007	1.70675e-006	3.72388e-007	6.96951e-006	0.000169708	4.95251e-005	0.00300679	0.0001291	3.53346e-009	6.15621e-014	4.94075e-017	6.01123e-016	8.68773e-019	1.41652e-021	2.13862e-021	4.0904e-021	2.51087e-020	1.55493e-019	3.85073e-019	5.36207e-019	3.85729e-020	2.0046e-022	3.17183e-025	1.0052e-025	6.2239e-027	2.58485e-029	2.94715e-032	1.13235e-034	9.80991e-037	1.1048e-036	8.51638e-036	4.29348e-031	1.56323e-030	1.64406e-032	
0	0	0	2.82088e-009	1.60105e-009	6.98612e-009	5.17991e-008	8.86725e-005	2.09762e-006	8.52342e-005	3.0048e-008	3.71667e-013	6.59115e-016	2.46313e-021	7.28399e-022	1.06387e-023	2.53023e-027	1.62565e-022	8.36228e-023	5.44775e-023	3.53894e-021	1.19413e-022	5.80104e-021	2.32809e-023	1.05957e-025	7.83314e-028	9.56385e-028	5.019e-030	5.29581e-032	4.65261e-035	2.84016e-037	2.1282e-040	9.73496e-040	2.31305e-038	7.50573e-034	1.1711e-033	
0	0	0	1.1301e-012	3.90024e-011	2.50914e-008	9.27924e-006	0.000895439	0.183533	0.997567	0.998039	0.999152	0.96527	0.00739432	1.10618e-006	1.04168e-009	1.25307e-014	3.26554e-015	2.8474e-016	3.23204e-017	3.66325e-019	5.28048e-021	1.30776e-021	8.14245e-023	1.64939e-022	6.449e-023	7.24061e-023	1.42802e-024	1.0574e-024	1.04055e-025	1.50921e-027	6.26199e-029	2.32933e-030	4.21287e-032	1.55508e-034	5.14681e-036	
0	0	0	0	5.24184e-016	4.57551e-013	4.93791e-009	3.09168e-007	0.000309864	0.00215316	0.00196125	0.000848262	0.0347303	0.992606	0.999999	1	1	1	1	1	1	1	1	1	1	1	1	1	1	1	1	1	1	1	1	1	


1	0.960319	0.995507	0.999162	0.986508	0.947119	0.22641	0.00343125	0.000172337	1.74857e-007	9.07965e-012	5.06847e-014	7.91057e-017	1.20954e-018	3.52015e-020	5.31108e-021	2.81405e-022	3.4841e-021	4.26559e-021	4.73458e-021	4.11598e-021	4.15339e-021	2.0361e-022	1.38392e-024	9.94171e-026	8.2629e-026	1.97609e-026	1.51729e-027	2.1109e-028	2.30455e-029	4.62218e-030	1.79453e-030	1.22398e-031	1.32706e-031	6.69393e-031	4.78888e-031	
0	0.0392785	0.00406122	0.000688149	0.0122961	0.0313829	0.00902433	0.00362812	0.000350784	2.12744e-005	5.25286e-009	2.09045e-013	1.63635e-017	2.85033e-019	1.79876e-022	7.27589e-024	3.00874e-024	3.66521e-023	4.08277e-023	4.14263e-021	2.47536e-020	8.08801e-019	2.79197e-019	4.88333e-021	3.20392e-023	4.51454e-025	2.2162e-026	6.24749e-028	1.65847e-029	2.4521e-032	2.03035e-033	1.47708e-033	3.52444e-035	2.05367e-034	6.74329e-033	2.2605e-034	
0	0.000402909	0.000425189	0.000149555	0.00118137	0.013864	0.00902234	0.013369	0.00465407	0.0421221	0.00166271	3.9438e-006	6.6035e-008	1.81994e-012	3.69023e-017	1.61492e-021	2.51671e-026	3.68944e-025	6.53013e-025	4.33701e-024	1.93447e-021	2.04411e-021	1.09098e-018	8.39686e-019	6.22528e-019	1.71239e-019	1.29427e-020	7.26414e-022	2.94022e-023	9.95819e-027	1.01063e-029	1.52129e-032	2.37456e-035	7.4349e-037	5.60634e-037	4.5504e-035	
0	0	6.84226e-006	7.15574e-007	1.48491e-005	0.00763238	0.751599	0.95107	0.902717	0.955768	0.998309	0.994873	0.997047	0.000507682	3.13628e-007	2.39792e-010	2.92324e-015	2.14276e-016	2.12159e-019	1.0256e-021	8.52003e-023	6.61464e-024	2.70233e-022	1.38618e-020	6.12118e-019	5.08331e-019	9.94548e-019	6.62617e-019	1.24124e-018	1.52654e-020	7.77123e-022	1.49476e-022	4.05193e-025	3.3167e-028	4.73931e-032	5.6788e-034	
0	0	1.45976e-013	3.06574e-008	4.62934e-010	1.44712e-006	0.00383669	0.0284404	0.0463364	0.000919521	9.60249e-006	0.00497411	0.00237775	0.000972646	7.38155e-006	2.03231e-007	3.23337e-010	1.51278e-010	1.28337e-010	7.08356e-011	5.42255e-014	1.00562e-016	6.01297e-020	2.01742e-023	4.0535e-023	2.45663e-023	1.51941e-024	6.48691e-024	6.16771e-024	4.51591e-022	4.83109e-024	9.20599e-027	6.90783e-026	7.60808e-028	1.22523e-029	6.27685e-033	
0	0	0	7.77981e-011	9.03883e-013	2.25383e-009	0.000107362	6.05224e-005	0.0457688	0.000917562	1.78255e-005	0.000148769	0.000574579	0.998423	0.112506	0.00126915	3.70344e-005	3.90244e-007	1.7934e-007	3.86632e-007	1.22721e-005	0.000897149	0.000588512	3.05937e-005	1.73279e-006	1.02954e-007	1.81916e-009	9.46814e-010	1.33965e-011	5.06294e-015	2.22004e-019	3.47661e-022	1.00158e-025	1.76709e-028	2.68259e-029	1.09904e-031	
0	0	0	3.88891e-022	7.50967e-014	1.06689e-015	2.58604e-012	3.73001e-009	1.6392e-008	9.1579e-006	1.09858e-007	2.08803e-009	5.52176e-008	9.65514e-005	0.88637	0.920236	0.978318	0.0895662	0.00032262	2.71082e-006	1.22039e-005	1.8625e-005	0.000182217	2.61654e-005	4.12717e-006	1.55755e-006	9.24879e-007	4.72539e-006	1.02861e-005	3.39249e-006	5.12614e-006	3.45855e-005	2.42039e-006	1.18776e-007	1.07286e-007	6.2304e-008	
0	0	0	0	3.93293e-012	4.26107e-012	2.40281e-011	6.79182e-007	2.51609e-007	0.000242292	1.01142e-006	1.95501e-008	5.64945e-008	1.53723e-007	0.00111581	0.078495	0.0216447	0.910433	0.999677	0.999997	0.999976	0.999084	0.999229	0.999943	0.999994	0.999998	0.999999	0.999995	0.99999	0.999997	0.999995	0.999965	0.999998	1	1	1	


1	0.333139	0.0890533	0.00979036	0.00170647	0.00086611	7.51032e-005	6.91234e-006	3.77559e-008	5.64627e-013	1.4427e-017	3.62491e-019	6.36361e-022	5.63879e-024	7.12087e-024	8.36672e-024	1.73728e-024	2.77574e-023	3.82286e-023	2.05178e-025	3.4248e-027	9.55295e-029	2.18129e-033	8.04806e-038	2.9359e-042	1.96798e-043	2.03298e-044	1.36386e-045	1.6109e-046	1.81563e-047	1.02271e-048	6.79106e-049	4.35728e-050	2.21993e-050	1.13092e-049	1.99723e-050	
0	0.484856	0.664906	0.0989237	0.0623204	0.0359391	0.010125	0.000599318	9.93616e-006	5.53856e-011	2.33636e-015	7.18638e-017	1.96785e-018	2.24817e-020	1.52666e-020	8.32044e-021	5.98309e-021	2.4512e-020	3.12982e-020	6.5099e-022	9.27667e-024	5.74676e-026	4.88643e-031	4.02389e-035	2.36781e-039	1.64035e-040	1.17745e-041	1.04396e-042	2.63113e-044	3.00258e-045	9.12171e-046	1.67591e-046	2.0952e-047	9.60348e-047	1.68535e-046	1.44439e-046	
0	0.182006	0.243831	0.885129	0.909456	0.460016	0.016988	0.00637582	2.53561e-005	4.2719e-009	2.49084e-014	2.07023e-016	3.53305e-020	5.97359e-022	7.99235e-023	2.65305e-021	1.00272e-021	7.87337e-019	2.50103e-016	5.23264e-016	6.85392e-019	2.00268e-020	7.28581e-024	9.15159e-027	6.88737e-030	3.41165e-032	1.6163e-034	1.31635e-038	3.00892e-042	3.12234e-044	4.75238e-047	2.37607e-049	1.44928e-048	9.51265e-047	1.19775e-045	2.38283e-047	
0	0	0.00220793	0.00610044	0.0263884	0.436251	0.248399	0.259877	0.130946	0.0252031	0.000156839	7.49178e-007	7.22463e-009	7.02509e-010	1.24777e-011	1.708e-013	2.43954e-014	2.05588e-013	6.91849e-012	1.57111e-010	1.31444e-010	3.54966e-010	1.70531e-011	4.45276e-013	1.1634e-014	3.31953e-016	6.66734e-018	5.41425e-020	6.60634e-023	5.65113e-026	8.56827e-030	3.1877e-033	2.28792e-036	3.54386e-037	1.30401e-036	9.4743e-040	
0	0	2.10676e-006	5.67172e-005	0.000127759	0.0663309	0.572829	0.0544772	0.0074263	0.0317948	0.00930667	4.79571e-005	1.0128e-007	1.08005e-009	7.82057e-012	2.00633e-014	1.63412e-016	4.89946e-013	5.06706e-013	5.83698e-012	4.31536e-011	3.85944e-011	1.14028e-009	4.02681e-012	3.1437e-012	1.0022e-013	1.06678e-015	1.85189e-018	4.14325e-021	3.00254e-025	6.6912e-029	4.12254e-032	2.94797e-037	1.08892e-038	3.22385e-037	1.0041e-040	
0	0	0	8.6728e-008	9.87156e-007	0.00059623	0.15147	0.676888	0.860488	0.940542	0.986004	0.985941	0.972395	0.945757	0.798024	0.200223	0.0541051	0.421334	0.842504	0.996767	0.990051	0.990276	0.987528	0.553023	0.68723	0.13107	0.0533797	0.0140939	0.00194807	1.95445e-005	2.14731e-007	5.29169e-009	2.01614e-011	1.6994e-012	1.51596e-012	3.12262e-014	
0	0	0	1.27765e-010	7.06171e-009	7.29882e-007	0.000109038	0.000437009	0.000452112	0.00194243	0.00206245	0.00695754	0.0228988	0.0517355	0.00461583	0.000238248	0.00208996	0.000214809	0.00222121	0.00227455	0.00879447	0.00923627	0.0120118	0.430856	0.304133	0.85162	0.841252	0.142213	0.00265957	1.18289e-006	1.83644e-009	1.96357e-011	4.29163e-013	1.30588e-014	6.63897e-016	2.26948e-015	
0	0	0	0	1.29238e-010	3.4448e-008	5.05892e-006	0.00133872	0.000652568	0.000517713	0.0024705	0.00705231	0.00470576	0.00250767	0.19736	0.799539	0.943805	0.578451	0.155274	0.000958182	0.00115464	0.000487674	0.000460006	0.0161213	0.00863742	0.01731	0.105369	0.843693	0.995392	0.999979	1	1	1	1	1	1	


1	0.769135	0.547069	0.350909	0.0491605	0.000654488	5.02845e-007	6.29724e-009	8.48918e-012	5.29369e-017	6.32263e-022	1.35861e-024	5.95055e-028	2.25597e-031	1.14869e-032	1.86135e-033	3.19684e-035	4.3156e-035	8.39722e-035	2.88482e-035	4.83687e-035	9.04541e-035	9.9847e-038	2.97717e-040	2.0329e-044	5.63598e-045	1.76199e-045	2.72991e-046	2.47333e-047	5.06804e-048	5.71486e-049	8.55226e-050	1.13045e-049	2.92351e-049	3.5367e-049	3.4171e-049	
0	0.00473419	0.00818863	0.00967215	0.000753692	1.24326e-005	1.56056e-008	2.16828e-011	2.27671e-013	8.23467e-018	1.46572e-021	8.83165e-025	2.39855e-027	3.13586e-029	6.38325e-029	9.33722e-030	6.47491e-031	1.48475e-031	8.8338e-033	4.95441e-034	1.14009e-033	1.3537e-033	7.90833e-036	3.10679e-038	1.06409e-040	5.35531e-041	2.20768e-041	1.69878e-041	4.85851e-042	1.59418e-042	7.95733e-043	2.326e-042	5.17295e-043	1.69075e-043	5.10635e-043	1.03325e-042	
0	0.226131	0.4366	0.442551	0.279214	0.00806302	1.52631e-005	3.80909e-007	1.90817e-010	1.27493e-013	7.4159e-017	1.69922e-020	3.03006e-024	4.85975e-028	2.36086e-030	1.45677e-031	2.32431e-032	1.28483e-030	9.36769e-030	1.68605e-028	1.50531e-028	5.17548e-028	2.01194e-028	1.29883e-028	1.72606e-030	1.8764e-031	1.18831e-032	9.94792e-035	2.10537e-037	9.78904e-040	7.68325e-042	2.0378e-044	3.06933e-044	1.0923e-042	1.65659e-042	3.28811e-043	
0	0	0.00814192	0.196868	0.670868	0.972629	0.0987464	0.790401	0.0517018	0.0641209	0.0387764	0.000129487	1.20593e-005	7.30876e-011	3.69706e-015	3.78596e-019	6.81384e-024	6.98152e-024	1.19344e-023	9.444e-023	7.0315e-022	5.28689e-022	6.08769e-022	2.2217e-022	1.51271e-023	2.65173e-024	2.10922e-025	4.76513e-027	2.39634e-029	6.0081e-032	1.68468e-034	8.00095e-038	1.06714e-039	8.11696e-042	5.90928e-044	2.29041e-045	
0	0	1.04444e-021	4.14488e-007	4.12038e-006	0.0186405	0.901201	0.20958	0.947917	0.935312	0.873176	0.988223	0.958276	0.0130105	4.94277e-006	3.53938e-010	9.95618e-016	2.55966e-018	3.90454e-019	9.91571e-019	2.0381e-019	1.19639e-019	4.51293e-021	4.7729e-022	9.22227e-023	1.2833e-024	1.3074e-025	1.27319e-026	1.50815e-028	1.30776e-031	4.15512e-036	5.22066e-039	1.10987e-041	7.50143e-044	2.34865e-046	1.0358e-048	
0	0	0	1.82366e-010	5.46976e-011	8.35362e-008	3.72005e-005	1.84754e-005	0.000381563	0.00056723	0.0880465	0.0116115	0.0417091	0.986834	0.730875	0.028571	7.57121e-005	1.32383e-007	1.84931e-009	1.36508e-009	1.34911e-008	3.67139e-007	2.35962e-006	1.55263e-005	0.00013942	5.47171e-005	2.28962e-005	0.000783138	0.00111117	9.56152e-007	2.45386e-010	3.47198e-012	2.08833e-015	7.09454e-019	4.06264e-021	6.06245e-023	
0	0	0	1.33524e-029	2.94093e-013	4.52521e-015	3.32532e-013	4.34161e-009	6.99495e-010	5.08066e-008	3.06031e-007	1.9139e-005	5.84132e-007	0.000155375	0.267739	0.957739	0.998371	0.212711	0.033781	0.00786911	0.00808176	0.0509625	0.071055	0.206401	0.0161749	0.00652357	0.00290143	0.00220551	0.00131759	0.0019478	0.00167642	0.00183037	0.00647448	0.00771793	0.014214	0.00864769	
0	0	0	0	4.35931e-013	1.60178e-013	1.04423e-011	1.87307e-008	1.10751e-009	5.63022e-008	9.07956e-007	1.64582e-005	1.91904e-006	2.50153e-007	0.00138065	0.0136899	0.00155322	0.787289	0.966219	0.992131	0.991918	0.949037	0.928943	0.793583	0.983686	0.993422	0.997076	0.997011	0.997571	0.998051	0.998324	0.99817	0.993526	0.992282	0.985786	0.991352	


1	0.894317	0.749083	0.905198	0.978142	0.918227	0.150522	0.00547641	0.000117	1.66135e-009	2.15293e-014	5.34909e-017	2.44119e-019	4.49706e-021	6.68239e-022	4.51628e-023	6.68549e-024	5.33531e-023	3.57349e-022	4.52724e-022	7.83323e-023	3.01365e-023	2.14785e-027	7.84058e-032	2.75605e-036	2.04793e-036	4.63199e-037	9.90447e-039	4.14137e-040	2.18093e-040	5.41791e-041	1.22943e-041	7.74637e-042	3.65475e-041	7.01568e-041	4.58517e-041	
0	0.0976894	0.197892	0.0503607	0.00947445	0.0262576	0.0117416	0.000113046	1.13472e-005	2.06132e-008	3.58426e-012	1.5752e-014	1.51741e-017	2.13985e-018	2.78587e-019	3.50396e-020	1.91149e-020	5.4095e-020	3.65212e-019	2.08842e-018	2.9603e-019	2.60738e-019	1.77335e-021	1.00478e-022	1.61826e-024	4.84433e-024	1.21788e-024	2.6236e-026	7.46009e-028	4.68858e-029	1.57742e-030	8.59861e-032	2.36544e-032	3.99316e-031	3.84598e-031	1.75413e-031	
0	0.0079934	0.0523237	0.044349	0.0122234	0.0336659	0.012019	0.000384277	6.28755e-006	3.56292e-008	1.67272e-011	9.15762e-016	3.72994e-019	2.62921e-019	1.18153e-020	5.32455e-022	3.88024e-022	7.77026e-020	8.39822e-019	7.05911e-017	9.33289e-017	2.28342e-015	7.31945e-016	1.47708e-018	3.99534e-021	1.18013e-022	1.21685e-024	1.11883e-027	1.00895e-029	2.65251e-031	9.7952e-033	5.07562e-034	1.12478e-035	1.51331e-033	1.23834e-030	1.32e-032	
0	0	0.000700875	5.08992e-005	5.51545e-005	0.000521401	0.000482293	5.22877e-005	1.61971e-005	1.91055e-005	2.10419e-006	3.75157e-010	1.973e-012	6.45986e-014	1.97329e-016	8.51067e-020	4.3488e-022	2.22121e-022	1.67938e-021	4.1711e-019	1.61424e-016	1.07373e-015	5.85975e-015	1.57296e-015	3.01607e-017	9.14872e-019	1.20637e-019	2.98169e-020	2.70401e-021	2.23893e-024	7.92858e-027	5.99201e-029	7.22896e-032	4.08758e-033	5.67786e-033	1.01714e-032	
0	0	1.26991e-007	2.55526e-006	1.40082e-006	3.42572e-007	1.21529e-007	3.67457e-006	3.92826e-007	1.55081e-007	2.29941e-009	1.13903e-010	6.28545e-012	1.86566e-015	9.31675e-019	1.95114e-021	1.25577e-022	4.24916e-025	3.12144e-022	5.36814e-021	9.63321e-020	8.61074e-019	2.97439e-018	2.23239e-016	1.29264e-018	3.59117e-018	6.15638e-021	2.03932e-022	1.34751e-024	1.16409e-025	4.16339e-028	6.76499e-032	5.39062e-031	1.27233e-032	3.67491e-036	1.80297e-034	
0	0	0	3.87124e-005	0.000103618	0.0212392	0.711149	0.936021	0.0372968	0.037529	0.026627	6.39485e-005	2.126e-007	5.53015e-012	3.86856e-016	5.00617e-020	4.52496e-025	1.77219e-021	1.59647e-022	7.50628e-022	3.07868e-021	6.73507e-019	2.57773e-016	3.1e-018	5.36052e-017	1.41941e-018	1.23773e-019	8.14569e-023	5.44014e-023	6.2012e-025	4.53223e-027	9.26606e-030	6.94535e-033	1.2038e-032	5.16069e-034	4.5884e-037	
0	0	0	1.64424e-023	3.46074e-009	8.87854e-005	0.114077	0.0577499	0.962259	0.948225	0.938488	0.995857	0.963745	0.719772	0.00860918	6.72676e-006	2.20578e-009	2.55488e-011	9.11299e-013	2.92512e-013	3.95232e-015	2.53065e-016	1.38094e-017	2.97407e-018	1.58345e-018	2.6663e-019	1.27779e-020	1.07716e-022	1.67547e-024	8.18196e-026	2.04635e-028	2.19635e-030	5.29714e-033	1.4328e-035	7.45877e-036	3.60772e-037	
0	0	0	0	4.01302e-010	1.88808e-008	8.33013e-006	0.000199353	0.000292555	0.0142265	0.0348829	0.00407894	0.0362543	0.280228	0.991391	0.999993	1	1	1	1	1	1	1	1	1	1	1	1	1	1	1	1	1	1	1	1	


1	0.655794	0.329091	0.00489213	0.0034912	0.00030354	2.74719e-006	1.53801e-008	1.89875e-011	3.58327e-017	5.10277e-022	3.15213e-024	2.5556e-027	1.04722e-029	2.01723e-031	7.90558e-033	1.21945e-034	8.27876e-034	8.77288e-033	2.92671e-032	3.54274e-033	4.48003e-034	3.66183e-038	2.59059e-041	7.83223e-044	1.97361e-043	7.19954e-044	6.36135e-046	3.23227e-047	1.67455e-047	1.5698e-048	1.48282e-049	5.24445e-050	3.5041e-050	1.47652e-050	6.52734e-051	
0	0.343793	0.66858	0.994911	0.932987	0.212054	0.00228673	2.46862e-005	1.80774e-009	3.90937e-014	3.17078e-018	3.38392e-022	1.17205e-025	6.54147e-030	1.42862e-032	7.02855e-034	1.61565e-035	5.41951e-033	2.23947e-030	7.15209e-028	1.72184e-029	9.65606e-032	9.9739e-034	4.44503e-036	5.93707e-036	1.27198e-036	4.32693e-040	7.39255e-045	2.08367e-049	4.76521e-050	2.21071e-050	4.59527e-053	2.95051e-052	3.56004e-051	3.74029e-050	8.20073e-052	
0	0.000412124	0.0023282	0.000196488	0.063521	0.774142	0.233948	0.161358	0.00674065	0.00428222	0.004774	2.19401e-006	1.46641e-009	1.93536e-013	1.00215e-017	9.26452e-023	8.97189e-028	3.42703e-028	1.82603e-028	6.14428e-028	1.40716e-026	1.63031e-026	2.25932e-026	2.03805e-027	3.69186e-028	3.18481e-028	5.99883e-029	7.03315e-031	9.26395e-033	5.41772e-036	6.14393e-040	2.00203e-043	5.34315e-047	3.59191e-050	1.64153e-052	2.3384e-054	
0	0	2.01062e-007	2.16134e-009	4.32703e-007	0.0135003	0.753342	0.181437	0.0464075	0.0186825	0.387093	0.848943	0.936491	0.0971013	0.000772981	3.71026e-007	8.61699e-011	3.09228e-013	4.26293e-015	4.71031e-016	1.00164e-016	6.65142e-018	6.00674e-019	5.16107e-018	9.7458e-018	2.30636e-017	1.03046e-016	1.25453e-016	1.58742e-016	5.71129e-018	8.02363e-020	3.34494e-021	7.65407e-023	1.61209e-025	9.95729e-030	1.46541e-031	
0	0	1.03596e-015	1.97916e-012	1.67294e-012	2.50635e-007	0.0104206	0.65718	0.946624	0.976593	0.587252	0.112866	0.00145789	0.0209753	0.000166783	1.51887e-007	6.76453e-011	2.05699e-011	4.45439e-011	1.85827e-009	3.43474e-010	8.77961e-011	8.85002e-012	7.86875e-013	2.80193e-013	6.3668e-015	1.36744e-017	5.5703e-021	1.76155e-020	4.12974e-020	1.19472e-022	4.8804e-025	1.0864e-024	1.31016e-025	7.78253e-028	1.0873e-032	
0	0	0	2.38036e-018	9.76308e-019	1.11384e-015	1.47436e-009	3.94153e-007	0.000228213	0.000441824	0.0208802	0.0381859	0.0620419	0.878039	0.154155	0.000417226	9.62421e-007	3.07211e-008	1.44666e-008	1.64314e-007	1.70136e-007	6.70034e-008	1.85937e-007	3.23345e-006	0.00865469	0.0597377	0.0050182	5.64504e-005	3.29617e-007	1.15318e-011	2.29727e-016	4.17641e-020	1.29281e-024	3.3472e-028	5.02264e-029	5.98854e-030	
0	0	0	2.38339e-026	5.67935e-021	2.49859e-021	8.81459e-017	3.36189e-013	9.8394e-012	5.42652e-009	6.52232e-007	2.10734e-006	8.6822e-006	0.00388404	0.844844	0.990326	0.993758	0.693571	0.376704	0.63427	0.828171	0.945876	0.994955	0.979835	0.979517	0.783448	0.658908	0.961813	0.936414	0.540739	0.373887	0.39586	0.0600725	0.00889384	0.0187488	0.0050263	
0	0	0	0	3.73387e-024	8.69961e-023	2.8638e-023	2.23635e-017	7.95481e-016	1.80468e-013	6.56274e-012	3.85025e-010	2.53222e-010	6.9308e-009	6.16816e-005	0.00925665	0.00624145	0.306429	0.623296	0.365729	0.171829	0.0541243	0.00504465	0.0201616	0.0118284	0.156815	0.336074	0.0381308	0.0635856	0.459261	0.626113	0.60414	0.939927	0.991106	0.981251	0.994974	


1	0.155574	0.00938603	0.000364108	1.23907e-005	6.38525e-008	2.02446e-011	2.06643e-014	1.84848e-018	2.25049e-025	8.43513e-032	6.08635e-035	5.15325e-038	2.77691e-041	1.51997e-041	3.29715e-042	6.06466e-043	9.10842e-044	3.98347e-046	5.70695e-050	9.09833e-053	1.53186e-056	1.27842e-063	3.80448e-068	3.35642e-072	8.78855e-073	1.31669e-074	8.56593e-077	7.06129e-079	2.12415e-079	6.75083e-080	3.79905e-081	2.43061e-081	9.83686e-082	1.43339e-081	4.3227e-082	
0	0.844423	0.990168	0.999624	0.995028	0.0205804	1.03389e-005	4.51266e-007	2.81012e-012	2.26779e-017	3.21848e-023	6.75302e-028	2.81271e-031	2.7155e-038	5.48641e-041	9.78104e-043	2.08407e-044	9.89154e-043	7.5138e-044	2.72581e-046	4.00574e-051	4.59748e-057	6.58998e-063	2.23899e-066	3.00397e-069	2.22876e-072	7.45395e-077	1.97506e-080	1.87915e-082	1.56736e-081	3.53901e-081	1.81338e-084	7.06227e-083	6.86839e-082	4.75265e-082	1.17734e-083	
0	3.71754e-006	0.000446256	1.15447e-005	0.00495987	0.97867	0.8824	0.992603	0.155279	0.005589	6.03767e-005	8.04356e-008	2.4914e-011	7.29059e-015	3.53391e-018	2.29137e-024	1.36596e-029	1.16312e-032	8.67015e-037	6.95376e-040	1.25636e-042	1.06491e-045	1.85849e-051	1.23425e-054	1.26547e-058	2.28639e-060	1.03132e-062	9.0571e-066	3.29019e-069	6.32348e-073	6.61706e-078	1.76724e-082	2.05373e-086	2.16781e-085	4.3562e-085	1.29381e-087	
0	0	1.95786e-008	1.14908e-009	1.3263e-009	0.000749185	0.117344	0.00731412	0.844484	0.994142	0.994782	0.0398372	4.39885e-005	1.83634e-007	2.23423e-010	8.22308e-016	1.14058e-021	3.2947e-026	3.4163e-032	9.99322e-038	7.84411e-040	3.88715e-043	2.91055e-046	2.65648e-049	2.48369e-051	2.20403e-053	7.79987e-056	3.15001e-058	2.72566e-060	2.32401e-064	7.43337e-069	1.4647e-072	1.24747e-076	1.92004e-080	1.72648e-083	1.13103e-088	
0	0	3.12878e-012	5.7829e-010	2.08876e-013	2.58818e-007	0.000245769	7.86735e-005	0.000237031	0.000268692	0.0051572	0.96016	0.998697	0.990352	0.541103	0.00938394	1.59018e-005	1.2903e-009	2.08248e-014	2.11149e-019	3.40543e-022	3.43228e-026	1.59568e-030	1.65988e-031	3.97649e-031	3.92594e-032	5.25688e-034	2.66572e-036	3.26178e-038	5.08534e-041	2.26725e-044	9.68584e-048	2.77238e-050	6.8945e-054	3.30753e-057	3.9983e-059	
0	0	0	1.16987e-013	1.47101e-013	2.14714e-015	2.45601e-009	3.41772e-006	9.27428e-009	1.12427e-008	5.13649e-009	3.10465e-006	0.00125844	0.00950035	0.454027	0.981446	0.962859	0.992715	0.999957	0.999294	0.0061014	3.60765e-005	4.53143e-009	1.01927e-010	1.53179e-011	5.49533e-013	1.13713e-016	1.35034e-020	6.50901e-025	2.47966e-027	1.03506e-030	1.0367e-035	1.26094e-037	3.99138e-039	2.71986e-039	1.13981e-042	
0	0	0	6.0056e-020	3.87974e-018	1.03507e-017	1.14857e-013	1.11523e-011	3.80264e-010	3.08936e-010	1.06522e-009	1.40446e-010	1.53403e-007	0.000147738	0.00439112	0.00551891	0.0276882	0.00694044	4.12889e-005	0.000705977	0.99389	0.999268	0.999715	0.462719	0.173865	0.0031349	1.80069e-005	1.11016e-006	2.90237e-008	1.57982e-012	6.27013e-016	1.22786e-018	5.43714e-023	5.02414e-026	4.56416e-026	8.46604e-029	
0	0	0	0	5.77354e-020	1.32627e-019	2.61857e-021	4.14043e-016	2.31336e-013	1.75275e-014	1.90391e-013	3.55527e-012	1.20069e-011	8.48813e-008	0.000479085	0.00365087	0.00943657	0.000344368	1.47143e-006	1.4931e-007	8.7593e-006	0.000696337	0.000285361	0.537281	0.826135	0.996865	0.999982	0.999999	1	1	1	1	1	1	1	1	


1	0.241665	0.334554	0.41897	0.118815	0.00287089	1.02406e-005	2.48917e-008	4.19842e-011	1.81736e-016	1.06068e-020	2.34444e-022	1.64564e-023	9.97693e-026	1.35268e-026	1.69784e-027	1.86315e-028	6.17532e-027	7.87424e-026	1.67218e-026	5.76774e-028	5.32122e-030	2.106e-034	1.62485e-038	3.43009e-043	2.01125e-043	1.00551e-043	5.69628e-046	1.72999e-047	3.39456e-048	1.64158e-048	1.33432e-049	6.31422e-050	1.64083e-049	5.53051e-050	8.30733e-050	
0	0.758335	0.662037	0.580571	0.881132	0.930114	0.42663	0.945931	0.0172347	0.000192193	1.1616e-006	7.13791e-009	2.42496e-009	3.00011e-013	5.77328e-016	3.29558e-019	6.91793e-022	2.59056e-020	4.0474e-018	1.09124e-016	7.9483e-019	1.70608e-021	5.64284e-025	2.82274e-027	4.55298e-031	1.60332e-032	6.50987e-035	1.0289e-038	7.16004e-043	5.21503e-046	1.14713e-048	6.13087e-053	1.82952e-052	8.54305e-051	6.17354e-052	1.11851e-052	
0	1.53937e-007	0.00340889	0.000456146	5.18963e-005	0.0670122	0.570095	0.0222284	0.966448	0.994551	0.903483	0.927898	0.222963	0.173831	0.000787575	1.17356e-007	1.41697e-011	3.1182e-012	4.56964e-012	7.84909e-012	1.3199e-011	1.00729e-011	1.77072e-012	5.58286e-014	6.66295e-016	5.41741e-016	5.90343e-016	1.62184e-017	8.86033e-019	3.94246e-022	3.42414e-026	1.81883e-029	1.83958e-032	7.39386e-034	4.23777e-036	3.1663e-039	
0	0	3.85506e-009	2.04816e-006	1.83618e-007	2.86859e-008	3.16917e-005	0.000522712	1.45386e-005	0.00249675	0.0925868	0.0560443	0.71864	0.193035	0.411392	0.44083	0.0906032	0.0241525	0.00189557	1.68919e-005	2.82657e-006	1.20717e-007	6.02687e-009	9.19961e-009	2.49036e-010	1.97649e-010	1.30071e-009	8.29069e-010	2.58962e-009	7.81713e-010	4.46649e-010	2.45294e-010	2.07604e-010	6.75717e-012	3.01827e-014	1.88056e-014	
0	0	3.20473e-010	1.44301e-006	4.78835e-007	3.07785e-006	0.00323258	0.0313174	0.0160085	0.00255848	0.00377356	0.0152079	0.0319721	0.00177856	0.000441117	6.7414e-005	0.00019819	0.019756	0.178554	0.85723	0.00138083	1.07963e-006	3.06144e-010	1.95743e-012	2.50547e-013	8.23147e-013	7.22736e-014	7.17724e-014	4.10674e-014	1.69534e-012	9.84818e-013	5.58286e-015	8.60665e-013	1.18914e-011	5.86085e-014	5.69876e-017	
0	0	0	3.45857e-013	1.39131e-012	1.27517e-010	4.65762e-009	6.2672e-007	0.000294125	0.000201372	0.000152182	0.000844817	0.023756	0.610624	0.144218	0.0017339	9.34462e-006	2.81892e-005	0.00553617	0.0369939	0.974689	0.95764	0.992748	0.9097	0.997472	0.855405	0.192306	0.000522612	6.31061e-006	2.7447e-010	8.59753e-015	7.59356e-017	3.02502e-019	2.29745e-016	1.3116e-014	9.36987e-016	
0	0	0	1.29655e-018	3.00702e-015	6.43175e-014	2.55517e-011	3.59837e-010	2.15999e-009	5.35837e-008	2.7185e-006	4.45414e-006	0.00266386	0.010902	0.10784	0.00862755	0.00113141	0.000175876	0.000295475	0.00461764	0.000830468	0.00494044	0.00105678	0.0824326	0.00181786	0.081485	0.170889	0.628188	0.0886132	0.000238519	2.44057e-006	1.14891e-008	7.30826e-011	1.86125e-012	2.61614e-015	1.92564e-016	
0	0	0	0	5.36799e-017	2.19315e-016	1.17423e-014	7.29566e-014	1.22745e-010	1.6e-008	3.29867e-007	4.81249e-007	5.05014e-006	0.00983036	0.335321	0.548741	0.908058	0.955887	0.813719	0.101142	0.023097	0.0374187	0.0061949	0.00786739	0.000710234	0.0631103	0.636805	0.37129	0.911381	0.999761	0.999998	1	1	1	1	1	


