E:\Google Drive\Progetti\MSR Action3D\Real\a08_s05_e01_skeleton3D.txt
8
TRUE
-583.973
-606.121
-610.848
-597.034
-616.028
-606.978
-607.256
-590.876
-606.58
-610.348
-616.263
-585.642
-614.035
-589.88
-579.263
-588.431
-596.884
-585.748
-556.199
-581.798

25
20
1	0.796028	0.441622	0.536683	0.274362	0.0481546	0.00124285	2.3434e-005	5.81363e-008	2.27216e-008	2.32096e-009	1.53937e-009	7.65895e-010	7.59837e-011	2.61928e-011	1.09815e-011	6.79062e-012	1.23281e-012	3.71029e-014	2.84101e-015	3.44119e-015	4.80331e-015	6.52788e-015	5.57144e-015	6.34738e-015	2.09624e-014	
0	0.110605	0.417004	0.261064	0.120192	0.0337617	0.00530354	0.000202564	3.32428e-006	2.45216e-006	5.16128e-007	2.17499e-007	9.38375e-008	3.5318e-008	6.57099e-009	2.72092e-009	3.64515e-009	3.67566e-010	8.66664e-011	7.07615e-012	9.97411e-012	1.94774e-011	2.56858e-011	5.67164e-011	5.70111e-011	1.58082e-009	
0	0.0933668	0.137685	0.192034	0.571331	0.113662	0.000976722	1.45437e-005	2.5554e-007	1.01714e-006	5.78528e-007	6.06303e-008	1.22513e-007	9.30227e-009	1.6968e-009	1.40561e-010	5.37534e-011	3.40486e-011	2.11699e-012	6.24058e-013	3.49884e-013	2.29841e-012	8.9096e-012	8.42575e-013	2.97023e-011	7.37434e-011	
0	0	0.00367932	0.00749507	0.0258833	0.269412	0.107215	0.0110297	2.8399e-005	2.29995e-006	8.94606e-008	1.1428e-007	2.58827e-008	1.60672e-008	3.7668e-010	2.03967e-009	2.08907e-008	7.04664e-009	9.2003e-010	5.07491e-012	4.57294e-012	1.80881e-012	2.54162e-013	1.53641e-011	1.51901e-012	5.1192e-009	
0	0	9.65528e-006	0.00271215	0.00822705	0.534858	0.670348	0.0454084	4.66711e-005	9.75522e-007	4.91169e-007	7.35165e-007	5.94564e-005	3.73003e-005	2.03836e-005	1.15198e-006	3.06343e-009	6.91822e-012	3.86388e-013	2.09968e-015	4.9175e-014	5.41115e-013	4.29591e-014	5.41918e-015	2.04557e-013	2.07233e-010	
0	0	0	1.20467e-005	5.44961e-006	0.000152185	0.214914	0.943019	0.998872	0.843827	0.882814	0.91684	0.967846	0.98599	0.975915	0.941613	0.356139	0.011348	0.0027848	0.000115644	3.14226e-007	9.39339e-010	1.89476e-012	3.71057e-015	4.29516e-016	4.00466e-013	
0	0	0	6.42806e-016	1.45421e-009	1.30878e-010	5.27221e-008	7.05487e-005	0.000800335	0.0651287	0.0711104	0.00162546	0.0100817	0.00184202	0.00971196	0.0182733	0.013159	0.0016738	4.52904e-005	2.58462e-005	1.84694e-008	9.05366e-011	6.35475e-013	5.59959e-016	1.06745e-018	3.29923e-019	
0	0	0	0	2.78e-008	2.94595e-009	2.66316e-007	0.000232273	0.000248658	0.0910378	0.0460744	0.081533	0.0220128	0.0121302	0.0143523	0.0401125	0.630702	0.986978	0.99717	0.999859	1	1	1	1	1	1	


1	0.966471	0.999987	0.999879	0.999983	0.990113	0.0211583	6.89534e-006	2.57479e-005	0.000271496	1.2723e-005	3.84043e-005	6.58006e-005	0.00246791	0.00222026	0.0715549	0.552331	0.727963	0.897294	0.986374	0.97839	0.966357	0.999383	0.990675	0.997471	0.626436	
0	0.000104267	8.18664e-006	0.000114226	6.63156e-006	0.00408545	0.00186925	2.47568e-009	4.20321e-006	4.37348e-011	1.34781e-007	0.000116134	8.39672e-005	0.00229888	5.35896e-005	0.0181834	9.95217e-005	2.81895e-006	0.000140131	1.20901e-008	0.020448	0.0304141	0.000584521	0.00915764	0.00252595	0.340003	
0	0.0334245	2.21447e-008	6.96887e-006	1.01213e-005	0.00580133	0.976905	0.000352233	7.00823e-007	6.08129e-009	2.69307e-010	2.77022e-007	3.24757e-007	0.000207613	8.54573e-005	0.00163602	0.0112561	0.00014205	0.000186572	8.1816e-008	1.35687e-005	5.12479e-005	1.40712e-009	0.000150269	1.84264e-006	0.0335608	
0	0	4.72418e-006	4.39801e-009	5.70763e-009	5.64431e-007	6.76758e-005	0.999641	0.0659762	0.0764335	2.74715e-007	1.25021e-009	1.67882e-011	3.19654e-008	1.91597e-006	6.82032e-006	0.000852485	0.0267555	0.00530392	0.0104395	8.8921e-007	5.97078e-012	9.07237e-011	1.82484e-013	1.34444e-011	1.06755e-009	
0	0	8.32862e-018	2.89376e-009	7.15282e-012	1.99059e-012	2.70289e-010	2.21418e-010	0.933993	0.735936	0.881414	0.525347	0.431531	0.538564	0.0431868	0.0733322	0.0205333	0.00161942	0.00111267	0.000325807	8.60342e-006	8.20532e-008	6.94391e-010	6.82379e-013	1.73821e-015	1.17037e-015	
0	0	0	4.38296e-016	8.02732e-013	6.84505e-017	4.88614e-018	4.49025e-019	2.70487e-009	0.187359	0.118569	0.471271	0.56725	0.437314	0.949379	0.718574	0.0310376	0.000195337	1.45636e-005	0.000194602	2.36159e-006	2.77735e-007	7.66751e-006	4.94266e-008	8.37646e-007	2.25364e-010	
0	0	0	4.82441e-034	1.00101e-017	1.52973e-014	3.98256e-020	4.15197e-024	4.91136e-023	1.03251e-009	4.21575e-006	0.00321578	0.000175266	0.00591981	0.00233552	0.038731	0.041959	0.001776	2.69497e-006	2.54663e-005	3.01623e-005	5.72709e-007	1.14875e-006	5.07843e-006	4.27027e-007	1.36276e-009	
0	0	0	0	3.88088e-020	2.34252e-016	8.2894e-016	1.0374e-018	1.99963e-018	7.18585e-013	3.94583e-007	1.11709e-005	0.000894366	0.0132283	0.00273732	0.0779816	0.341931	0.241546	0.0959454	0.00264013	0.00110635	0.00317704	2.33602e-005	1.24103e-005	3.70217e-007	1.65259e-007	


1	0.982014	0.999984	0.999699	0.99987	0.945369	0.064786	0.000288336	0.00172657	0.0222602	0.222557	0.332681	0.717	0.466575	0.690237	0.246334	0.260483	0.130722	0.310238	0.418026	0.905704	0.830633	0.957357	0.908091	0.968854	0.446364	
0	0.0053741	5.24424e-007	0.000200488	5.8515e-005	0.0512616	0.869089	0.000520793	0.000934355	6.61811e-008	0.00247074	0.572547	0.258488	0.507237	0.0385105	0.429201	0.00258096	9.0787e-006	0.000361899	1.30937e-008	0.0198871	0.0548107	7.14833e-006	0.00922799	0.000429068	0.540352	
0	0.012612	7.52366e-006	0.000100687	7.12239e-005	0.00336912	0.0661243	0.999105	0.642349	0.618753	0.0175422	0.0143384	0.00223172	0.0253594	0.270802	0.323533	0.735633	0.857544	0.676424	0.222168	0.00144101	3.62922e-006	5.54963e-007	6.7278e-005	1.13306e-006	0.000712293	
0	0	7.73182e-006	7.05968e-010	1.99019e-008	6.59505e-010	1.67529e-007	8.60484e-005	0.339463	0.167099	0.00242428	6.31623e-007	2.36869e-006	2.38643e-008	4.38666e-005	0.000109116	0.000166819	0.0105048	0.00397479	0.334515	9.48119e-007	6.87933e-010	2.19358e-012	6.54521e-013	5.17731e-012	8.36434e-014	
0	0	1.53964e-007	1.48903e-009	8.67702e-010	5.90143e-010	5.45743e-007	1.12095e-007	0.0155279	0.03881	0.372645	0.0779496	0.0213193	0.000671626	0.000108679	0.000564202	0.000639404	0.000391561	0.00389257	0.000831488	0.000419243	1.20028e-006	9.38272e-010	3.15724e-011	1.64556e-009	1.0641e-011	
0	0	0	9.12548e-011	1.62204e-013	4.51477e-016	2.39216e-016	1.303e-015	5.07514e-008	0.153079	0.381832	0.00133149	0.000565451	5.57545e-006	2.85691e-005	4.30502e-008	8.38723e-007	1.17434e-006	1.24558e-005	0.00388063	2.83265e-006	4.54784e-008	5.13036e-008	4.35356e-012	8.88242e-012	3.01324e-016	
0	0	0	1.77485e-017	3.21911e-012	1.21926e-013	9.21769e-019	9.45603e-020	3.20436e-020	2.93679e-008	0.000390377	0.000784732	4.28131e-007	3.10433e-008	1.16106e-008	2.32506e-009	2.46167e-010	5.97665e-009	1.82875e-009	6.95211e-005	0.000411741	1.89745e-005	5.84128e-006	4.22603e-006	3.31204e-008	1.76914e-012	
0	0	0	0	1.91589e-014	1.28703e-012	2.41186e-013	1.26591e-014	1.24523e-013	9.88313e-011	0.000139287	0.000367646	0.000392506	0.000151283	0.000269603	0.000258851	0.000495478	0.00082716	0.00509558	0.0205089	0.0721332	0.114533	0.0426293	0.0826094	0.0307154	0.0125711	


1	0.950891	0.956537	0.988989	0.993102	0.960395	0.450363	0.00830462	0.00992087	0.00116122	0.000439861	5.90172e-005	1.95821e-006	3.74067e-007	2.22278e-008	1.46076e-007	3.70021e-009	1.28917e-010	2.56357e-012	8.59414e-014	3.69777e-013	5.62878e-014	1.06347e-014	2.18552e-014	1.32348e-014	9.53629e-014	
0	0.0055325	0.0403796	0.00548135	0.00435595	0.00216581	0.00273941	0.000809715	4.88458e-005	9.33841e-007	2.19552e-008	5.56631e-007	1.07186e-010	1.23091e-009	3.22545e-011	9.87886e-010	3.94117e-010	2.6994e-011	1.71578e-012	1.2962e-013	5.76555e-013	6.28402e-015	1.46745e-016	1.73465e-014	1.36645e-015	4.82239e-016	
0	0.043576	0.00307435	0.00543856	0.0025106	0.0373379	0.545162	0.98889	0.131269	7.70481e-005	1.17826e-007	4.5824e-006	1.23246e-008	7.29831e-008	6.77577e-010	9.32212e-009	3.7351e-010	1.30595e-011	4.57503e-013	4.68111e-015	6.7935e-014	3.28384e-016	3.76586e-018	5.87271e-016	4.69803e-018	4.67363e-015	
0	0	4.62944e-006	2.38491e-005	1.52405e-005	4.83518e-005	0.000460314	0.00150855	0.424738	7.90725e-005	5.89064e-007	2.93907e-008	6.09408e-009	3.65664e-011	1.82153e-010	1.42762e-010	1.91352e-013	1.17158e-013	1.16148e-015	5.133e-017	1.20567e-016	2.08116e-017	1.56108e-019	2.36321e-020	2.77832e-018	4.16552e-018	
0	0	4.08095e-006	6.73169e-005	1.45216e-005	5.29495e-005	0.0012738	0.000487158	0.434003	0.0449373	0.0867746	0.444563	0.98505	0.952057	0.997486	0.704439	0.000588091	3.95565e-007	1.14103e-010	5.9624e-014	4.26435e-016	7.4378e-018	1.19707e-019	1.32513e-021	2.7016e-019	1.58914e-019	
0	0	0	5.63047e-009	1.36341e-006	2.00146e-008	7.62336e-007	2.81509e-007	1.98652e-005	0.953737	0.285155	0.00174607	0.000482469	0.027942	0.00176237	0.2955	0.999221	0.999531	0.994558	0.991926	0.0309097	9.53485e-006	4.66887e-008	6.91613e-009	3.61612e-010	4.68314e-011	
0	0	0	2.52102e-012	2.48132e-011	7.92685e-011	5.57968e-011	3.49325e-010	1.65184e-008	1.35235e-006	0.0029865	4.44553e-005	3.34407e-008	5.47667e-007	7.05618e-007	5.24814e-007	8.91628e-006	6.69714e-005	0.000845034	0.00160968	0.00253472	4.17989e-006	7.29587e-009	3.59299e-011	6.50005e-013	5.55708e-014	
0	0	0	0	3.91849e-010	8.1476e-008	1.88533e-008	9.65156e-010	4.61671e-007	6.29243e-006	0.624644	0.553582	0.0144652	0.0199999	0.000751387	6.0094e-005	0.000181877	0.000401732	0.00459714	0.00646427	0.966556	0.999986	1	1	1	1	


1	0.980969	0.930132	0.893177	0.7451	0.699722	0.743767	0.86861	0.86295	0.527427	0.311993	0.254867	0.127236	0.0541931	0.0525852	0.354344	0.842491	0.961303	0.967666	0.674344	0.954059	0.909233	0.886431	0.969539	0.750817	0.871275	
0	0.0156568	0.00176401	0.046033	0.041522	0.295719	0.254481	0.129232	0.132072	0.115321	0.462498	0.735831	0.863131	0.938445	0.844364	0.565025	0.0725312	0.0027984	0.00423918	0.000577201	0.00795105	0.0244919	0.0395677	0.00529231	0.0264257	0.126865	
0	0.00337441	0.0669259	0.0586643	0.180763	0.00373982	0.0016525	0.00201432	0.00489775	0.292667	0.2216	0.00815981	0.00955148	0.00732522	0.100051	0.0793066	0.0799232	0.0334748	0.0269229	0.256258	0.0213852	0.062824	0.0716366	0.023081	0.222022	0.000820012	
0	0	0.00115624	0.0015414	0.032524	0.000140598	1.81057e-005	0.0001081	2.15818e-006	0.0645608	0.00190242	1.01781e-005	6.73579e-005	1.10925e-005	0.00299282	2.04211e-005	0.00275901	0.00196747	0.000193688	0.0686496	8.99133e-005	0.000269552	0.000978572	8.72513e-005	0.00047974	5.02649e-007	
0	0	2.16214e-005	0.000584129	9.05642e-005	0.000502351	1.04661e-005	4.01455e-006	7.63542e-006	1.36638e-005	0.00199148	0.00110616	5.24873e-006	2.15667e-005	4.80423e-006	0.00126906	0.00223024	0.000405717	0.000946331	0.000166608	0.0163358	0.0031547	0.00136839	0.0019858	0.000249116	0.000920755	
0	0	0	6.70704e-007	1.18281e-006	0.000175541	2.97822e-005	7.19335e-006	1.05584e-007	1.99736e-008	1.02396e-005	1.55036e-005	2.3996e-006	2.56895e-007	1.30989e-008	6.83226e-006	1.84784e-005	1.69297e-005	5.46031e-006	2.36905e-007	0.000171094	1.46522e-005	2.97204e-006	3.46806e-006	2.29013e-006	9.06552e-005	
0	0	0	1.39837e-013	2.07604e-014	5.37235e-012	1.6749e-012	1.77072e-010	1.9789e-011	1.26043e-016	1.80913e-013	1.90646e-008	6.90133e-011	1.00936e-012	3.90275e-013	3.48226e-011	2.75097e-012	5.95992e-011	5.48982e-013	4.10246e-013	2.03952e-011	3.10664e-012	4.31637e-010	3.02317e-013	1.85104e-013	8.70641e-012	
0	0	0	0	2.59039e-008	3.47531e-007	4.12373e-005	2.43717e-005	7.04291e-005	1.03018e-005	4.50949e-006	1.04827e-005	5.64551e-006	3.84757e-006	1.8789e-006	2.84192e-005	4.6988e-005	3.36768e-005	2.65025e-005	3.63111e-006	7.48898e-006	1.1855e-005	1.44475e-005	1.10495e-005	4.45871e-006	2.79587e-005	


1	0.430341	0.454924	0.210301	0.22245	0.0826141	0.0123705	0.0432915	0.00243716	0.000205122	2.25395e-005	0.000112597	3.72837e-006	6.55976e-006	1.46311e-006	6.61405e-007	2.32387e-007	6.33791e-008	1.18741e-007	1.65176e-007	5.01985e-008	3.42504e-008	2.41481e-008	1.27728e-008	4.80063e-009	1.03413e-009	
0	0.566182	0.306877	0.749968	0.746271	0.777206	0.125508	0.235818	0.0531415	0.0153058	0.00385084	0.0384635	0.0049432	0.00428116	0.00268275	0.00160469	0.000180829	2.73929e-005	4.87992e-006	1.87025e-006	3.24702e-007	4.76189e-007	2.70453e-007	2.62074e-008	2.72555e-009	2.71389e-010	
0	0.00347648	0.189801	0.0210753	0.00237144	0.0025475	0.825158	0.636253	0.655342	0.00269711	0.00100679	0.00371971	8.02958e-005	0.00558774	0.00011513	0.000219528	3.73485e-005	1.00572e-007	0.000199215	1.04314e-005	8.32621e-006	5.39126e-005	4.75269e-006	5.16809e-006	8.81191e-007	1.69434e-006	
0	0	0.0483933	0.0154685	0.0200374	0.0379121	0.0172726	0.0225922	0.283783	0.97159	0.988206	0.110727	0.00765074	0.0507782	0.000465586	4.81388e-006	2.29204e-006	3.43667e-008	3.55579e-006	1.14789e-006	6.82868e-008	8.23534e-007	5.96252e-006	1.81868e-008	6.27303e-008	1.30901e-007	
0	0	4.29017e-006	0.00318598	0.000117424	0.000377891	0.00178731	0.00676616	0.00118491	0.0100115	0.00469558	0.794317	0.00066659	0.00389992	0.000993213	0.00157389	0.00231194	0.00135683	0.0237192	0.0414904	0.217792	0.356377	0.449674	0.497984	0.341129	0.192955	
0	0	0	1.85029e-006	0.00875187	0.0979697	0.0150984	0.0357862	0.00325342	0.000147596	0.00221394	0.0464542	0.985657	0.880451	0.891644	0.0879669	0.0015269	7.69818e-005	1.76235e-006	3.03399e-005	2.19958e-005	0.0144074	0.018118	0.00102392	0.00445784	0.0116999	
0	0	0	4.85464e-010	7.43978e-007	0.0001242	0.000102185	0.00112544	4.83601e-006	1.76994e-007	2.85209e-007	0.00259668	0.000181398	0.00185677	0.019371	0.385238	0.137007	0.140061	0.000955158	6.01243e-005	4.4412e-006	3.54241e-006	0.000279883	7.17721e-005	8.902e-006	8.16958e-005	
0	0	0	0	2.09623e-007	0.00124834	0.00270282	0.0183674	0.000852946	4.23148e-005	3.9638e-006	0.00361	0.000817318	0.0531385	0.0847268	0.523392	0.858933	0.858478	0.975116	0.958405	0.782173	0.629156	0.531917	0.500915	0.654404	0.795261	


1	0.684691	0.56901	0.849065	0.753201	0.11574	0.0623728	0.0117893	0.00395118	0.0232032	0.0355171	0.0170497	0.00116128	0.00298401	0.000461794	0.000187612	4.56488e-005	1.07444e-005	1.59644e-005	5.20534e-007	1.93586e-005	0.000304054	0.000141905	0.00030644	0.000447558	0.000172268	
0	0.311576	0.381779	0.109004	0.163031	0.139378	0.670908	0.904481	0.94614	0.667331	0.517537	0.0184298	0.0021001	0.00361271	0.000702572	0.000182082	1.81376e-006	5.91787e-008	9.75695e-007	1.19317e-008	4.89033e-007	2.40372e-005	6.20206e-006	5.5831e-006	9.93958e-006	0.000318987	
0	0.00373349	0.0487208	0.0312471	0.00225329	0.00112472	0.00960798	0.00369974	0.0229803	0.0140135	0.114324	0.00835194	0.00251141	0.000782258	0.000627358	0.00296008	1.83269e-005	6.23579e-008	3.6787e-008	1.03369e-009	1.00149e-007	6.54167e-006	6.50432e-006	1.96098e-006	1.14315e-005	1.68522e-005	
0	0	8.55419e-005	9.7127e-005	0.000122973	0.000205409	0.0298063	0.0100866	0.0151401	0.000230942	0.000267076	0.0218336	0.000220063	0.00263804	0.0010252	0.0278015	0.00122963	4.00638e-005	3.75885e-006	1.24978e-010	1.48211e-009	2.06864e-008	1.86674e-009	3.91267e-007	5.4075e-008	2.32549e-006	
0	0	0.000404551	0.000490729	0.00107982	3.36363e-005	1.25403e-005	0.00220145	6.91866e-005	0.240096	0.0131127	0.000404308	2.01749e-005	9.72331e-006	0.00016856	3.71176e-005	0.0571896	0.351517	0.775491	0.991495	0.789292	0.127581	0.0103815	0.00308085	0.00081782	1.16648e-005	
0	0	0	0.0100763	0.0575988	0.443824	0.000393915	2.05183e-005	2.09584e-006	0.02543	0.20197	0.0648827	0.023988	8.56392e-005	0.000178584	4.92926e-008	1.6445e-006	0.000557801	1.90755e-005	0.00425965	0.109784	0.120811	0.481345	0.000410957	0.000676326	7.91152e-007	
0	0	0	1.96946e-005	0.020888	0.28772	0.0204785	0.00272559	7.13228e-006	1.19392e-005	0.0124862	0.553762	0.515087	0.140749	0.0199237	0.000307134	4.03728e-005	0.000232224	1.10628e-005	8.55394e-006	0.033418	0.076109	0.020486	0.0271334	0.00115787	5.50286e-005	
0	0	0	0	0.00182531	0.0119735	0.20642	0.0649961	0.0117096	0.0296833	0.104785	0.315286	0.454912	0.849139	0.976912	0.968524	0.941473	0.647642	0.224458	0.00423619	0.0674861	0.675164	0.487633	0.96906	0.996879	0.999422	


1	0.793079	0.894212	0.690783	0.146214	0.0225166	0.00587258	0.0128491	0.00116834	0.00519441	0.00232158	0.000605367	9.7805e-005	3.85677e-005	1.7346e-005	2.43693e-006	2.71677e-006	8.29796e-006	2.66482e-006	4.83058e-007	1.12374e-007	5.61139e-008	1.72588e-009	1.51141e-010	7.68881e-012	1.87327e-010	
0	0.206802	0.105379	0.308842	0.853767	0.977096	0.0342987	0.0200024	0.00036278	0.000758728	0.000997563	0.00383013	0.0164367	0.00704451	0.00695072	0.000112712	5.6522e-005	8.78671e-005	7.2152e-007	3.28946e-008	3.46337e-009	1.15786e-009	5.72406e-010	2.16416e-011	1.99709e-012	1.89672e-011	
0	0.000118385	0.000386505	0.000317537	4.53784e-006	0.000386585	0.959822	0.849892	0.956257	0.0721631	0.057729	0.0504179	0.00133371	0.0353112	0.000358344	0.0071271	0.00724389	0.00168287	0.00222116	3.97288e-006	1.77487e-006	9.70409e-009	2.57759e-013	2.52966e-012	7.06299e-017	4.62567e-011	
0	0	1.00838e-005	3.86331e-005	7.05102e-006	6.46818e-008	2.12431e-006	0.103494	0.0182448	0.24171	0.0165391	0.00979867	0.00155593	0.000247766	0.00325663	0.000440597	0.000345779	0.00347421	0.000263363	0.000170367	2.63255e-005	1.27311e-005	2.22482e-007	1.39412e-008	1.6185e-009	3.40801e-010	
0	0	1.18848e-005	1.81947e-005	7.31418e-008	1.0245e-009	4.1249e-006	0.0137624	0.023733	0.671168	0.800112	0.740161	0.0566919	0.150067	0.130605	0.132184	0.269825	0.37525	0.543092	0.779262	0.69045	0.128222	0.00207852	0.000249228	1.3295e-006	1.34017e-006	
0	0	0	4.2382e-007	6.96179e-006	1.05783e-006	1.24162e-008	2.24053e-007	0.0002164	0.00865375	0.109161	0.13704	0.89191	0.125087	0.101397	0.000900175	0.00329911	0.0252432	0.000219429	0.000323472	6.45229e-005	0.00914878	0.000110149	2.50785e-006	1.07343e-006	6.03761e-007	
0	0	0	1.36752e-008	2.7007e-010	1.18605e-009	5.84892e-008	2.22836e-008	1.8133e-005	0.000330736	0.012795	0.0449944	0.00770293	0.64256	0.399901	0.830424	0.659904	0.528013	0.442055	0.195006	0.272833	0.0725859	0.000994291	7.23579e-005	3.27184e-007	1.43803e-006	
0	0	0	0	1.84362e-009	1.08387e-009	2.36824e-010	6.23051e-010	2.49167e-010	2.12784e-005	0.000344406	0.0131519	0.0242708	0.0396444	0.357514	0.028809	0.0593237	0.0662401	0.012146	0.0252328	0.0366242	0.79003	0.996817	0.999676	0.999997	0.999997	


1	0.272721	0.967497	0.948341	0.980175	0.53842	0.197196	0.0599882	0.720114	0.67859	0.0730844	0.0104248	0.000970524	0.000170548	0.00026316	0.00261169	0.00215726	0.000798485	0.00188688	0.000617808	0.000296699	0.00012457	3.80227e-005	7.56313e-006	1.56539e-006	7.50989e-007	
0	0.727168	0.0308278	0.0516086	0.0198238	0.461559	0.794226	0.627419	0.122903	0.00360701	0.000501862	0.00719183	0.000884792	1.10376e-005	0.000107666	0.0241734	0.116245	0.393736	0.0847731	0.0014212	0.000237809	3.17347e-006	2.77075e-007	5.83211e-007	1.82406e-008	4.88503e-007	
0	0.00011075	0.00166776	4.54783e-005	1.28951e-006	2.07297e-005	0.00857607	0.312573	0.0233914	9.43758e-006	2.94303e-008	2.82765e-005	2.64382e-007	2.19092e-008	8.05807e-006	0.00055154	0.00139934	0.00893055	0.00453713	0.0105611	1.36566e-005	1.81435e-010	1.45477e-010	3.1065e-010	2.47175e-012	2.32255e-011	
0	0	7.71565e-006	4.27686e-006	1.5413e-007	4.49714e-009	1.37634e-006	2.0231e-005	0.133359	0.0229498	0.000115478	4.94092e-007	2.64438e-008	1.33097e-009	2.60692e-009	1.66769e-007	7.60858e-006	1.02026e-005	0.00101708	0.000232612	6.97802e-007	8.3006e-009	5.90086e-012	1.46327e-013	1.26133e-012	5.95044e-016	
0	0	1.22747e-013	8.71897e-007	1.79604e-007	2.46328e-007	1.12587e-007	2.16907e-007	0.000232615	0.294693	0.869844	0.96838	0.995615	0.999098	0.888789	0.0535475	0.00423537	0.000112276	3.23426e-005	2.3431e-006	4.62339e-007	1.62693e-008	8.72242e-010	4.58202e-013	8.18214e-016	2.89132e-014	
0	0	0	1.39143e-011	1.48139e-010	9.26094e-012	1.55189e-010	4.08766e-011	2.8803e-007	0.000147235	0.0514969	0.000639374	0.000981782	0.000606733	0.0167761	0.441976	0.135475	0.0411973	0.012474	0.00121247	1.98101e-007	4.95435e-011	6.96235e-013	1.40079e-014	9.99403e-018	1.5835e-019	
0	0	0	1.20089e-015	1.86948e-010	2.97756e-012	9.34934e-012	1.24615e-012	1.18585e-009	3.33342e-006	0.00495752	0.0122641	0.00112284	6.35041e-005	0.0938611	0.3617	0.371165	0.234841	0.116757	0.516063	0.0687091	0.0022467	0.00696952	9.75459e-005	5.12322e-005	2.60098e-008	
0	0	0	0	2.01923e-014	7.67941e-011	3.59094e-011	1.76239e-011	7.39123e-011	7.96599e-010	7.15013e-008	0.00107105	0.00042481	5.04649e-005	0.000194827	0.115439	0.369315	0.320375	0.778523	0.469889	0.930741	0.997626	0.992992	0.999894	0.999947	0.999999	


1	0.794424	0.226643	0.408063	0.680431	0.908939	0.967494	0.953053	0.975518	0.961606	0.896451	0.920435	0.635909	0.982759	0.575131	0.122652	0.0452525	0.012874	0.0428183	0.016899	0.0792899	0.270085	0.10637	0.0975413	0.0666556	0.199024	
0	0.205155	0.773307	0.590955	0.319422	0.0890804	0.0314812	0.0230077	0.0241133	0.0383021	0.103096	0.0779973	0.363486	0.0120838	0.424661	0.802835	0.910383	0.944995	0.853766	0.982772	0.648924	0.723933	0.893467	0.80193	0.9322	0.639445	
0	0.000421266	5.00833e-005	0.000982125	0.000147339	0.00198024	0.00102212	0.0239385	0.000197189	8.00237e-007	1.40504e-006	0.00141414	3.53287e-005	0.00304105	1.1869e-005	0.0745079	0.0443624	0.0421298	0.103396	0.00032218	0.27178	0.00589119	9.94538e-005	0.10036	0.000242638	0.160005	
0	0	1.29487e-008	3.2843e-011	4.9462e-008	1.85273e-010	4.62854e-007	1.74386e-008	1.16975e-005	2.18561e-009	1.46635e-011	2.69798e-011	8.59666e-007	3.07661e-009	9.69916e-007	6.60129e-009	1.59023e-007	3.33671e-007	2.74856e-006	5.90978e-006	3.72773e-008	8.44002e-006	1.746e-007	9.33412e-010	6.6343e-006	1.59405e-008	
0	0	8.05567e-010	1.13424e-010	7.8076e-009	8.53063e-010	2.07954e-006	1.93872e-008	0.000159488	1.08033e-006	1.53848e-006	3.41222e-009	4.37946e-006	2.288e-008	1.85719e-006	6.16049e-009	3.11761e-007	5.14251e-008	1.42465e-005	2.64268e-007	1.51068e-010	1.07466e-005	2.62199e-009	1.11526e-011	1.94427e-006	4.76394e-008	
0	0	0	6.52033e-011	4.70505e-013	5.8451e-010	5.50683e-011	6.15574e-007	4.29974e-007	9.03134e-005	0.000284411	0.000103096	0.000553842	0.00209169	0.000186217	1.37303e-006	1.71146e-008	4.81729e-010	3.67368e-010	7.20857e-009	4.79431e-011	1.16914e-013	1.43775e-009	1.23138e-013	1.00625e-016	6.23186e-008	
0	0	0	1.27538e-020	9.72369e-015	1.86965e-017	1.98229e-013	9.49052e-015	1.61585e-008	2.03848e-009	0.000162848	1.8722e-006	3.44275e-007	4.15869e-006	5.86934e-007	1.24223e-007	3.04944e-009	4.76208e-011	3.17274e-011	3.24247e-013	1.92548e-011	7.20134e-013	7.35248e-015	4.39801e-013	4.70907e-016	9.80023e-017	
0	0	0	0	6.38739e-014	1.89935e-015	2.15228e-012	1.0811e-013	4.49911e-009	1.47678e-009	1.99374e-006	4.86919e-005	1.01632e-005	2.0692e-005	5.88084e-006	4.20383e-006	1.92207e-006	3.34774e-007	2.65837e-006	3.50197e-007	5.35945e-006	7.18736e-005	6.36471e-005	0.000168943	0.000893157	0.00152554	


1	0.149406	0.0765072	0.151894	0.0135988	0.0206915	0.0829284	0.0123551	0.0535462	0.00875023	0.0221025	0.153236	0.496525	0.252154	0.451305	0.426674	0.357785	0.0199148	0.095274	0.00129544	0.0321942	0.134067	0.280497	0.210437	0.729235	0.701862	
0	0.00515517	0.0678862	0.026548	0.000933483	0.000657424	0.0249344	0.0101204	0.68499	0.478993	0.757706	0.549595	0.177111	0.684794	0.270083	0.183209	0.114262	0.00313363	0.147421	0.00462152	0.19992	0.725536	0.638204	0.754109	0.218171	0.294906	
0	0.845438	0.850042	0.817988	0.984717	0.932668	0.480443	0.541169	0.00588675	0.43759	0.0105498	0.00552387	0.0118685	0.00107444	0.214363	0.0200745	0.333181	0.94314	0.62368	0.98557	0.631472	0.0600445	0.0282197	0.0196767	0.0379263	0.00177542	
0	0	0.00545696	0.00290656	0.000277968	5.73019e-005	3.65227e-006	1.83822e-006	6.44764e-005	7.17024e-006	0.0026661	6.02675e-006	2.56217e-006	1.75221e-007	3.24561e-007	2.32124e-005	7.74797e-006	3.70966e-005	0.0011498	0.000445407	0.00469658	0.00463126	0.00344152	3.47221e-005	0.000269008	1.36985e-007	
0	0	0.000107376	0.000663786	0.000472276	0.0459263	0.4108	0.436327	0.035147	1.50363e-006	9.63166e-005	0.00268869	0.000327165	4.27991e-005	2.33717e-005	0.214253	0.0240057	0.00647787	0.0173266	2.14653e-005	0.0407226	0.000234154	3.39106e-006	0.00012348	5.98587e-006	0.00019831	
0	0	0	1.12974e-007	2.19739e-008	8.07448e-009	0.000890414	1.78948e-005	0.220351	0.0685081	0.101488	0.00117362	1.66706e-005	5.11089e-006	2.21654e-008	5.81226e-010	0.000227716	1.24989e-007	0.0113801	4.33638e-005	9.24716e-006	0.00178074	2.06387e-005	1.63663e-007	1.29493e-006	1.96126e-009	
0	0	0	7.84565e-040	2.13347e-014	9.59961e-015	1.06819e-013	5.48535e-010	6.90389e-009	1.13443e-006	4.75783e-005	4.21246e-006	3.43159e-008	1.45658e-010	8.21303e-011	2.00314e-012	5.82642e-015	4.18046e-010	8.49432e-012	4.03883e-009	1.11342e-009	9.1176e-011	3.90377e-009	7.59431e-011	8.25946e-013	3.45489e-013	
0	0	0	0	2.41996e-010	3.21213e-010	1.18301e-009	8.20518e-006	1.51294e-005	0.00614856	0.105344	0.287773	0.31415	0.0619298	0.0642248	0.155766	0.170532	0.0272968	0.103768	0.00800318	0.0909854	0.0737066	0.0496131	0.0156189	0.0143907	0.00125763	


1	0.142941	0.295671	0.51982	0.0293775	0.00324073	5.75793e-005	2.6146e-006	1.0951e-006	5.38924e-008	5.20509e-009	2.89401e-008	2.92693e-009	1.44486e-009	1.2371e-010	1.02112e-011	2.06833e-012	9.06828e-014	1.25215e-014	1.22746e-016	2.77217e-016	2.75071e-017	4.62715e-018	1.35207e-019	3.28546e-021	8.26378e-022	
0	8.239e-007	1.57332e-005	1.32012e-006	9.43207e-007	1.3143e-007	3.76766e-007	4.67731e-009	3.12128e-007	1.49377e-010	8.8632e-011	5.71352e-010	5.04309e-012	7.27614e-010	1.16316e-013	7.8207e-013	1.67051e-013	5.16099e-015	4.83022e-015	1.14239e-019	7.38858e-019	4.81657e-020	7.45457e-022	3.56389e-022	2.20603e-024	1.66298e-024	
0	0.857058	0.691641	0.478469	0.968461	0.988786	0.897009	0.197998	0.120527	0.0198959	0.00866069	0.063584	0.449975	0.928959	0.980678	0.973507	0.588323	0.0706394	0.00422327	1.04355e-005	4.52199e-006	2.63615e-006	1.24222e-007	5.45819e-009	6.59419e-010	2.9118e-009	
0	0	0.0126694	0.0016891	0.0021574	0.00797032	0.102899	0.801847	0.83989	0.973877	0.185342	0.0645343	0.00794873	0.0219237	0.0113651	0.0103905	0.218326	0.0792553	0.0602262	0.00244982	1.42828e-005	2.621e-008	8.99727e-011	1.83633e-011	5.12963e-014	1.89175e-011	
0	0	2.90712e-006	2.00078e-005	3.00209e-006	2.62147e-006	3.46352e-005	0.000152327	0.0395798	0.00363789	0.805841	0.73095	0.530676	0.044995	0.00245628	0.000928933	0.000497801	0.00318483	0.000176532	4.93699e-006	3.0148e-006	9.32973e-008	9.92744e-011	4.0898e-014	3.04379e-015	1.03279e-015	
0	0	0	2.20123e-008	1.23162e-007	1.14096e-009	5.84882e-009	3.71201e-008	1.09583e-006	0.00258933	0.000150552	0.140865	0.0106877	0.0040866	0.00544149	0.0151165	0.189598	0.836731	0.915798	0.960174	0.193361	0.0033171	0.000219459	9.32107e-006	3.18884e-006	1.03783e-007	
0	0	0	8.90674e-011	3.83649e-009	2.50006e-009	5.2572e-011	8.73063e-011	2.09327e-010	9.75244e-008	6.52597e-006	6.59181e-005	0.000695593	2.53849e-005	5.19816e-005	4.87526e-005	0.00322578	0.00989172	0.0194163	0.0372938	0.802517	0.956527	0.986955	0.985368	0.942046	0.468339	
0	0	0	0	7.2329e-011	7.08555e-010	2.3977e-010	1.6564e-011	4.80555e-012	7.22476e-011	5.23403e-008	8.57724e-007	1.75652e-005	9.95761e-006	7.43741e-006	8.37586e-006	3.00085e-005	0.000298071	0.000160116	6.69028e-005	0.00409968	0.0401527	0.0128253	0.0146227	0.0579506	0.531661	


1	0.999071	0.266714	0.617691	0.696094	0.998692	0.999069	0.998477	0.889964	0.0633695	0.0785414	0.440815	0.320917	0.151321	0.25352	0.153269	0.0352024	0.0215992	0.0164789	0.00282952	0.00118153	0.0042915	0.00310614	0.000520265	0.000277656	0.00473291	
0	0.000853407	0.730604	0.337541	0.292792	0.000325374	0.000295535	0.000586048	0.107601	0.92753	0.759122	0.0286754	0.00172345	0.00408866	0.00565058	3.518e-005	0.000522129	0.0007177	0.00525794	0.059379	0.000282386	0.000282248	0.00152562	2.99961e-005	0.000194584	7.4856e-007	
0	7.59993e-005	0.00268164	0.0437875	0.0110507	0.000532342	2.97474e-005	0.000154721	0.000855412	0.00860653	0.081281	0.0139553	0.0010273	7.40437e-005	9.34656e-005	1.29288e-006	1.59121e-005	1.18962e-005	2.65404e-005	0.000216032	4.76378e-005	4.69252e-005	0.000199675	2.23513e-006	9.97066e-007	4.50295e-007	
0	0	3.77573e-007	0.000978594	5.89145e-005	0.000426186	3.07611e-005	6.01555e-007	6.76972e-006	4.23885e-006	0.00977222	0.0344244	0.000351429	4.35762e-006	4.89755e-006	1.0775e-005	1.25077e-007	2.53539e-007	1.78626e-006	8.17125e-007	0.000143093	3.282e-005	3.0953e-006	2.51204e-006	9.28998e-008	4.97664e-005	
0	0	1.61888e-008	1.82623e-006	3.74599e-006	2.4251e-005	0.000564747	0.000762898	0.0003954	3.64408e-008	4.46024e-006	0.017748	0.00305711	0.00013651	6.91035e-005	0.00167531	0.000137254	4.04339e-005	6.06379e-006	4.74722e-008	6.01407e-007	5.44549e-007	3.26396e-008	1.93979e-007	3.08471e-009	1.69886e-006	
0	0	0	2.45882e-012	1.33635e-009	4.6351e-009	9.81812e-006	1.83071e-005	0.00113117	5.78727e-006	2.41448e-006	2.67643e-007	0.00283758	1.43675e-005	3.1967e-005	2.93352e-006	3.70425e-007	1.47104e-007	2.41329e-007	3.38678e-009	1.22313e-013	2.71781e-010	1.0628e-011	5.33693e-014	1.22731e-010	3.90159e-010	
0	0	0	7.64996e-014	2.46705e-012	2.44188e-012	5.98592e-011	1.02168e-007	4.69599e-005	0.000483425	0.0712411	0.172642	0.643416	0.831542	0.53291	0.0174616	0.000333288	1.82674e-005	4.43924e-006	6.08033e-007	2.10721e-010	7.47382e-012	1.74412e-011	8.11152e-015	6.70251e-014	7.82919e-013	
0	0	0	0	9.93822e-017	1.86703e-015	5.42177e-014	1.06102e-013	2.82191e-009	1.56412e-007	3.55145e-005	0.29174	0.0266698	0.0128188	0.207719	0.827544	0.963788	0.977612	0.978224	0.937574	0.998345	0.995346	0.995165	0.999445	0.999527	0.995214	


1	0.958509	0.999244	0.998732	0.999228	0.957172	0.052231	0.0010712	3.08902e-005	2.25699e-007	1.27273e-008	2.27315e-007	2.32761e-006	2.13125e-006	5.61145e-006	1.64118e-005	1.03944e-005	1.69722e-005	2.85087e-006	6.60399e-007	8.98597e-008	5.62917e-008	3.19131e-008	8.33171e-009	1.83326e-009	3.9929e-009	
0	0.0413345	0.000631373	0.000790472	0.000740496	0.0425032	0.93925	0.975119	0.0279759	1.35105e-006	4.67823e-009	8.64578e-007	6.38695e-007	1.41196e-007	2.37184e-005	0.000274267	6.18508e-005	1.403e-005	9.30555e-007	5.65181e-008	2.19524e-010	1.32647e-011	3.39221e-012	1.97688e-011	4.68962e-013	6.8609e-011	
0	0.000156829	0.000118958	0.000469235	2.7495e-005	0.000324596	0.00851942	0.0238029	0.971199	0.0106454	0.00323534	0.104637	0.258655	0.250499	0.578252	0.157639	0.015162	0.00051111	6.22252e-005	1.3573e-006	1.41368e-010	8.29298e-013	2.19577e-014	2.13995e-014	1.37645e-014	9.00392e-013	
0	0	5.5543e-006	7.94243e-006	3.64698e-006	8.03403e-008	2.7759e-008	7.22261e-006	0.000794057	0.989353	0.980225	0.598195	0.645971	0.619911	0.0369493	0.000744777	0.00287772	0.00137527	0.000358865	0.000510221	1.91968e-007	6.95593e-010	5.25071e-011	2.1548e-014	5.88255e-017	1.00878e-017	
0	0	2.27386e-014	2.96897e-009	2.30337e-009	2.42199e-009	2.88217e-012	6.27545e-014	1.5786e-010	2.00326e-009	0.0158665	0.0367478	0.0463743	0.0003847	0.000688174	9.83049e-006	1.59375e-008	8.18478e-008	5.09812e-009	1.43389e-009	3.00062e-008	1.18597e-009	2.43827e-012	3.35003e-015	1.96467e-018	2.99725e-020	
0	0	0	7.30668e-010	1.14105e-011	2.327e-011	3.30279e-012	7.10127e-014	2.51028e-009	3.54673e-010	0.000672915	0.252823	0.00417847	0.000734779	0.00744262	0.0740791	0.00823821	0.00113889	8.71613e-005	2.41673e-006	2.36792e-007	2.14692e-010	4.34901e-012	2.50901e-014	8.01377e-017	1.03302e-018	
0	0	0	3.20122e-020	1.58109e-012	1.52502e-014	3.70564e-015	6.28449e-016	1.32899e-017	1.03397e-012	1.08449e-013	0.00468574	0.00153823	4.27143e-005	8.88977e-005	0.00224995	0.0249063	0.0684725	0.0264728	0.286654	0.605558	0.131253	0.31051	0.408788	0.704568	0.0213335	
0	0	0	0	4.01421e-012	2.39617e-012	3.948e-013	2.5144e-014	3.71053e-015	1.17566e-012	1.90758e-012	0.00291046	0.0432808	0.128425	0.37655	0.764987	0.948744	0.928471	0.973015	0.712831	0.394441	0.868747	0.68949	0.591212	0.295432	0.978666	


1	0.123075	0.522523	0.589318	0.253992	0.00917616	0.00011973	1.19252e-006	9.59491e-008	4.23424e-007	5.34745e-008	1.99582e-009	1.27165e-010	3.4366e-011	1.15081e-012	3.30868e-014	2.63889e-015	2.25559e-017	3.39304e-018	8.48659e-019	2.27853e-019	1.32979e-019	6.85475e-020	5.91868e-020	2.45589e-020	3.51401e-020	
0	0.497788	0.451453	0.399132	0.617898	0.58798	0.012629	0.00020236	1.80397e-005	0.000827272	9.80007e-005	2.00301e-006	1.14136e-007	1.86654e-008	2.64759e-010	1.45701e-011	4.20078e-012	3.79252e-013	4.55031e-014	6.42949e-015	1.52184e-015	1.94578e-016	5.25062e-017	1.52231e-017	3.20834e-018	3.18589e-017	
0	0.379137	0.0249057	0.0110528	0.12775	0.386733	0.167716	0.0101769	0.000205236	1.51544e-005	1.60673e-005	3.2367e-006	5.88647e-006	1.41686e-006	4.79621e-008	4.11288e-009	1.3098e-010	3.74079e-013	2.54776e-015	3.40778e-018	2.47167e-017	9.69892e-017	2.24338e-018	3.30649e-018	1.8494e-019	3.32061e-017	
0	0	0.00111827	0.000354555	0.000347016	0.0161034	0.81914	0.940377	0.946767	0.123604	0.0105851	0.0546196	0.0328309	0.0646862	0.241279	0.539763	0.0437586	0.000826942	1.40479e-005	5.17313e-008	4.38939e-010	2.18591e-012	2.10006e-015	2.87053e-017	5.67526e-020	2.00731e-019	
0	0	3.15781e-007	0.000141854	7.92081e-006	6.96234e-006	0.000391136	0.0491367	0.045702	0.278569	0.0164794	0.0134295	0.210588	0.0229703	0.209564	0.0627458	0.00329472	9.86316e-005	2.74378e-007	7.65654e-008	2.39019e-011	1.62419e-013	1.05058e-015	2.02273e-018	6.11713e-021	8.17019e-022	
0	0	0	1.69007e-007	3.82022e-006	2.32938e-007	3.53404e-006	0.00010553	0.00710781	0.523317	0.895233	0.880176	0.749808	0.841698	0.546824	0.37151	0.246161	0.0433988	0.00638115	0.00239331	3.14767e-005	5.09556e-007	1.19679e-008	6.81218e-010	1.77342e-011	3.66716e-012	
0	0	0	1.21072e-010	2.10278e-007	2.72419e-009	1.1466e-008	1.1812e-007	0.000197852	0.0382577	0.00607557	0.0362718	0.00455587	0.0564721	0.000555498	0.0246754	0.69476	0.945428	0.704433	0.034048	0.000340488	5.91464e-007	6.91696e-010	2.77674e-010	1.96777e-012	3.44671e-013	
0	0	0	0	8.682e-010	2.82891e-009	3.3266e-010	7.41274e-010	1.63187e-006	0.0354092	0.0715125	0.0154975	0.00221185	0.0141715	0.00177771	0.00130574	0.0120263	0.010248	0.289172	0.963559	0.999628	0.999999	1	1	1	1	


1	0.337152	0.72813	0.0998736	0.101999	0.0120658	0.000904961	2.66945e-005	1.05695e-006	2.3851e-007	8.99551e-009	5.76892e-010	1.50266e-011	7.11432e-013	5.11484e-014	4.61775e-013	4.01064e-012	7.93589e-012	1.252e-011	8.57336e-013	9.06966e-014	2.00375e-014	3.02249e-015	9.99219e-017	1.34063e-017	4.37766e-016	
0	0.0339838	0.203139	0.891835	0.472267	0.00944456	2.35697e-005	8.81755e-007	9.96966e-009	1.8252e-008	5.29086e-010	1.35936e-009	2.95317e-012	7.00824e-014	5.09597e-014	6.36195e-014	2.09453e-012	1.56013e-011	9.68829e-012	1.04365e-011	6.92561e-012	5.36654e-013	4.35924e-013	2.92623e-014	1.82839e-014	5.31576e-015	
0	0.628864	0.0673916	0.00522324	0.424954	0.874673	0.730369	0.445753	0.00133414	1.06315e-005	2.93867e-008	2.72684e-009	2.69315e-010	1.85851e-011	1.62227e-012	1.44551e-011	1.7556e-010	3.4103e-010	1.00092e-010	3.46398e-013	5.6271e-014	1.01558e-014	6.13193e-016	1.23697e-015	4.42188e-017	6.26037e-013	
0	0	0.00133897	0.00306807	0.000779275	0.103816	0.268694	0.554202	0.990425	0.976397	0.748506	0.987859	0.998556	0.997185	0.998525	0.99056	0.78227	0.11558	0.0141716	4.06352e-005	1.65848e-008	1.18834e-011	5.16259e-015	8.30018e-020	2.83478e-020	4.99576e-017	
0	0	4.24432e-020	3.80618e-008	6.82684e-007	9.29474e-009	9.15763e-006	1.68854e-005	0.00823901	0.0233159	0.251267	0.00907479	0.00143511	0.00281228	0.00128397	0.00525682	0.0342803	0.010594	0.00111578	9.37859e-006	2.48313e-010	4.26469e-013	1.94695e-015	1.63769e-020	1.60564e-025	2.1057e-024	
0	0	0	8.67781e-010	1.42609e-009	2.07018e-012	1.86401e-008	2.96887e-009	7.81507e-007	0.000275902	0.000226025	0.00295775	2.75556e-006	1.60341e-006	0.000189713	0.00387105	0.154211	0.694887	0.570033	0.673431	0.000731981	7.27442e-007	1.14113e-008	4.79539e-012	5.23399e-014	2.7249e-017	
0	0	0	4.16531e-026	1.02757e-011	1.66694e-012	1.1929e-014	3.76662e-011	6.80229e-013	1.88774e-009	6.56533e-008	0.000105598	6.71623e-007	1.42922e-008	7.2769e-008	0.000309901	0.0285971	0.169163	0.365328	0.258282	0.98343	0.870467	0.644876	0.984441	0.96061	0.650741	
0	0	0	0	1.41953e-011	5.15907e-012	3.08692e-013	6.11586e-012	2.2269e-012	1.76278e-008	7.34954e-007	2.44244e-006	5.62973e-006	1.18784e-006	1.50835e-006	2.56899e-006	0.00064225	0.00977536	0.0493512	0.0682368	0.0158381	0.129532	0.355124	0.0155594	0.0393896	0.349259	


1	0.813844	0.773822	0.97712	0.839175	0.851585	0.146733	0.0117749	0.00260558	0.00192578	0.000227347	0.000912241	3.13648e-005	0.000152506	6.1105e-005	0.000609964	0.000230581	1.8355e-005	6.4629e-006	2.36254e-007	2.32001e-007	1.23906e-007	4.19525e-008	2.53921e-008	2.64447e-009	5.46891e-008	
0	0.0991123	0.222991	0.021391	0.142795	0.0232557	0.0886046	0.00360872	0.000300949	0.000576051	1.34041e-005	3.36634e-005	4.61484e-006	4.82223e-005	1.09473e-005	0.00234535	0.00621574	0.00375733	0.00403891	0.000149848	9.58966e-005	0.000121224	7.10106e-006	1.83033e-005	2.30153e-006	2.86159e-005	
0	0.0870437	0.00179509	0.00135678	0.0179692	0.12432	0.541912	0.878001	0.0222996	9.40578e-005	3.1119e-006	0.000131999	2.67924e-005	1.25091e-005	0.00023126	0.0685204	0.00912081	0.000760546	2.50949e-005	3.65328e-006	3.25994e-007	9.10708e-008	4.94935e-008	3.60069e-008	1.4163e-008	2.64006e-006	
0	0	0.00139231	0.000108974	5.68052e-005	0.000830334	0.221999	0.0937199	0.851571	0.127164	0.00673589	0.00577318	1.68526e-005	4.44609e-007	0.000157453	0.0596405	0.0670896	0.0245331	0.0064896	0.0013428	6.66958e-007	1.07598e-008	1.11216e-009	1.27413e-009	2.99325e-009	1.90545e-007	
0	0	5.53865e-008	4.28381e-006	4.4833e-008	5.21905e-006	0.000739646	0.00154766	0.117576	0.0167891	0.00170488	0.00230071	1.56073e-006	8.09633e-007	5.29323e-008	0.00128379	0.00110675	0.000253897	0.000586656	4.64767e-007	2.98554e-007	1.15356e-009	8.79709e-015	2.77228e-013	2.25943e-013	9.06493e-010	
0	0	0	1.9279e-005	4.30304e-006	3.29507e-006	1.20558e-005	0.0113481	0.00547017	0.851805	0.523861	0.445366	0.99064	0.929797	0.979301	0.307377	0.00216802	4.22753e-005	1.09146e-005	1.14586e-005	1.56658e-008	2.15996e-010	5.28868e-012	1.37199e-014	1.88119e-014	1.09739e-010	
0	0	0	2.91018e-024	3.43188e-008	4.26079e-010	4.22358e-010	1.11206e-009	0.000174999	0.00138894	0.46708	0.0595367	0.00073762	0.0615534	0.00637191	0.0756208	0.00128616	1.94007e-005	3.12517e-007	1.89593e-008	6.88758e-010	4.82288e-012	1.08456e-013	5.17578e-016	5.09421e-019	1.78195e-018	
0	0	0	0	4.4046e-009	4.23203e-010	1.02906e-010	5.4924e-011	1.10587e-006	0.000256947	0.000374424	0.485945	0.00854094	0.00843472	0.0138658	0.484602	0.912782	0.970615	0.988842	0.998492	0.999903	0.999879	0.999993	0.999982	0.999998	0.999968	


1	0.374007	0.992374	0.914335	0.566533	0.0657235	0.00664169	0.000302471	3.83241e-006	3.52228e-007	3.78646e-008	3.56435e-007	4.15326e-007	1.30088e-007	1.10247e-008	4.41392e-009	8.85699e-009	4.21367e-009	3.16519e-010	1.16001e-011	5.28022e-010	1.85395e-008	3.373e-009	3.52596e-010	2.41254e-011	5.48337e-011	
0	0.625983	0.00282667	0.0853942	0.433417	0.933002	0.596933	0.0515996	4.96842e-005	3.00947e-007	4.47361e-008	5.09749e-007	4.13443e-005	1.13318e-005	5.79497e-006	1.15455e-006	1.22049e-008	1.68812e-010	2.3617e-013	5.44359e-015	6.65901e-012	1.68489e-009	4.65856e-011	5.64645e-013	1.38337e-012	1.88674e-011	
0	1.00253e-005	0.00479912	0.000259401	4.97766e-005	0.00127412	0.396425	0.947456	0.993149	0.0563323	0.0223747	0.404629	0.932572	0.979101	0.999564	0.99036	0.0650854	0.00116055	6.14314e-005	7.82973e-007	1.34309e-007	2.80194e-009	1.29551e-012	4.94159e-016	1.08691e-017	1.74577e-013	
0	0	4.93714e-007	1.18825e-005	2.11552e-007	2.05351e-009	6.00368e-007	0.000641801	0.00679612	0.943666	0.924315	0.318582	0.00518306	0.0194535	0.000324302	0.00956636	0.934622	0.997684	0.999714	0.999795	0.930185	0.0841284	0.000522959	7.90848e-007	1.68437e-010	9.32931e-013	
0	0	4.74554e-017	1.76156e-010	5.73374e-010	1.17465e-011	9.08864e-012	3.0614e-009	9.33557e-007	7.87584e-007	0.0533099	0.273898	0.053321	0.00115934	8.03923e-005	8.97624e-006	1.14925e-005	0.000523532	0.000151733	0.000104608	0.0220624	0.0242468	1.05677e-005	8.97049e-009	2.83133e-012	2.61473e-013	
0	0	0	1.10118e-016	7.37191e-014	9.43644e-016	1.16946e-015	4.93598e-017	1.1727e-013	8.05835e-009	1.67236e-007	0.00288826	0.00885335	0.000243393	1.30883e-005	3.01063e-005	6.6366e-005	0.000204678	4.9598e-006	3.34923e-007	9.1727e-007	0.000226324	2.3404e-006	8.77602e-010	1.66239e-011	2.74449e-015	
0	0	0	1.9252e-024	1.69433e-018	2.13355e-017	2.42999e-018	1.48011e-018	7.05601e-020	2.1061e-015	6.55464e-012	6.45259e-007	2.90658e-005	3.03611e-005	1.25504e-005	3.25285e-005	0.000195813	0.000386906	4.65351e-005	8.89379e-005	0.0425273	0.605146	0.714731	0.825945	0.932364	0.154032	
0	0	0	0	1.32693e-022	1.84529e-020	1.56439e-019	1.6755e-020	1.3171e-021	3.26325e-020	1.43683e-015	1.05132e-011	3.06328e-008	5.49452e-007	2.20818e-007	9.74287e-007	1.91459e-005	3.99574e-005	2.15245e-005	1.02784e-005	0.00522381	0.286253	0.284733	0.174054	0.0676358	0.845968	


1	0.145375	0.97278	0.98896	0.288765	0.00467162	0.00013498	5.14174e-007	9.72495e-009	2.96989e-009	2.16188e-011	1.80363e-012	1.9758e-013	9.33915e-014	6.32613e-015	1.41863e-017	8.69118e-019	1.26158e-020	2.62063e-022	1.45493e-024	6.99992e-025	1.00503e-024	2.5721e-025	4.43841e-026	7.44319e-027	4.9755e-026	
0	0.854624	0.00494624	0.0109337	0.711235	0.994997	0.563299	0.0262214	2.4532e-005	5.70546e-007	1.2993e-009	1.37472e-011	1.77678e-011	1.92421e-012	7.91674e-014	6.04434e-018	4.84534e-021	1.01354e-022	2.6106e-025	3.24272e-028	9.18011e-028	2.52522e-026	3.20178e-028	7.47035e-029	7.34566e-029	8.28756e-026	
0	1.2417e-007	0.0222226	8.91353e-005	3.92092e-007	0.00033131	0.436566	0.973731	0.158031	0.000443992	1.19387e-005	1.70885e-006	1.13891e-008	8.38111e-009	1.00897e-010	9.17452e-015	5.71286e-017	1.49423e-020	1.87294e-022	8.25297e-026	5.77221e-029	1.8093e-032	3.09682e-031	3.99793e-033	5.34635e-036	2.64829e-029	
0	0	5.07681e-005	1.68443e-005	2.66865e-009	7.75648e-011	6.09063e-008	4.6827e-005	0.841702	0.0834043	0.00634247	2.08576e-006	1.90736e-008	2.2181e-010	8.4812e-011	1.72937e-013	9.23639e-017	5.5422e-020	1.20953e-022	1.25916e-024	1.9538e-029	5.81688e-033	5.12713e-034	1.77481e-036	3.86817e-038	8.80184e-036	
0	0	2.39746e-010	5.28185e-007	6.78477e-009	2.83629e-014	2.88007e-010	2.13138e-008	0.000242301	0.916151	0.991349	0.000865894	9.7235e-006	7.20955e-008	7.46952e-011	5.00576e-014	7.36806e-015	4.99851e-016	8.3783e-018	4.06856e-020	7.91021e-024	2.82619e-026	1.98062e-028	2.22753e-032	1.25395e-034	1.05241e-037	
0	0	0	1.60117e-010	4.08761e-010	2.91884e-012	2.77703e-013	4.48031e-013	1.11353e-011	3.42608e-007	0.0022968	0.999102	0.994206	0.997226	0.0888655	0.000422462	3.40794e-006	2.74361e-009	1.37825e-012	2.40972e-017	1.19771e-018	2.39675e-019	2.98052e-021	4.19121e-023	5.29609e-025	6.77534e-025	
0	0	0	4.55613e-016	1.94402e-013	2.90048e-015	1.52893e-014	2.35488e-016	2.71918e-014	7.71432e-010	5.67972e-008	2.86227e-005	0.00577341	0.00241328	0.911035	0.997538	0.147567	0.00604871	4.40442e-005	1.98913e-006	3.23478e-009	1.01101e-012	6.99775e-016	4.90787e-018	2.81027e-020	2.60121e-021	
0	0	0	0	8.5299e-015	1.32714e-016	3.62248e-017	1.46529e-017	2.44312e-018	1.54665e-014	1.87933e-012	1.10535e-007	1.04817e-005	0.000360695	9.95188e-005	0.00203993	0.85243	0.993951	0.999956	0.999998	1	1	1	1	1	1	


1	0.758639	0.978747	0.993219	0.984628	0.451692	0.00389204	6.64934e-005	2.85514e-006	2.06328e-006	6.66796e-007	1.16879e-006	5.56799e-006	5.92261e-006	8.0862e-006	1.07797e-006	4.12804e-007	1.21747e-007	1.0433e-008	1.9508e-010	3.92727e-011	4.33435e-011	4.62634e-012	2.71819e-013	3.98113e-014	1.08714e-012	
0	0.24136	0.000710833	0.00608093	0.0153646	0.548306	0.995434	0.997115	0.0405177	0.00129705	0.00168586	0.00317716	0.0255252	0.0632802	0.0506818	0.000822805	1.07296e-005	3.27078e-008	3.29297e-010	1.46524e-013	1.30325e-013	1.02644e-013	4.09622e-016	1.83934e-016	4.19177e-018	4.88327e-013	
0	2.16868e-007	0.020542	9.75681e-005	1.21285e-006	1.18646e-006	0.000673827	0.00281714	0.959468	0.118855	0.400356	0.195782	0.608775	0.60743	0.736383	0.628351	0.0879196	0.0101753	0.00221015	5.56763e-005	3.08427e-008	8.7678e-011	6.22772e-014	1.34284e-017	1.51172e-020	6.76853e-019	
0	0	3.02117e-007	0.000593801	5.58987e-006	2.76582e-009	3.63655e-010	7.41829e-008	9.72721e-006	0.879531	0.303303	0.654156	0.0733961	0.253376	0.0979492	0.03175	0.464844	0.378871	0.677406	0.661737	0.299116	0.101852	0.0257679	0.00577546	0.00274542	0.000914445	
0	0	1.0107e-011	8.50679e-006	5.12235e-007	7.14689e-008	1.49368e-009	1.51455e-006	1.86947e-006	0.000315402	0.294368	0.125785	0.180694	0.0404502	0.015101	0.0003027	4.07723e-005	0.00013884	0.000137587	3.75192e-005	0.000347853	0.00148925	2.89431e-006	7.08597e-007	3.83233e-008	0.000371559	
0	0	0	2.83288e-015	3.86473e-009	8.38628e-012	7.50315e-012	1.76616e-014	9.84631e-009	7.58689e-008	0.000286962	0.0208441	0.110846	0.031527	0.0857081	0.3215	0.211361	0.18621	0.0112372	5.87408e-005	1.4863e-008	3.10947e-007	1.22854e-007	3.17288e-010	2.37007e-009	2.81013e-010	
0	0	0	5.27935e-019	3.64732e-013	9.08939e-014	1.79711e-014	3.2969e-015	5.54717e-014	3.32161e-010	3.78386e-009	1.52852e-005	0.000125359	0.00127023	0.000797313	0.000692229	0.0873566	0.0843036	0.0690496	0.0140068	0.000280131	5.94506e-006	8.41242e-009	1.14627e-010	7.95809e-013	3.6634e-011	
0	0	0	0	9.35787e-018	1.35208e-012	2.03857e-015	1.82102e-015	5.53777e-017	1.01533e-010	5.85845e-010	0.000239219	0.000633515	0.00266066	0.0133712	0.0165801	0.148468	0.340302	0.239959	0.324104	0.700256	0.896653	0.974229	0.994224	0.997255	0.998714	


