E:\Google Drive\Progetti\MSR Action3D\Real\a09_s01_e02_skeleton3D.txt
9
TRUE
-919.935
-972.825
-968.23
-989.769
-994.373
-978.897
-985.862
-943.626
-962.93
-980.305
-981.618
-912.112
-963.478
-926.663
-938.986
-942.701
-941.021
-888.649
-926.384
-865.586

39
20
1	0.92718	0.69304	0.74525	0.258117	0.5659	0.144484	0.148281	0.0173393	0.000867115	2.7951e-006	8.41598e-008	1.73817e-010	1.4763e-012	1.57659e-014	2.25611e-015	1.00518e-014	7.17414e-016	5.43064e-017	2.1618e-017	7.41904e-018	4.67749e-018	3.34354e-018	2.61072e-018	1.95525e-022	2.30403e-026	7.5364e-031	8.09736e-032	1.84014e-032	4.53492e-034	4.70179e-035	2.62457e-035	1.17042e-035	1.36671e-036	2.46907e-037	7.91507e-038	7.9625e-038	5.14212e-038	7.49463e-038	2.22825e-037	
0	0.0609841	0.102972	0.0842315	0.0308309	0.0348213	0.127329	0.0950035	0.00746795	0.000273146	2.56278e-005	2.51093e-006	3.04276e-008	1.11516e-009	6.65122e-011	1.92145e-011	2.01952e-011	6.83128e-012	2.54317e-012	4.83013e-012	6.72425e-012	1.16325e-011	1.6523e-011	9.75604e-012	8.36857e-016	1.15059e-019	1.90927e-024	3.25086e-025	7.76407e-026	1.76608e-026	2.07865e-027	5.32377e-028	1.86786e-028	4.90153e-029	1.02086e-030	5.74332e-032	2.83819e-032	6.89136e-032	1.45181e-031	3.2069e-031	
0	0.0118358	0.196421	0.0764675	0.0589027	0.396952	0.13555	0.398498	0.0275069	0.000910091	3.20705e-006	8.34167e-008	1.25001e-009	1.91089e-011	2.83567e-011	1.45056e-011	2.41662e-010	4.24546e-011	3.65688e-012	1.15955e-012	6.7999e-013	1.14739e-012	6.32645e-013	6.75615e-012	3.4329e-016	2.59157e-019	1.66992e-023	2.99142e-024	5.16709e-025	4.63248e-027	1.57751e-028	1.05201e-028	2.96118e-029	2.70919e-030	6.55963e-031	1.57825e-031	3.04933e-032	1.11447e-032	2.13398e-032	6.51413e-032	
0	0	0.00754063	0.0427712	0.019034	0.000941867	0.57334	0.0393782	0.010496	0.00137097	0.000148194	5.40452e-005	8.44179e-008	7.11396e-009	1.27993e-011	8.01201e-013	9.13362e-013	5.52624e-013	7.0107e-013	2.79309e-012	2.46043e-012	1.68695e-012	2.90457e-011	1.11175e-012	4.36829e-014	6.47534e-018	2.03032e-022	1.69368e-023	3.50765e-025	9.32011e-026	2.34871e-027	1.28863e-026	1.17801e-027	3.14159e-028	6.22664e-031	7.213e-033	1.74895e-032	1.34808e-032	1.72941e-032	5.8526e-031	
0	0	2.55133e-005	0.051232	0.632726	0.00116756	0.0192882	0.316347	0.936958	0.996198	0.0647535	0.184581	7.91541e-005	1.35856e-006	7.90724e-008	1.73665e-008	6.10621e-008	1.99484e-011	8.87783e-014	3.83277e-015	5.22198e-012	3.47275e-011	8.67454e-010	2.62992e-009	2.79634e-010	7.46048e-010	1.28215e-013	8.13301e-014	1.04061e-015	3.66379e-018	5.84452e-022	1.60777e-021	6.35924e-023	6.51904e-025	5.61201e-028	5.70403e-031	1.19557e-033	4.51997e-036	4.48759e-035	4.8792e-033	
0	0	0	4.74757e-005	0.000389887	0.000203825	8.35594e-006	0.00249208	0.000231824	0.000380728	0.935067	0.812619	0.999472	0.996022	0.995569	0.963696	0.252787	0.0269361	0.000552721	4.07234e-006	3.36407e-005	0.000695592	0.00961411	0.102985	0.0914391	0.104528	0.000476323	5.89532e-005	1.03175e-006	9.46282e-008	2.04989e-009	8.57747e-010	2.06916e-008	1.60077e-008	5.51835e-011	2.83346e-013	9.21021e-016	1.61382e-017	2.90157e-020	4.04379e-022	
0	0	0	1.60488e-016	9.43484e-010	1.58951e-007	6.99564e-009	8.03965e-010	5.58526e-008	4.682e-010	6.19101e-008	0.000599954	0.000281264	0.00341718	0.00390214	0.0258654	0.155403	0.00535834	0.000645359	3.25962e-006	7.39962e-006	4.61925e-005	0.000492915	0.0229148	0.0743513	0.141971	0.0051898	9.9074e-006	7.75616e-007	5.92859e-009	4.81341e-010	3.45226e-011	2.32729e-011	2.70696e-010	9.11543e-011	3.52086e-012	3.15417e-016	7.78039e-019	1.4322e-020	2.69283e-023	
0	0	0	0	2.26093e-008	1.32403e-005	1.19787e-006	1.57111e-007	3.88967e-007	1.27878e-008	1.43855e-007	0.00214338	0.000167479	0.000559825	0.000528293	0.0104385	0.591809	0.967706	0.998802	0.999993	0.999959	0.999258	0.989893	0.8741	0.83421	0.753501	0.994334	0.999931	0.999998	1	1	1	1	1	1	1	1	1	1	1	


1	0.999776	0.999992	0.707365	0.784222	0.999757	0.996248	0.99987	0.975313	0.95265	0.716895	0.00663734	0.0520806	0.00729047	0.116229	0.148319	0.196403	0.000504717	1.32524e-005	1.4421e-006	6.3696e-007	7.36804e-007	8.25137e-009	1.18932e-008	5.55847e-009	2.02221e-009	1.1632e-009	1.41462e-009	3.77605e-011	3.89469e-010	1.2199e-011	1.73276e-012	7.48163e-012	4.28471e-011	1.60393e-009	2.36437e-008	6.07554e-007	1.16475e-006	4.831e-010	2.36459e-010	
0	0.000203384	1.59369e-006	0.291832	0.214831	0.000243216	0.00067891	0.00012749	0.0231331	0.0385152	0.0882086	0.00116951	0.00210872	1.32553e-005	8.41647e-005	0.000231931	5.78412e-006	4.16659e-007	3.59658e-009	3.56369e-010	8.92988e-008	1.06037e-007	1.12973e-010	9.22733e-013	4.43891e-009	5.77148e-010	1.0775e-014	6.96992e-010	1.14386e-014	3.60738e-012	1.44645e-018	3.609e-015	1.88792e-016	1.3191e-013	4.78904e-014	1.26152e-012	7.34577e-009	4.97493e-011	2.57979e-014	2.80739e-011	
0	2.10767e-005	6.69258e-006	0.000803074	0.000946042	3.06978e-010	0.00307265	5.78809e-007	0.00155389	0.00883345	0.191364	0.989949	0.0551804	0.0755798	0.00117421	1.39606e-005	7.01291e-006	2.74231e-011	7.57242e-011	1.79696e-012	3.71547e-009	5.13098e-010	1.94945e-008	3.60091e-011	4.16058e-008	6.2443e-006	5.19295e-007	8.49604e-008	5.23169e-013	1.14167e-012	1.51162e-017	6.30692e-014	2.20299e-014	7.66376e-015	8.3173e-017	2.63295e-016	8.10304e-013	1.96168e-014	1.19481e-017	5.57942e-016	
0	0	1.13247e-007	1.71345e-008	6.53976e-007	4.595e-010	1.78627e-012	2.21243e-006	4.92514e-011	1.39743e-006	0.0035324	0.00224268	0.889371	0.915258	0.0421009	1.44258e-005	4.69764e-009	7.32168e-014	3.78546e-017	1.52972e-015	2.2145e-015	6.05754e-011	2.9525e-011	4.05249e-010	2.52563e-009	3.05874e-009	6.9082e-006	3.24632e-009	2.79979e-014	3.30795e-014	1.59712e-014	3.54418e-015	2.27506e-011	5.53383e-012	1.17327e-013	4.64214e-017	1.99876e-018	1.28625e-016	4.63705e-023	1.42962e-021	
0	0	1.49117e-021	5.74468e-011	2.00597e-011	4.32767e-009	3.84125e-012	4.66404e-015	1.55694e-009	1.82411e-012	2.67267e-008	1.02992e-006	0.00125906	0.0018589	0.8395	0.115873	0.138779	8.10885e-005	1.56697e-007	5.31245e-010	2.58317e-009	2.07782e-008	4.9231e-010	2.36629e-009	2.38231e-006	0.00212798	0.0600553	0.00667759	1.776e-005	8.02679e-005	2.65942e-007	2.58695e-008	4.49078e-008	5.58393e-008	4.1583e-006	7.91679e-005	2.20048e-006	8.12831e-009	1.27845e-014	2.43729e-017	
0	0	0	4.34721e-019	5.26433e-015	1.22335e-010	4.12246e-013	1.61571e-014	1.91966e-016	2.06202e-014	3.23056e-016	4.33296e-014	1.41394e-008	2.43707e-009	0.000910995	0.735546	0.664298	0.999345	0.456825	0.00032351	1.95365e-006	2.53924e-008	1.74e-015	6.93462e-012	2.73572e-009	7.80489e-005	0.879783	0.950032	0.999939	0.572716	0.00389203	7.58014e-009	3.24736e-010	6.8313e-010	1.52139e-005	0.00303126	0.0281838	0.0423171	1.1837e-006	1.27464e-009	
0	0	0	1.73451e-040	5.73561e-023	2.967e-016	5.908e-013	1.70768e-013	3.17682e-016	1.69387e-018	1.94819e-018	9.10135e-023	3.84779e-018	2.61688e-014	7.169e-012	1.38663e-006	0.00045947	6.90385e-005	0.543162	0.997582	0.00255023	0.000530314	1.04373e-008	2.1078e-012	5.87621e-015	5.6775e-013	2.0958e-006	0.000439266	1.88053e-005	0.426079	0.995889	0.000675439	1.79702e-005	8.79467e-008	2.03517e-006	5.10067e-006	0.053821	0.938344	0.999968	0.95203	
0	0	0	0	6.46679e-023	5.95191e-021	2.80933e-014	1.64141e-014	5.72107e-014	1.5246e-013	2.9277e-013	2.83602e-014	8.52822e-014	1.12187e-012	6.57219e-012	1.42384e-008	4.70342e-005	3.58987e-009	9.67981e-008	0.00209353	0.997447	0.999469	1	1	0.999998	0.997788	0.060152	0.0428506	2.46212e-005	0.00112499	0.000218215	0.999325	0.999982	1	0.999979	0.996884	0.917992	0.0193377	3.09294e-005	0.04797	


1	0.998354	0.999892	0.353446	0.739519	0.999997	0.995112	0.999925	0.956114	0.693372	0.159392	0.00397232	0.010448	0.00055066	0.0187867	0.427238	0.267226	0.00384747	0.000654405	0.000106459	0.00012969	0.000103531	9.98297e-006	7.24834e-006	1.44201e-005	1.13044e-006	2.77171e-010	4.03112e-009	6.84493e-011	4.20589e-010	1.33987e-012	1.44112e-012	3.41589e-013	3.26778e-013	4.40254e-013	9.27101e-013	8.26919e-013	1.46598e-012	8.6583e-013	6.49776e-013	
0	0.0011404	3.37664e-006	0.645395	0.257216	2.14599e-006	0.00476925	4.73159e-005	0.0438642	0.3059	0.667605	0.744846	0.151361	0.00594781	0.000224833	0.000956425	4.83563e-005	1.35504e-007	4.08134e-008	3.47934e-008	0.000123608	1.5716e-005	7.06456e-005	5.40596e-008	0.00157385	0.0125863	4.19717e-008	1.53503e-006	6.69015e-012	3.12784e-011	1.11723e-018	9.26709e-013	5.20075e-016	9.10303e-016	5.0729e-018	9.49802e-018	1.02144e-015	1.1604e-018	1.24182e-017	1.4843e-014	
0	0.000505861	0.000104048	0.00115879	0.00326545	6.08315e-007	0.000118314	2.76345e-005	2.1939e-005	0.00072846	0.173003	0.25117	0.806157	0.992435	0.606209	0.263797	0.000617411	4.51112e-008	1.22927e-007	4.79285e-009	5.29739e-007	6.21231e-006	3.90078e-005	2.60367e-006	0.000950755	0.00455185	5.77392e-005	6.53367e-005	1.89909e-009	4.80491e-009	5.96572e-012	3.37849e-011	3.20415e-010	6.45762e-011	4.40813e-013	2.46827e-016	1.34272e-016	9.21047e-018	3.5873e-018	6.43818e-017	
0	0	1.15648e-007	1.78051e-009	9.7662e-008	5.33847e-008	3.26459e-012	5.05991e-010	1.36112e-011	2.1238e-011	1.08118e-007	3.13904e-006	0.0307401	0.000990093	0.356652	0.00228615	1.77808e-005	3.03451e-010	5.87384e-014	1.96417e-014	6.17241e-011	1.26415e-009	1.77085e-008	4.72756e-006	0.000176292	0.000291184	2.83176e-006	1.17712e-009	5.33482e-012	5.67801e-013	1.70639e-013	1.58463e-014	4.6926e-012	6.082e-013	5.36536e-014	1.25606e-015	5.44015e-021	6.1915e-021	1.53944e-023	9.11649e-024	
0	0	3.91508e-009	9.7628e-010	3.45307e-008	1.07048e-007	1.44029e-010	3.86134e-010	5.89542e-010	2.50815e-010	3.44036e-007	8.63813e-006	0.00129427	7.62813e-005	0.0180153	0.159733	0.00583706	9.46749e-006	1.01826e-007	4.60503e-011	7.80116e-011	1.25567e-009	2.96725e-009	6.48402e-008	0.00828291	0.940139	0.0891689	0.0876847	0.000135266	9.0326e-005	1.2571e-008	1.02206e-009	9.44821e-012	7.18718e-013	1.92567e-013	1.14154e-013	7.94376e-017	8.7176e-020	1.923e-022	4.76548e-023	
0	0	0	1.49629e-015	1.57687e-015	2.13872e-008	1.99875e-012	8.99984e-015	1.56204e-015	1.22904e-016	1.8824e-016	5.7768e-014	7.73447e-009	2.45944e-009	0.000112637	0.145985	0.726237	0.996086	0.338925	9.34145e-006	2.1913e-009	2.90986e-013	1.81509e-017	2.70055e-011	4.28126e-007	0.0084063	0.910766	0.910124	0.99986	0.00657395	2.15284e-006	1.47872e-011	1.76646e-013	7.1516e-015	1.78388e-012	7.17153e-011	2.46894e-013	5.82872e-015	3.36926e-018	3.18663e-023	
0	0	0	5.28982e-022	1.30106e-020	4.64515e-018	1.75495e-011	5.22371e-012	3.81498e-015	5.72654e-018	8.00303e-021	2.27634e-022	3.19809e-019	1.19051e-014	1.46509e-012	3.49058e-006	1.10621e-005	5.60276e-005	0.660407	0.967109	0.01835	0.000493346	1.12482e-006	1.83765e-010	3.8951e-013	4.50005e-011	3.11156e-007	0.00116221	7.61335e-007	0.991242	0.998313	0.0374515	9.98328e-005	4.82527e-008	1.65086e-008	2.47146e-010	7.50226e-011	3.5406e-011	2.85895e-008	6.91539e-009	
0	0	0	0	2.91633e-019	2.17371e-019	2.3464e-012	4.02165e-012	3.79867e-012	3.38962e-012	2.17804e-012	1.45462e-013	7.9046e-013	4.46974e-013	1.40098e-011	2.43999e-007	5.11516e-006	4.85198e-007	1.32241e-005	0.0327756	0.981396	0.999381	0.999879	0.999985	0.989001	0.0340242	3.77418e-006	0.000962277	3.70411e-006	0.00209369	0.00168444	0.962548	0.9999	1	1	1	1	1	1	1	


1	0.816772	0.615617	0.497949	0.884256	0.987079	0.978713	0.978471	0.995787	0.906726	0.453408	0.177363	0.114839	0.0903791	0.0238874	0.00254509	0.000193819	7.39228e-006	3.81457e-007	2.25142e-007	7.05458e-008	6.35697e-009	3.41285e-008	3.10892e-007	6.51898e-005	0.000704162	0.0170162	0.00116115	0.000479041	0.000106112	5.55226e-005	0.00029274	0.00155766	0.00486452	0.00543751	0.000435484	0.00192071	0.000308481	3.42692e-005	6.89433e-005	
0	0.166143	0.372962	0.113669	0.00192411	0.0079157	0.00386146	0.00332554	0.000170216	0.00108858	0.00158158	0.000633169	0.000870098	0.000126014	9.0498e-006	2.09864e-007	5.30743e-008	7.84e-008	2.78645e-009	7.22391e-009	1.15173e-010	1.4374e-011	7.36845e-011	5.69967e-011	3.21206e-009	4.36683e-009	4.79227e-006	3.90459e-006	2.69951e-007	2.17606e-005	1.7633e-005	1.37507e-005	4.35216e-005	0.00032434	7.10114e-005	2.68108e-006	0.000557608	0.000109066	4.32526e-006	6.06494e-006	
0	0.0170844	0.0113539	0.380292	0.0648168	0.000124311	0.0151053	0.0152794	0.00380663	0.0919262	0.538126	0.801744	0.639591	0.885588	0.00543146	4.50421e-006	1.48418e-007	3.61543e-009	2.69782e-010	5.10405e-010	2.01333e-009	1.94993e-010	4.33171e-008	1.1947e-008	2.09696e-006	1.32129e-006	2.06166e-005	3.6984e-006	6.0972e-007	1.20938e-005	4.07772e-006	0.000543031	0.00511342	0.0245692	0.000245049	7.79152e-007	1.59944e-005	4.94223e-007	2.99113e-008	1.55934e-006	
0	0	6.32996e-005	0.00803316	0.0100191	0.000121694	3.61024e-006	1.39798e-005	2.57789e-006	1.96258e-005	0.00079525	0.0050098	0.0982225	0.001305	0.0109884	1.90255e-006	5.63299e-009	1.81812e-011	1.08825e-012	1.16597e-013	5.86002e-011	4.59917e-011	2.45209e-011	9.40218e-010	1.80966e-008	7.62722e-008	6.20242e-009	9.44633e-008	2.52729e-010	2.42416e-010	5.77298e-009	8.02435e-006	0.000341517	7.55565e-005	0.000116539	7.90104e-007	1.36024e-007	9.32446e-009	2.26779e-009	1.13428e-007	
0	0	3.11007e-006	5.73433e-005	0.0389845	0.00270148	0.000648914	0.000593443	0.000136211	0.000225585	0.00605534	0.0152184	0.145781	0.0188324	0.953065	0.954227	0.757364	0.0466224	0.000340829	7.25492e-008	7.08471e-009	3.62573e-009	6.76382e-010	3.85258e-008	6.31241e-006	0.00027326	0.000228087	0.000697486	0.000170561	5.92263e-007	4.24584e-009	2.68943e-007	0.000262537	0.00046538	0.000277791	1.94125e-005	6.15871e-006	9.0092e-009	1.25493e-011	6.27587e-011	
0	0	0	6.41617e-011	1.24943e-008	0.0020581	0.00102492	6.2884e-006	1.28606e-007	4.39923e-008	1.03654e-005	2.7313e-005	0.000660817	0.00374631	0.00169985	0.0382058	0.236987	0.920793	0.466645	0.0174895	1.07554e-005	5.30817e-009	1.02109e-010	6.20806e-011	1.58725e-007	2.27366e-007	0.0444093	0.0116048	0.371624	0.256401	0.525884	0.294624	0.244254	0.782686	0.918629	0.985496	0.424601	0.043358	0.000687457	2.44957e-006	
0	0	0	8.9251e-014	7.65666e-013	2.44141e-008	4.06554e-007	4.74567e-007	2.89258e-011	4.01721e-012	1.43989e-009	4.82212e-009	5.54575e-007	1.87785e-007	3.17668e-005	3.16842e-007	7.52712e-006	0.000296886	0.0012535	0.000278837	3.49221e-005	1.9051e-007	6.70825e-009	9.95721e-011	2.25611e-012	1.97639e-010	6.49804e-009	9.14299e-006	5.38866e-006	0.00432325	0.0038552	0.00383928	0.00213119	0.000384491	0.00118026	0.000477432	0.00141093	0.000213858	3.21716e-005	3.67629e-007	
0	0	0	0	7.33731e-013	1.38882e-009	0.000642467	0.00230938	9.71294e-005	1.35854e-005	2.34848e-005	3.57733e-006	3.55816e-005	2.31313e-005	0.00488685	0.00501566	0.00544747	0.0322805	0.53176	0.982231	0.999954	1	1	1	0.999926	0.999021	0.938321	0.98652	0.62772	0.739135	0.470184	0.700679	0.746296	0.18663	0.0740426	0.0135671	0.571487	0.95601	0.999242	0.999921	


1	0.990305	0.963564	0.980865	0.893184	0.781795	0.901919	0.772859	0.612251	0.406229	0.378141	0.384836	0.623101	0.826098	0.5987	0.32601	0.114961	0.0415463	0.0323789	0.0457819	0.192766	0.0661751	0.0630587	0.0315873	0.248934	0.316165	0.181702	0.360689	0.386352	0.816566	0.682707	0.964547	0.983061	0.993353	0.876628	0.756477	0.946613	0.929159	0.889752	0.983304	
0	0.00113877	0.00390808	0.0169899	0.106347	0.0239909	0.0711724	0.188306	0.376001	0.591833	0.620287	0.613331	0.357437	0.168301	0.353534	0.583625	0.409986	0.0946984	0.0585538	0.0963246	0.400346	0.913123	0.924535	0.55829	0.729177	0.501048	0.0296084	0.301367	0.100565	0.0349723	0.00358661	0.0197348	0.00629375	0.00304153	0.00661552	0.00461148	0.00821205	0.0213759	0.0200826	0.0134067	
0	0.00855594	0.0309261	0.00204885	0.000464581	0.192899	0.0250744	0.0372036	0.0114148	0.0019026	0.00155467	0.00178775	0.0194085	0.00544818	0.0473582	0.0897579	0.455406	0.857672	0.886011	0.682651	0.344624	0.0164296	0.00914384	0.404357	0.0172814	0.182165	0.787788	0.323703	0.50219	0.123201	0.181502	0.00964785	0.0101745	0.00333627	0.116202	0.233648	0.0412661	0.0474907	0.0867033	0.00186803	
0	0	0.00156611	1.84e-006	3.39372e-007	0.00131021	0.00116209	0.00152646	0.000279694	1.08954e-005	5.30014e-006	3.88553e-005	3.27568e-005	8.12402e-005	0.000394098	0.000505209	0.0195501	0.00241076	0.0136239	0.00282808	0.00136027	4.14984e-005	5.63447e-005	0.00544101	1.83721e-007	1.64051e-005	0.000872013	0.000404602	0.00924579	0.00129154	0.1291	0.00112237	0.000284974	3.34589e-006	0.000467967	0.00442511	6.22059e-005	0.000799521	0.00230381	2.26354e-006	
0	0	3.59151e-005	9.28336e-005	1.82165e-006	3.42933e-006	0.000669449	0.000100406	5.27905e-005	1.54085e-005	5.09611e-006	2.12271e-006	6.89348e-006	5.94932e-005	4.37977e-006	9.88028e-005	9.69534e-005	0.00367161	0.00942838	0.169988	0.056821	0.00254827	0.000248984	1.03687e-005	0.000124373	3.42579e-007	6.35418e-006	0.0137601	0.00150752	0.0238315	0.00306885	0.00384028	2.89499e-005	7.07036e-005	3.37723e-005	0.000806255	0.00370869	0.000985141	0.00109005	0.00122577	
0	0	0	1.44323e-006	1.8176e-006	3.45639e-009	7.25897e-007	4.01877e-006	3.56507e-007	8.9573e-006	2.18529e-006	1.8601e-007	4.64824e-008	1.14196e-007	1.10291e-007	3.17139e-008	5.72052e-007	3.38401e-007	3.49092e-006	0.00242462	0.00265788	0.000861238	0.00255314	2.77998e-005	0.000280146	1.09952e-005	2.72271e-007	1.65866e-006	5.54353e-005	2.41299e-005	2.40488e-005	0.00110272	2.28607e-005	4.93237e-007	4.78142e-008	8.41809e-008	1.02687e-005	2.69406e-006	3.11356e-006	1.80033e-005	
0	0	0	2.62147e-010	8.52006e-011	4.90872e-013	3.24846e-017	3.32802e-011	4.28017e-013	3.33852e-012	2.65106e-012	1.35697e-013	2.68956e-013	9.09807e-014	6.45828e-015	6.86355e-014	1.5812e-015	1.26439e-013	1.66337e-012	7.09776e-011	1.91401e-008	3.49427e-008	1.03654e-009	8.09197e-011	5.20579e-008	6.5672e-012	3.48409e-014	1.66928e-012	4.35973e-012	1.49762e-012	3.75004e-011	2.16046e-010	9.9607e-011	7.65646e-012	5.32278e-012	1.00003e-012	1.96231e-009	2.12173e-012	4.61967e-013	2.57275e-008	
0	0	0	0	1.08634e-006	1.96407e-006	1.56263e-006	6.69693e-007	5.09678e-007	3.51592e-007	4.11912e-006	3.96437e-006	1.31325e-005	1.17681e-005	8.37139e-006	3.351e-006	4.16233e-007	2.56696e-007	1.92357e-007	1.26297e-006	0.00142554	0.0008216	0.000404177	0.000286489	0.0042025	0.000593166	2.33906e-005	7.39803e-005	8.39642e-005	0.000113608	1.15204e-005	5.11138e-006	0.0001339	0.00019435	5.22554e-005	3.1807e-005	0.000128174	0.000187191	6.51931e-005	0.000175576	


1	0.626326	0.634278	0.469664	0.0198358	0.00641391	0.00489657	0.0080152	0.00239348	0.00117894	0.00012176	3.30297e-005	1.5822e-006	2.47412e-007	2.83017e-009	2.25863e-010	1.20056e-010	8.60047e-011	1.28313e-011	3.32355e-012	1.60498e-012	1.79628e-013	8.34496e-014	2.30798e-014	3.73275e-017	5.24757e-017	3.17079e-018	9.47628e-018	5.43995e-018	2.9585e-017	1.74671e-017	7.70356e-019	2.84153e-019	1.54734e-019	9.50947e-021	4.90092e-022	1.93171e-022	1.76327e-022	1.71464e-022	3.07912e-023	
0	0.370492	0.356225	0.483783	0.977175	0.990634	0.737956	0.788402	0.905487	0.899995	0.0311602	0.027218	0.00120605	0.000530935	6.36164e-006	6.25073e-007	2.17676e-006	3.12679e-007	8.79101e-009	4.80359e-010	5.46508e-010	1.93344e-010	2.76427e-010	6.35764e-010	9.99146e-012	4.49587e-011	3.28827e-012	1.21683e-011	3.62098e-012	1.03011e-012	2.65532e-013	3.38461e-014	1.68487e-014	3.92418e-015	8.70918e-016	2.33331e-016	2.67172e-017	1.14786e-017	4.17227e-018	7.01258e-019	
0	0.00318181	0.0087686	0.0464733	0.00055318	0.000379575	0.0590225	0.00414026	0.0105688	0.00896396	0.789381	0.83085	0.88027	0.497754	0.0241154	0.00036914	4.84553e-006	1.30287e-005	1.05661e-006	9.08685e-007	2.26855e-005	3.28745e-006	7.39126e-006	3.5812e-007	4.97967e-011	7.43418e-011	3.789e-013	4.74908e-013	6.80985e-013	1.29417e-010	1.39242e-011	5.06898e-014	8.85065e-016	1.03894e-015	1.68288e-018	4.50201e-019	1.74771e-019	5.71953e-018	8.74215e-019	5.9488e-021	
0	0	0.000726037	6.21173e-005	0.00239182	0.0024725	0.197931	0.196863	0.0634923	0.0167422	0.176013	0.079994	0.107956	0.389039	0.974332	0.989119	0.87146	0.777793	0.719567	0.148359	0.234786	0.236089	0.0830519	0.0697509	7.54993e-006	3.06444e-006	2.93076e-009	2.35454e-009	1.19858e-009	4.64327e-010	7.35568e-012	1.29143e-014	1.09456e-016	1.45357e-016	6.41075e-019	6.61342e-019	8.84385e-021	5.74791e-018	1.65509e-018	6.29466e-021	
0	0	2.37979e-006	1.63055e-005	8.60806e-007	8.82747e-005	5.95641e-005	0.0018854	0.00368555	0.000884619	0.000330652	0.0581526	0.0104595	0.112281	0.000106895	0.0102194	0.125516	0.221939	0.279669	0.851501	0.388651	0.0282573	0.150868	0.00996315	6.80637e-005	1.5635e-006	1.00333e-007	1.64028e-007	2.73588e-007	1.96812e-006	3.65916e-006	1.63896e-007	1.1925e-008	6.0242e-009	8.29629e-010	1.03308e-010	1.07729e-011	1.48904e-011	4.77061e-012	4.66322e-013	
0	0	0	7.3058e-007	4.31292e-005	6.68678e-006	0.000124701	0.000678885	0.0142149	0.065265	0.00272429	0.00341106	8.9223e-005	0.000384377	0.00143883	0.000290111	0.0029465	0.000189586	0.000760066	0.000117336	0.376503	0.73144	0.706248	0.895145	0.00344056	0.0106453	3.78711e-006	3.11507e-005	7.82243e-007	6.76021e-008	2.91839e-009	2.19652e-007	3.07336e-008	2.57471e-009	5.36338e-011	1.91264e-012	7.07668e-013	2.66796e-013	9.4809e-013	1.33746e-012	
0	0	0	3.74652e-008	1.50821e-007	1.01142e-006	1.31297e-008	1.7914e-007	5.0969e-005	0.000284829	4.23867e-006	3.4085e-005	3.64735e-007	6.89877e-006	8.81488e-010	1.07792e-007	2.54128e-006	1.05846e-006	3.96693e-007	4.00279e-006	2.25957e-005	0.00022237	0.00527861	0.000877162	0.99605	0.859243	0.97412	0.0459552	0.000817368	4.06672e-006	3.07033e-007	6.19164e-008	4.40409e-008	7.24255e-009	6.67939e-009	5.24148e-010	4.22823e-011	2.20467e-013	1.32414e-015	4.11755e-014	
0	0	0	0	4.4021e-008	3.68905e-006	1.05376e-005	1.56295e-005	0.000107002	0.006685	0.000264816	0.000306875	1.67794e-005	4.33614e-006	1.29179e-007	1.59288e-006	6.73647e-005	6.44907e-005	2.62716e-006	1.80216e-005	1.44216e-005	0.00398814	0.0545464	0.0242636	0.000433717	0.130107	0.025876	0.954013	0.999182	0.999994	0.999996	1	1	1	1	1	1	1	1	1	


1	0.995696	0.980902	0.811643	0.629378	0.866288	0.662825	0.219686	0.0281871	0.0011051	0.00313934	0.000600504	0.00174093	0.00103492	0.000316093	0.000679351	0.00649134	0.0416384	0.139208	0.365343	0.078599	0.0138242	0.00130395	0.000302441	3.31964e-007	1.38046e-009	2.4654e-012	9.32005e-012	2.83411e-011	1.32949e-010	1.23196e-011	7.20202e-012	1.48426e-012	9.562e-013	1.06985e-013	1.31327e-014	3.68461e-015	6.18086e-015	6.26178e-015	9.16842e-016	
0	0.00150108	0.0178054	0.166818	0.322998	0.00588361	0.0607286	0.0572657	0.0293918	0.00109733	0.0359167	0.0515854	0.20785	0.447085	0.952886	0.394418	0.0603686	0.0393609	0.034941	0.0809465	0.80592	0.947897	0.955534	0.637111	0.000150375	1.44233e-006	8.18682e-011	1.53318e-011	9.36519e-013	3.46772e-011	1.97612e-012	2.04203e-012	9.70223e-013	4.18262e-013	2.81616e-015	2.79022e-017	1.36543e-017	2.48048e-016	3.97546e-016	1.31525e-016	
0	0.00280264	0.000241825	0.0194696	0.0217918	0.0118108	0.000224343	0.00106399	0.0291414	0.000547669	0.000751691	0.00165036	0.00377303	0.0515017	0.0092122	0.578939	0.137935	0.267047	0.0946078	0.025968	0.0607396	0.0153331	0.0324636	0.357767	0.10802	0.212951	0.00773653	0.000622386	0.000482848	0.000260451	3.62963e-006	1.55229e-007	6.44592e-009	4.17598e-009	4.30156e-010	4.39272e-012	1.56401e-014	2.52844e-016	1.77323e-017	6.10558e-018	
0	0	7.89407e-006	0.00197977	0.022047	0.000203466	9.95632e-005	3.04867e-006	0.000116641	0.000109214	0.000564953	0.0153232	0.0430765	0.196509	0.00132221	0.00105909	0.0175001	0.00126382	0.00108455	0.000100656	0.00158669	0.00187364	0.00877029	0.00379813	0.89046	0.753898	0.00629654	0.022762	0.000798565	0.000278466	3.37717e-008	6.54637e-007	8.56877e-008	9.36116e-008	2.24522e-010	3.11135e-013	4.33211e-014	9.73275e-017	3.28921e-020	1.0925e-018	
0	0	0.00104279	1.221e-005	9.42662e-005	0.0119606	0.00115867	3.00569e-005	1.08738e-006	1.02571e-006	4.80812e-006	1.66426e-005	0.00218548	0.00729044	0.00321813	0.000371925	0.103667	0.108115	0.309069	0.167414	0.000654162	0.00014453	1.07213e-005	0.000424278	0.00136679	0.0331399	0.985956	0.349293	0.552886	0.472206	0.908853	0.283853	0.341581	0.208526	0.148082	0.0240592	0.00159165	0.00373557	0.00102394	1.70367e-005	
0	0	0	2.18347e-005	0.000410373	0.0839509	0.0321085	0.120899	0.0284522	0.00385921	6.55209e-006	1.40264e-007	3.46129e-006	1.75227e-006	0.000490821	0.00111102	0.392128	0.0466261	0.0875369	0.0226187	0.000141194	0.000300109	1.44752e-007	1.20401e-005	3.12485e-008	8.89402e-006	1.13953e-005	0.456445	0.132255	0.000113012	0.0160745	0.136235	0.0501663	6.55791e-005	0.149351	0.559672	0.0543147	0.0150816	0.0619393	0.00883439	
0	0	0	5.51231e-005	0.00291411	0.0128298	0.186614	0.530688	0.37194	0.787621	0.0999904	0.00245455	2.12486e-005	1.84385e-007	2.03376e-007	4.49402e-005	0.00907126	0.00504545	0.000790191	0.00644108	2.8257e-005	6.91819e-006	7.01005e-007	4.57854e-009	6.85268e-009	5.36005e-009	4.24589e-008	0.170874	0.0702514	0.0059002	0.000145991	0.196626	0.0595267	0.00246265	0.00122308	0.0110374	0.603519	0.0893697	0.136202	0.224587	
0	0	0	0	0.000366599	0.0070732	0.0562411	0.0703643	0.51277	0.205659	0.859626	0.928369	0.741349	0.296577	0.0325546	0.0233763	0.272839	0.490904	0.332762	0.331168	0.0523311	0.02062	0.0019169	0.000584585	2.62652e-006	1.3133e-008	4.09098e-010	3.1968e-006	0.243326	0.521242	0.0749226	0.383285	0.548726	0.788946	0.701344	0.405231	0.340574	0.891813	0.800835	0.766561	


1	0.931227	0.623664	0.325949	0.0380573	0.00307991	0.000342389	3.03481e-005	8.75966e-006	6.01614e-007	1.68894e-008	1.31905e-008	2.72557e-010	4.05792e-011	1.14523e-010	6.42784e-011	2.49902e-011	1.14545e-012	2.70297e-013	3.56519e-013	4.82449e-013	4.35461e-013	6.12838e-013	3.43526e-013	8.5426e-015	9.7687e-017	5.63846e-019	2.83865e-019	2.20797e-020	9.08948e-021	2.21902e-021	9.42371e-021	1.11211e-020	6.42914e-021	5.50517e-022	3.07177e-023	5.11359e-024	6.66548e-025	6.77094e-026	1.35704e-025	
0	0.0673923	0.376129	0.649064	0.960381	0.996675	0.9989	0.999894	0.999054	0.9954	0.00260691	0.000215027	6.32096e-007	1.21392e-009	4.10753e-009	7.01531e-010	1.82907e-009	3.82716e-011	2.20984e-012	2.3824e-013	2.17805e-014	4.82946e-013	2.40963e-014	2.22373e-014	1.49494e-013	2.53591e-014	9.13141e-016	1.59202e-015	1.07578e-016	1.55857e-018	4.02708e-020	5.71051e-019	4.03942e-019	1.44211e-019	2.71947e-020	1.9235e-020	1.24096e-020	1.1161e-021	1.29732e-022	1.22266e-021	
0	0.00138072	2.25699e-006	0.0249287	0.00141013	1.96627e-005	0.000751433	6.62708e-005	0.000936738	0.00459633	0.997377	0.969353	0.982345	0.978138	0.241888	0.022018	0.000156063	1.38014e-006	5.36595e-009	2.76316e-009	2.73544e-009	8.21775e-010	2.44691e-008	8.04929e-010	3.27569e-009	3.20593e-010	4.03858e-012	3.00922e-013	2.32656e-014	4.40624e-014	3.03359e-016	8.99151e-016	2.82434e-016	9.52545e-017	9.54325e-020	6.69945e-022	3.99772e-023	2.64252e-024	1.95669e-025	1.35926e-024	
0	0	0.000204658	5.51527e-005	0.000146408	0.000218543	1.36587e-006	7.76395e-006	2.66875e-007	2.32728e-006	1.73707e-006	0.0212265	0.00170842	0.00105959	0.44833	0.0863764	0.0630366	0.0111795	0.00202396	0.000249724	0.000179763	5.57509e-005	5.41233e-006	2.77574e-006	5.40806e-007	9.7471e-008	7.89552e-009	7.29369e-009	1.60243e-010	2.3057e-011	1.3284e-012	8.11692e-013	2.08781e-013	9.10827e-014	1.44506e-014	3.59308e-015	1.52035e-015	3.19267e-017	1.05806e-018	1.7614e-018	
0	0	3.70709e-007	3.38319e-006	3.6736e-006	6.50398e-006	1.32327e-007	5.65818e-007	1.61039e-007	3.20145e-007	1.39904e-005	0.0092052	0.0159406	0.0207835	0.155051	0.689917	0.526859	0.707689	0.597253	0.61194	0.487333	0.241994	0.232544	0.21425	0.160165	0.109123	0.180946	0.0301401	0.15574	0.197006	0.332444	0.164015	0.240901	0.300381	0.226979	0.238317	0.0138393	0.000526295	1.53938e-005	5.2463e-007	
0	0	0	6.29865e-007	1.31266e-006	6.67804e-007	4.96889e-006	5.30206e-007	1.3353e-007	5.1303e-009	1.72782e-010	2.0574e-007	1.73639e-006	6.49225e-006	0.154643	0.134441	0.315971	0.00607102	0.0177639	0.000541186	0.0799753	0.480529	0.0111413	0.0266873	0.0397993	0.0702388	0.00031264	0.491321	0.00145187	0.000506427	4.63769e-005	0.124447	0.00814395	0.0171707	0.00103805	0.000745753	0.00492705	0.000140813	6.13421e-006	1.97966e-005	
0	0	0	4.16253e-010	6.60228e-010	9.16405e-009	3.72606e-010	9.48857e-009	2.69788e-009	2.84379e-010	1.37082e-010	9.3967e-009	4.05971e-006	1.2627e-005	8.18663e-005	0.0556971	0.0400165	0.0790829	0.0204558	0.0467927	0.143739	0.0785542	0.750233	0.689381	0.793511	0.7948	0.802803	0.104482	0.518079	0.644983	0.560698	0.642691	0.731117	0.589004	0.431821	0.244958	0.0177358	0.00033622	7.95122e-006	8.14113e-007	
0	0	0	0	5.95421e-010	7.53183e-008	8.35924e-009	6.73886e-008	5.90199e-008	2.32266e-009	5.57509e-012	6.72958e-013	1.57594e-011	1.87037e-009	5.9314e-006	0.0115505	0.0539609	0.195976	0.362504	0.340476	0.288772	0.198867	0.00607588	0.0696793	0.00652487	0.025839	0.015939	0.374057	0.324729	0.157505	0.106811	0.0688473	0.019838	0.0934444	0.340161	0.515979	0.963498	0.998997	0.999971	0.999979	


1	0.145286	0.241426	0.0534347	0.00511338	0.0611126	0.400325	0.958466	0.30879	0.0461367	0.187738	0.0259087	0.260753	0.147283	0.766679	0.129301	0.011901	0.00274076	0.00116464	0.000571009	0.000611764	0.00031307	0.000805154	0.00452441	4.10417e-006	1.92856e-008	1.80185e-011	1.39163e-011	4.10053e-013	4.61402e-013	9.28501e-014	1.49316e-013	1.26908e-013	2.74317e-013	3.58407e-015	5.93397e-018	1.13606e-018	6.61567e-019	8.33033e-020	2.61619e-020	
0	0.85379	0.756601	0.941039	0.994826	0.936435	0.599484	0.0413024	0.691193	0.953785	0.793209	0.968108	0.522866	0.847158	0.00768398	0.00131998	0.000540931	1.31891e-006	1.20156e-006	3.73798e-006	7.77264e-006	6.51358e-006	0.000750509	0.000684746	0.00222856	5.95032e-005	7.60576e-007	9.26431e-008	6.59197e-010	4.1563e-011	1.87273e-012	4.69469e-011	1.20132e-010	2.94103e-010	5.83634e-012	6.94294e-015	4.36589e-016	1.1764e-018	1.72347e-021	5.54452e-021	
0	0.000924343	0.00196052	0.00552581	6.0441e-005	0.00240116	0.000133704	4.28197e-005	1.99223e-006	7.69531e-005	0.0189768	0.00595589	0.212074	0.00401559	8.58998e-005	9.04211e-008	2.65305e-008	6.11856e-008	2.74159e-009	8.83183e-010	1.09369e-008	2.19424e-008	1.52605e-007	1.51893e-006	5.01044e-006	2.63025e-007	3.30695e-008	5.90546e-011	1.71708e-012	6.1882e-013	2.25372e-012	1.5863e-013	5.41961e-010	1.09684e-010	5.12556e-013	2.43264e-016	2.09344e-017	4.34271e-020	2.50581e-024	1.58802e-024	
0	0	1.22755e-005	7.08999e-008	4.21414e-008	5.12942e-005	1.80683e-005	7.80651e-007	3.28139e-009	2.08705e-008	1.84814e-005	9.76674e-006	0.00374565	0.000591502	0.0100957	9.89624e-005	1.492e-007	4.59965e-008	4.34731e-009	2.02988e-012	1.88041e-010	5.51347e-010	1.67601e-010	1.80893e-007	8.54779e-010	6.75891e-008	6.61755e-010	1.24116e-009	1.21489e-012	3.00426e-015	1.67247e-015	6.55075e-016	1.33556e-016	6.11605e-013	1.15433e-015	6.75954e-017	4.043e-020	1.86626e-020	1.31648e-023	1.33483e-027	
0	0	1.3757e-012	1.37905e-008	4.16734e-009	4.755e-009	3.86426e-005	0.000186414	1.43276e-005	1.21152e-006	5.646e-005	1.71086e-005	0.000553461	0.000915408	0.215268	0.863537	0.851175	0.0623611	0.0325497	0.000566284	0.000370525	0.00179442	0.00173997	0.00452833	6.09348e-005	1.82072e-005	2.74798e-008	6.11423e-007	8.26084e-009	8.35036e-009	7.60343e-011	1.41811e-010	1.14289e-010	5.81542e-011	7.73853e-014	6.91113e-018	1.9271e-019	1.68118e-020	1.79499e-022	3.42669e-024	
0	0	0	2.44524e-013	2.35436e-013	1.09825e-010	2.38062e-010	2.08629e-009	6.00241e-009	1.29279e-010	1.22914e-008	2.49575e-008	7.16804e-006	3.60519e-005	0.000185938	0.00480758	0.0322895	0.00470709	0.000670977	2.3823e-005	6.27256e-005	0.000132487	0.00283023	0.30431	0.994406	0.983294	0.0429712	0.00214668	3.88484e-005	9.87854e-007	5.97846e-009	9.84845e-010	1.61353e-010	9.61175e-011	8.60884e-013	1.95179e-015	2.73605e-019	2.00272e-022	4.5473e-025	5.67162e-027	
0	0	0	1.60873e-016	4.42243e-013	2.8389e-007	2.89107e-009	8.55865e-008	8.28592e-008	3.41224e-010	1.75123e-010	1.32968e-009	6.75936e-008	1.92203e-008	8.96553e-007	0.000934653	0.104065	0.922724	0.367061	0.019952	0.000133114	5.30986e-007	1.22845e-007	0.000244982	0.00297932	0.0166222	0.957026	0.374401	0.979845	0.325904	0.512493	0.0289528	0.0165081	0.0179991	0.981039	0.999423	0.754652	0.207485	0.00491304	3.75487e-005	
0	0	0	0	3.82678e-017	1.7955e-012	7.44562e-007	1.98272e-006	6.86646e-007	2.30251e-007	8.62163e-007	1.62308e-007	9.69497e-007	1.81036e-007	1.1456e-006	2.84903e-007	2.83101e-005	0.00746516	0.598553	0.978883	0.998814	0.997753	0.993874	0.685706	0.000315908	5.5139e-006	2.4349e-006	0.623452	0.0201157	0.674095	0.487507	0.971047	0.983492	0.982001	0.0189612	0.000576884	0.245348	0.792515	0.995087	0.999962	


1	0.160797	0.168145	0.208843	0.315797	0.0516387	0.524727	0.902788	0.183249	0.471497	0.961103	0.930668	0.980392	0.812926	0.981523	0.567129	0.793873	0.794111	0.762983	0.608669	0.327518	0.401148	0.512155	0.373647	0.078786	0.00364763	0.00118499	0.00042198	0.000158088	1.80888e-005	3.46797e-005	7.74693e-005	0.00112962	0.000282344	3.86528e-005	1.90241e-005	1.30007e-005	1.26052e-005	2.50112e-005	2.35637e-005	
0	0.828892	0.82407	0.459021	0.614507	0.948297	0.472933	0.0968212	0.816663	0.476718	0.0328177	0.0683367	0.019429	0.182906	0.0148951	0.134641	0.0708455	0.144218	0.0791922	0.0383608	0.0244403	0.0175968	0.0232491	0.388143	0.00426725	5.48813e-006	5.75252e-006	7.36524e-006	0.000105049	1.68491e-006	3.67603e-005	1.87247e-005	0.000689495	0.000933534	0.00306007	0.00928366	0.00245027	0.000741868	0.000402278	0.000174039	
0	0.0103109	0.00778408	0.332135	0.0694352	6.26026e-005	0.00233989	0.00039099	8.7938e-005	0.0517847	0.00599442	0.000979978	0.000170682	0.00411906	3.12886e-006	1.47782e-005	6.64576e-006	1.67406e-005	5.07028e-006	0.000396711	7.42545e-005	2.46213e-005	0.0071481	7.65919e-005	0.107337	8.93352e-006	2.14491e-007	1.02169e-007	2.65482e-009	2.58439e-007	7.43461e-009	1.10021e-005	2.37192e-006	0.000444391	9.13266e-007	5.63041e-007	0.00039893	5.9912e-007	1.72321e-007	7.32302e-005	
0	0	3.36721e-007	5.20174e-007	0.000259742	2.02941e-006	4.0023e-009	2.51776e-008	9.05858e-010	1.38211e-009	1.8663e-006	5.53923e-007	1.10988e-007	7.74746e-010	6.96906e-007	2.34559e-012	1.6708e-009	1.96203e-009	1.70732e-010	1.5447e-011	6.18205e-008	4.27869e-009	1.3364e-009	2.67898e-006	2.04569e-008	1.35925e-005	1.65414e-007	5.65429e-013	1.27611e-011	6.85429e-015	1.96557e-010	8.84914e-013	4.00026e-008	7.70895e-011	1.74648e-007	2.92969e-009	2.78714e-012	3.23751e-008	1.56484e-011	3.41827e-012	
0	0	3.90365e-009	4.40788e-009	4.54305e-007	7.85395e-009	4.50766e-009	1.51697e-009	2.26889e-009	2.68878e-010	8.26377e-005	1.19899e-005	4.95408e-006	3.48668e-007	0.000597996	4.28202e-005	3.90528e-007	1.51688e-008	1.82935e-008	3.59193e-012	8.11457e-006	2.86849e-006	1.0723e-007	1.01479e-005	2.59239e-007	0.00112054	3.95781e-006	3.29105e-008	9.25934e-011	4.9194e-014	1.66048e-012	3.50997e-013	3.3105e-009	1.02049e-011	3.77834e-010	7.41565e-011	1.36962e-014	1.90501e-010	5.21888e-012	1.6591e-013	
0	0	0	2.03442e-012	1.5171e-010	4.15984e-012	2.59752e-010	4.0512e-010	1.68588e-011	3.053e-010	1.57956e-009	2.43685e-006	3.15574e-006	4.83994e-005	0.0029795	0.298126	0.121585	0.00270624	0.000575649	5.05032e-007	1.79837e-007	5.25371e-005	0.00019904	0.00200011	0.0770409	0.653579	0.0301008	0.00928503	0.000225215	2.15702e-007	1.13413e-009	3.06968e-010	2.87295e-010	2.82571e-010	1.35968e-013	7.98746e-014	4.65718e-015	2.82584e-018	9.29409e-014	6.19743e-015	
0	0	0	4.7049e-020	1.61257e-015	1.45894e-013	3.63514e-015	5.9795e-014	2.6259e-014	1.09036e-015	7.8673e-013	1.45532e-012	6.53031e-009	1.29375e-008	7.6397e-008	3.54522e-005	0.00703573	0.00265565	4.07229e-005	5.79624e-006	1.59748e-006	4.83661e-006	6.63487e-005	0.000993847	0.0118037	0.0028774	0.0110473	0.000241851	4.94967e-005	9.54075e-007	6.12928e-009	2.61856e-010	6.51078e-012	3.87639e-012	2.89042e-012	1.20901e-013	1.06599e-016	6.04542e-018	2.95739e-020	5.37292e-017	
0	0	0	0	6.09675e-015	4.57176e-013	3.84634e-013	3.84315e-013	1.74157e-013	5.22391e-014	1.03438e-012	5.80959e-012	8.19723e-009	7.21073e-009	1.55497e-007	1.10953e-005	0.00665378	0.0562928	0.157203	0.352568	0.647958	0.581171	0.457183	0.235127	0.720765	0.338747	0.957657	0.990044	0.999462	0.999979	0.999929	0.999893	0.998178	0.99834	0.9969	0.990697	0.997138	0.999245	0.999573	0.999729	


1	0.506858	0.0644942	0.0452919	0.0534317	0.913254	0.794084	0.686236	0.879519	0.930135	0.345235	0.182835	0.0128472	0.00104812	0.000273941	0.00035694	0.00166065	0.00243176	0.000447621	0.000130704	1.37292e-005	3.08828e-006	2.88099e-007	7.93341e-008	2.4288e-009	3.41315e-011	3.5442e-014	1.77609e-013	9.02231e-014	1.5793e-013	4.73767e-014	1.26981e-013	9.20237e-014	7.33398e-014	2.91326e-014	1.554e-014	3.94222e-014	1.49519e-013	4.46504e-013	2.14553e-012	
0	0.0162924	0.00160803	0.000498006	0.000994197	0.00941054	0.133123	0.0993161	0.018136	0.00693044	0.651559	0.784772	0.986771	0.96767	0.997655	0.979258	0.45499	0.990576	0.993806	0.99038	0.999272	0.998105	0.965704	0.796706	0.0345174	0.000308954	8.46449e-008	6.39716e-008	1.47752e-008	1.33911e-007	6.42262e-008	3.39626e-008	1.0272e-008	1.11241e-008	1.71588e-010	9.93678e-012	2.62131e-012	5.34781e-011	1.87511e-010	2.57902e-010	
0	0.47685	0.933252	0.0537487	0.00532208	0.0344452	0.0720649	0.214212	0.101065	0.0512277	0.00256027	0.0322314	0.000365482	0.0312812	0.00206877	0.0203764	0.543223	0.00357959	0.00564521	0.00944195	0.000708746	0.00188702	0.034259	0.202869	0.000399702	1.39537e-005	2.63621e-007	5.43575e-009	1.96356e-009	5.03657e-010	4.70547e-007	1.80966e-006	3.54872e-005	5.21129e-006	1.5408e-006	1.00539e-007	1.51243e-008	5.2436e-009	4.89737e-009	1.22723e-009	
0	0	4.75072e-005	3.50812e-005	9.15424e-007	0.00157394	1.59243e-006	0.000120913	0.000136332	2.56253e-006	8.6166e-008	2.11569e-009	2.74474e-008	1.65153e-009	5.41351e-007	8.22065e-006	7.9437e-005	0.0031129	5.77282e-005	3.61139e-005	6.88676e-007	9.9134e-008	2.78466e-008	6.69098e-005	7.39887e-007	3.65601e-009	6.97077e-011	6.21499e-011	2.3868e-012	6.73525e-013	4.51044e-012	1.66823e-010	2.85811e-010	1.36565e-008	6.72843e-008	5.29658e-009	1.68058e-010	1.23746e-010	4.16626e-010	2.23115e-011	
0	0	0.000598572	0.900426	0.940248	0.0345647	0.000131681	9.41868e-005	0.00114026	0.0117037	0.000415901	0.000158053	1.32433e-005	6.84768e-007	1.52221e-006	2.98533e-007	4.7075e-005	3.30568e-005	8.86143e-009	2.50624e-007	1.63747e-006	4.48992e-007	2.55209e-005	0.000144554	0.94359	0.157105	0.00138484	7.50812e-005	1.79514e-008	3.8458e-010	8.50562e-013	7.37411e-007	1.89858e-006	6.1874e-006	5.91375e-008	2.08483e-009	7.32517e-009	6.54875e-012	7.55443e-013	8.30865e-010	
0	0	0	1.17655e-009	3.57364e-006	0.00674728	0.000540704	1.38537e-006	6.21968e-010	1.32777e-008	0.000229884	5.45951e-007	3.06233e-006	1.97979e-009	3.54393e-007	4.01161e-008	6.54074e-008	0.000265946	3.73616e-005	2.6828e-006	7.79453e-008	5.31723e-009	4.70294e-011	8.50519e-008	1.4943e-007	0.133021	0.0096993	0.00199196	0.000218175	0.000172783	2.63521e-006	1.8119e-009	1.51267e-010	1.16888e-009	2.43841e-010	2.03051e-010	3.80465e-013	1.39453e-009	6.73839e-011	7.9981e-015	
0	0	0	2.35863e-039	3.03271e-015	2.41901e-010	3.73813e-009	2.97416e-010	7.95629e-013	1.84382e-016	3.38999e-014	4.53477e-010	1.33795e-012	6.03178e-012	1.51829e-014	1.26026e-011	1.328e-012	2.61901e-012	1.38818e-009	3.19023e-010	2.0007e-010	3.24157e-010	1.36186e-011	6.59624e-012	7.01873e-010	4.79583e-010	5.93662e-007	6.30306e-007	7.96983e-009	2.63556e-009	3.2697e-010	1.53272e-011	9.91204e-015	2.41387e-015	2.8802e-015	2.17855e-015	9.85177e-016	3.84642e-018	1.01976e-014	5.8831e-016	
0	0	0	0	2.24449e-011	4.39294e-006	5.4171e-005	2.03554e-005	3.88913e-006	5.77164e-007	5.67276e-008	3.25713e-006	1.05128e-007	3.36778e-008	2.66352e-009	6.55632e-008	3.0127e-007	4.53192e-007	5.70327e-006	8.47689e-006	3.22762e-006	4.8139e-006	1.09454e-005	0.000213398	0.0214919	0.709551	0.988915	0.997932	0.999782	0.999827	0.999997	0.999997	0.999963	0.999989	0.999998	1	1	1	1	1	


1	0.918416	0.312556	0.170119	0.0111196	0.112599	0.00529808	0.00500074	0.000314363	4.41483e-005	2.17747e-006	4.72008e-008	2.77229e-008	6.22413e-010	5.62805e-011	4.53393e-011	2.29209e-011	3.52068e-012	1.53204e-013	9.98264e-015	1.24999e-015	9.58175e-016	4.22599e-017	1.34808e-019	1.21057e-021	6.90099e-024	1.39351e-025	6.4773e-026	2.40836e-027	1.68011e-028	1.98267e-030	1.65121e-030	1.9767e-031	2.37327e-032	1.56902e-034	1.13982e-035	6.23289e-036	7.18834e-037	2.82295e-039	1.37594e-040	
0	0.00136139	2.98792e-005	7.23847e-005	4.6976e-006	1.79394e-005	1.69095e-006	8.89292e-008	8.36071e-009	2.34045e-009	3.97169e-008	8.87243e-010	2.11654e-009	1.04258e-010	3.01256e-013	2.4711e-013	2.0109e-012	8.85212e-014	1.19056e-015	2.18886e-017	1.51003e-016	8.95439e-017	1.63186e-017	7.69379e-021	9.65764e-021	6.53302e-024	3.7013e-027	2.04145e-026	6.13066e-029	3.982e-028	3.97942e-033	2.44562e-030	8.8168e-033	3.52198e-031	7.81773e-034	3.44888e-036	2.48066e-038	1.90412e-040	4.30175e-044	9.81322e-043	
0	0.0802228	0.686919	0.829492	0.988647	0.887161	0.987013	0.992985	0.999433	0.999499	0.48182	0.527024	0.193302	0.0430995	0.0553125	0.151603	0.264784	0.0167184	0.00249985	0.000119885	0.000977674	0.00814998	0.0178273	0.00146253	0.000144556	0.00015779	4.89577e-006	2.84637e-005	1.50076e-006	3.54559e-007	3.03262e-009	3.19479e-008	1.28086e-008	4.79048e-009	1.14796e-011	1.23009e-013	1.74998e-014	4.71004e-016	1.95827e-018	2.93329e-019	
0	0	0.000495083	0.000314696	0.000226701	0.000204901	0.00768628	0.0020072	0.000241046	0.000455979	0.518174	0.465729	0.799824	0.933328	0.930138	0.612355	0.142762	0.00363985	0.000656688	1.97406e-005	0.00014878	0.00174619	0.0130689	0.000299262	5.96034e-006	6.78322e-007	1.04939e-007	1.46102e-007	8.28127e-009	6.97715e-007	5.5196e-008	1.29495e-006	1.49838e-005	1.3909e-005	7.17855e-009	3.01746e-012	5.70089e-015	8.04029e-017	6.09871e-020	3.28699e-022	
0	0	6.89955e-008	1.76098e-006	1.81257e-006	1.1283e-005	4.57485e-007	7.17791e-006	1.15199e-005	7.67315e-007	3.31323e-006	0.00724683	0.0068139	0.0235625	0.0145092	0.234683	0.361981	0.0010889	3.56616e-005	6.72377e-007	0.000192664	0.0225671	0.889019	0.997202	0.996506	0.996797	0.00130304	0.000569878	3.84869e-006	2.2948e-007	2.32772e-010	1.75723e-007	2.89616e-008	1.22693e-006	2.3642e-008	1.77381e-010	1.66058e-013	2.20356e-017	2.19233e-021	1.21641e-022	
0	0	0	1.45041e-010	3.20943e-010	5.69808e-006	4.18593e-008	8.74896e-010	3.94892e-009	2.27713e-009	6.05925e-010	9.65408e-009	6.02777e-005	1.02051e-005	4.00357e-005	0.00135904	0.230467	0.972527	0.607922	0.0254921	0.000809196	2.03418e-005	1.73706e-005	0.000594292	0.00334281	0.00304333	0.998687	0.980323	0.998536	0.840032	0.472611	0.389973	0.858377	0.992561	0.998017	0.995114	0.718877	0.0520186	0.000103497	6.70474e-007	
0	0	0	5.46683e-013	9.69986e-013	1.08677e-009	1.71095e-007	3.34058e-008	8.17044e-010	3.06854e-011	3.61699e-012	5.8085e-012	3.72309e-009	1.42502e-008	4.1337e-008	1.57298e-007	5.31595e-006	0.00602428	0.388803	0.969425	0.93578	0.879852	0.0277168	5.00114e-006	2.99152e-008	8.9161e-007	5.36857e-006	0.0189866	0.00126732	0.159945	0.526599	0.37451	0.0297304	0.00320954	0.00196057	0.0048587	0.280828	0.943518	0.99699	0.978802	
0	0	0	0	4.05675e-014	1.72347e-012	1.98458e-009	7.6604e-009	6.51734e-009	4.43158e-009	1.44159e-010	3.92383e-011	5.67326e-012	1.24032e-009	1.03173e-009	4.88009e-009	3.47314e-007	1.39061e-006	8.35031e-005	0.00494277	0.0620914	0.0876643	0.0523503	0.000437316	9.03449e-007	1.4885e-008	1.32598e-008	9.21426e-005	0.000191129	2.17828e-005	0.000790291	0.235515	0.111877	0.00421472	2.24404e-005	2.71392e-005	0.000295556	0.00446348	0.00290671	0.0211975	


1	0.996694	0.790211	0.999264	0.999067	0.224086	0.730953	0.760105	0.998535	0.999787	0.998342	0.999682	0.872746	0.997528	0.0895804	0.0417503	0.00769852	0.000101333	1.83069e-005	0.000134138	0.000391369	0.000150704	0.000199898	9.03321e-006	3.77471e-009	9.81505e-013	8.74372e-016	8.12631e-016	7.06926e-017	1.56394e-017	2.35207e-018	2.57496e-017	3.60772e-017	2.22507e-017	4.28479e-019	1.13483e-020	2.4278e-021	6.61561e-022	8.499e-022	6.85268e-021	
0	0.00322172	0.206025	0.000220045	0.000247997	0.770397	0.252988	0.214149	0.000423884	0.000109824	0.00135465	0.000113228	0.126469	0.00158497	0.90687	0.8715	0.937866	0.979652	0.923095	0.201689	0.00364938	1.62113e-005	8.24997e-009	1.53223e-006	9.86036e-013	4.47889e-014	1.02328e-015	1.89177e-016	2.38552e-016	5.02458e-018	5.51504e-019	1.546e-021	4.31718e-019	3.07326e-019	3.27321e-020	8.12422e-021	3.95511e-022	4.33161e-021	2.71813e-021	1.89863e-023	
0	8.39993e-005	0.00376253	4.92843e-005	0.000320517	0.00551645	0.0138607	0.0257123	0.000763606	7.19557e-005	0.000263081	2.57793e-005	0.000322731	7.96768e-005	0.00150891	0.0217059	0.0051341	0.00334971	0.0205339	0.209214	0.00943293	0.000398794	8.09024e-007	8.57028e-008	1.09864e-011	3.2955e-014	1.75808e-016	1.31813e-017	5.6354e-019	4.53037e-019	1.28452e-019	2.95809e-021	9.68288e-021	1.00689e-020	1.93215e-021	1.01798e-022	1.05383e-023	9.42547e-023	8.56527e-022	3.69658e-023	
0	0	1.26164e-006	0.000154889	2.36071e-006	1.4116e-007	0.00219168	3.17841e-005	0.000176479	1.61017e-006	2.72835e-006	8.28432e-006	1.49342e-006	0.000258929	3.53052e-007	0.00034221	1.61517e-005	4.43205e-005	0.0027166	0.483143	0.832277	0.577265	0.269022	0.00036019	1.95296e-007	8.57401e-012	2.29426e-016	7.20413e-018	2.11561e-020	4.48051e-019	6.46683e-021	3.73338e-021	8.36013e-023	1.57294e-022	3.1591e-024	6.14067e-025	3.08086e-024	1.69526e-024	3.46154e-023	1.88304e-022	
0	0	9.38461e-008	0.000311794	0.000361864	6.83496e-007	6.73484e-006	1.62684e-006	0.000101422	2.96344e-005	3.30243e-005	0.000157028	0.000208557	0.000440707	5.46741e-007	3.72695e-007	9.71604e-007	3.97243e-008	5.3069e-008	7.71973e-005	0.0923024	0.00935725	0.445324	0.010173	0.0700825	0.00205617	8.59596e-005	1.06494e-006	6.6168e-009	9.67958e-011	4.99504e-013	7.07084e-013	1.68592e-012	1.49259e-012	1.52577e-015	3.40719e-018	3.98846e-020	6.92439e-023	3.9475e-026	2.21791e-023	
0	0	0	1.29651e-011	4.19711e-007	2.15427e-009	1.53079e-009	1.12635e-010	2.76656e-010	1.86494e-008	4.38258e-006	1.32254e-005	0.00024832	6.88222e-005	0.00176229	2.93619e-005	2.65996e-007	4.90969e-010	6.91357e-011	1.9299e-011	0.000251425	0.0105586	0.00203267	0.00274475	0.000113574	0.0167303	0.000150911	1.33502e-005	1.13095e-008	3.8128e-011	3.23625e-014	1.08059e-014	1.46353e-013	3.17248e-015	7.23874e-018	4.93429e-020	7.15977e-024	1.71164e-024	3.66573e-027	4.67623e-029	
0	0	0	3.24838e-015	2.66558e-010	2.15787e-009	5.95117e-011	8.27566e-011	2.91993e-012	1.06886e-011	6.66995e-009	2.19297e-008	3.91846e-006	3.83922e-005	0.000277329	0.0646685	0.0448966	0.0133244	0.0476242	0.00496994	0.0260764	0.399399	0.280695	0.986524	0.86424	0.975437	0.35672	0.476801	0.113196	0.0227913	0.000588766	0.000108341	1.73611e-005	1.50699e-005	2.19634e-007	2.97417e-009	2.15803e-012	1.21749e-013	8.67525e-015	1.24023e-016	
0	0	0	0	1.62345e-017	3.43813e-011	5.86286e-011	5.19383e-013	2.20519e-013	7.47753e-015	8.02858e-014	9.61673e-011	5.69953e-010	1.70669e-008	1.34445e-008	3.20014e-006	0.00438705	0.00352781	0.00601184	0.100772	0.0356196	0.00285505	0.00272515	0.000187348	0.0655639	0.00577613	0.643044	0.523185	0.886804	0.977209	0.999411	0.999892	0.999983	0.999985	1	1	1	1	1	1	


1	0.982789	0.998954	0.87592	0.992941	0.999855	0.997168	0.999563	0.997919	0.994708	0.343387	0.00506763	6.49978e-005	1.62039e-005	3.04463e-008	1.79029e-009	1.38918e-010	3.78846e-012	1.48342e-013	3.21147e-013	3.6823e-013	8.07397e-015	6.03206e-016	4.15458e-016	3.17331e-017	2.71261e-017	1.24535e-018	2.3744e-019	2.38416e-019	6.75609e-021	1.54305e-021	8.40104e-022	5.43099e-022	2.27997e-022	9.62592e-023	8.70809e-023	3.44461e-023	6.51954e-024	1.43249e-024	9.63276e-025	
0	0.017211	0.00101819	0.124048	0.0068518	0.000137916	0.00251522	0.000397886	0.00207648	0.00518364	0.640816	0.986826	0.018141	0.00163721	5.02039e-008	1.10904e-011	8.53148e-014	3.1274e-014	6.80143e-016	2.6762e-016	5.71517e-014	3.07271e-015	4.08667e-016	8.84262e-018	2.69684e-017	2.82162e-017	1.00709e-018	4.8709e-020	4.30614e-022	1.03303e-021	3.48467e-022	3.79301e-022	1.54846e-020	3.23577e-022	1.5457e-023	1.2355e-024	4.40092e-025	8.55376e-027	4.11219e-028	3.32984e-027	
0	1.59595e-007	2.81079e-005	3.25041e-005	0.000207553	2.9447e-006	0.000316622	1.43196e-005	4.66245e-006	0.000108343	0.0157909	0.00810609	0.981723	0.986727	0.937351	0.062511	0.0046506	8.269e-005	1.82929e-006	3.31929e-008	2.56806e-007	1.18231e-007	8.52786e-009	1.77242e-009	2.11387e-009	6.63611e-007	1.02539e-007	3.02667e-008	1.61183e-009	5.70561e-012	2.418e-014	4.23567e-015	7.97627e-015	1.94708e-016	4.85462e-019	1.31857e-020	7.5706e-024	1.10779e-026	1.83214e-029	1.06386e-029	
0	0	1.60873e-007	3.31319e-010	1.4569e-007	4.60214e-006	1.03547e-007	2.45419e-005	7.47473e-009	2.95436e-009	6.10574e-006	2.31559e-007	7.08804e-005	0.01162	0.0626493	0.93748	0.994644	0.998881	0.999708	0.957219	0.202855	0.0233142	0.000103741	0.00028317	7.99027e-006	1.53716e-005	3.65697e-006	9.80664e-007	8.45894e-007	1.92499e-008	2.9885e-009	2.58814e-011	1.85592e-012	2.64085e-013	2.29827e-014	5.8634e-015	1.65783e-017	2.45801e-018	1.52642e-019	1.11046e-022	
0	0	9.07881e-018	2.31638e-011	3.95e-013	1.73303e-011	1.90495e-009	3.85025e-011	5.57777e-008	1.15408e-010	8.05334e-013	9.33272e-011	4.64971e-013	5.16105e-009	2.32966e-008	5.11807e-006	0.00017196	3.74309e-006	0.000146441	0.0369225	0.778769	0.972704	0.999088	0.988692	0.00565121	0.00247044	2.01502e-008	4.0029e-010	1.49402e-010	6.32735e-011	8.64274e-013	6.17407e-012	3.24906e-015	8.07515e-017	9.89895e-017	5.51564e-018	6.09333e-020	5.00517e-022	2.35616e-021	8.82305e-023	
0	0	0	1.82206e-010	1.64824e-013	1.20332e-009	2.09724e-011	5.9271e-013	1.16151e-009	8.23465e-012	4.71507e-013	7.34029e-011	5.52151e-011	3.5584e-008	6.85389e-010	3.40546e-006	0.000533755	0.000862614	1.40927e-005	0.00381895	0.00161667	8.62211e-005	0.000320521	0.0108911	0.993878	0.259265	0.0381444	0.000174945	8.38368e-005	5.13075e-007	2.21424e-009	4.28496e-011	3.32835e-011	2.38961e-011	1.618e-010	2.05892e-010	1.14836e-011	1.52745e-014	6.04321e-019	1.36915e-021	
0	0	0	8.74882e-025	1.47515e-013	2.33644e-012	4.35643e-012	2.69072e-013	3.215e-016	2.16033e-012	7.22307e-015	1.17633e-017	2.09919e-014	5.40727e-015	8.58268e-014	2.30523e-013	6.64962e-008	0.000164043	5.48143e-005	0.00077219	2.50497e-005	1.39275e-007	3.78526e-009	2.53007e-007	3.89236e-005	0.00963453	0.276706	0.0152588	0.0282736	0.0011117	0.00731135	8.12171e-005	1.99136e-005	1.49116e-006	2.66954e-005	0.000695713	0.0139467	0.0216624	0.0104963	0.00181519	
0	0	0	0	5.87807e-013	2.78455e-013	2.69355e-011	1.43296e-011	1.09867e-012	8.69624e-012	1.03769e-011	2.60028e-013	1.26182e-013	3.20652e-013	1.40493e-011	3.87537e-012	2.24177e-008	6.22982e-006	7.43752e-005	0.00126713	0.0167342	0.00389577	0.000487458	0.000133299	0.000423659	0.728614	0.685145	0.984565	0.971642	0.998888	0.992689	0.999919	0.99998	0.999999	0.999973	0.999304	0.986053	0.978338	0.989504	0.998185	


1	0.471278	0.20694	0.110883	0.00150801	0.0696707	0.038459	0.0953577	0.00208527	0.000177828	1.67916e-005	2.074e-008	2.63798e-009	1.31146e-010	9.90443e-011	1.29435e-010	6.73392e-012	4.80863e-012	6.57474e-014	6.93708e-015	1.277e-015	1.73208e-016	4.87955e-017	1.20082e-016	4.18402e-020	2.46168e-023	6.64383e-027	2.18891e-028	4.52045e-029	4.99817e-030	2.39338e-031	4.06514e-032	3.02705e-032	2.09794e-032	1.06718e-033	4.94866e-035	1.10001e-034	3.20077e-035	2.29917e-036	1.38634e-036	
0	0.52269	0.763818	0.0936843	0.0128873	0.460178	0.704533	0.587464	0.0202203	0.00352203	0.000491636	4.09033e-006	4.29571e-007	1.5524e-007	5.08994e-008	5.22669e-008	8.29654e-009	5.66312e-010	3.14548e-011	1.23234e-011	1.30652e-012	7.43465e-013	1.56362e-012	2.63254e-012	5.98185e-015	3.93588e-019	7.08114e-023	3.74099e-024	5.11749e-025	2.60999e-026	1.59209e-027	2.70911e-027	2.02605e-027	4.72535e-028	1.81363e-029	1.30568e-030	1.19773e-030	4.16749e-031	9.68254e-032	3.37285e-031	
0	0.00603243	0.0291936	0.56268	0.866214	0.227609	0.228889	0.306111	0.974421	0.892085	0.34472	0.0349345	0.000289288	0.000120487	2.38083e-005	7.82707e-006	1.90761e-008	1.56766e-011	1.29883e-013	2.30613e-014	5.86366e-012	7.02478e-012	1.20414e-010	4.79352e-010	3.86331e-010	7.30807e-011	1.72047e-014	8.64762e-016	1.96265e-018	1.39063e-019	6.9533e-023	3.03652e-022	3.13585e-023	3.02098e-023	5.33544e-026	1.56682e-029	7.72644e-031	3.49179e-033	6.35205e-034	6.30471e-032	
0	0	4.91503e-005	0.232733	0.0898033	0.115881	0.0121035	0.0081345	0.00316343	0.103736	0.652879	0.962901	0.935958	0.956192	0.154758	0.0174882	0.00062915	2.3377e-006	1.16054e-009	1.86033e-013	5.47536e-013	2.02608e-011	6.3928e-010	1.41977e-009	2.35299e-008	2.26045e-008	2.60842e-010	6.69058e-011	6.33406e-013	4.52729e-014	1.40522e-016	8.36063e-015	5.33596e-013	5.26483e-013	4.10724e-014	6.80274e-016	2.0217e-016	1.12678e-019	1.93738e-023	1.12114e-023	
0	0	4.64846e-009	1.91439e-005	0.0295769	0.0542336	0.0023851	0.00127486	0.000103431	0.000478281	0.00183298	0.00212216	0.0630615	0.0398754	0.824932	0.486209	0.100021	0.000721582	3.73853e-008	5.94273e-013	1.33765e-013	6.59954e-013	1.00137e-011	1.07884e-008	4.52189e-007	1.31799e-005	1.71543e-006	5.4724e-008	9.77826e-010	3.09672e-013	1.00695e-015	2.47261e-015	2.81061e-013	3.86314e-013	7.2563e-014	7.16622e-015	3.1665e-016	8.31846e-020	8.74656e-024	2.70244e-025	
0	0	0	1.09022e-008	1.05864e-005	0.056483	0.00888539	0.0010711	5.44094e-006	8.59142e-007	5.83463e-005	3.79024e-005	0.000679679	0.00363987	0.0199261	0.475856	0.748298	0.405281	0.020621	0.000167129	0.000176366	0.00087303	0.00454481	0.0620477	0.723781	0.970681	0.522516	0.240561	0.104987	0.0226876	0.00266424	0.0292973	0.353518	0.677327	0.753777	0.634312	0.332563	0.0102001	0.000136365	4.11025e-005	
0	0	0	9.42645e-012	1.8536e-008	0.0159176	0.00295935	1.20304e-005	3.94857e-008	7.63571e-008	1.30272e-006	1.94821e-007	1.05409e-005	0.000169313	9.9582e-005	0.0179081	0.130059	0.0446926	0.000151843	3.72946e-006	2.78367e-008	2.09701e-007	5.32816e-006	2.85706e-005	0.126405	0.012624	0.444523	0.733868	0.586087	0.075773	0.000586485	0.00711516	0.00362569	0.0901573	0.0375616	0.11946	0.197438	0.00305194	3.67011e-006	6.09451e-007	
0	0	0	0	8.33695e-013	2.78693e-005	0.00178598	0.000574628	1.02799e-006	8.21174e-009	8.27804e-009	1.03692e-008	5.46594e-007	2.62337e-006	0.000260222	0.00253121	0.0209921	0.549302	0.979227	0.999829	0.999824	0.999127	0.99545	0.937924	0.149813	0.0166822	0.0329591	0.0255709	0.308927	0.901539	0.996749	0.963588	0.642857	0.232516	0.208661	0.246228	0.469999	0.986748	0.99986	0.999958	


1	0.102262	0.0242187	0.00490352	0.00157935	0.000876252	0.00102385	0.0005904	0.000249259	1.11949e-005	1.09329e-006	1.77636e-007	5.01595e-009	1.89026e-009	3.01325e-012	6.99604e-013	1.82477e-014	2.65929e-014	4.15906e-014	2.17286e-014	3.15915e-014	1.59733e-015	1.53459e-015	3.71617e-016	9.27361e-019	1.018e-022	7.96989e-025	6.77796e-026	2.41053e-026	1.72893e-026	1.85877e-027	4.59671e-028	6.58898e-029	5.43832e-029	1.373e-030	9.02309e-033	4.15897e-034	1.4194e-034	1.90143e-035	1.0195e-035	
0	0.893267	0.922848	0.641324	0.0228701	0.98796	0.282434	0.335581	0.00784793	0.000480519	1.19865e-007	8.54034e-010	1.19224e-010	2.94716e-012	3.50601e-014	1.88119e-014	1.12446e-013	4.95578e-013	1.59658e-013	3.60448e-014	3.353e-016	3.03233e-017	3.11821e-018	2.46629e-018	1.08224e-019	1.22335e-023	9.00196e-024	8.35499e-025	2.78478e-024	1.7766e-025	5.84169e-026	9.81021e-027	2.13364e-027	5.10081e-028	1.16785e-027	1.08527e-027	5.42506e-027	2.07953e-027	4.31055e-028	1.99919e-028	
0	0.0044707	0.0529323	0.352976	0.931291	0.0099545	0.712211	0.442559	0.983053	0.933745	0.182448	0.258625	0.00152245	0.000777589	2.97118e-007	3.08553e-009	1.56609e-011	1.6544e-013	1.27721e-014	2.2333e-015	8.0453e-015	1.41636e-015	1.46138e-014	1.33122e-015	9.69548e-015	4.4636e-016	2.79854e-016	5.75791e-018	2.26367e-019	6.78623e-020	1.37023e-021	1.06593e-020	3.13522e-021	5.29862e-021	1.98232e-023	1.73433e-026	1.00474e-028	1.33571e-029	6.25069e-030	7.40862e-029	
0	0	1.41157e-006	0.000796246	0.0442591	0.00102442	0.00432828	0.221253	0.00882561	0.0657624	0.817499	0.741019	0.997593	0.99552	0.999956	0.967365	0.92404	0.351077	0.0873948	0.000332743	0.00205653	0.022114	0.136823	0.10162	0.520839	0.936344	0.208152	0.574718	0.0327659	0.00473969	1.2283e-005	0.000114337	0.000637248	0.000579042	2.48187e-006	3.92258e-009	9.22829e-012	1.62506e-014	3.07346e-017	1.7437e-018	
0	0	1.00507e-024	1.70256e-011	2.44279e-007	9.47682e-005	4.0073e-007	1.82023e-006	1.4877e-005	2.37958e-008	5.19507e-005	0.000355681	0.000883587	0.00369789	4.39293e-005	0.0326137	0.0512275	0.0389674	0.00400651	7.49848e-006	1.58585e-005	0.000568509	0.00357049	0.074189	0.0863821	0.000960722	0.00647243	0.000679959	0.00428593	0.00189377	2.55219e-006	8.72003e-007	2.73075e-006	8.35958e-005	1.73669e-005	7.36731e-008	2.37423e-012	6.32409e-015	8.70836e-019	8.43023e-022	
0	0	0	2.80317e-013	5.02839e-011	9.0204e-005	4.21554e-008	1.05987e-009	7.83792e-008	6.09174e-011	1.66172e-009	4.60556e-007	1.27835e-006	4.29046e-006	5.84312e-009	2.15694e-005	0.0247327	0.566062	0.160884	0.000525109	2.92879e-006	8.83001e-009	2.20553e-007	6.23086e-005	0.0187511	0.000309635	0.202361	0.00428484	0.0989413	0.0165391	0.00433589	0.000344297	0.000482803	0.00174716	0.278101	0.890909	0.00500862	4.42193e-005	7.96532e-009	2.42412e-012	
0	0	0	7.16793e-031	6.52314e-016	2.5515e-011	1.52237e-006	2.60273e-007	4.22508e-009	2.04153e-010	1.94986e-013	2.80502e-012	1.29622e-010	7.38609e-010	1.25603e-011	1.22051e-011	9.81266e-008	0.0418427	0.629849	0.839567	0.205141	0.00428344	0.000177104	3.56503e-007	1.53372e-006	1.5536e-005	0.000512651	0.0088727	0.00210812	0.0448636	0.0976183	0.0259326	0.00190898	0.00155818	0.00350873	0.00664504	0.979105	0.755543	0.699408	0.893651	
0	0	0	0	5.43634e-016	1.25137e-012	1.46983e-006	1.52669e-005	8.87992e-006	9.85834e-007	6.36663e-008	7.07895e-009	5.22561e-010	1.17947e-009	3.56826e-010	6.81219e-010	2.07273e-007	0.00205045	0.117866	0.159568	0.792784	0.973034	0.859429	0.824128	0.374027	0.0623703	0.582502	0.411445	0.861899	0.931964	0.898031	0.973608	0.996968	0.996032	0.71837	0.102446	0.0158864	0.244413	0.300592	0.106349	


1	0.375309	0.305502	0.175539	0.189649	0.87877	0.823352	0.970742	0.687661	0.758652	0.527535	0.0319481	0.00336108	0.000484428	6.00433e-006	5.80769e-007	5.37769e-007	1.53527e-007	5.60607e-009	2.8087e-009	2.62565e-009	5.8897e-009	2.95149e-008	3.51332e-008	3.03878e-011	8.2545e-015	7.64682e-019	2.37096e-019	2.16355e-020	2.77893e-021	1.48681e-022	1.64056e-022	6.10301e-023	4.92786e-023	6.16362e-025	1.67644e-026	7.81597e-027	3.01248e-027	7.46046e-028	1.57851e-027	
0	0.602521	0.682893	0.0769593	0.0369121	0.0569094	0.16931	0.0258562	0.214243	0.0461966	0.154555	0.0432735	0.00156204	0.00224254	2.06473e-006	1.89222e-007	1.3996e-007	2.44788e-008	2.30777e-009	5.95483e-010	1.93283e-009	4.16094e-010	4.40515e-008	1.17058e-007	3.95546e-008	1.59641e-009	5.05305e-011	6.26724e-012	9.92771e-013	3.76912e-013	2.26589e-014	3.07251e-014	2.89741e-015	1.02844e-014	5.93747e-017	5.93426e-019	2.77601e-020	1.93318e-021	8.1663e-023	3.64543e-023	
0	0.0221698	0.0104105	0.745427	0.772435	0.060325	0.00700233	0.00338596	0.0980858	0.195028	0.273679	0.631967	0.00647247	0.000535631	1.35797e-007	2.97748e-009	1.47099e-009	2.40911e-010	4.92824e-012	1.3876e-012	2.47523e-010	4.33767e-010	1.3802e-008	2.59561e-008	9.45769e-008	1.60651e-008	2.56978e-010	6.58621e-012	1.99014e-014	3.57386e-015	1.45964e-015	2.29119e-014	2.49667e-013	7.04546e-014	4.84343e-016	2.20625e-018	7.82016e-020	7.63186e-023	4.66033e-025	4.71383e-024	
0	0	0.00119435	0.00207152	0.000949553	0.0039911	0.000313614	7.23197e-007	8.31761e-006	0.000117375	0.0438452	0.290699	0.820767	0.40381	0.0017627	1.20851e-006	7.70364e-008	1.83427e-009	2.55558e-011	7.51278e-013	5.27013e-010	2.82753e-009	2.47657e-008	9.65004e-009	3.66876e-008	5.03921e-008	4.93127e-009	1.0021e-010	3.13627e-013	5.43018e-015	5.08215e-015	1.29013e-014	4.64876e-012	1.0752e-013	1.2219e-015	2.38478e-017	5.8635e-020	1.3204e-022	2.99863e-025	2.8166e-025	
0	0	9.62259e-008	2.47192e-006	6.1156e-006	8.24158e-007	5.10713e-006	7.12764e-010	3.40288e-009	5.51957e-006	0.000344431	0.00191418	0.164882	0.566831	0.0199526	6.52613e-005	1.2787e-005	1.6514e-008	2.71374e-011	7.40022e-014	3.87548e-012	1.05702e-009	8.16502e-008	2.37049e-009	9.75891e-010	2.06028e-009	6.50008e-012	4.52694e-010	7.28705e-014	3.62441e-016	1.20513e-019	4.60051e-015	1.85433e-015	8.7435e-015	1.15657e-018	7.94919e-020	1.47026e-021	2.55694e-025	4.02354e-027	2.04358e-027	
0	0	0	3.28423e-007	4.80359e-005	1.2485e-006	1.6753e-005	1.48887e-005	1.32606e-006	2.73913e-007	4.17175e-005	0.000197638	0.00295516	0.0260926	0.978269	0.977457	0.595232	0.0181319	0.000401963	3.96678e-007	1.70442e-006	9.09004e-005	0.000706312	0.0230583	0.0263136	0.640889	0.0142374	0.000634585	4.28587e-006	1.75996e-008	2.99028e-010	5.40536e-011	7.32547e-011	6.46977e-012	3.22465e-015	2.38604e-018	6.87968e-022	1.61493e-023	1.37936e-025	1.06943e-027	
0	0	0	4.74664e-025	4.70079e-011	1.48591e-006	1.22884e-009	6.18314e-009	1.87316e-009	2.59086e-011	4.83251e-010	6.50905e-009	9.61949e-008	3.42106e-006	7.10768e-006	0.0223816	0.297855	0.0246057	0.000894336	1.29836e-006	7.76533e-007	1.55353e-005	0.000386504	0.0113726	0.00957281	0.00104533	0.00187563	9.55588e-005	3.0001e-006	5.80288e-008	1.70853e-010	1.68821e-011	1.55553e-013	4.00042e-013	1.81977e-014	4.7752e-016	1.00398e-019	1.68902e-022	8.03533e-025	1.20468e-027	
0	0	0	0	1.39885e-011	1.25712e-006	1.91663e-007	1.15363e-008	8.42415e-010	4.05569e-011	2.10079e-011	5.37645e-010	6.23415e-009	5.17243e-008	5.89743e-008	9.41299e-005	0.106899	0.957262	0.998704	0.999998	0.999998	0.999894	0.998907	0.965569	0.964113	0.358066	0.983887	0.99927	0.999993	1	1	1	1	1	1	1	1	1	1	1	


1	0.997962	0.989241	0.42187	0.0424863	0.815039	0.851317	0.553862	0.0389834	0.00121021	3.78471e-005	6.20444e-006	3.2217e-008	5.84778e-009	1.92518e-010	8.70049e-011	1.17463e-010	8.41132e-012	5.81836e-013	1.74589e-013	3.79276e-015	6.82487e-018	1.0202e-020	1.89749e-022	5.78426e-027	3.27395e-031	2.75455e-036	2.58132e-036	8.44608e-038	1.6991e-038	9.40495e-041	2.13198e-040	5.13329e-041	3.89062e-041	7.78851e-044	2.81683e-045	1.31865e-046	2.58388e-047	2.61229e-048	1.57091e-048	
0	0.00203771	0.0107589	0.577895	0.9565	0.175224	0.148169	0.444709	0.96092	0.998251	0.0242606	0.0463202	1.16597e-005	1.37707e-006	3.68778e-008	1.14423e-008	4.53941e-008	8.4865e-012	1.9923e-014	5.57575e-016	4.3783e-015	2.21557e-017	6.30207e-019	3.81736e-020	3.86124e-022	1.82913e-022	4.3408e-026	2.9429e-026	8.4037e-029	4.37159e-031	2.734e-035	6.5704e-034	8.11872e-035	1.80457e-036	3.99435e-040	5.25681e-043	2.31604e-046	2.63968e-050	2.58477e-050	1.29341e-049	
0	4.51665e-007	4.57515e-007	0.00023464	0.00101422	0.00949691	0.00050033	0.0014277	9.6358e-005	0.000538514	0.975698	0.95316	0.99751	0.988334	0.993851	0.816775	0.223625	0.0218331	7.93893e-005	1.17178e-007	6.21714e-009	4.55828e-011	1.38848e-013	1.15025e-014	9.68391e-016	5.95386e-016	4.46198e-018	1.81737e-018	1.13905e-020	4.23516e-022	3.55063e-025	1.42205e-025	2.48432e-024	6.55751e-025	1.19001e-028	3.70329e-031	1.59359e-034	2.19144e-037	1.41682e-041	1.51816e-044	
0	0	1.2442e-009	7.45895e-012	1.35277e-009	0.00024035	1.28711e-005	4.39866e-007	2.29652e-009	1.21359e-010	3.58528e-006	0.000513183	0.00247786	0.0116258	0.00614071	0.183194	0.774751	0.977629	0.998991	0.995563	0.00817043	1.57333e-005	8.14843e-009	8.67663e-011	5.89927e-013	1.26314e-015	1.51918e-017	2.92815e-018	1.0794e-019	2.8776e-019	1.11155e-020	2.62025e-021	4.13071e-022	2.21987e-022	6.87558e-025	3.33095e-026	3.35339e-029	4.30924e-030	1.5078e-031	2.93487e-034	
0	0	3.52842e-020	1.38748e-012	8.92492e-016	4.63776e-013	9.60218e-009	2.82838e-009	2.41002e-011	3.65892e-014	4.22302e-013	3.34716e-008	2.33062e-007	3.88766e-005	8.59487e-006	3.00898e-005	0.000174492	8.61298e-005	0.000737342	0.0040072	0.991826	0.999975	0.999949	0.83872	0.0802049	0.0299154	3.52873e-007	1.5906e-009	1.10835e-013	1.42982e-015	3.29619e-019	7.45743e-020	2.70146e-021	7.1032e-023	4.16112e-027	2.36162e-029	6.903e-032	4.79829e-034	1.57724e-034	8.25649e-035	
0	0	0	8.64509e-020	6.1802e-017	4.83825e-015	2.82716e-014	3.10812e-013	1.39243e-013	8.60377e-017	7.76022e-020	2.50408e-015	3.10335e-013	5.0413e-010	3.40144e-009	5.47361e-007	0.00144881	4.43342e-005	1.36775e-007	6.33073e-008	3.20352e-007	9.16633e-006	5.06532e-005	0.16128	0.919747	0.969741	0.964262	0.956623	0.956105	0.00468855	3.45793e-007	1.2119e-007	2.05478e-009	2.58403e-009	2.61973e-010	2.89466e-010	9.62327e-014	3.37788e-018	5.20646e-023	4.89952e-027	
0	0	0	1.01694e-027	3.34478e-022	1.52329e-015	3.47384e-017	2.99698e-016	1.1464e-016	2.51721e-017	2.38677e-020	1.03171e-021	6.59238e-019	8.66226e-017	1.08298e-014	8.01059e-012	2.04946e-007	0.000407876	0.000167215	0.000284405	3.4199e-007	3.57111e-011	8.57802e-011	5.37433e-009	4.84545e-005	0.000343448	0.0357374	0.0420438	0.0434022	0.989465	0.989428	0.870733	0.936535	0.906013	0.998529	0.984585	0.972659	0.674438	0.432107	0.123287	
0	0	0	0	5.04357e-027	9.6838e-021	1.42469e-016	7.39494e-017	1.53179e-018	1.52782e-019	8.17915e-020	4.96458e-021	5.5502e-023	2.94297e-020	2.55313e-017	1.34054e-015	1.64019e-012	1.29131e-008	2.51126e-005	0.000144894	3.11695e-006	4.44268e-009	2.86683e-012	5.1906e-013	5.0509e-010	1.28463e-008	1.30228e-007	0.00133293	0.000492301	0.00584639	0.0105719	0.129267	0.0634649	0.093987	0.00147109	0.0154154	0.0273408	0.325562	0.567893	0.876713	


1	0.99994	0.963909	0.870664	0.331967	0.99965	0.558268	0.611101	0.147167	0.0271058	0.000214474	1.59795e-005	1.44761e-007	8.22758e-009	3.42127e-009	4.71657e-010	4.86579e-011	1.40754e-011	1.10978e-011	1.27432e-010	9.23496e-011	1.02024e-010	2.27847e-011	2.26596e-011	1.17374e-015	4.60283e-019	1.20375e-023	2.98172e-023	2.13326e-024	4.50338e-026	3.7968e-028	2.12225e-028	6.17418e-029	4.38297e-030	4.50676e-032	1.99519e-033	6.9713e-034	1.03609e-034	3.78694e-035	6.23355e-035	
0	5.97228e-005	0.036091	0.126868	0.667874	0.000321117	0.441732	0.386058	0.852641	0.970325	0.0503469	0.155922	4.80041e-005	1.96012e-006	2.00449e-006	2.31752e-008	1.32015e-010	8.96554e-015	8.40697e-013	1.18138e-012	4.89737e-010	9.74045e-009	1.07624e-007	4.00379e-008	4.44699e-011	1.43527e-011	1.25231e-016	8.76667e-017	5.99703e-021	2.38051e-023	1.89336e-027	9.72586e-027	5.47139e-028	1.96627e-031	1.63905e-035	2.13173e-037	3.19399e-037	7.96706e-038	2.90292e-036	1.23113e-035	
0	9.25029e-009	8.47494e-009	0.00246782	0.000159324	1.46423e-005	4.96441e-007	0.00284099	0.000191598	0.00256934	0.949435	0.843552	0.755985	0.675537	0.188732	0.00113664	6.58649e-008	6.80852e-011	9.82455e-014	9.07942e-014	4.15899e-012	1.08324e-008	4.07852e-007	4.77005e-007	9.0733e-008	2.05959e-008	9.93173e-013	7.39264e-015	2.92531e-018	3.48317e-020	3.83849e-023	1.81238e-023	2.44815e-022	5.89618e-024	1.36672e-028	5.4032e-033	9.02292e-037	3.24334e-040	5.95282e-043	3.09279e-039	
0	0	7.32912e-014	6.3381e-010	2.35422e-007	7.67445e-007	2.19389e-010	4.91064e-009	1.71304e-007	1.115e-009	3.90069e-006	0.000500258	0.243946	0.323075	0.802597	0.154099	8.28006e-005	4.68368e-006	1.40821e-007	9.33578e-009	1.15009e-007	3.95083e-006	3.66396e-006	0.00102094	0.00185004	0.0042569	3.0858e-006	4.35361e-009	8.31775e-012	3.15632e-016	9.07905e-020	6.64599e-023	4.11291e-023	2.70297e-024	2.17608e-027	6.839e-030	6.34296e-035	1.83663e-038	8.67836e-043	3.65861e-044	
0	0	1.34876e-012	5.27462e-015	1.82965e-008	1.30865e-005	2.08067e-009	4.36061e-012	2.18103e-008	4.44945e-011	3.15824e-009	1.00861e-005	2.0462e-005	0.00138573	0.00866549	0.844497	0.972813	0.988623	0.946963	0.37156	0.0620471	0.0289104	0.00128797	0.0813088	0.0858162	0.0309791	0.00177738	0.00365381	0.00271256	3.16187e-006	9.12033e-010	4.44396e-012	1.53641e-014	3.89829e-016	1.56476e-017	7.46942e-018	6.13354e-021	5.98141e-024	4.51765e-027	4.17572e-030	
0	0	0	5.72956e-013	1.54313e-013	1.28804e-010	4.24465e-008	2.24858e-009	6.49384e-010	9.86352e-010	6.01565e-012	1.09612e-009	6.97013e-010	6.59732e-007	3.63613e-006	0.000266476	0.0270991	0.0075873	0.032908	0.0937298	0.731239	0.917617	0.992218	0.681098	0.221261	0.440758	0.000864334	0.00851295	0.000206526	0.000225064	1.37947e-007	6.67115e-007	7.81429e-008	2.38162e-008	8.16869e-010	2.20678e-012	3.42904e-014	9.85049e-018	1.08515e-020	1.18129e-021	
0	0	0	4.22179e-017	2.20451e-016	1.80299e-012	3.42914e-012	3.84272e-012	3.17038e-012	1.18231e-013	1.76549e-013	1.43683e-013	2.61279e-011	1.90053e-010	4.05744e-009	3.01594e-008	4.51762e-006	0.00368165	0.000569648	0.000267265	0.00117384	0.00722664	0.00277871	0.234218	0.686652	0.50062	0.788105	0.0234968	0.00271804	6.13933e-006	2.30328e-006	8.01435e-008	5.50326e-006	1.19735e-006	3.07635e-007	9.2529e-008	1.67684e-009	1.23272e-012	6.57176e-016	2.37521e-018	
0	0	0	0	3.21786e-018	2.12375e-015	3.09827e-014	2.87157e-012	8.04625e-014	3.88402e-015	1.4578e-015	1.89908e-015	4.39713e-015	3.0434e-013	3.20684e-011	3.45269e-010	5.10031e-008	0.000103007	0.0195595	0.534443	0.20554	0.0462422	0.00371077	0.00235397	0.00442139	0.0233857	0.20925	0.964336	0.994363	0.999766	0.999998	0.999999	0.999994	0.999999	1	1	1	1	1	1	


1	0.999895	0.999258	0.884071	0.931584	0.999552	0.923394	0.974129	0.928199	0.553806	0.0087597	8.89534e-005	3.13376e-006	8.84282e-008	2.31914e-008	3.80523e-009	2.27086e-009	4.21253e-012	2.77468e-014	4.97067e-015	2.13114e-017	1.79925e-020	3.45811e-024	7.50422e-026	4.27224e-031	1.54747e-035	1.17635e-039	5.5444e-040	1.89239e-041	3.73112e-043	1.01049e-044	1.92025e-045	9.39222e-047	1.08289e-047	6.39915e-050	1.45032e-051	8.40503e-053	1.67548e-053	6.96435e-054	6.51821e-054	
0	0.000103545	0.000742349	0.115925	0.0681475	1.13966e-005	0.0766017	0.0258367	0.0717263	0.446167	0.986092	0.998417	0.0648859	0.0108746	0.00596494	0.000115426	4.65753e-006	1.71441e-011	2.95034e-015	9.82495e-017	1.6186e-016	3.96504e-018	3.83482e-019	8.29521e-021	6.42623e-024	3.24776e-025	2.59463e-029	1.32412e-030	4.052e-034	2.00412e-035	1.69642e-038	5.88412e-038	1.30659e-038	8.23108e-041	1.31804e-045	2.63421e-050	1.67698e-054	3.84514e-057	9.34098e-057	3.37932e-056	
0	1.213e-006	4.16148e-008	4.17809e-006	0.000268586	0.000280717	1.99804e-007	3.38261e-005	7.4737e-005	2.70929e-005	0.00514855	0.00149178	0.935107	0.988026	0.980648	0.894281	0.133159	0.000287708	1.34369e-007	1.362e-010	9.56189e-012	9.65974e-014	3.37922e-016	2.01071e-015	6.46559e-016	1.56777e-016	2.03595e-018	2.54697e-020	1.15907e-021	8.51892e-024	2.44558e-026	6.00468e-028	2.30075e-028	6.24485e-028	3.18846e-030	5.26117e-032	2.61989e-036	2.44484e-039	1.69052e-043	1.48257e-046	
0	0	5.40895e-008	1.95277e-010	5.06496e-010	0.000155823	4.13152e-006	1.19041e-007	4.99386e-009	1.46183e-008	1.58625e-008	2.03621e-007	3.58068e-006	0.000158868	0.0118009	0.105092	0.864347	0.999681	0.999838	0.977267	0.000469505	3.63294e-008	8.41402e-014	1.06715e-016	2.53382e-019	2.79878e-019	2.66579e-017	5.85339e-017	5.39113e-017	5.88299e-017	2.84145e-017	1.74006e-019	1.46924e-021	4.33793e-022	5.0768e-023	1.64121e-023	5.52673e-024	4.98783e-024	6.00888e-024	3.51717e-025	
0	0	9.15784e-012	5.41336e-010	4.75441e-010	1.876e-010	2.22972e-007	1.04264e-008	8.07108e-009	3.05947e-008	4.00678e-008	2.48797e-006	8.32395e-007	0.00094059	0.0015768	0.000213852	0.000303161	9.46856e-007	0.000160807	0.0227326	0.999524	0.999975	0.999982	0.264553	0.000285098	6.42243e-006	4.33027e-011	1.34802e-013	3.63598e-018	2.10371e-019	4.77433e-020	5.31892e-018	1.4594e-019	5.23894e-022	2.79167e-026	4.31848e-028	4.14678e-029	1.87166e-028	6.82021e-027	2.7235e-026	
0	0	0	5.20693e-015	4.79291e-013	3.91041e-011	7.30216e-014	1.34734e-011	1.38867e-011	1.22083e-012	1.27993e-012	8.35728e-012	6.60459e-009	3.727e-009	8.99093e-006	0.000298427	0.00206148	1.36616e-005	5.15277e-009	9.98069e-009	6.58951e-006	2.51992e-005	1.8026e-005	0.735447	0.99964	0.999733	0.974132	0.969177	0.961385	0.000634984	1.16294e-007	5.79738e-010	5.26584e-012	2.65282e-012	8.02652e-014	2.45051e-014	2.58475e-017	2.36173e-021	7.02689e-026	3.47759e-029	
0	0	0	5.76183e-019	2.50062e-018	6.31449e-016	1.14531e-014	4.55679e-015	9.34506e-016	4.82029e-016	3.66842e-015	5.37746e-015	1.93982e-013	1.88161e-012	3.44671e-011	5.8001e-009	0.000110595	1.40178e-006	2.07501e-008	2.81735e-009	1.67271e-009	1.64414e-009	4.78321e-009	7.84469e-008	2.06868e-005	0.000203877	0.0124917	0.0107216	0.0102312	0.961869	0.637796	0.953735	0.963525	0.83383	0.467476	0.0123086	2.32043e-005	1.26016e-007	8.22784e-010	2.05387e-012	
0	0	0	0	6.61907e-018	7.81309e-013	9.36037e-014	5.82709e-015	4.15268e-014	1.62848e-014	1.17397e-016	1.31371e-016	1.18583e-014	1.05865e-012	1.23911e-012	2.19883e-008	1.36619e-005	1.57522e-005	7.57126e-007	4.23061e-007	5.74943e-010	1.31031e-010	2.97597e-011	3.24056e-009	5.3853e-005	5.63862e-005	0.0133763	0.020101	0.0283836	0.0374963	0.362204	0.0462652	0.0364747	0.16617	0.532524	0.987691	0.999977	1	1	1	


