E:\Google Drive\Progetti\MSR Action3D\Real\a10_s03_e03_skeleton3D.txt
10
TRUE
-793.153
-671.162
-720.875
-842.611
-846.803
-840.566
-829.973
-788.787
-792.237
-826.447
-822.136
-770.87
-825.267
-794.696
-802.705
-785.303
-801.337
-774.43
-793.284
-786.954

32
20
1	0.590253	0.721854	0.217526	0.304335	0.455664	0.0265624	0.00142905	2.26549e-005	1.10473e-007	1.12094e-009	7.40986e-012	2.19598e-013	8.46077e-014	3.04655e-015	3.04191e-018	1.2341e-018	1.21149e-019	2.2046e-020	2.60114e-021	3.72678e-022	1.32204e-022	2.03459e-023	2.10209e-024	2.78864e-025	3.21371e-025	8.29159e-025	6.29596e-025	6.72651e-025	3.56901e-024	9.53816e-024	8.75442e-023	1.15446e-021	
0	0.259555	0.061612	0.23471	0.314962	0.145858	0.0221303	0.00413188	0.000160516	1.70412e-006	2.86678e-008	3.33522e-010	1.70813e-011	8.91374e-012	5.02465e-013	1.58829e-015	2.11706e-016	9.8327e-017	1.07164e-017	5.1788e-019	1.30331e-020	2.0714e-021	4.42932e-022	4.78622e-023	6.5395e-024	1.67551e-023	1.14369e-023	1.37446e-023	2.12521e-023	3.20146e-022	3.3446e-021	4.39739e-020	9.9561e-020	
0	0.150192	0.215066	0.0539371	0.0436534	0.364384	0.0565911	0.000706441	1.17592e-005	4.1446e-008	2.13772e-009	2.68432e-011	1.599e-012	2.73729e-013	2.95203e-013	3.38188e-016	1.75966e-017	4.76097e-018	2.5254e-018	1.92625e-020	7.06523e-021	8.71804e-021	1.03578e-020	8.39418e-022	2.45579e-022	1.20966e-022	1.39793e-022	9.73503e-023	2.33817e-023	1.62698e-022	1.23178e-022	1.92351e-021	3.31174e-020	
0	0	0.00134999	0.428418	0.330924	0.018373	0.0209429	0.0347596	0.00219071	9.57616e-005	6.46407e-007	6.40548e-009	2.56173e-010	2.34499e-011	5.26441e-013	6.30635e-016	8.75935e-017	7.58527e-017	8.54561e-019	2.93551e-019	1.91588e-021	4.72147e-022	4.24306e-023	6.96331e-023	8.63652e-025	2.06874e-022	4.92317e-023	3.44006e-024	3.79866e-023	1.3032e-021	2.21711e-020	2.35798e-019	2.27452e-019	
0	0	0.00011862	0.0654034	0.00543668	0.0156777	0.87377	0.955622	0.996859	0.985852	0.000847454	2.34791e-006	2.89682e-009	3.90444e-012	1.50868e-012	1.13122e-016	2.67823e-019	8.17724e-018	7.58578e-020	3.76555e-022	1.94698e-022	1.87729e-021	3.4466e-021	3.51614e-022	9.88771e-025	9.72044e-025	5.30715e-025	4.70223e-027	4.50366e-026	9.87322e-023	3.87269e-023	1.53356e-018	1.19383e-018	
0	0	0	5.06661e-006	0.00068895	3.44214e-005	3.4575e-006	0.00335078	0.000755126	0.0140503	0.999131	0.999387	0.993795	0.841181	0.964035	0.997443	0.507406	0.525554	0.0117565	9.82181e-005	1.8432e-007	8.14334e-009	4.73216e-010	7.03207e-012	1.1303e-013	1.87181e-016	2.0255e-019	1.72333e-021	3.1877e-024	1.53695e-024	3.48136e-023	3.03907e-021	4.86231e-019	
0	0	0	1.98231e-015	1.09789e-009	1.6076e-007	1.39176e-010	1.2088e-011	2.47435e-009	1.74066e-008	1.17998e-005	0.000285233	0.00106912	0.0645981	0.0318239	0.00237602	0.403664	0.342082	0.177549	0.0129139	0.00066217	2.37261e-005	6.41662e-007	2.18118e-008	3.3055e-010	2.00974e-013	3.19003e-016	9.82336e-019	1.40982e-021	1.81678e-023	1.62771e-025	7.67855e-026	6.17542e-024	
0	0	0	0	9.88934e-008	9.92213e-006	1.12258e-007	1.53469e-009	3.27959e-007	1.64896e-007	8.91028e-006	0.000324996	0.00513589	0.0942209	0.00414153	0.000180648	0.0889307	0.132364	0.810695	0.986988	0.999338	0.999976	0.999999	1	1	1	1	1	1	1	1	1	1	


1	0.996201	0.99998	0.932656	0.990615	0.999942	0.371043	0.00459042	1.21121e-005	1.75171e-010	6.92658e-016	1.85736e-021	2.14057e-026	6.74061e-028	7.65233e-030	1.11495e-032	3.19371e-036	2.50687e-039	4.66332e-043	9.1733e-046	3.80062e-049	1.16791e-051	5.30042e-054	2.58136e-057	1.14918e-061	5.00126e-064	1.26896e-064	1.87572e-066	5.89102e-070	1.13647e-070	9.29842e-070	4.11481e-071	5.02049e-071	
0	0.00354594	2.02085e-005	0.0150007	6.28888e-005	1.47362e-005	0.624923	0.015395	2.73949e-005	7.44104e-010	2.08644e-020	6.69601e-027	2.72301e-032	1.07772e-032	1.92584e-034	1.00409e-034	9.34784e-040	4.32436e-043	1.44592e-045	2.42577e-048	3.82472e-053	1.51194e-054	4.19843e-057	9.97581e-060	3.86877e-064	8.14236e-067	3.06232e-067	1.74298e-072	3.89776e-075	9.30221e-071	1.02192e-070	2.30919e-073	1.11001e-073	
0	0.000253537	1.47324e-008	0.0523435	0.00922769	4.26726e-005	0.00403405	0.980014	0.999874	0.999843	3.73393e-007	1.99867e-013	1.7874e-019	2.22109e-024	1.99694e-029	4.68871e-035	1.15052e-040	6.09844e-040	8.99003e-047	1.388e-048	2.12771e-054	3.92781e-055	4.54022e-057	9.60215e-062	2.62511e-068	1.95743e-069	2.47985e-073	1.95527e-075	4.63715e-076	1.26009e-075	1.23068e-073	4.26356e-071	4.44043e-074	
0	0	2.01957e-009	1.34103e-010	9.43541e-005	1.47917e-007	1.17092e-011	1.17526e-007	8.62483e-005	0.000157118	1	0.999998	0.999993	0.458591	0.184101	0.00542811	4.33634e-006	3.95859e-009	4.50073e-015	2.13182e-018	1.35876e-022	3.092e-027	2.40942e-032	1.49014e-039	7.36736e-049	8.15484e-057	4.04707e-064	1.29421e-069	2.21701e-076	9.75581e-083	2.67112e-079	4.9568e-076	2.17489e-072	
0	0	8.81258e-020	5.16494e-013	2.73648e-014	1.26583e-007	2.28998e-010	6.3025e-016	2.19803e-014	2.02988e-010	3.89306e-010	1.66913e-006	7.10552e-006	0.541409	0.815756	0.994547	0.999921	0.999999	0.994314	0.9982	0.999487	0.991657	0.273516	0.00784699	1.07436e-005	4.51651e-011	1.49869e-013	7.85208e-018	2.34198e-024	2.50475e-027	2.08009e-029	6.01922e-034	4.51626e-036	
0	0	0	5.009e-021	4.10614e-018	5.37944e-014	1.58173e-011	5.56621e-017	1.38725e-021	1.63334e-019	2.118e-019	3.06635e-017	4.91858e-015	8.41455e-009	0.000143046	2.53528e-005	7.49456e-005	1.1401e-006	0.00568581	0.00179953	0.000513118	0.00834277	0.726484	0.992148	0.999989	0.00530871	0.00588859	8.46611e-005	3.19698e-010	4.15083e-012	3.76087e-014	1.18451e-020	5.36439e-024	
0	0	0	8.33715e-038	2.04084e-024	4.80015e-022	1.16779e-018	3.12046e-018	1.92799e-024	1.20355e-030	3.49416e-029	7.79122e-029	2.43453e-025	1.27724e-017	5.21751e-012	1.60874e-010	6.10552e-011	1.54441e-011	1.67199e-014	2.19941e-008	2.18162e-009	3.50254e-009	9.81177e-008	5.38831e-006	1.03632e-007	0.994691	0.990267	0.999839	0.999985	0.978564	0.0769716	1.02276e-006	9.29762e-012	
0	0	0	0	3.29071e-024	2.89377e-022	6.3091e-018	6.25963e-017	3.32297e-019	1.6073e-023	6.43524e-029	2.79107e-029	3.63833e-026	1.95839e-020	2.39591e-015	4.90092e-012	2.33508e-013	4.49394e-011	1.06209e-015	1.9537e-010	1.58462e-011	3.76754e-011	8.10119e-011	9.45314e-010	1.62134e-011	1.41911e-008	0.0038441	7.6107e-005	1.49749e-005	0.0214362	0.923028	0.999999	1	


1	0.995409	0.999997	0.918334	0.989306	0.999945	0.139592	0.00129046	6.75765e-005	1.94652e-008	1.52675e-012	1.69461e-016	5.41251e-020	5.07253e-022	7.96164e-024	7.50628e-026	1.61202e-028	2.50383e-029	2.61419e-031	1.16858e-032	3.35588e-034	1.63914e-035	1.86027e-038	1.80463e-041	6.02855e-046	1.98639e-047	7.66633e-048	5.99256e-049	4.63376e-053	1.34283e-052	3.89411e-052	8.57582e-053	2.81915e-053	
0	0.00434057	2.26686e-006	0.079881	0.00868722	5.15897e-005	0.860407	0.996434	0.968005	0.150114	4.13048e-009	5.75137e-016	1.68558e-022	9.20033e-026	9.72574e-028	2.31172e-027	9.10277e-032	9.41968e-031	2.60152e-033	4.20987e-034	1.98374e-037	1.59558e-037	1.03253e-041	5.07643e-044	7.16969e-050	5.83037e-051	2.02262e-051	1.62019e-056	6.73029e-058	1.04181e-053	2.48049e-054	2.59566e-053	2.33545e-055	
0	0.000250273	1.15142e-006	0.00178501	0.0020066	3.12597e-006	6.42091e-007	0.00227596	0.0319273	0.849885	0.629357	0.692254	0.81859	0.110052	0.052205	0.0620921	0.00191204	0.0055925	1.98645e-005	1.13729e-005	2.30211e-007	1.41501e-008	4.2095e-012	2.3486e-016	3.96762e-023	1.25085e-027	9.59459e-033	1.56976e-037	1.02415e-043	1.18659e-046	2.39411e-049	3.14274e-050	3.21075e-052	
0	0	2.17477e-009	2.73876e-012	4.38303e-008	1.45827e-008	9.8218e-016	3.30128e-015	1.56195e-010	8.95399e-009	0.370642	0.307731	0.181376	0.878535	0.936941	0.901731	0.973364	0.201628	4.50556e-005	2.2886e-007	1.47093e-007	2.5913e-010	5.91899e-015	1.02393e-019	5.81208e-024	1.7966e-032	1.11452e-034	4.2617e-037	6.92565e-046	5.85057e-050	8.39287e-052	1.2569e-053	1.98863e-052	
0	0	4.48655e-009	2.37151e-011	3.43898e-008	3.19344e-008	2.68489e-011	1.6226e-013	1.2477e-009	8.84983e-007	1.26e-006	1.49287e-005	3.38603e-005	0.0114006	0.0107791	0.0361647	0.0246567	0.792633	0.353693	0.809184	0.617649	0.298409	0.00187487	1.2647e-005	4.86158e-009	1.38785e-013	1.74626e-016	7.74518e-021	3.65424e-028	2.91455e-030	1.38474e-032	2.74578e-036	1.30826e-039	
0	0	0	1.30363e-015	1.80008e-016	3.58822e-010	2.56715e-014	2.85142e-020	8.58667e-021	1.98401e-016	3.18777e-013	5.60151e-009	1.24108e-007	1.19853e-005	7.44635e-005	1.25561e-005	6.75869e-005	0.000146152	0.646242	0.190694	0.382316	0.70154	0.998125	0.999983	1	0.000185549	3.17863e-006	3.78809e-008	6.71552e-016	1.09913e-019	1.36779e-023	1.31492e-030	2.70727e-035	
0	0	0	6.29753e-021	2.34597e-018	2.17897e-020	5.29229e-016	2.26249e-021	1.07753e-026	1.66546e-026	9.88349e-024	3.72361e-020	1.92636e-014	3.8097e-010	3.07646e-008	6.54486e-010	8.67714e-011	2.04143e-008	1.13046e-010	0.000104014	3.31417e-005	4.96604e-005	4.25427e-007	3.96636e-006	4.26394e-009	0.999812	0.935944	0.980202	0.999947	0.557343	0.000881503	6.1708e-008	3.96673e-014	
0	0	0	0	7.85284e-019	8.87024e-019	2.56284e-015	4.98104e-017	4.00536e-018	2.17387e-021	1.46092e-023	2.73283e-020	1.41069e-015	1.09759e-012	3.36139e-011	5.15722e-010	1.47556e-011	2.70007e-009	1.9918e-010	6.8336e-006	2.03259e-006	1.29347e-006	1.49452e-008	2.24478e-008	6.0168e-010	2.35968e-006	0.0640529	0.0197985	5.31742e-005	0.442657	0.999118	1	1	


1	0.986088	0.987281	0.821562	0.886612	0.993842	0.992949	0.863192	0.708015	0.14462	0.0144384	0.000653676	4.98746e-005	0.000131059	3.66749e-005	1.8668e-005	0.000184223	0.00040319	0.000308216	0.000214785	0.000312793	0.000135372	6.42087e-006	1.5583e-006	8.28854e-008	2.42527e-008	4.22627e-008	3.13057e-009	1.92886e-009	1.38463e-009	1.17745e-008	2.43394e-007	1.58669e-005	
0	0.00884179	0.0120876	0.0320462	0.0325707	0.00418604	0.000484936	0.0011677	0.00261832	0.000962861	0.00218361	0.000237429	0.000150888	0.00130446	8.21455e-006	6.90921e-007	2.32569e-005	5.95333e-006	1.07915e-005	2.70279e-005	4.19954e-005	6.03002e-007	1.24878e-008	7.43193e-010	5.62174e-010	3.50537e-010	1.82718e-010	5.44374e-010	7.86176e-010	2.08795e-011	1.56192e-010	1.38639e-009	3.01008e-007	
0	0.00507001	0.000612399	0.146387	0.0807804	0.00132182	0.00640277	0.135627	0.28815	0.833133	0.932286	0.980246	0.964517	0.727716	0.03789	0.00897564	0.00781514	0.0143621	0.000364273	0.000102069	9.7278e-006	5.47778e-007	2.71405e-009	3.80649e-010	1.93341e-011	1.19513e-011	1.00033e-011	1.60245e-012	9.47657e-012	3.56071e-012	1.93323e-010	5.38087e-008	2.93363e-006	
0	0	6.7456e-006	4.25242e-006	8.34463e-006	2.08067e-005	4.43882e-006	1.18886e-006	0.000105834	0.00136482	0.0378582	0.014806	0.0280726	0.255737	0.0506419	0.0440807	0.0807402	0.00162118	0.000218522	2.88581e-006	3.65876e-005	2.59174e-006	6.68235e-009	3.14463e-012	8.80711e-013	7.769e-015	1.12229e-013	3.19268e-015	6.84616e-015	2.93096e-012	1.75871e-014	8.53871e-012	1.53902e-007	
0	0	1.24997e-005	3.69882e-007	2.82959e-005	0.000628536	0.000158028	1.24857e-005	0.0011114	0.0199158	0.0127135	0.00400221	0.00685315	0.00564061	0.909219	0.93386	0.356855	0.114228	0.00437899	7.97049e-005	1.02746e-005	0.000180095	0.000952369	0.000270693	6.63551e-005	3.00541e-007	5.32476e-009	6.28027e-012	1.28585e-015	4.75516e-014	1.6341e-013	3.90683e-012	1.91726e-008	
0	0	0	1.51904e-008	5.99727e-009	1.20888e-006	1.02125e-006	1.03603e-007	2.29036e-009	3.23942e-006	0.0005205	5.33211e-005	0.0003551	0.0090471	0.000236072	0.010267	0.551229	0.502786	0.872912	0.988989	0.958059	0.559192	0.218349	0.629515	0.78377	0.0669012	0.0124128	0.000825324	2.29225e-005	1.20606e-007	1.49103e-007	1.17851e-009	3.56639e-011	
0	0	0	9.89645e-013	1.29687e-012	7.50809e-012	8.49655e-011	1.13439e-012	2.88564e-013	1.00414e-010	1.41053e-007	5.65218e-007	8.47334e-007	0.0003858	0.000150762	5.7619e-005	0.000998199	0.0365343	0.00595349	0.000971981	0.0230393	0.00539926	0.000628012	0.00033481	0.0025718	0.000118177	2.97058e-005	1.84519e-005	7.34248e-007	7.12356e-009	5.27974e-011	5.81667e-011	1.26803e-012	
0	0	0	0	8.57373e-010	1.56811e-009	2.1892e-007	7.25431e-009	1.21914e-009	3.27024e-011	7.73782e-009	5.73345e-007	5.86194e-007	3.73414e-005	0.0018169	0.00273987	0.00215412	0.330059	0.115853	0.00961258	0.01849	0.435089	0.780065	0.369878	0.213592	0.93298	0.987557	0.999156	0.999976	1	1	1	0.999981	


1	0.994847	0.929433	0.99135	0.963924	0.738305	0.761845	0.658694	0.674249	0.609773	0.892589	0.965387	0.978793	0.984831	0.86398	0.84815	0.973017	0.946337	0.849768	0.959625	0.910041	0.696141	0.153186	0.157392	0.073248	0.128719	0.156069	0.043286	0.030874	0.418091	0.927139	0.962327	0.979143	
0	0.00295594	0.00673735	0.00740771	0.00591589	0.00810506	0.221206	0.339742	0.324104	0.389006	0.0855692	0.0296584	0.00818456	0.00129964	0.117614	0.137295	0.00666569	0.0281391	0.0104615	0.002389	0.00273141	0.128109	0.477637	0.575871	0.115094	0.201016	0.0443629	0.000923295	0.000334841	0.0559781	0.016388	0.026158	0.00575921	
0	0.00219713	0.0635827	0.00105217	0.0300535	0.210478	0.0137705	0.00115651	0.00142474	0.000952586	0.0188263	0.00418645	0.0120265	0.013226	0.018123	0.0141495	0.0195151	0.0246163	0.138709	0.0322766	0.0848458	0.173617	0.36599	0.259262	0.808261	0.62234	0.769226	0.828114	0.767524	0.389387	0.0223439	0.00137012	0.00363395	
0	0	0.000235162	1.63638e-005	8.18003e-005	0.0430391	6.1991e-005	1.96502e-006	7.70731e-006	3.03713e-006	0.00267687	0.000477559	0.000822489	0.000470251	0.000163232	3.48954e-006	0.000121608	0.000450868	0.000112684	0.000114835	0.000384863	0.000305587	0.00272471	0.00204289	0.0014916	0.00873281	0.00362997	0.125657	0.171366	0.00117119	4.26207e-005	1.6698e-005	1.02554e-005	
0	0	1.17065e-005	0.000173332	2.18322e-005	7.29064e-005	0.0029501	5.49245e-005	1.09912e-006	1.81785e-006	1.01667e-006	1.97037e-005	1.8026e-005	9.26393e-005	4.25785e-005	0.000166067	9.55366e-005	0.000270873	0.000768987	0.00527077	0.00136079	0.000812706	0.000294683	0.00517108	0.00165818	0.0389055	0.0263674	0.00195042	0.0298853	0.130788	0.0186448	9.70001e-005	1.71774e-006	
0	0	0	2.68536e-007	2.75998e-006	1.71681e-008	0.00016647	0.000313872	4.08174e-005	6.01911e-005	1.77403e-005	1.44364e-005	5.08931e-006	7.33231e-007	1.06365e-005	1.56099e-005	1.68308e-006	7.1087e-006	1.62847e-005	3.31537e-005	0.000482285	0.000771218	5.81309e-005	9.98971e-006	1.03975e-005	1.00403e-005	9.50692e-005	1.20296e-006	8.34342e-006	0.00435917	0.00210163	0.000976974	8.47612e-006	
0	0	0	2.02055e-014	4.0604e-015	1.11122e-016	1.97878e-013	7.29288e-012	3.05495e-012	1.92211e-010	5.30804e-010	3.43809e-010	3.37523e-011	4.54639e-012	7.69256e-010	5.31261e-009	8.15557e-010	3.47325e-015	5.48313e-011	1.32177e-008	3.19876e-008	2.42391e-009	2.27625e-011	2.05336e-010	9.58e-010	3.78502e-012	2.43114e-008	3.75889e-013	5.17475e-013	8.05074e-009	1.18522e-009	6.90401e-012	1.07322e-009	
0	0	0	0	2.31507e-008	1.33048e-007	1.08178e-007	3.73749e-005	0.000172638	0.000203163	0.000319554	0.000256779	0.000149945	8.01325e-005	6.67442e-005	0.000220662	0.000583468	0.000178847	0.000163703	0.00029071	0.000154069	0.000243953	0.000109694	0.000250504	0.000236413	0.000276115	0.000249611	6.79414e-005	6.85397e-006	0.000225732	0.0133396	0.00905462	0.0114431	


1	0.4855	0.169098	0.368203	0.292566	0.13055	0.02876	0.0140526	0.014414	0.0102729	0.0306314	0.0306588	0.03579	0.00980813	0.00580801	0.00580784	0.00101139	0.000245932	4.79089e-005	9.28526e-007	1.43937e-007	9.56489e-008	7.91045e-008	6.1894e-008	4.32135e-008	3.2696e-008	1.25278e-008	5.49453e-008	5.05059e-008	6.67864e-009	5.16499e-009	1.42833e-009	6.81809e-011	
0	0.399461	0.828913	0.274531	0.470045	0.852058	0.451367	0.140073	0.117612	0.0613352	0.319075	0.4008	0.427874	0.298896	0.257145	0.246419	0.303241	0.0917064	0.0057005	0.000123436	4.15419e-005	3.48514e-005	1.4769e-005	1.71531e-005	5.1769e-006	4.16768e-007	1.14153e-007	1.89511e-007	3.30734e-008	4.04071e-009	3.68779e-009	8.9028e-009	8.17537e-009	
0	0.115039	0.000593781	0.342107	0.213995	0.00284262	0.102518	0.696003	0.698777	0.680811	0.177414	0.0361659	0.00743429	0.0859809	0.00325669	0.141374	0.00250784	0.440668	0.0562676	7.10853e-005	7.05673e-007	3.49e-007	6.18598e-007	4.16327e-007	2.68892e-006	2.10291e-007	1.18825e-009	4.06915e-009	9.53247e-009	8.64033e-009	5.93534e-009	6.3355e-009	1.83931e-011	
0	0	0.0011551	0.0147173	0.00882511	0.00753948	0.411123	0.0398698	0.0234309	0.0186602	0.0517928	0.0174769	0.00447233	0.0013482	0.261261	0.281786	0.000267409	0.22758	0.00220861	5.59868e-007	2.21563e-008	1.81689e-006	3.40621e-005	3.7794e-005	1.35632e-005	7.40488e-007	1.25541e-009	9.56275e-009	9.594e-010	1.37387e-009	1.19562e-009	4.3045e-010	1.34654e-012	
0	0	0.000239395	0.000368012	0.0145589	0.00421227	0.00277292	0.107628	0.0964699	0.148568	0.133994	0.0471827	0.0175989	0.0248367	0.000164903	0.0253333	0.0627035	0.0320892	0.749964	0.905913	0.549495	0.0256231	0.00150311	0.00326116	0.00188668	0.000433846	4.23383e-005	1.52593e-005	6.83219e-006	1.81123e-007	7.16777e-008	3.92736e-008	3.191e-009	
0	0	0	7.30571e-005	4.19508e-006	0.00278456	0.00327143	0.00134021	0.0465057	0.0585999	0.125115	0.111357	0.026283	0.00026515	0.0851619	0.0237885	0.00298507	0.00191932	1.03914e-005	8.73928e-005	0.00229835	0.264707	0.454578	0.232675	0.00664513	0.00153396	0.000126438	2.59488e-005	1.00998e-006	2.29735e-006	5.4289e-007	2.7972e-007	2.51581e-008	
0	0	0	3.6336e-007	1.10195e-007	3.51675e-006	1.9458e-006	6.22977e-005	7.25876e-005	0.00586579	0.0389391	0.052255	0.00966203	0.00434777	3.07679e-005	0.000853863	0.0992076	6.27901e-005	0.00022781	0.0588463	0.196639	0.00310299	6.89573e-005	0.0710973	0.00205018	2.03137e-005	7.2333e-005	1.3429e-007	3.13571e-008	7.45085e-010	1.5573e-008	6.25712e-010	2.97469e-008	
0	0	0	0	5.23076e-006	8.63167e-006	0.000185928	0.000972145	0.00271836	0.0158866	0.123038	0.304104	0.470886	0.574517	0.387172	0.274637	0.528076	0.205729	0.185573	0.0349576	0.251525	0.70653	0.5438	0.692911	0.989397	0.99801	0.999759	0.999958	0.999992	0.999998	0.999999	1	1	


1	0.592047	0.983936	0.399978	0.932155	0.978138	0.82362	0.384856	0.0679243	0.00134255	0.00027932	7.71686e-005	1.20973e-005	2.59339e-006	4.52751e-007	1.75192e-005	3.78984e-006	5.91431e-006	8.72138e-006	2.43401e-006	5.34726e-007	4.42245e-007	3.441e-007	9.50194e-008	9.50144e-008	3.457e-008	8.68821e-009	1.38165e-008	1.34315e-008	2.39411e-009	9.38142e-010	6.94406e-010	8.24744e-011	
0	0.392866	0.00553877	0.559464	0.0529279	0.00422166	0.144352	0.409876	0.250175	0.011976	0.00534841	0.0049309	0.000505203	6.74393e-005	5.49542e-005	0.00346351	5.03627e-005	0.000210623	4.5599e-006	1.03647e-008	3.52059e-009	3.64897e-009	5.90627e-009	2.1371e-009	6.47593e-010	9.93241e-010	3.31049e-011	2.36204e-010	1.63908e-009	4.51498e-009	4.51125e-010	3.26967e-009	6.63503e-011	
0	0.0150869	0.00858491	0.0388359	0.00938983	0.00225166	0.0193058	0.135096	0.0730882	0.00652832	6.48021e-005	1.82247e-005	1.11037e-006	9.48112e-006	5.98946e-007	6.19345e-005	2.56783e-005	1.17344e-005	7.424e-005	7.25108e-006	6.72944e-007	8.66348e-009	3.27031e-010	9.30439e-009	3.10642e-009	1.44719e-010	1.52613e-010	3.0694e-012	7.67942e-011	3.60348e-010	1.45804e-010	2.16933e-010	3.3672e-011	
0	0	0.000252031	0.00133453	0.00464579	0.000162767	0.000628529	0.063959	0.605486	0.979263	0.13109	0.021647	0.00102084	5.78574e-006	1.29914e-008	2.26692e-005	2.08981e-005	5.77261e-006	9.96433e-006	2.01195e-005	3.23328e-007	6.35192e-009	7.76368e-011	2.81219e-012	3.16101e-011	4.53077e-013	3.84553e-014	1.73173e-014	4.20159e-015	8.96728e-013	1.87702e-011	2.98317e-010	7.74865e-010	
0	0	0.00168813	0.000373196	0.000877053	0.00510528	3.80787e-005	1.28146e-005	0.000300307	0.000696129	0.862767	0.967025	0.993281	0.991486	0.0354275	0.0490526	0.0587317	0.0185822	0.0220021	0.0131884	0.00914524	0.000246633	5.64375e-005	3.38748e-006	7.50704e-007	1.08348e-007	1.30637e-009	4.21445e-009	6.36001e-009	3.60457e-011	1.01611e-012	5.66029e-013	9.86292e-012	
0	0	0	1.27772e-005	7.18612e-007	0.010084	0.00503162	1.3698e-006	3.26068e-006	2.17113e-006	0.000392643	0.00583378	0.00451136	0.0081662	0.960514	0.0847167	0.00145727	9.48616e-005	0.000193401	4.59694e-005	0.00191729	0.0034611	0.0152656	0.00215165	0.000247857	0.000304544	0.000237777	0.000684064	0.000258555	0.000130147	1.59342e-008	7.11144e-011	5.26082e-012	
0	0	0	2.25933e-006	2.65662e-006	3.13591e-005	0.00550415	0.000997389	3.90949e-005	2.53579e-007	1.75866e-007	0.000431604	0.000600786	0.000105289	0.00386859	0.345817	0.0244412	0.000419292	1.10619e-005	3.16455e-005	6.79569e-005	0.00446524	0.00549373	0.00167449	8.76566e-005	0.000314462	0.00154247	0.000399898	0.000301809	6.77607e-005	8.49971e-006	4.13804e-007	3.83973e-008	
0	0	0	0	8.05027e-007	5.46102e-006	0.0015202	0.00520194	0.00298353	0.000191154	5.71027e-005	3.66333e-005	6.78953e-005	0.000157262	0.0001343	0.516849	0.915269	0.98067	0.977696	0.986704	0.988868	0.991827	0.979184	0.99617	0.999664	0.999381	0.99822	0.998916	0.99944	0.999802	0.999991	1	1	


1	0.970779	0.3326	0.431204	0.759471	0.43241	0.121224	0.114363	0.651966	0.384931	0.347611	0.322862	0.0979745	0.00521939	0.000104297	3.23328e-006	6.26287e-008	6.44395e-009	3.24298e-011	1.26091e-013	2.59287e-015	1.68019e-016	6.51182e-018	2.37554e-019	2.11741e-021	1.88051e-022	2.90574e-024	2.54171e-025	4.8294e-026	1.8948e-026	6.4395e-027	1.09929e-025	5.00438e-025	
0	0.0272419	0.666786	0.56426	0.0520794	0.543873	0.870803	0.0759644	0.0583287	0.0241916	0.0224441	0.0269054	0.015538	0.000125632	0.000197302	1.36282e-006	1.44133e-008	3.12753e-010	2.52966e-012	1.36213e-014	1.37519e-015	1.0477e-015	6.58897e-016	1.80852e-017	4.84931e-019	1.50103e-019	1.05949e-020	1.13777e-021	4.22011e-023	1.24704e-022	4.54575e-023	2.20944e-023	1.06803e-022	
0	0.00197892	4.77677e-006	0.00448167	0.186744	1.26898e-005	0.00680472	0.809495	0.141712	0.374575	0.101014	0.0203159	0.000781345	0.000900487	3.35872e-007	0.000274196	1.5009e-005	2.16998e-006	1.35952e-008	2.86089e-010	6.87392e-013	6.13256e-015	7.25274e-019	2.95407e-018	2.23063e-020	5.0312e-023	5.54564e-023	2.81491e-025	1.19047e-025	7.89945e-026	6.20835e-023	1.66411e-022	2.1414e-023	
0	0	0.000574734	4.7358e-005	0.00048889	0.0227338	0.000879449	3.00355e-005	0.141594	0.119762	0.319223	0.412384	0.701433	0.166912	0.021301	0.00286832	0.00058914	9.68508e-005	1.038e-005	3.05667e-007	3.07649e-007	8.61968e-007	1.0889e-006	1.41225e-007	6.74536e-008	8.33938e-010	1.13281e-011	2.09057e-012	8.26273e-014	5.74531e-015	2.04102e-016	3.15278e-016	1.08188e-015	
0	0	3.4324e-005	2.75737e-006	0.00121363	0.000757511	0.000160156	0.000136263	0.0063795	0.0914269	0.186064	0.169115	0.0896486	0.773955	0.00770432	0.0174209	0.0126794	0.0104106	0.0114501	0.0103924	0.00574628	0.00143863	0.000107663	0.000351134	0.000684123	1.11465e-005	5.36763e-007	2.59634e-008	1.25332e-009	1.17981e-011	8.98289e-012	8.79941e-012	4.45021e-012	
0	0	0	4.35998e-006	8.09977e-008	0.000210123	0.000125119	1.34174e-006	1.53802e-005	0.00504267	0.0220584	0.0437466	0.0906589	0.000230939	0.969611	0.0255431	0.00032053	0.00039028	6.77741e-007	7.23936e-007	2.9157e-005	0.0166406	0.40101	0.0328526	0.00141666	0.000104183	1.76817e-007	1.44301e-008	1.72273e-010	4.68203e-010	2.40572e-011	5.12608e-012	1.35258e-012	
0	0	0	1.87385e-009	2.72689e-006	1.03054e-007	1.5419e-006	1.03023e-005	1.88217e-006	7.04464e-005	0.00158351	0.00465426	0.00392786	0.052609	0.000911056	0.953682	0.984284	0.981911	0.984836	0.987258	0.982368	0.739851	0.0304922	0.390615	0.375725	0.0039777	0.000283602	3.53738e-006	1.20884e-007	1.64759e-009	9.0814e-010	1.47774e-009	7.62115e-010	
0	0	0	0	9.98783e-008	1.98115e-006	1.74142e-006	5.37089e-007	1.2294e-006	1.96958e-007	2.4224e-006	1.67823e-005	3.81573e-005	4.67169e-005	0.000170746	0.000206949	0.00211174	0.00718944	0.0037025	0.00234842	0.0118564	0.242069	0.56839	0.576181	0.622174	0.995907	0.999716	0.999996	1	1	1	1	1	


1	0.740052	0.789923	0.199114	0.309458	0.412406	0.416703	0.0305103	0.00405393	0.000121954	2.85649e-005	4.17177e-006	3.35753e-006	5.70514e-007	1.45817e-006	1.00976e-007	5.12995e-010	7.07725e-011	3.19428e-013	2.18956e-015	1.36592e-017	6.61833e-018	1.85626e-018	3.56155e-021	1.24394e-023	2.90657e-024	1.81622e-025	8.52708e-026	1.72029e-026	2.43678e-027	4.84677e-027	4.03101e-027	8.21834e-027	
0	0.259911	0.209527	0.80017	0.690483	0.587548	0.583293	0.969432	0.995364	0.995427	0.224642	0.0496665	0.0080543	0.00228792	8.26193e-005	1.01066e-007	4.13182e-009	3.3644e-011	2.68618e-013	6.82733e-014	2.84676e-015	4.91545e-017	9.34126e-020	2.90828e-022	6.07154e-026	2.55205e-026	1.09593e-026	3.76334e-029	1.72475e-028	8.99324e-029	4.96516e-028	7.56097e-027	3.52249e-025	
0	3.69275e-005	0.000548321	0.000716604	5.73798e-005	2.72321e-005	1.00852e-006	5.78483e-005	0.000582155	0.0044509	0.775198	0.947026	0.877009	0.961196	0.00332783	4.56676e-006	8.61328e-008	3.79007e-012	3.26133e-015	1.37273e-015	8.78351e-017	2.4312e-020	1.37629e-022	3.25666e-026	6.82987e-028	5.03237e-030	1.02602e-030	2.30555e-030	1.66387e-031	1.2027e-032	3.18347e-032	1.20959e-030	5.38741e-027	
0	0	1.86166e-006	5.05721e-008	1.97573e-006	1.79344e-005	2.6248e-007	1.65372e-009	2.35929e-008	3.18199e-007	0.000130876	0.00329323	0.114084	0.0361596	0.180565	3.82334e-005	1.16298e-009	2.65511e-011	1.90786e-015	1.06184e-018	1.20354e-018	1.81619e-018	5.13242e-019	9.51353e-025	2.59811e-027	7.41199e-031	6.38732e-034	9.73221e-032	2.48937e-034	5.4364e-035	4.87261e-035	1.42764e-034	2.90508e-032	
0	0	3.24384e-014	3.77359e-009	7.62452e-010	7.6326e-008	2.7819e-006	1.57536e-008	4.92014e-010	3.90299e-010	3.93749e-008	1.04307e-005	0.000848534	0.000280724	0.814608	0.561464	0.000479459	0.000167664	5.54032e-008	5.85161e-012	8.97201e-016	4.33783e-015	6.28791e-014	1.28425e-015	3.01107e-018	1.25595e-019	1.21628e-022	4.56268e-024	1.0715e-026	1.54206e-028	1.19617e-029	7.55916e-031	2.02443e-032	
0	0	0	5.05553e-014	4.64838e-012	1.86565e-011	8.8404e-012	5.54406e-012	3.1657e-014	7.23832e-014	4.07529e-011	1.85732e-009	9.98358e-007	6.39581e-005	0.00140992	0.438283	0.951697	0.998601	0.274492	0.0983975	0.0115687	0.0208307	0.00830678	5.52858e-005	1.8662e-007	1.74757e-011	6.82537e-015	1.3716e-017	7.23804e-022	4.32852e-026	4.33879e-028	1.14063e-031	2.89975e-033	
0	0	0	7.94926e-019	3.08865e-012	6.31447e-011	2.37943e-011	9.53441e-012	7.88295e-014	3.57308e-015	1.54051e-014	4.80347e-013	1.81117e-009	1.13165e-005	6.21031e-007	0.000210053	0.0478199	0.000608019	0.7255	0.900657	0.986401	0.870572	0.735038	0.999089	0.998964	0.210234	0.909229	0.429972	0.013338	3.75038e-005	8.74889e-007	1.08292e-010	1.73621e-011	
0	0	0	0	9.42714e-017	2.12828e-012	2.32989e-011	2.0081e-012	1.17794e-012	8.03384e-014	8.05517e-015	5.67558e-015	1.19296e-012	8.14305e-010	5.3448e-006	1.08257e-007	3.09244e-006	0.000623011	7.73682e-006	0.000945668	0.00203034	0.108597	0.256656	0.000855851	0.00103625	0.789766	0.0907713	0.570028	0.986662	0.999962	0.999999	1	1	


1	0.575061	0.201162	0.0817742	0.318127	0.127069	0.524538	0.554327	0.709496	0.474883	0.497751	0.42076	0.393841	0.324387	0.641545	0.171632	0.00932608	0.00263313	4.98908e-005	2.58072e-006	3.01156e-007	5.4891e-008	1.31932e-008	9.68422e-010	7.04955e-011	6.62793e-011	4.85266e-011	1.89137e-010	3.38966e-010	5.82877e-010	8.04417e-010	7.524e-009	6.76561e-008	
0	0.421538	0.798774	0.875856	0.539908	0.872832	0.469637	0.385288	0.225858	0.08934	0.0519808	0.0309576	0.00805813	0.504993	0.0782977	0.00273922	0.0414131	0.000963689	0.000234796	0.000305648	0.000486449	3.48823e-006	4.46582e-008	1.33366e-008	1.29144e-009	6.42943e-010	3.31177e-009	3.98915e-009	7.44329e-009	9.7915e-009	1.55646e-008	2.53582e-008	1.29975e-006	
0	0.00340085	6.42782e-005	0.0423696	0.141965	9.8214e-005	0.00582562	0.0603842	0.0646454	0.435648	0.438224	0.533699	0.59627	0.0880255	0.00846614	0.00249712	0.000560816	0.000641039	3.51226e-005	0.000428814	0.000778734	3.22672e-005	3.07962e-009	1.23122e-011	5.039e-013	2.55643e-013	1.30064e-012	4.11237e-013	1.93472e-011	9.15551e-012	2.44504e-009	6.26692e-009	3.45569e-008	
0	0	8.92233e-008	4.95501e-011	1.0502e-007	7.16927e-008	1.04848e-009	3.72281e-008	4.84233e-007	3.74964e-005	0.0119269	0.0144832	0.00177202	0.0821269	0.00187649	2.39718e-005	3.0296e-005	1.0849e-006	1.61291e-007	6.59351e-009	1.11297e-005	9.96782e-007	1.15e-008	1.76728e-011	4.87696e-013	9.00779e-019	2.18836e-018	9.26871e-017	1.01387e-018	1.00223e-015	3.89198e-016	5.6102e-012	2.29463e-011	
0	0	3.01984e-010	4.89178e-010	1.23156e-008	1.95304e-007	1.31546e-008	2.2426e-008	3.34292e-007	9.12825e-005	7.6766e-005	5.28406e-005	3.6893e-005	0.000466974	0.0230098	0.000651613	2.80776e-007	1.75097e-006	1.40306e-008	5.63668e-011	1.1098e-008	1.11623e-007	1.17274e-007	6.77991e-010	3.63124e-011	6.4038e-015	2.56488e-019	3.50448e-018	2.47727e-019	2.17014e-014	6.8699e-018	4.25077e-014	3.02811e-014	
0	0	0	3.26652e-013	1.76089e-012	2.57782e-012	3.3576e-009	1.24295e-010	2.06053e-010	3.48499e-007	4.00365e-005	4.76884e-005	2.16049e-005	5.05057e-008	0.246804	0.644801	0.000347072	0.000126972	5.65924e-009	3.61984e-012	9.85397e-015	2.46172e-009	3.58324e-008	5.67879e-009	1.11422e-011	1.25126e-013	3.78346e-017	5.41228e-020	2.42004e-021	9.7501e-022	2.93234e-016	7.50514e-018	2.58202e-017	
0	0	0	3.78881e-022	3.88849e-016	4.47722e-016	4.34799e-015	1.541e-013	2.82101e-015	6.99408e-014	7.20376e-010	4.97782e-008	1.14536e-007	2.40997e-007	1.85334e-007	0.176566	0.927698	0.845521	0.700721	0.693829	0.367376	0.188421	0.0390697	0.0108195	0.000252983	8.94514e-008	1.0643e-009	3.62345e-012	1.63167e-015	1.31485e-018	1.29416e-020	1.08566e-019	2.7843e-020	
0	0	0	0	5.49768e-015	3.0336e-015	8.2233e-014	1.01223e-011	3.42875e-012	1.94669e-012	1.26237e-010	1.3996e-008	3.21953e-008	1.3106e-007	5.46612e-008	0.00108916	0.020624	0.150111	0.298959	0.305433	0.631347	0.811542	0.96093	0.98918	0.999747	1	1	1	1	1	1	1	0.999999	


1	0.796927	0.721744	0.669147	0.232817	0.0462295	0.884596	0.906265	0.801759	0.691254	0.0337125	0.000702305	1.58485e-005	7.1699e-006	3.72787e-006	1.24504e-005	3.30068e-007	1.78374e-008	3.52134e-010	3.5973e-012	4.7564e-014	1.40151e-015	1.06044e-016	2.4314e-017	5.78066e-018	2.7502e-017	4.25362e-017	5.96756e-017	9.09246e-017	1.752e-015	5.08421e-015	1.96197e-014	4.56475e-014	
0	0.14597	0.0241677	0.0277817	0.0617564	0.00122745	0.0252184	0.0523378	0.0530164	0.0564093	0.0321686	0.00308374	0.000339648	0.00033411	0.000352943	0.0204927	0.000761339	0.00100144	6.92062e-006	4.83495e-008	3.72567e-011	2.06131e-013	3.71633e-015	1.86601e-016	9.01098e-018	8.23657e-018	9.39052e-019	2.77258e-017	3.43744e-017	1.82647e-016	5.36335e-015	7.62382e-014	4.61631e-014	
0	0.057103	0.253887	0.291877	0.704409	0.952187	0.0757669	0.0340273	0.140669	0.104289	0.762086	0.78956	0.933016	0.940279	0.970969	0.129082	0.0059514	0.000363025	1.2686e-006	2.99864e-008	8.52345e-010	2.01304e-012	1.08263e-014	5.52059e-017	9.31309e-020	1.53279e-018	5.8592e-019	3.2912e-017	3.5036e-016	8.28466e-018	3.87134e-017	2.24746e-014	1.69161e-013	
0	0	0.000177155	8.00715e-006	4.23474e-005	0.000289001	0.00046903	4.89636e-007	7.08686e-008	3.42823e-007	2.18757e-007	7.48304e-007	2.26376e-006	0.000294129	0.00250683	0.00256555	1.30327e-005	2.40304e-007	8.89108e-008	1.78047e-010	1.3262e-011	1.08071e-013	6.69679e-016	9.99181e-018	8.95228e-020	3.39143e-020	1.13476e-019	2.68734e-020	3.53951e-018	1.16851e-018	8.79904e-021	7.55178e-022	2.16691e-018	
0	0	2.38557e-005	0.0111858	0.000967962	6.71728e-005	0.0139483	0.00736957	0.00455548	0.148047	0.171956	0.206633	0.0664411	0.0581698	0.0219158	0.531872	0.0649623	5.83313e-005	1.56857e-007	3.91848e-009	1.97961e-010	7.95808e-013	2.51505e-016	8.25425e-019	6.27548e-021	2.29259e-023	1.27724e-021	9.95864e-023	1.40956e-020	2.01614e-018	3.32864e-019	1.51155e-017	6.55937e-014	
0	0	0	5.15226e-010	7.35316e-006	1.4795e-007	8.97313e-007	3.78209e-007	1.93695e-007	1.08779e-006	7.57191e-005	1.96298e-005	0.000184859	0.000853132	0.00193478	0.023283	1.42959e-005	0.0103627	3.57578e-005	6.84709e-010	2.02437e-013	7.97992e-013	1.3223e-012	1.05036e-014	1.7733e-014	2.77393e-016	1.15777e-019	7.96309e-020	4.27885e-022	8.60911e-023	4.2875e-021	1.70497e-022	3.38944e-022	
0	0	0	2.95438e-041	6.95758e-016	1.54129e-012	7.06586e-013	3.23833e-013	1.48402e-013	1.75044e-011	5.66601e-011	9.91758e-010	3.30718e-010	9.56053e-008	8.43688e-006	0.000411814	6.44585e-005	3.05923e-007	1.32788e-006	8.82202e-009	2.78374e-011	2.04307e-013	3.40077e-015	4.38441e-017	2.08786e-018	3.49265e-020	6.91073e-022	1.45003e-024	1.24129e-025	3.37594e-027	1.82523e-027	3.85458e-026	1.55814e-027	
0	0	0	0	1.48512e-011	4.71418e-008	5.13431e-008	2.32026e-008	9.57301e-009	5.03259e-008	4.03468e-008	7.67244e-007	2.3594e-007	6.26112e-005	0.00230817	0.29228	0.928233	0.988214	0.999954	1	1	1	1	1	1	1	1	1	1	1	1	1	1	


1	0.0859364	0.454425	0.0276752	0.0230466	0.00823745	0.000792159	1.64609e-005	1.13374e-007	7.15441e-010	4.97941e-011	4.74036e-013	7.96147e-015	1.83081e-015	3.5355e-017	9.28997e-019	3.82377e-020	1.39418e-022	4.75937e-024	1.26127e-025	1.57793e-027	6.10661e-028	8.64178e-029	1.87595e-030	7.98627e-032	1.64692e-033	1.07154e-033	4.42566e-035	6.72711e-038	2.43127e-039	5.31438e-039	1.89803e-040	6.00498e-041	
0	9.76815e-005	2.70129e-005	1.48459e-006	2.67286e-005	5.87789e-007	3.80933e-006	1.14349e-008	3.9348e-011	6.66235e-012	6.70197e-014	8.60058e-016	5.64891e-017	3.51512e-019	1.13679e-019	1.01814e-017	1.35153e-017	5.1113e-018	1.17066e-016	1.16595e-016	1.4721e-018	3.56662e-018	2.71455e-019	2.12719e-020	2.31041e-022	2.56377e-027	4.19324e-030	2.08962e-035	3.72119e-042	2.23473e-043	4.72789e-041	2.75877e-044	3.66476e-044	
0	0.913966	0.545402	0.968044	0.972151	0.991424	0.99912	0.998418	0.999212	0.98759	0.166744	0.0071251	0.000275354	2.96998e-005	9.50154e-006	1.70372e-007	4.43053e-009	6.1016e-010	6.51899e-012	7.4924e-014	1.99128e-015	1.38798e-014	5.92164e-014	3.02397e-015	6.24133e-017	3.26421e-018	2.72764e-019	1.68463e-021	2.78133e-024	5.82446e-025	2.67064e-024	5.38529e-024	9.59871e-025	
0	0	0.000142903	0.00427915	0.00475574	0.00029016	8.1348e-005	0.00156571	0.000787557	0.0124053	0.83324	0.992702	0.999373	0.993129	0.929954	0.940795	0.17719	0.340693	0.00117189	2.76957e-006	3.22391e-009	6.47074e-010	1.15417e-010	9.27e-013	3.2047e-016	5.62934e-019	2.59072e-022	7.28084e-023	1.10394e-025	1.08136e-027	9.33487e-027	1.69889e-026	9.56087e-028	
0	0	3.17164e-006	5.77964e-007	1.94876e-005	4.71424e-005	2.37404e-006	2.4854e-007	4.3351e-007	4.69847e-006	1.62791e-005	0.000172551	0.000350656	0.00668475	0.0700337	0.0591043	0.80163	0.658036	0.343767	0.13017	0.0305782	0.207528	0.143198	0.0099663	3.24598e-005	1.04725e-008	9.37247e-011	4.55352e-015	6.13333e-020	1.00337e-022	8.66798e-024	2.62879e-026	1.82488e-028	
0	0	0	1.28834e-008	1.4671e-008	1.12899e-006	1.47807e-008	1.73575e-009	1.04106e-010	9.76359e-010	5.24205e-008	1.73919e-008	7.32274e-007	0.000156123	2.4798e-006	0.000100391	0.0211786	0.00125743	0.65506	0.868512	0.957735	0.770172	0.83754	0.989103	0.996889	0.0423752	0.0263991	0.00126691	3.31469e-006	1.00608e-008	2.1588e-009	4.3177e-012	1.17931e-013	
0	0	0	2.71106e-010	3.62792e-010	1.03324e-009	2.74509e-009	3.32902e-011	2.80655e-012	1.17615e-013	2.99708e-012	2.66454e-011	8.53688e-011	4.48468e-007	2.98507e-007	1.06211e-009	8.45263e-007	1.35122e-005	9.80774e-007	0.00131239	0.0116659	0.021356	0.0183713	0.000898028	0.00307352	0.957546	0.925142	0.98711	0.998671	0.969914	0.514454	0.0202066	0.000162901	
0	0	0	0	1.36755e-010	1.22042e-009	4.7953e-010	3.35691e-010	9.61081e-011	6.49958e-012	1.57602e-012	4.10707e-013	3.19842e-013	1.76192e-010	2.33923e-009	5.43923e-011	1.23955e-009	5.35028e-008	1.67498e-008	2.9053e-006	2.11898e-005	0.00094374	0.000891163	3.30476e-005	5.46527e-006	7.85866e-005	0.0484593	0.0116233	0.00132543	0.0300859	0.485546	0.979793	0.999837	


1	0.989747	0.479835	0.995795	0.940869	0.395809	0.996379	0.998893	0.996736	0.948275	0.555483	0.11732	0.190934	0.0723903	0.0114157	0.00013261	6.54104e-006	5.85508e-006	2.45442e-007	3.70264e-009	2.29089e-010	1.82407e-010	9.93058e-011	3.23701e-012	7.39164e-014	4.16047e-014	1.77154e-014	9.08957e-015	1.82619e-014	1.34867e-013	3.0962e-013	1.94425e-011	2.29405e-010	
0	0.0101495	0.518185	0.00053033	0.0586738	0.601669	0.00141285	1.65099e-005	0.000191779	3.23223e-005	0.0856497	0.00432061	0.0590508	0.00465472	0.0033519	1.79561e-005	2.72685e-007	1.63268e-007	2.0885e-008	1.12246e-011	2.89928e-012	8.79422e-011	2.74582e-009	2.51145e-011	2.96418e-011	2.00746e-012	9.59399e-014	2.73065e-011	5.84441e-012	8.21861e-014	1.34773e-014	7.54184e-015	9.7081e-013	
0	0.000103922	0.00197791	0.000302353	0.000415645	0.0025196	0.000821476	6.35815e-006	1.6148e-005	1.1752e-005	0.00079666	0.000265582	0.000486421	0.000763015	0.00077921	7.11973e-007	1.78628e-008	1.58522e-008	1.48624e-010	7.91381e-013	4.48521e-013	3.71227e-012	5.27616e-011	3.59965e-012	1.25357e-013	5.67924e-013	2.53518e-014	1.127e-013	3.28873e-012	2.61672e-013	6.77949e-015	1.60402e-015	1.15842e-014	
0	0	2.07114e-006	0.00325221	1.16854e-005	2.28008e-006	0.00138349	5.66238e-005	1.32984e-006	5.29195e-007	1.70542e-008	1.28588e-005	1.68606e-006	0.000222735	2.71255e-006	8.45049e-007	4.22014e-008	3.48655e-009	8.32012e-011	3.8236e-012	1.63665e-014	3.15644e-015	1.50167e-013	2.00254e-013	2.1864e-015	1.61316e-013	2.61281e-015	1.66749e-016	1.65827e-013	1.67434e-012	1.06485e-013	1.15969e-013	8.11502e-015	
0	0	3.85655e-008	0.000120401	2.99591e-005	7.52232e-008	3.29857e-006	0.00102708	0.00304816	0.0512017	0.304942	0.767935	0.557848	0.790321	0.00538691	9.24987e-005	0.000106003	1.30442e-005	6.89684e-007	9.20107e-008	9.47044e-009	2.09418e-010	5.81585e-013	3.95499e-015	3.44393e-016	1.88017e-018	1.18108e-016	1.20547e-018	9.35897e-018	2.42534e-014	2.47033e-013	4.76217e-011	6.06734e-009	
0	0	0	1.78552e-010	5.38293e-010	1.24415e-009	3.02252e-011	1.39568e-009	6.60452e-006	0.000478923	0.0530801	0.10903	0.180135	0.122256	0.153122	0.00199634	1.36032e-005	1.37919e-005	1.80427e-008	9.65218e-013	1.12177e-010	1.41157e-010	1.63521e-010	3.10845e-014	3.86661e-016	2.54838e-020	8.54917e-025	1.22791e-020	1.27668e-023	4.341e-019	1.01105e-018	8.45241e-014	7.48759e-013	
0	0	0	2.37385e-015	2.00155e-011	9.0685e-012	8.335e-013	8.66433e-014	2.62303e-011	3.49186e-008	4.86958e-005	0.00111656	0.0115295	0.00450915	0.825925	0.996751	0.24058	0.723863	0.0325641	0.000106724	6.55396e-007	8.73187e-006	0.000284679	0.000484019	0.000141489	2.17128e-006	2.80963e-008	3.68411e-009	4.74447e-011	3.82217e-012	4.18793e-013	9.62313e-015	1.33655e-016	
0	0	0	0	3.73693e-017	1.36722e-013	7.70422e-014	5.8542e-015	3.98967e-016	6.40252e-013	1.18611e-010	4.9156e-008	1.42531e-005	0.00488349	1.7392e-005	0.00100782	0.759293	0.276104	0.967435	0.999893	0.999999	0.999991	0.999715	0.999516	0.999859	0.999998	1	1	1	1	1	1	1	


1	0.995064	0.99969	0.941986	0.999683	0.999928	0.998889	0.958958	0.94081	0.131453	0.0105644	0.000924461	0.000137299	2.55113e-005	1.97406e-006	2.54909e-008	5.39007e-009	1.22157e-008	2.40685e-011	1.01429e-013	7.28764e-015	7.43841e-015	1.24322e-015	3.73357e-016	7.23957e-017	9.54632e-018	1.91524e-017	2.82755e-018	4.6646e-019	1.69655e-019	5.40733e-019	2.49135e-018	3.91273e-017	
0	0.0049023	0.000304942	0.0579812	0.000164149	6.29373e-005	0.00107051	0.0410131	0.0589229	0.863781	0.710768	0.885452	0.644543	0.965691	0.00507524	8.51661e-005	3.77665e-005	7.44371e-006	1.71266e-009	5.08786e-012	2.60404e-014	1.92125e-016	7.11017e-018	1.32699e-018	2.70132e-019	1.0758e-020	4.11616e-021	1.48278e-021	6.31681e-022	3.9877e-021	6.28553e-023	4.46706e-020	2.49183e-018	
0	3.3655e-005	4.71839e-006	3.28712e-005	0.000152269	8.35411e-006	4.08843e-005	2.89443e-005	0.000267019	0.00476568	0.278409	0.110071	0.341891	0.0310837	0.844095	0.749986	0.0185277	0.14206	1.29614e-005	2.57701e-010	2.7761e-013	2.11e-013	8.89805e-014	4.16762e-016	4.61095e-017	4.38036e-020	1.78657e-023	1.50022e-022	2.9929e-024	7.02982e-023	1.06896e-023	3.19228e-023	2.63724e-021	
0	0	2.68288e-007	2.57904e-010	9.69531e-007	6.01118e-007	3.8467e-009	5.5343e-010	4.02597e-009	2.58032e-008	0.000259054	0.00355256	0.0134282	0.00317062	0.150819	0.247418	0.0164534	0.146308	7.69737e-005	2.64474e-009	9.02943e-012	8.43459e-011	9.2828e-010	7.49505e-010	3.70467e-010	2.63955e-012	4.72928e-014	2.53674e-014	2.02817e-016	1.99647e-019	7.84518e-021	9.2842e-024	9.48246e-026	
0	0	7.33927e-015	4.91109e-011	4.02438e-014	1.87312e-010	2.17787e-009	1.47718e-012	4.87352e-014	1.4966e-013	1.16586e-014	2.61673e-010	3.63055e-009	8.08944e-007	8.22405e-006	4.43137e-005	0.0015901	0.00831571	2.68967e-006	7.47616e-010	1.253e-012	2.50815e-013	2.46718e-013	1.62239e-012	3.13093e-014	8.43554e-014	3.70024e-015	8.93855e-019	3.02359e-018	4.52193e-019	7.34203e-022	1.57897e-023	1.63447e-026	
0	0	0	1.31018e-011	1.66855e-013	9.46638e-011	3.69482e-011	5.16441e-012	4.7685e-014	4.77526e-013	1.72495e-012	5.54488e-009	1.62743e-007	2.85656e-005	1.09942e-008	0.00246628	0.962638	0.174953	0.992857	0.982406	0.345249	0.00821214	1.54327e-005	2.141e-005	8.40838e-006	1.413e-009	3.93352e-010	1.21914e-013	8.06699e-018	1.25251e-020	4.59581e-021	4.9704e-024	4.42486e-023	
0	0	0	1.42816e-022	7.73379e-013	9.40892e-014	1.35168e-013	4.26446e-014	1.41011e-014	4.90378e-017	4.69181e-016	1.32707e-015	3.85639e-011	4.3105e-008	4.18797e-009	9.74237e-012	0.00071344	0.0117292	0.00398063	0.0174899	0.652739	0.366549	0.0333678	0.00931189	0.0411117	0.0200837	0.182939	0.389221	0.345053	0.00783992	0.000441846	7.24899e-006	1.10594e-005	
0	0	0	0	1.92992e-013	7.09418e-014	1.34415e-012	3.77688e-013	1.8907e-013	3.53368e-014	2.49611e-015	2.97927e-015	4.16564e-011	2.13746e-009	2.80111e-007	3.76804e-008	4.00017e-005	0.516627	0.00306933	0.00010431	0.0020116	0.625239	0.966617	0.990667	0.95888	0.979916	0.817061	0.610779	0.654947	0.99216	0.999558	0.999993	0.999989	


1	0.223582	0.195189	0.0168416	0.0805496	0.127726	0.0156096	0.000572974	2.10441e-005	8.50059e-008	2.53784e-009	6.6059e-011	9.694e-012	2.03805e-012	1.79174e-013	1.49922e-014	8.0292e-017	1.77265e-017	2.09859e-018	9.27125e-020	5.14583e-021	3.151e-022	4.9589e-023	5.8326e-024	1.282e-024	3.22529e-025	2.55021e-025	8.98112e-026	2.5967e-026	1.19606e-026	6.93691e-026	3.86312e-025	5.78759e-024	
0	0.364623	0.798233	0.135494	0.542308	0.737603	0.359306	0.0183601	0.000571455	3.77676e-006	1.93036e-007	1.25294e-008	2.16251e-009	1.17768e-009	1.18221e-010	6.53932e-012	1.32115e-013	3.18409e-014	2.84484e-015	2.19646e-016	1.4394e-017	4.72547e-019	3.96925e-020	5.48678e-021	1.64651e-022	5.55463e-023	1.85129e-023	2.73868e-024	6.7063e-025	8.30692e-025	3.20002e-024	6.53324e-023	1.32606e-021	
0	0.411795	0.00278308	0.846872	0.343044	0.129296	0.618636	0.942092	0.932367	0.266907	0.00250339	7.873e-005	1.0969e-006	2.12391e-008	1.72337e-009	7.89232e-012	2.05941e-014	1.87742e-014	5.3021e-017	5.13706e-018	2.76028e-019	4.93994e-020	3.95631e-021	4.11795e-022	1.18725e-024	1.20531e-024	2.36264e-025	1.99933e-027	1.47411e-026	7.26564e-025	4.99537e-024	1.04767e-021	9.79714e-021	
0	0	0.00379346	0.00078692	0.0340853	0.00405546	0.00643196	0.0389568	0.0667895	0.730843	0.538381	0.421517	0.434284	0.228504	0.0137194	0.0124981	0.00317664	0.000622077	0.000108659	4.69212e-005	3.37878e-006	7.18058e-008	1.30824e-009	4.81432e-011	3.16026e-013	3.34805e-016	1.62487e-018	2.14411e-022	8.07389e-026	1.50516e-026	4.06878e-026	5.25121e-023	1.04333e-019	
0	0	2.02765e-006	5.58641e-006	1.19224e-005	0.00131126	1.13992e-005	1.83238e-005	0.000250335	0.00224204	0.458623	0.553612	0.425356	0.181302	0.352402	0.0476017	0.00184342	0.000116848	2.36541e-006	6.43282e-007	3.98998e-006	3.26956e-007	2.7416e-008	2.78379e-010	3.88751e-012	6.55534e-016	2.217e-018	1.00766e-021	1.51259e-025	3.82947e-027	7.1882e-028	9.00204e-026	2.87022e-021	
0	0	0	3.65205e-008	5.17195e-007	8.43192e-006	4.33826e-006	5.7427e-008	1.79276e-007	4.31957e-006	0.000482204	0.0234147	0.122607	0.533796	0.628641	0.92726	0.972369	0.929995	0.798386	0.706743	0.705036	0.650112	0.799759	0.69296	0.264208	0.00681441	0.000612311	1.23572e-005	1.56618e-007	2.65221e-008	1.01224e-008	1.27023e-008	9.46194e-008	
0	0	0	5.5338e-011	5.61873e-007	1.2993e-007	1.03853e-006	6.47197e-009	4.48571e-010	1.32398e-007	1.02766e-005	0.0013769	0.0176185	0.017482	0.00028504	0.005592	0.0173833	0.0047227	0.0514826	0.233912	0.24469	0.318931	0.127143	0.0419719	0.0330094	0.00022103	3.453e-005	1.05701e-007	6.41318e-010	3.59177e-011	3.00516e-009	2.31174e-010	1.93407e-009	
0	0	0	0	2.90058e-009	6.55608e-008	2.89512e-008	9.70976e-010	6.57102e-012	1.28257e-011	2.11053e-009	2.44604e-007	0.000133675	0.0389163	0.00495247	0.00704804	0.00522738	0.0645433	0.15002	0.0592971	0.0502669	0.0309563	0.0730984	0.265068	0.702782	0.992965	0.999353	0.999988	1	1	1	1	1	


1	0.89549	0.00819516	0.00138673	0.00551058	0.00217743	0.00157011	0.000344806	0.00010081	5.16015e-006	4.09331e-007	4.43795e-008	1.5917e-009	1.08732e-008	3.19475e-011	1.55459e-013	1.42726e-015	5.39795e-016	5.65704e-020	2.53635e-023	8.8927e-026	7.50183e-026	7.58668e-027	2.65428e-028	2.63493e-030	6.56685e-031	6.16613e-032	1.09582e-032	6.68383e-034	8.02144e-034	2.88807e-033	1.17645e-032	1.25212e-032	
0	0.00338705	0.991628	0.0098588	0.111315	0.920304	0.161979	0.000605093	8.09465e-006	6.45161e-008	2.81532e-008	1.23329e-009	7.99884e-010	1.13571e-008	4.59175e-012	6.94209e-015	1.38629e-015	1.52698e-017	4.17662e-019	5.63422e-021	1.54472e-021	4.80415e-021	7.98598e-022	5.12636e-023	9.42556e-024	7.54378e-024	3.10722e-023	7.10662e-023	7.00931e-024	1.06394e-024	7.76724e-025	6.00048e-026	2.45968e-025	
0	0.101123	0.000174123	0.988754	0.868298	0.0752286	0.826376	0.996909	0.990507	0.920589	0.234284	0.168081	0.0161481	0.0438484	0.000223019	1.6203e-007	4.86801e-010	1.97856e-010	2.15853e-015	3.9414e-019	5.62838e-022	1.9315e-022	2.96744e-023	8.73287e-025	3.12901e-027	8.26341e-026	1.02512e-026	2.4181e-026	1.80031e-025	3.37238e-024	9.04602e-024	1.1736e-022	1.18028e-022	
0	0	2.86001e-006	3.91222e-007	0.0148771	0.00228354	0.0100743	0.00214065	0.00938361	0.0794059	0.76557	0.831072	0.98316	0.845809	0.998299	0.832332	0.00137477	0.00275176	1.11011e-008	3.84963e-014	1.38729e-017	1.21157e-016	1.72476e-016	2.98525e-018	8.52463e-021	4.22504e-023	1.79682e-026	1.00118e-028	9.77487e-031	1.92009e-026	1.11956e-025	8.14994e-025	2.28739e-024	
0	0	8.76173e-023	6.07479e-013	1.98613e-010	4.84727e-006	1.62141e-007	7.54686e-009	1.03418e-009	5.36952e-008	0.000145676	0.00084641	0.000690223	0.102966	0.00147529	0.167658	0.577591	0.883487	0.000905368	6.05321e-007	3.44125e-010	2.78585e-010	2.10776e-011	5.34751e-012	6.69312e-015	2.28538e-019	1.28906e-022	1.11996e-025	2.78343e-031	6.65477e-035	4.66939e-029	4.68228e-030	6.24965e-028	
0	0	0	1.26512e-014	1.38269e-011	1.66468e-006	3.13573e-009	2.24607e-010	2.49569e-011	1.4134e-009	1.11274e-007	3.28608e-007	1.93807e-006	0.00736554	2.14575e-007	1.00421e-005	0.421034	0.106934	0.999064	0.995875	0.952055	0.510617	0.0717171	0.688035	0.959637	0.0018048	0.000158957	1.26144e-006	1.67742e-010	2.07765e-014	2.27849e-016	1.40369e-020	1.78541e-021	
0	0	0	1.85981e-030	1.04652e-014	8.76801e-013	2.70183e-008	2.57758e-010	5.7942e-012	1.82333e-013	9.42026e-013	9.33398e-011	1.11663e-009	1.03476e-005	1.71648e-007	7.42608e-011	5.88349e-008	0.00255254	2.79034e-005	0.00411829	0.0477894	0.326231	0.036095	0.00155387	0.00856579	0.95165	0.917811	0.516054	0.883843	0.668835	0.338172	0.0461713	0.0112474	
0	0	0	0	4.88141e-016	4.19313e-013	1.27309e-008	4.59678e-010	3.08844e-011	8.94126e-013	1.52074e-012	1.03524e-010	4.07024e-010	2.72879e-007	1.97932e-006	3.77873e-008	2.73336e-009	0.00427546	2.83826e-006	6.33561e-006	0.000155347	0.163152	0.892188	0.310411	0.0317969	0.0465456	0.0820303	0.483944	0.116157	0.331165	0.661828	0.953829	0.988753	


1	0.45837	0.801007	0.482829	0.198186	0.139341	0.251591	0.0555111	0.014102	0.00064852	6.12996e-005	7.08773e-006	2.92587e-006	3.38149e-008	2.934e-010	1.24261e-010	8.78783e-012	7.78802e-012	1.32437e-013	6.09777e-015	1.44546e-016	2.64215e-017	3.41135e-018	1.30718e-019	4.16409e-021	1.63635e-021	3.71727e-022	8.08388e-023	4.41969e-023	2.02034e-022	2.06739e-021	3.35439e-020	1.81332e-019	
0	0.51946	0.193288	0.263668	0.800996	0.857632	0.729935	0.790698	0.617167	0.140331	0.00648844	0.000537453	0.000116279	1.15652e-006	4.11332e-010	2.1339e-011	6.52113e-012	4.88487e-011	2.88095e-012	1.32226e-012	5.84005e-014	4.28638e-015	1.2451e-016	3.71897e-018	3.41493e-020	1.63029e-021	8.69184e-023	3.51277e-024	6.69311e-024	4.94283e-024	1.71229e-021	1.85146e-019	7.23999e-019	
0	0.0221695	0.00466889	0.252116	0.00076405	0.00274099	0.0183566	0.153272	0.367174	0.842927	0.277976	0.343287	0.107987	0.00170683	3.8743e-006	2.58682e-007	3.77209e-008	2.95511e-009	1.52815e-011	1.22935e-012	2.61296e-014	3.96085e-016	6.47432e-018	6.16718e-020	4.24714e-022	3.0481e-023	4.03245e-024	1.93357e-026	6.93811e-026	7.34819e-024	2.04891e-024	1.07367e-020	1.20627e-018	
0	0	0.00103569	0.00138342	4.28005e-005	0.000286633	0.000115492	0.000518241	0.00154945	0.0156962	0.712679	0.503453	0.7862	0.996187	0.000360265	0.000382536	0.00136846	0.000280273	1.08617e-005	8.47627e-007	8.58524e-008	6.71225e-011	9.65624e-014	3.4588e-017	1.57502e-019	2.07023e-022	1.08865e-025	2.55194e-026	1.0028e-027	3.66454e-025	5.54027e-027	1.14773e-022	1.62488e-019	
0	0	7.23826e-008	8.8375e-007	1.10285e-005	1.6823e-008	1.94313e-006	7.17108e-007	7.84839e-006	0.00038857	0.000672455	0.00274833	0.0267724	0.00145501	0.000260582	0.000870084	1.6221e-005	0.000240716	2.05335e-006	1.69338e-008	4.47196e-009	5.41559e-010	1.17327e-012	3.60789e-017	2.73178e-020	1.30267e-023	6.26848e-028	8.06383e-031	8.20021e-031	1.01192e-028	1.73024e-028	5.09773e-027	1.01538e-023	
0	0	0	3.05303e-006	3.3593e-008	5.5494e-008	2.1239e-007	2.21545e-008	5.34474e-007	8.73445e-006	0.00212287	0.149967	0.0785553	0.000594588	0.999372	0.672653	0.00299629	0.00279762	8.65467e-008	7.59947e-011	9.70017e-011	3.24775e-009	3.23647e-009	1.57725e-011	3.56957e-014	1.15194e-016	1.28218e-020	4.90731e-023	2.04438e-025	4.58633e-026	1.86251e-027	1.70571e-027	1.81563e-025	
0	0	0	8.13963e-026	1.81227e-010	1.96852e-011	5.05903e-012	1.12199e-013	6.98843e-015	2.69398e-012	2.82944e-009	6.86423e-007	0.000349839	3.91171e-005	2.85045e-006	0.32569	0.745807	0.406262	0.00921625	0.000413162	2.10094e-006	5.54613e-007	5.0984e-008	2.5989e-009	1.2878e-011	5.63582e-015	2.87582e-017	1.11487e-019	7.31168e-023	3.48105e-025	3.25421e-027	5.3367e-030	8.57969e-031	
0	0	0	0	2.83291e-010	2.83894e-010	3.8431e-011	1.46875e-012	2.20972e-013	3.36335e-012	1.2075e-010	3.27109e-008	1.63369e-005	1.62656e-005	4.01674e-008	0.000404039	0.249812	0.590419	0.990771	0.999586	0.999998	0.999999	1	1	1	1	1	1	1	1	1	1	1	


1	0.944014	0.984107	0.721072	0.951246	0.867116	0.11373	0.0133709	0.000860296	2.14952e-005	4.37798e-007	7.77618e-009	1.04254e-009	3.50618e-010	5.72838e-011	2.57171e-013	1.25109e-014	2.19978e-015	8.53034e-018	2.05912e-020	5.88287e-023	3.21274e-024	2.48728e-025	8.48654e-027	6.82679e-028	1.57374e-028	1.76564e-029	3.57756e-030	2.24459e-031	1.27033e-031	1.38984e-031	3.60623e-031	1.5721e-030	
0	0.0559661	0.0158716	0.278891	0.0485359	0.13288	0.886248	0.982357	0.997084	0.959937	0.00240664	1.75727e-005	1.25754e-007	8.13937e-010	3.78569e-010	1.15515e-013	1.79169e-016	5.12158e-016	2.79437e-019	1.37461e-022	4.04764e-024	2.54999e-024	2.79014e-025	4.15192e-027	8.69825e-030	1.44775e-030	2.32433e-031	6.95812e-034	8.28292e-034	3.82539e-032	1.06448e-033	2.50028e-030	4.47542e-030	
0	1.93905e-005	2.12178e-005	3.75643e-005	0.000218405	3.94269e-006	2.22213e-005	0.00427226	0.00205591	0.0400419	0.997396	0.997967	0.960462	0.434258	0.482375	0.619646	0.0113076	0.000659964	3.99657e-007	2.47825e-011	2.30972e-015	1.99504e-017	4.26048e-019	1.82806e-021	5.90181e-023	7.16143e-027	1.00014e-030	1.23693e-033	7.69275e-038	4.28439e-036	5.71146e-035	1.14592e-034	6.31099e-031	
0	0	7.89446e-008	1.45503e-009	1.69673e-007	5.48613e-008	3.24102e-011	9.80891e-011	2.52962e-009	2.76545e-008	0.000196556	0.00201504	0.0395361	0.565203	0.306695	0.341238	0.910043	0.756173	0.0383805	0.000173628	5.25613e-007	4.23915e-008	4.97622e-009	4.59829e-010	5.95393e-011	5.31283e-013	2.54926e-015	6.34057e-016	3.65934e-018	5.14669e-021	8.53143e-023	5.4971e-026	6.58678e-029	
0	0	2.79891e-018	3.27431e-011	1.33881e-013	1.85653e-012	1.24572e-012	3.10997e-015	5.61345e-015	2.73061e-012	1.16798e-011	1.38108e-007	1.40176e-006	0.000539364	0.210929	0.0390474	0.0276707	0.236658	0.00153816	2.55425e-005	2.20078e-007	5.32037e-009	1.22895e-010	4.19398e-013	3.75042e-014	1.08095e-015	4.79365e-018	2.00489e-020	1.06002e-020	2.20143e-021	1.93446e-024	7.12103e-025	5.01486e-027	
0	0	0	1.68027e-018	3.46353e-013	1.95911e-013	2.26477e-016	2.9104e-017	2.67587e-020	2.20263e-018	3.12423e-016	8.04956e-015	1.1336e-010	7.94591e-009	4.42338e-007	6.80519e-005	0.0509514	0.00625565	0.959263	0.979942	0.937723	0.993111	0.990569	0.872625	0.592047	1.90005e-005	1.02434e-007	1.55557e-011	5.4667e-017	1.12253e-021	8.56196e-024	1.43516e-026	2.95251e-026	
0	0	0	5.56621e-026	7.37781e-019	5.80774e-015	7.71705e-017	8.41731e-019	2.44019e-020	1.50465e-022	1.17271e-021	1.33143e-019	3.48584e-016	2.09831e-010	3.82055e-012	9.97363e-011	2.74123e-005	0.000253032	0.00081767	0.0198585	0.062261	0.00656879	0.0093619	0.127318	0.402959	0.897174	0.9161	0.625989	0.684311	0.119941	0.00601504	0.000755429	0.000283907	
0	0	0	0	2.42165e-024	1.86443e-019	1.65034e-017	1.00117e-018	1.66128e-020	1.51144e-022	2.43008e-024	1.43572e-023	3.32508e-021	7.37946e-016	2.57445e-012	2.18674e-014	2.49197e-011	3.46562e-007	2.11623e-007	3.34672e-007	1.54441e-005	0.000320575	6.86487e-005	5.71104e-005	0.00499416	0.102807	0.0838996	0.374011	0.315689	0.880059	0.993985	0.999245	0.999716	


1	0.87364	0.999742	0.168464	0.97032	0.989851	0.39392	0.136923	0.0149494	0.000609906	8.18686e-006	4.47734e-008	4.51524e-009	3.01897e-009	1.3511e-010	5.44265e-014	3.98e-016	1.55656e-016	3.71785e-019	2.4169e-021	4.56859e-023	1.77499e-024	6.9015e-026	2.16827e-027	2.25549e-028	5.59456e-027	4.56283e-027	8.433e-028	1.1305e-028	7.36549e-028	2.16796e-027	3.79888e-026	1.59323e-025	
0	0.12636	0.000256411	0.831534	0.0277674	0.0101407	0.606078	0.855836	0.983702	0.939326	0.00214439	1.37021e-005	1.16227e-007	1.00175e-009	1.06183e-009	1.273e-014	7.49831e-019	1.04351e-016	1.30541e-022	1.71985e-025	3.43803e-026	1.15131e-025	1.80253e-026	9.2619e-030	2.08796e-032	2.50305e-028	1.02063e-030	4.40986e-031	2.66806e-030	1.93452e-027	1.98373e-029	3.07616e-025	9.32854e-027	
0	4.4824e-008	1.42258e-006	1.82248e-006	0.00191253	2.81615e-007	9.38325e-007	0.00724113	0.00134874	0.0600634	0.993675	0.995325	0.989587	0.223871	0.510581	0.406571	0.0212536	0.108369	3.5586e-005	1.21476e-007	1.96584e-011	2.71392e-014	1.70495e-017	1.93325e-021	2.89421e-025	1.22608e-027	4.72207e-032	4.41228e-035	1.07555e-035	1.37127e-032	6.80818e-030	1.84518e-030	2.1239e-026	
0	0	3.78271e-009	7.60808e-012	5.80016e-008	1.08097e-007	2.67442e-012	1.629e-009	1.77712e-008	5.95371e-008	0.00417202	0.00466002	0.0103629	0.772492	0.477961	0.592877	0.588148	0.251676	0.00372486	6.51896e-005	8.96094e-007	6.8516e-010	4.40637e-013	1.46822e-016	1.3345e-018	3.35327e-022	1.07671e-025	6.47232e-029	3.37645e-034	8.7983e-037	1.45359e-033	2.57803e-032	4.26528e-030	
0	0	2.11423e-010	4.54797e-013	1.42525e-009	8.15521e-006	1.69327e-009	6.78606e-013	1.08619e-009	2.20215e-009	5.41159e-007	1.16641e-006	4.96926e-005	0.00363616	0.0114196	0.000549994	0.390589	0.240272	0.972957	0.974782	0.983969	0.817919	0.888082	0.71156	0.968192	0.0311406	0.00273179	7.22465e-006	2.51403e-010	3.18433e-013	3.70736e-015	1.7209e-018	1.82317e-020	
0	0	0	4.04973e-012	1.99917e-013	8.64349e-012	6.92572e-007	5.39482e-007	1.32184e-007	4.18095e-007	6.82415e-011	9.7034e-010	2.17966e-009	2.99172e-007	3.88654e-005	1.31342e-006	8.59581e-006	0.399679	0.0117723	0.0190387	0.0119579	0.181939	0.111866	0.287509	0.0102519	0.521372	0.0125305	2.73069e-007	5.35096e-009	2.192e-009	1.07523e-010	3.28018e-010	2.34278e-011	
0	0	0	1.25126e-015	7.96221e-015	2.32198e-015	4.92826e-013	4.96338e-009	4.03745e-010	4.43141e-009	3.56654e-009	1.5492e-011	1.81492e-011	4.27563e-007	8.34053e-010	4.66809e-009	3.68327e-007	3.02873e-006	0.0114272	0.00428311	0.0014515	1.19946e-006	3.68077e-005	0.000883049	0.0205952	0.00222181	0.00588151	1.55339e-005	1.18754e-008	2.05638e-009	8.34816e-011	2.17062e-011	3.40998e-010	
0	0	0	0	1.16944e-014	1.36343e-014	2.01248e-016	1.05092e-011	1.28636e-011	3.21667e-012	3.46186e-011	9.44677e-012	3.91021e-012	1.92236e-010	1.05701e-009	8.98443e-012	1.03065e-009	1.00873e-007	8.35501e-005	0.00183092	0.00262033	0.000141034	1.50153e-005	4.80669e-005	0.000961017	0.445266	0.978856	0.999977	1	1	1	1	1	


1	0.989936	0.999943	0.707121	0.984595	0.999538	0.886228	0.42523	0.186282	0.00495692	0.000756	0.000131807	0.000130716	4.05867e-005	5.2626e-006	9.68839e-009	3.01051e-011	1.52352e-012	6.28582e-015	2.3672e-017	3.05209e-019	3.27613e-020	3.26973e-021	1.49982e-022	5.93128e-024	3.33321e-024	1.86436e-025	3.1627e-026	5.12531e-027	1.71742e-026	5.25515e-026	3.97313e-024	6.47235e-024	
0	0.0100577	3.88183e-005	0.292878	0.0138505	0.000408629	0.113771	0.574592	0.813218	0.993278	0.241281	0.205425	0.148025	0.00563809	0.00999533	0.000279188	1.54104e-007	3.2623e-007	3.74209e-011	1.90792e-015	1.49679e-019	5.96798e-021	2.20958e-022	1.52567e-024	1.38564e-027	6.97964e-027	1.7968e-029	3.71636e-030	9.48221e-030	1.04034e-027	1.03661e-028	2.17318e-024	7.04253e-026	
0	6.81606e-006	1.56975e-005	2.6587e-007	0.00155401	3.14445e-005	1.62135e-007	0.000178445	0.000499058	0.0017643	0.75796	0.792423	0.789413	0.821827	0.547956	0.919504	0.989792	0.804391	0.546673	0.101038	0.00561019	0.000194043	2.77939e-006	1.10616e-007	6.75917e-009	3.14237e-013	7.08054e-017	4.61e-020	1.40406e-024	4.28489e-027	1.06555e-027	7.14847e-028	6.12472e-025	
0	0	2.67e-006	3.26037e-008	1.59317e-007	2.18875e-005	1.96915e-007	4.94494e-010	5.44544e-008	1.28588e-007	2.23067e-006	0.000711456	0.0602704	0.16988	0.00587754	0.000561582	0.00297283	0.00869426	0.0863842	0.0178617	0.00373776	0.00328671	0.00487208	0.0122926	0.0588732	0.185623	0.0329183	0.0693535	0.0295889	0.00428283	0.00224756	0.000161143	2.81952e-007	
0	0	1.60889e-011	2.50904e-008	1.30415e-010	5.80491e-009	6.29548e-008	9.98295e-010	2.77168e-008	1.88213e-007	8.26021e-007	0.00130874	0.00213018	0.00256035	0.436157	0.0788982	0.000802952	0.182359	0.000272849	3.28696e-005	1.8575e-005	4.65366e-005	7.52294e-006	4.43398e-007	7.27288e-008	2.48015e-005	9.24325e-007	6.31253e-007	4.76112e-005	0.00118065	5.00112e-006	0.00350778	9.96597e-006	
0	0	0	2.00621e-015	2.48441e-010	5.81165e-011	6.04209e-012	4.98643e-011	9.0261e-013	5.471e-011	1.00862e-009	8.10683e-010	3.07582e-005	2.26868e-005	9.49211e-006	0.000757173	0.00633117	0.000212627	0.341348	0.807693	0.76581	0.970936	0.979131	0.621262	0.610287	9.60721e-005	3.6162e-007	2.2598e-010	1.54431e-012	1.66829e-008	4.1432e-005	3.37087e-006	0.000325372	
0	0	0	2.46089e-018	2.1628e-014	1.53122e-013	9.46249e-015	9.14727e-015	1.28412e-014	8.0383e-015	1.97467e-013	3.81502e-012	1.36898e-008	4.8919e-006	3.07528e-008	2.92052e-007	7.53449e-005	0.00433035	0.0237691	0.0143112	0.0281853	0.0124001	0.01203	0.301181	0.0171753	0.00185767	2.45351e-006	7.96372e-009	1.12782e-010	5.1481e-012	2.37836e-010	9.90824e-007	3.85113e-009	
0	0	0	0	7.50797e-017	8.95443e-012	3.80922e-013	1.36608e-014	5.12798e-014	4.10762e-016	1.0615e-013	2.1822e-012	2.9866e-011	2.63055e-005	1.0356e-007	2.26247e-009	2.54662e-005	1.16751e-005	0.00155336	0.0590626	0.196638	0.0131371	0.00395675	0.0652632	0.313664	0.812399	0.967078	0.930646	0.970363	0.994537	0.997706	0.996327	0.999664	


