E:\Google Drive\Progetti\MSR Action3D\Real\a12_s01_e02_skeleton3D.txt
12
TRUE
-861.925
-871.607
-853.68
-744.157
-871.207
-862.879
-852.081
-856.467
-797.888
-832.957
-834.706
-862.493
-854.081
-828.992
-815.221
-828.059
-838.019
-870.645
-883.644
-866.373

33
20
1	0.632233	0.483953	0.64226	0.305738	0.306926	0.343084	0.143565	0.069376	0.0281388	0.00597694	0.000621487	1.22265e-006	7.3543e-010	1.62493e-010	8.1537e-012	6.43009e-012	1.45875e-011	2.42606e-012	6.22562e-013	2.25272e-014	1.22551e-015	1.00877e-015	1.25097e-015	1.63826e-015	2.72374e-015	2.47881e-014	1.89249e-013	1.01248e-012	2.46871e-012	1.2271e-012	2.98117e-013	3.79933e-013	1.5987e-012	
0	0.343903	0.460078	0.30376	0.245697	0.159115	0.402643	0.182102	0.105716	0.0223713	0.00562933	0.000366682	6.45564e-007	7.97639e-010	3.26592e-010	3.00663e-011	3.30559e-011	3.34375e-011	1.02457e-011	1.14534e-012	4.54308e-013	1.4918e-013	6.34133e-013	2.30956e-012	2.27098e-011	1.28007e-010	6.96248e-009	6.89464e-008	8.4835e-007	3.42976e-006	4.68833e-006	6.54234e-006	1.83817e-005	0.000106859	
0	0.023864	0.0258027	0.0424942	0.0209201	0.0256981	0.0573061	0.00865813	0.00658373	0.00209058	0.000341816	0.000319782	8.99002e-007	1.70103e-009	2.8652e-010	1.44179e-011	3.66716e-011	1.73759e-010	5.46463e-011	1.30239e-011	1.38589e-012	7.77555e-014	7.11029e-013	1.85701e-012	1.21364e-011	2.07251e-010	4.09179e-009	2.51967e-008	8.66422e-008	2.53121e-007	1.73516e-007	3.55762e-007	8.47165e-007	2.65764e-005	
0	0	0.0278686	0.0114757	0.426816	0.507784	0.183567	0.632982	0.608659	0.646597	0.738453	0.00965436	2.54374e-005	9.52193e-009	4.52254e-010	1.34668e-010	4.86337e-012	4.77123e-012	1.38412e-012	3.74644e-013	6.07329e-013	1.74577e-014	5.01313e-015	1.10174e-013	4.42998e-012	2.30863e-012	3.79334e-009	1.62077e-008	9.89933e-007	5.52411e-008	1.99356e-007	5.37453e-008	1.76539e-006	5.77068e-006	
0	0	0.00229807	4.14959e-006	0.000784346	0.0002271	0.00709522	0.0319135	0.0319086	0.090294	0.0241011	0.810941	0.997158	0.999055	0.506921	0.510232	0.0104587	0.0206238	0.000296264	5.73786e-006	5.39805e-009	2.77098e-011	4.48361e-013	7.32546e-014	6.24992e-014	7.24432e-012	1.35376e-008	4.12642e-008	3.23549e-006	1.4431e-007	9.66978e-012	1.7127e-011	1.34059e-008	1.4189e-006	
0	0	0	5.38854e-006	4.41719e-005	0.000249788	0.00630082	0.000768134	0.177702	0.205261	0.219277	0.176947	0.00280384	0.000944805	0.493059	0.488822	0.873299	0.285519	0.0120692	0.000146582	2.63728e-005	2.22111e-006	2.29145e-007	5.15637e-009	4.86936e-010	1.63977e-011	1.41018e-010	3.30497e-009	1.34311e-008	2.02814e-007	2.9585e-009	2.2658e-010	3.90487e-011	4.25693e-008	
0	0	0	2.1556e-013	5.37199e-010	8.5329e-009	2.28105e-007	5.29185e-007	1.26998e-005	0.000457831	0.000710254	0.000150584	2.10238e-006	1.29939e-008	1.50115e-006	0.000241789	0.00243655	0.00393834	0.000946517	0.000120377	2.95397e-006	2.19014e-007	2.19076e-009	1.5929e-010	4.53308e-012	2.73566e-013	4.1397e-013	4.3103e-012	8.12587e-012	2.30724e-011	9.0635e-011	1.0639e-012	1.38164e-013	4.0408e-013	
0	0	0	0	2.15829e-008	4.9274e-007	2.67747e-006	1.07665e-005	4.26281e-005	0.00478934	0.00551	0.000999722	8.3238e-006	5.09734e-008	1.85464e-005	0.000704369	0.113806	0.689919	0.986688	0.999727	0.999971	0.999998	1	1	1	1	1	1	0.999995	0.999996	0.999995	0.999993	0.999979	0.999859	


1	0.56542	0.917559	0.999988	0.942597	0.999033	0.999965	0.993696	0.946129	0.626557	0.382232	0.172118	0.00517071	9.7458e-006	6.0346e-007	2.76058e-008	3.03161e-005	7.12231e-005	1.18408e-006	5.30686e-008	1.11442e-007	2.55651e-008	2.67594e-007	1.49912e-007	1.03248e-006	4.79731e-006	1.75252e-005	9.79797e-005	6.73752e-005	0.000373652	0.00388672	0.118745	0.0184039	0.0625493	
0	0.434149	0.0766722	8.44048e-006	0.0571628	0.000923324	1.23231e-005	0.0034245	0.051856	0.362949	0.595192	0.497365	0.941666	0.980615	0.0337826	0.000100891	0.00294479	6.16642e-007	2.60854e-010	4.67141e-012	6.66825e-012	1.53648e-013	1.0572e-012	4.24219e-010	1.66508e-011	2.12073e-010	2.15807e-007	1.85067e-008	7.77182e-005	1.07932e-007	2.07208e-008	8.69724e-007	7.84512e-006	6.50566e-006	
0	0.000431577	0.00576867	4.05284e-007	0.00024011	4.31948e-005	1.07786e-005	0.0028729	0.000738815	0.00647817	0.0116193	0.329763	0.0531234	0.0193747	0.966207	0.992567	0.547028	0.00142194	2.43138e-008	2.63655e-013	6.63454e-012	1.59545e-011	3.25502e-013	9.22335e-014	1.74131e-011	9.95195e-012	4.73788e-009	5.43113e-010	1.38823e-008	1.81731e-006	2.51188e-009	2.09308e-007	7.24426e-006	1.02667e-007	
0	0	1.41992e-007	3.14068e-006	9.53454e-008	2.94873e-007	1.21899e-005	6.81971e-006	0.00127565	0.00397583	0.0108126	0.000457832	3.62643e-005	3.06018e-008	1.01315e-005	0.00733221	0.0211881	0.00324949	1.87312e-009	5.70447e-014	1.29506e-015	1.75369e-014	2.03682e-014	5.83077e-019	3.59205e-017	3.09671e-015	1.77883e-015	7.33258e-012	3.10592e-014	2.53454e-011	3.89333e-008	2.00771e-009	1.96782e-012	1.03177e-007	
0	0	1.06973e-019	1.5987e-010	1.49269e-009	8.64859e-011	1.30492e-010	2.91697e-009	7.0969e-007	3.96839e-005	0.00014406	0.00029573	3.30286e-006	8.11218e-009	7.37364e-011	2.62509e-009	0.428668	0.0549841	9.99039e-005	1.87793e-006	4.61751e-007	3.45989e-009	8.7599e-011	3.10962e-013	1.29551e-015	9.80041e-018	5.81796e-018	6.13194e-018	4.15768e-015	8.55738e-017	1.23597e-013	6.69966e-010	1.05484e-012	2.90486e-014	
0	0	0	3.52555e-017	1.31035e-014	1.69647e-014	5.22541e-014	2.30596e-016	9.37157e-013	1.30443e-009	5.05254e-008	4.95694e-008	1.28738e-008	1.04052e-010	2.74686e-011	9.35864e-014	0.000140278	0.940174	0.999887	0.999943	0.991075	0.89917	0.946102	0.362772	0.0199776	0.0179432	0.000172909	1.27981e-005	6.46232e-009	4.62607e-009	1.72644e-010	2.63254e-010	9.79454e-014	3.6619e-015	
0	0	0	8.92128e-037	4.85419e-018	5.58964e-017	1.37738e-014	1.84486e-016	1.6416e-018	1.77162e-015	2.64066e-010	9.36357e-014	2.2592e-013	1.81236e-016	7.31077e-017	4.03285e-016	5.32443e-014	9.89696e-005	1.18945e-005	5.47796e-005	0.00888683	0.1008	0.0181362	0.634109	0.810098	0.875403	0.22022	0.00418418	1.42694e-005	3.60226e-007	1.63375e-006	7.3507e-007	1.11537e-008	1.2235e-009	
0	0	0	0	2.31129e-021	4.242e-018	4.28916e-018	5.75425e-015	1.64311e-014	9.08256e-015	1.44548e-013	2.07511e-010	4.86274e-011	3.77689e-013	2.25776e-014	4.89903e-016	1.09346e-014	1.17764e-009	3.31345e-008	1.42016e-007	3.71391e-005	3.0198e-005	0.0357614	0.00311884	0.169923	0.106648	0.779589	0.995705	0.999841	0.999624	0.996112	0.881253	0.981581	0.937444	


1	0.350778	0.874574	0.999808	0.868448	0.996931	0.997931	0.955033	0.629674	0.0889116	0.0041252	0.00273531	0.000129142	3.53869e-007	1.9979e-007	5.71358e-008	4.64919e-006	1.57916e-005	2.21598e-007	5.91577e-009	6.44894e-009	1.50209e-009	2.09517e-008	8.03623e-009	2.53058e-008	1.0392e-007	1.2494e-007	1.45873e-007	1.1081e-007	6.83507e-008	1.82978e-008	1.77387e-008	4.92377e-009	2.0472e-009	
0	0.64921	0.122399	2.74604e-005	0.126088	0.00233687	2.49775e-005	0.0378612	0.298989	0.463241	0.0987373	0.269365	0.979995	0.999898	0.859692	0.110839	0.0512913	4.1124e-005	3.5813e-010	1.95775e-013	7.76648e-013	2.32694e-014	5.25774e-014	9.97515e-012	2.39368e-012	1.20422e-012	2.59377e-009	2.61081e-011	4.16151e-008	1.55953e-011	4.58668e-013	3.87848e-014	6.43768e-011	2.13968e-013	
0	1.13541e-005	0.0030262	0.000161163	0.00546406	0.00072784	0.00204151	0.00710594	0.0707736	0.447753	0.896818	0.718552	0.0197362	0.000100982	0.140308	0.889076	0.60095	0.168693	4.11789e-006	6.86786e-011	3.72381e-012	2.36873e-012	7.24182e-014	3.04282e-014	4.94279e-013	4.72772e-013	6.34956e-012	4.12843e-012	7.46442e-012	6.27408e-011	2.72518e-012	3.87509e-013	2.62822e-013	1.7071e-013	
0	0	7.32315e-010	2.83128e-006	1.47843e-008	4.10785e-006	2.58493e-006	1.98921e-007	0.000510728	3.09047e-005	0.000218898	0.00800259	4.68695e-006	2.97246e-009	2.69e-008	2.01587e-005	0.00513304	0.000100219	1.42295e-008	6.27182e-012	7.84414e-014	6.08029e-017	6.68241e-016	1.94761e-021	1.4797e-020	9.25942e-019	1.87537e-019	3.00483e-016	7.68537e-018	2.05162e-016	9.03431e-016	1.71131e-016	3.62253e-019	4.8548e-017	
0	0	1.29962e-009	1.05693e-007	5.13389e-009	1.99407e-007	6.99101e-009	4.39089e-008	5.32534e-005	6.34417e-005	0.000100626	0.00134542	0.000134883	2.77422e-007	2.06619e-007	6.44307e-005	0.272153	0.0434148	0.000116587	5.07204e-007	6.72872e-008	3.37751e-010	1.78719e-012	6.03506e-016	1.62697e-018	4.6996e-018	5.91348e-018	1.27413e-016	1.02464e-016	8.31493e-017	3.27875e-016	2.6105e-017	3.59021e-018	1.2088e-018	
0	0	0	1.99365e-012	6.60372e-014	3.28861e-014	9.20319e-012	7.61754e-015	7.52338e-013	6.43709e-010	3.93398e-011	1.44864e-008	3.79164e-009	1.44247e-010	5.43788e-009	1.78461e-010	0.0704678	0.687831	0.999839	0.999996	0.998022	0.962766	0.928152	0.00102625	4.27483e-006	1.74939e-007	1.87868e-012	3.26988e-015	2.74264e-021	2.68008e-019	7.87277e-021	2.71928e-018	2.65693e-022	3.15314e-023	
0	0	0	7.47344e-020	1.58742e-013	3.18271e-016	4.38048e-014	1.60948e-014	2.39331e-016	3.23224e-016	1.03784e-011	2.67624e-017	6.03718e-015	2.58158e-018	2.09384e-017	1.73222e-013	4.85137e-013	0.0998918	5.25312e-007	2.88556e-006	0.00187033	0.0371621	0.0058068	0.970676	0.474095	0.137936	0.00606685	5.01674e-006	5.62963e-009	5.80053e-012	9.93691e-013	2.50039e-015	2.84767e-016	3.38503e-018	
0	0	0	0	1.24135e-015	9.86162e-014	4.46894e-013	1.6201e-012	8.48445e-012	5.16415e-012	1.52238e-012	3.24085e-012	1.65368e-013	7.07893e-016	6.4157e-015	1.45119e-013	4.98062e-012	1.22656e-005	3.98833e-005	8.42317e-007	0.000107871	7.16531e-005	0.0660414	0.0282974	0.525901	0.862064	0.993933	0.999995	1	1	1	1	1	1	


1	0.938955	0.833487	0.692562	0.317886	0.0356343	0.00489914	5.14358e-005	7.56921e-008	1.05542e-010	1.48858e-014	8.07683e-019	1.27831e-022	1.15125e-026	1.33094e-030	3.72989e-034	3.04268e-037	6.19235e-040	8.7531e-044	5.25003e-047	6.07317e-051	4.58977e-054	1.97638e-055	1.0915e-057	2.88845e-059	1.68164e-061	5.8883e-062	1.2525e-060	3.56632e-059	1.26629e-059	1.6937e-059	7.25374e-060	6.53698e-061	5.74037e-060	
0	0.00320556	0.0282899	0.260554	0.269357	0.519377	0.291385	0.0159075	0.00206179	4.20253e-005	4.53135e-007	5.42947e-011	2.29436e-015	1.92292e-020	2.64439e-024	2.23039e-029	3.40737e-033	3.51299e-037	4.94735e-042	2.2671e-046	1.53112e-050	8.43846e-055	4.79898e-057	2.98028e-060	4.14913e-062	2.02008e-064	2.67766e-066	3.80932e-064	6.62241e-062	1.41735e-061	5.01029e-060	6.29918e-060	4.31256e-062	3.29315e-062	
0	0.0578398	0.138194	0.0468471	0.404411	0.431851	0.701571	0.983456	0.834108	0.191975	0.00198347	1.0196e-006	6.79563e-010	1.67006e-013	5.47118e-017	1.81934e-020	1.13152e-025	4.58155e-030	7.02253e-036	5.98234e-041	2.96186e-046	6.93661e-051	1.01384e-054	1.35088e-059	2.14345e-062	3.78682e-065	6.36285e-065	4.9951e-063	9.23492e-061	4.14668e-062	1.11229e-061	1.44434e-062	5.81731e-063	4.85443e-062	
0	0	1.95237e-005	2.89265e-005	0.00834022	0.013126	0.00211986	0.000580385	0.1637	0.807418	0.997861	0.991201	0.925266	0.444552	0.0235178	2.4243e-005	3.18816e-008	8.49255e-012	4.19333e-017	1.57451e-021	2.1147e-026	1.30866e-032	8.05195e-037	1.58986e-042	2.62978e-048	7.22454e-054	2.90576e-058	3.63494e-061	1.14375e-062	2.38643e-065	1.18215e-065	2.02646e-064	4.00923e-065	1.88295e-064	
0	0	9.61239e-006	7.29715e-006	5.21732e-006	1.13226e-005	2.51629e-005	4.86397e-006	0.00013018	0.000564995	0.000154899	0.00879759	0.074734	0.555448	0.97432	0.997402	0.655055	0.565081	0.0041485	0.000110588	9.60782e-008	1.48647e-010	1.17978e-012	1.12273e-016	5.52568e-020	3.74149e-023	4.63785e-025	9.13665e-026	2.12929e-026	4.1883e-028	5.07253e-032	1.69884e-035	1.22086e-039	4.87704e-042	
0	0	0	1.50713e-007	4.60577e-010	2.63737e-009	4.9425e-010	3.27809e-011	7.82698e-011	9.27162e-010	4.93037e-010	6.9701e-011	2.18302e-009	5.78531e-007	0.00216089	0.00257375	0.344931	0.434355	0.995809	0.999703	0.999338	0.996299	0.135822	8.37214e-006	4.40379e-007	1.16578e-010	6.51153e-014	1.07927e-014	7.11939e-017	5.07344e-019	3.28185e-019	5.29995e-020	2.87704e-023	4.70409e-026	
0	0	0	1.1475e-011	2.07143e-011	5.62156e-012	5.81306e-011	7.58265e-013	1.17065e-011	8.80446e-011	3.92486e-009	1.76618e-010	6.77064e-009	3.25108e-008	1.26816e-006	1.33924e-008	9.03904e-007	2.61519e-005	8.45135e-006	5.13797e-005	0.000306681	0.000163553	0.00154664	4.14175e-006	1.09437e-009	1.17573e-011	3.71308e-015	3.03179e-017	3.47553e-018	9.15906e-021	1.06577e-021	2.71553e-022	6.55293e-024	1.26195e-025	
0	0	0	0	2.43456e-010	3.83669e-012	1.79565e-011	1.01488e-014	1.02764e-015	6.62628e-016	6.38069e-015	2.99615e-014	1.35719e-014	1.30375e-012	2.02017e-010	5.52351e-008	1.26577e-005	0.000537742	3.39437e-005	0.000134786	0.000354834	0.00353706	0.862631	0.999987	1	1	1	1	1	1	1	1	1	1	


1	0.993028	0.996954	0.962429	0.995747	0.9949	0.993597	0.990986	0.99614	0.990458	0.266732	0.09836	0.000373802	0.000316554	0.00158458	0.00115081	0.000883665	0.000653913	0.000250501	0.000218283	0.000238117	0.000288211	3.73377e-005	3.0632e-005	1.02371e-005	3.30665e-006	1.14884e-006	3.83038e-006	1.4992e-005	9.4372e-006	5.56726e-006	2.56191e-006	4.09999e-006	3.66304e-005	
0	0.00638884	0.00210025	0.000376827	0.00353002	0.000748752	0.00197327	0.00872553	0.0030182	0.0085958	0.0027859	0.00690759	0.000495642	0.00259646	0.0395385	0.0748084	0.180461	0.436658	0.282417	0.174897	0.130753	0.0681339	0.0177878	0.0383466	0.131014	0.287044	0.981042	0.928925	0.992385	0.292454	0.0201764	0.000888249	0.000772856	0.00157178	
0	0.000582891	0.000943568	0.0370892	0.000572153	0.00433529	0.00431345	0.000266982	0.000837454	0.000290608	0.000176011	0.000701292	4.66822e-007	1.93122e-006	0.000627502	0.000278036	0.133528	0.431658	0.662467	0.751606	0.797423	0.720933	0.735747	0.874231	0.803684	0.631695	0.0171281	0.0692454	0.00408788	0.622875	0.918115	0.935429	0.847227	0.888747	
0	0	9.38917e-007	9.5582e-005	6.895e-007	2.09401e-006	0.000107934	1.96294e-007	9.63774e-008	1.1693e-008	1.05943e-008	4.31072e-008	6.38321e-011	5.4412e-010	1.46131e-006	1.37478e-006	0.000133584	0.0172727	0.00544465	0.0266167	0.00650124	0.154002	0.242674	0.0469149	0.0510854	0.0779746	0.000318458	0.00153172	2.96919e-006	0.084039	0.0374708	0.0543836	0.0954963	0.0588483	
0	0	1.25733e-006	9.11214e-006	0.000149334	1.06494e-005	7.29601e-006	1.7695e-005	1.29329e-006	3.90749e-006	3.72842e-007	6.4977e-008	5.72644e-009	4.47227e-010	1.29045e-008	3.0808e-007	1.12531e-006	0.000245076	0.000897481	0.00303609	0.0127752	0.00596106	0.000964126	0.0398225	0.0136209	0.00323525	0.00148218	0.000141797	0.000786933	1.47274e-005	0.0241027	0.00925433	0.0564309	0.0489622	
0	0	0	9.91851e-010	3.32584e-007	3.07068e-006	1.09146e-007	2.748e-006	1.08475e-006	1.1959e-006	1.31241e-007	4.81492e-008	4.83561e-010	1.22315e-009	4.76209e-009	2.04997e-009	3.76828e-010	2.47422e-008	2.13433e-006	1.9107e-006	3.68016e-005	4.548e-005	4.75067e-006	1.08359e-005	0.000539191	2.39749e-005	2.06075e-005	2.20466e-005	1.77347e-005	1.95852e-007	1.59668e-005	1.28308e-005	6.2644e-005	0.00172179	
0	0	0	7.29607e-016	2.61178e-009	7.44961e-012	1.90004e-012	8.69571e-009	1.64777e-007	0.000648594	0.730299	0.888218	0.998909	0.938531	0.00464406	1.37181e-005	3.35314e-011	5.21892e-013	2.47193e-013	1.62388e-010	1.21337e-011	3.56032e-013	1.66681e-016	3.00695e-012	8.10697e-014	2.80816e-013	6.1637e-012	3.19353e-011	2.78968e-009	2.37502e-016	1.58893e-015	6.0076e-014	2.45647e-013	8.04839e-009	
0	0	0	0	4.41415e-010	9.04492e-008	4.72534e-007	4.95108e-007	1.51091e-006	2.23017e-006	5.73855e-006	0.00581304	0.000221049	0.058554	0.953604	0.923747	0.684992	0.113513	0.0485204	0.0436241	0.0522724	0.0506361	0.00278468	0.000643998	4.60307e-005	2.40674e-005	7.37525e-006	0.000130588	0.0027049	0.000606921	0.000113927	2.95771e-005	6.16865e-006	0.000112258	


1	0.015957	0.0114542	0.0599921	0.108766	0.0373207	0.0423014	0.00332407	0.000544	1.18089e-005	4.51491e-008	6.01885e-009	1.38993e-010	5.58293e-011	1.84369e-011	5.64166e-012	4.35982e-012	3.17332e-012	1.12124e-012	1.46549e-013	1.86605e-013	8.92583e-013	4.29345e-012	4.08727e-011	6.89016e-011	5.34034e-011	3.15765e-013	6.47218e-014	6.34308e-014	2.6808e-014	1.87982e-015	1.14916e-016	4.69824e-018	5.57176e-019	
0	0.0111217	0.0198657	0.0808349	0.131435	0.0690581	0.031595	0.00625567	0.0010101	2.72681e-005	5.78581e-008	4.92436e-008	2.71606e-008	5.21619e-008	3.56551e-008	1.14676e-008	6.98786e-009	4.73278e-009	8.01375e-010	3.34271e-010	1.19135e-010	1.3599e-010	2.21218e-010	8.33121e-010	2.75583e-010	1.12203e-010	1.31249e-012	1.39174e-012	3.31836e-012	1.95452e-012	2.36238e-014	3.86042e-016	3.71749e-017	9.1593e-018	
0	0.972921	0.924021	0.603168	0.0741733	0.0127154	0.0175767	0.00180629	0.000886899	2.37995e-006	3.25053e-009	3.8843e-009	1.09098e-010	6.51842e-009	1.17543e-008	2.58854e-010	1.66347e-009	4.01532e-012	3.74925e-010	2.03192e-012	8.87451e-010	3.95968e-009	3.24407e-008	1.86101e-007	8.32317e-007	3.44834e-007	4.10572e-009	1.58853e-010	9.7148e-011	1.73005e-010	2.82245e-011	8.42183e-012	6.71685e-012	2.1484e-012	
0	0	0.0270409	0.00137482	0.000723592	8.24414e-005	0.000613613	2.68422e-005	9.23345e-007	6.35365e-009	2.14445e-011	1.61068e-010	5.10734e-010	1.20179e-008	6.0178e-009	1.17914e-009	1.24433e-009	1.51621e-010	9.81095e-010	8.33581e-011	1.60666e-009	5.45174e-008	5.21889e-006	0.000241791	0.0221	0.809751	0.998627	0.794534	0.425739	0.125454	0.000642587	3.36908e-005	2.46544e-006	5.77953e-007	
0	0	0.0176183	0.254444	0.304817	0.271705	0.126734	0.0381939	0.0163462	0.00150132	2.9352e-006	3.63142e-008	3.64129e-010	5.15498e-011	1.28224e-009	7.98971e-011	1.01765e-010	4.05919e-012	3.10806e-011	1.37919e-010	3.98781e-010	1.14515e-008	3.83674e-008	1.89203e-005	0.000181049	0.00100816	0.000854551	0.205289	0.430122	0.869579	0.999103	0.999919	0.998125	0.991726	
0	0	0	0.000135661	0.179995	0.00625811	0.00616586	0.00101412	0.000123578	2.38476e-005	1.48447e-006	1.50164e-006	3.91097e-006	0.00010746	1.90751e-005	6.74213e-005	7.94134e-006	2.5128e-005	3.18259e-007	2.55622e-008	1.19048e-009	1.59228e-010	9.83395e-010	3.7089e-008	8.04657e-007	5.53302e-005	4.17568e-005	4.12825e-005	0.143545	0.00253063	8.18618e-006	3.53697e-005	0.00186938	0.00815936	
0	0	0	5.09114e-005	0.199874	0.0646901	0.00160549	0.0141588	0.00894384	0.570054	0.992774	0.69612	0.878505	0.32637	0.0259334	0.0227362	0.000262425	5.92382e-005	5.45274e-007	2.33453e-007	2.92586e-010	7.19155e-013	5.7466e-015	2.77341e-012	7.5078e-011	9.59354e-011	7.2543e-010	2.99228e-007	0.000462077	4.7489e-006	7.735e-006	6.71619e-007	1.89424e-006	6.19242e-005	
0	0	0	0	0.00021561	0.53817	0.773408	0.93522	0.972144	0.428379	0.00722134	0.303879	0.121491	0.673523	0.974047	0.977196	0.99973	0.999916	0.999999	1	1	1	0.999995	0.999739	0.977717	0.189185	0.000477121	0.000135071	0.000132267	0.00243163	0.000238898	1.16634e-005	1.26541e-006	5.18695e-005	


1	0.124921	0.0160195	0.137144	0.0500895	0.0318614	0.0166051	0.0192417	0.00553222	2.87319e-005	4.27568e-007	5.94558e-009	5.55929e-011	3.24817e-013	2.04973e-014	2.62116e-015	8.84958e-015	2.83203e-016	7.42391e-016	5.78355e-017	1.77597e-016	2.64126e-017	4.60874e-017	4.37309e-017	1.74447e-016	7.88362e-017	2.12722e-016	4.97005e-016	2.48648e-016	8.91492e-016	4.23788e-015	1.77308e-014	4.82325e-014	5.63851e-014	
0	0.197891	0.0350871	0.00579032	0.0394414	0.00436475	0.0568046	0.274547	0.0823213	0.00034574	1.02819e-005	2.73831e-007	6.2514e-009	8.19208e-011	2.90618e-013	1.4314e-014	7.88086e-016	4.03859e-018	7.39761e-018	2.25566e-019	1.18235e-017	3.87255e-018	3.40334e-018	4.69723e-018	1.96609e-017	2.54124e-017	2.48081e-015	9.60799e-015	2.30333e-014	1.9449e-014	1.39643e-014	1.6159e-014	2.61069e-014	1.00893e-012	
0	0.677188	0.834485	0.546903	0.533148	0.0106723	0.0105315	0.264461	0.158388	0.00783023	0.000172303	1.537e-006	1.68763e-008	1.13053e-010	1.12702e-013	1.00317e-014	5.2e-016	7.9839e-019	4.038e-018	4.39834e-019	3.08601e-019	1.04143e-019	7.47337e-021	2.27179e-019	2.15234e-019	1.17008e-019	1.45649e-016	2.58262e-014	1.88867e-013	1.6312e-013	6.35564e-014	2.10149e-014	1.04794e-014	6.79056e-013	
0	0	0.113417	0.029542	0.323163	0.300493	0.00757732	0.0429422	0.723192	0.987227	0.98397	0.996408	0.999052	0.999672	0.937377	0.933691	0.20878	1.79532e-005	1.2752e-006	3.63742e-009	6.78084e-011	4.34974e-014	2.22423e-017	1.95061e-020	1.63964e-022	7.3833e-023	4.91709e-020	4.9879e-017	1.14349e-014	1.19267e-014	1.52751e-015	1.07822e-015	2.00267e-016	4.15636e-016	
0	0	0.000991813	0.279824	0.0509488	0.650558	0.835304	0.36543	0.0213257	0.00412804	0.0157565	0.00357482	0.000496474	0.000290914	0.062431	0.0571184	0.755931	0.0542402	0.319542	0.186616	0.849468	0.981788	0.566236	0.0134214	0.00722053	0.000551091	2.35692e-005	3.34776e-006	9.1188e-009	1.45173e-008	1.17999e-007	3.71073e-006	8.29391e-007	4.25133e-007	
0	0	0	0.000791367	0.00147379	0.000473041	0.0720931	0.00286855	0.000284157	3.03405e-005	4.9813e-005	1.18548e-005	0.000448971	3.61391e-005	0.000191624	0.00865263	0.0305539	0.788949	0.347166	0.649564	0.0109479	0.0110813	0.431153	0.957147	0.780697	0.94033	0.644328	0.166455	0.000165819	4.45943e-005	5.06861e-007	1.36782e-008	2.0046e-007	2.08907e-007	
0	0	0	5.2902e-006	0.00162543	0.000295488	8.62364e-005	0.00897341	0.000114198	2.16126e-006	7.45304e-007	7.90496e-007	1.96813e-006	5.98112e-007	1.61505e-007	0.000531736	0.00330649	0.155968	0.062592	0.0171703	0.00497245	2.85807e-005	0.000487016	0.0241579	0.166594	0.0399221	0.130194	0.00960937	0.003059	2.67484e-005	7.86055e-007	2.70437e-009	4.18975e-009	2.21694e-010	
0	0	0	0	0.00010985	0.0012817	0.000998615	0.0215367	0.00884268	0.00040824	3.94172e-005	2.31213e-006	2.77701e-007	4.96739e-007	1.59723e-007	6.3995e-006	0.00142806	0.000824841	0.270699	0.14665	0.134612	0.00710177	0.0021233	0.0052742	0.0454879	0.0191969	0.225455	0.823933	0.996775	0.999929	0.999999	0.999996	0.999999	0.999999	


1	0.949489	0.943545	0.942985	0.918483	0.659321	0.895138	0.947715	0.546623	0.172869	0.0342196	0.00311069	0.000333968	2.11033e-005	6.50111e-006	2.60043e-006	4.89322e-007	3.1921e-008	5.06181e-009	5.14563e-010	4.90727e-010	3.49454e-010	1.50376e-010	1.42837e-011	7.69392e-012	2.0486e-012	4.26031e-012	1.00687e-011	3.4391e-011	8.10161e-012	1.80276e-011	4.78415e-011	4.34365e-011	6.05493e-010	
0	0.00239366	0.0460564	0.0305561	0.0673602	0.309557	0.0503244	0.0276834	0.0539755	0.0335418	0.00762973	0.00153943	0.000847094	0.000225142	9.56923e-005	0.000201294	0.000132007	0.000232856	8.10747e-005	8.97707e-005	1.12922e-005	6.6564e-007	1.42878e-007	2.58795e-009	4.50073e-010	6.34428e-011	1.93027e-011	3.12473e-012	1.94929e-012	8.81951e-014	9.40843e-014	2.67195e-013	1.77025e-013	2.72756e-012	
0	0.0481172	0.00144976	0.000649356	0.00148697	0.00345721	0.000233996	0.00838135	0.0206488	0.00999335	0.00291635	0.000587474	9.16497e-005	1.79128e-005	6.90704e-005	3.80598e-006	3.29061e-006	1.58212e-008	2.36821e-006	5.1682e-008	5.62446e-006	4.08563e-007	6.57331e-010	3.19882e-011	7.88667e-012	1.2079e-014	3.16076e-012	1.96498e-012	1.22322e-011	1.65027e-014	8.51145e-014	1.82984e-015	1.32282e-014	1.26394e-014	
0	0	0.00713452	0.0154134	0.0118012	0.0268586	0.0533463	0.0144606	0.374903	0.767695	0.938244	0.944945	0.748002	0.340189	0.400366	0.0293969	0.0136175	0.000643978	5.8441e-005	4.59824e-006	1.65844e-006	3.9659e-007	4.07535e-008	6.53017e-010	4.37006e-012	1.85896e-013	2.34234e-015	2.97723e-013	9.11268e-013	3.77039e-013	9.20128e-014	1.00575e-013	5.88864e-015	2.16117e-014	
0	0	0.00181382	0.0103682	0.000322997	0.000685592	0.00089987	0.00172026	0.00374547	0.0154376	0.0119977	0.0121875	0.0040559	0.00211633	0.079765	0.0116526	0.0285271	0.00117314	0.00253175	0.00112337	0.00117503	0.00547305	0.0003975	1.76493e-005	1.55387e-006	1.61964e-008	2.99225e-009	7.30426e-009	3.36012e-009	1.75499e-009	1.27994e-008	1.14212e-008	2.87241e-009	1.64244e-009	
0	0	0	5.32177e-006	0.000541609	9.86344e-005	5.03779e-005	3.35776e-005	8.76624e-005	0.000439992	0.00496366	0.0375073	0.246254	0.655856	0.437069	0.935355	0.459804	0.482077	0.0146202	0.000967857	0.000377539	2.3089e-005	0.000149434	1.70455e-006	1.59043e-007	1.55036e-007	3.29133e-008	4.58647e-010	4.07714e-010	2.44738e-012	2.435e-013	3.78956e-011	1.43365e-011	2.55223e-011	
0	0	0	2.20619e-005	3.92566e-006	1.98351e-005	4.58114e-006	5.11785e-006	1.69327e-005	2.24402e-005	2.83326e-005	0.000119448	0.000382163	0.00134279	0.0779991	0.0139999	0.234531	0.00909185	0.0865772	0.0127046	0.00838364	0.0112214	0.000203649	7.85893e-006	3.60628e-007	2.51193e-009	9.14439e-009	3.89242e-008	3.79821e-008	3.97994e-009	1.67065e-008	3.4113e-009	1.20275e-009	1.05622e-009	
0	0	0	0	4.32444e-007	1.51853e-006	2.0498e-006	3.43991e-007	3.7058e-007	3.21269e-007	3.99447e-007	3.33686e-006	3.40833e-005	0.000231688	0.0046301	0.00938788	0.263385	0.506781	0.896129	0.98511	0.990045	0.983281	0.999249	0.999973	0.999998	1	1	1	1	1	1	1	1	1	


1	0.448892	0.0643913	0.207696	0.017996	0.00465684	0.000515237	3.39962e-005	1.82067e-008	3.65019e-013	9.27179e-017	5.48311e-019	7.7001e-021	2.26339e-023	1.63862e-026	1.33944e-027	2.4872e-028	1.01023e-029	2.61225e-030	2.4259e-032	4.74511e-032	1.3266e-032	7.19033e-033	2.3032e-033	1.28359e-033	2.15518e-034	6.99992e-035	7.57334e-034	1.4714e-033	5.4454e-034	5.49804e-034	1.94203e-034	6.8439e-035	5.10195e-035	
0	0.551053	0.933551	0.758792	0.860275	0.730686	0.0259812	0.117145	0.000618085	1.71927e-006	2.65581e-009	2.4014e-011	9.4443e-013	2.36661e-015	8.00066e-019	1.22454e-019	1.30535e-022	6.36638e-025	1.21964e-026	9.70329e-029	1.02277e-030	2.82968e-033	1.31404e-036	7.98856e-037	9.19315e-037	4.12695e-038	6.4826e-037	1.34046e-034	1.56004e-033	2.92167e-035	7.2991e-036	8.3839e-037	8.80859e-037	5.07264e-036	
0	5.48309e-005	0.00205762	0.0334903	0.121725	0.262823	0.972931	0.882694	0.998239	0.999893	0.996425	0.0823478	0.00131313	4.29255e-006	8.0987e-008	2.36787e-008	4.41154e-011	2.31421e-014	9.48325e-017	5.50006e-020	2.57564e-022	7.53281e-025	1.09367e-030	3.00436e-037	5.84459e-042	6.34824e-043	1.0727e-042	1.52157e-038	5.42968e-038	5.51643e-037	3.63136e-038	4.11538e-039	1.46732e-041	4.26275e-039	
0	0	1.29071e-007	2.22477e-005	3.10849e-006	0.00183456	0.000571737	0.000126291	0.00114273	0.000104922	0.00357549	0.917605	0.695298	0.483702	0.916594	0.158701	0.0502736	0.000191727	3.96527e-005	2.71423e-007	8.71314e-007	5.93399e-008	2.64838e-009	1.26635e-012	1.84496e-015	1.62913e-018	5.86951e-023	1.28926e-025	8.69622e-030	9.74816e-032	2.77525e-034	3.07395e-036	2.87869e-039	2.16525e-042	
0	0	9.91316e-016	7.49011e-011	6.49405e-009	5.27775e-010	9.55297e-007	2.27543e-007	2.36847e-010	6.63371e-010	2.28897e-009	4.71148e-005	0.303389	0.516292	0.0834014	0.841273	0.847497	0.974819	0.303991	0.00440882	0.0244045	0.0596933	0.109317	0.0825182	0.0970913	0.40535	0.845105	0.422844	0.107094	0.00290844	7.45458e-006	4.3548e-008	1.1351e-009	1.04917e-011	
0	0	0	1.51181e-012	4.90166e-013	2.30418e-012	1.82067e-011	5.63628e-012	9.52983e-013	8.37239e-014	8.77988e-014	1.44145e-010	6.96758e-008	7.86418e-007	2.73971e-006	1.82963e-005	0.00160921	6.82306e-005	0.00411785	0.00023995	0.000253021	8.01532e-005	1.43371e-005	3.93888e-006	7.8726e-006	9.39855e-007	2.17896e-005	0.0190144	0.000113837	1.30501e-005	1.4383e-006	2.10123e-009	3.68048e-012	8.59789e-014	
0	0	0	4.00172e-016	2.15424e-015	1.6352e-012	2.96274e-014	4.79274e-012	1.3114e-013	6.13267e-017	1.5072e-016	2.53182e-015	9.78456e-011	1.4674e-007	1.7773e-006	7.87983e-006	0.10062	0.0229503	0.689971	0.993883	0.464698	0.202979	0.00288697	0.000270239	1.92819e-005	1.16237e-005	4.06914e-006	0.0382679	0.00033159	0.00037148	0.000101385	4.73009e-006	2.7493e-008	2.75809e-010	
0	0	0	0	2.85285e-016	3.83136e-016	9.4058e-014	4.00118e-015	4.26547e-016	4.69605e-019	3.02462e-020	2.42004e-019	1.23064e-015	2.95661e-013	2.97159e-011	3.18321e-008	3.05347e-007	0.00197094	0.0018808	0.00146779	0.510644	0.737247	0.887782	0.917208	0.902882	0.594637	0.154869	0.519873	0.89246	0.996707	0.99989	0.999995	1	1	


1	0.216697	0.0174828	0.00635946	0.000311593	5.23153e-005	0.00018154	7.5445e-008	1.5352e-010	7.96738e-014	3.74423e-016	3.52063e-019	5.161e-022	1.21271e-025	6.16251e-028	1.40131e-029	2.27901e-028	1.8757e-028	5.34705e-028	3.24633e-028	1.33039e-028	1.61727e-028	1.2775e-027	2.30869e-027	1.50012e-026	3.33618e-026	3.22102e-025	1.94863e-024	2.00729e-024	1.01474e-023	1.6494e-023	1.09118e-023	9.54097e-024	1.86741e-023	
0	0.779752	0.975363	0.974429	0.300335	0.0637544	0.385081	0.00103503	3.56041e-006	1.92224e-008	1.61831e-010	3.05774e-014	6.24445e-018	1.10964e-022	2.18045e-026	2.85244e-028	3.78666e-028	1.24919e-028	4.17558e-028	2.68048e-027	1.36086e-028	2.48669e-029	7.37849e-030	4.96443e-029	1.61879e-028	2.24062e-028	2.92795e-026	4.77899e-024	1.01578e-023	3.30175e-023	3.51257e-023	2.75544e-023	4.06657e-024	7.56351e-023	
0	0.00355145	0.00715444	0.0192111	0.699351	0.935027	0.58489	0.998908	0.987168	0.986684	0.765283	0.00479803	3.46066e-005	5.9791e-009	1.65203e-012	7.18305e-015	3.19697e-017	4.62949e-020	1.14961e-022	3.64592e-025	1.74112e-027	1.48512e-031	3.10637e-034	3.30531e-033	4.00499e-032	1.99562e-032	5.76898e-030	2.12183e-027	4.84217e-024	3.1916e-027	2.52822e-025	1.87484e-026	6.56224e-027	5.81277e-026	
0	0	1.16773e-008	1.39978e-007	2.07294e-006	0.00116169	0.029515	5.68957e-005	0.0128081	0.0132318	0.22357	0.78445	0.410221	0.0133711	0.000956873	1.23987e-006	1.22701e-006	8.03987e-009	2.61042e-009	9.71184e-011	4.10212e-013	4.80592e-017	1.72432e-021	6.79961e-028	1.28762e-033	7.7611e-038	1.05072e-037	3.11746e-033	1.11763e-031	1.1183e-028	2.83733e-032	1.64008e-030	3.99457e-032	4.27446e-030	
0	0	1.47781e-009	1.04224e-010	5.0128e-008	4.65643e-006	0.000333245	1.68577e-008	2.00787e-005	8.44763e-005	0.0111467	0.210733	0.582871	0.985581	0.997633	0.0325321	0.0775696	0.000185357	9.00262e-005	2.10926e-006	4.18318e-007	1.12297e-008	2.03132e-010	4.17486e-013	1.34489e-015	5.43625e-018	7.35042e-019	1.21423e-021	2.73459e-025	1.19031e-027	4.83959e-032	1.16028e-030	1.68864e-031	1.05318e-030	
0	0	0	4.393e-015	5.03431e-015	2.10874e-013	4.84491e-009	2.95068e-009	7.24877e-014	2.7815e-010	2.77479e-008	1.94038e-005	0.00687384	0.00104728	0.00140984	0.967467	0.345182	0.889576	0.053	0.00202852	0.000246753	7.11095e-005	1.46257e-006	3.93631e-008	1.67672e-008	1.04799e-008	8.03759e-007	2.77224e-007	3.02093e-008	8.63071e-011	5.01502e-015	3.8444e-019	1.44687e-022	9.54881e-025	
0	0	0	5.37857e-020	1.02123e-019	5.96092e-019	9.28212e-017	1.80712e-015	5.12349e-014	4.93115e-017	6.31999e-014	9.60589e-013	3.92811e-009	2.11163e-008	2.28386e-008	2.36785e-008	0.0621276	0.000220633	0.00866611	0.00106528	1.41003e-005	1.20769e-007	1.53159e-007	5.11287e-009	1.03588e-010	1.21613e-011	6.45639e-011	6.29616e-009	5.71206e-010	7.69966e-012	6.78157e-014	4.12214e-017	7.85254e-020	9.3913e-023	
0	0	0	0	1.38513e-018	8.39371e-018	8.79634e-016	9.73913e-015	6.48321e-014	7.16592e-017	2.21332e-014	5.96223e-013	6.76963e-010	6.62742e-008	8.2153e-008	6.59064e-008	0.51512	0.110018	0.938244	0.996904	0.999739	0.999929	0.999998	1	1	1	0.999999	1	1	1	1	1	1	1	


1	0.658826	0.386656	0.1352	0.135282	0.143933	0.01229	0.00146338	1.06081e-005	3.13052e-008	3.412e-011	6.81878e-014	7.3735e-016	3.0124e-016	1.86905e-016	1.66447e-016	2.32854e-017	1.79072e-016	1.50245e-017	6.18611e-017	3.52063e-019	5.5135e-020	7.01707e-022	6.71581e-021	3.28043e-021	4.59738e-021	2.55197e-019	2.94895e-019	6.80457e-019	1.65375e-018	2.43001e-018	6.08409e-018	3.14811e-017	6.03014e-017	
0	0.339809	0.504569	0.209678	0.0728136	0.0625343	0.0177366	0.000452057	2.33132e-006	4.23868e-010	7.33605e-013	4.78079e-016	6.95395e-018	3.44797e-018	4.60755e-018	2.20434e-018	3.54004e-019	2.8267e-019	1.79393e-019	3.47882e-019	6.08038e-020	1.20593e-019	6.66768e-021	1.46893e-019	1.31424e-019	1.90045e-019	3.63876e-017	1.89591e-016	1.1434e-015	7.29386e-015	3.06345e-014	2.41268e-013	3.69632e-012	1.04491e-011	
0	0.00136552	0.108762	0.654758	0.364192	0.467857	0.968668	0.097664	5.73743e-005	2.6904e-008	8.89119e-012	1.35869e-015	9.57767e-019	5.74694e-020	5.38471e-019	1.42802e-017	2.2028e-020	6.36083e-017	1.30448e-019	1.27255e-018	1.83839e-021	1.68397e-020	1.73149e-022	8.3264e-022	3.01375e-021	1.04025e-020	1.36906e-019	6.89252e-018	2.06544e-018	9.79323e-016	4.73541e-015	3.47662e-014	1.73514e-013	2.72844e-012	
0	0	1.0438e-007	0.000159646	0.000287766	6.11632e-005	2.49913e-005	6.73875e-006	1.78142e-008	9.41501e-012	2.59077e-015	6.52521e-020	4.29555e-023	3.41839e-025	2.04018e-026	9.98733e-024	4.65904e-022	1.14477e-021	9.3892e-022	4.6405e-022	1.93127e-024	1.23128e-025	6.87665e-026	2.11167e-023	1.7332e-024	1.00084e-023	4.1618e-022	4.94363e-023	8.40471e-022	1.05908e-021	1.03519e-017	2.64172e-017	2.55588e-016	6.53319e-016	
0	0	1.35558e-005	0.000204331	0.427425	0.325513	0.00127129	0.900414	0.99992	1	1	0.999887	0.999935	0.994928	0.399091	0.972007	0.00194615	0.00310887	1.60147e-006	1.31698e-007	2.87701e-012	2.82834e-017	4.95418e-024	3.07399e-027	1.38731e-027	1.08724e-026	1.45511e-023	1.53616e-022	6.71983e-019	7.94564e-022	9.59651e-019	1.4066e-018	3.25304e-018	3.08339e-016	
0	0	0	5.11897e-009	9.13904e-011	0.000102124	8.29088e-006	1.09986e-009	9.80653e-006	2.14168e-008	2.37348e-007	0.000112978	6.44822e-005	0.00507196	0.600849	0.00854603	0.997453	0.557065	0.987485	0.808958	0.999566	0.982996	0.999852	0.842735	0.985448	0.980838	0.16668	0.00019838	3.55447e-008	4.24558e-008	8.69988e-009	2.75349e-008	1.02329e-008	2.29129e-011	
0	0	0	9.77166e-041	1.18376e-013	2.90465e-015	6.22879e-011	1.16614e-011	4.31656e-015	7.86769e-011	2.36023e-012	8.07976e-011	1.11317e-007	1.07081e-007	1.09522e-005	8.15812e-005	3.83131e-008	6.36981e-005	2.35363e-007	2.18712e-005	6.65406e-008	3.94354e-007	1.28579e-008	8.15687e-006	1.51416e-007	9.03256e-007	3.68452e-005	4.12228e-007	2.15787e-009	2.93899e-013	1.20154e-013	6.67936e-014	1.15936e-013	1.70844e-014	
0	0	0	0	2.47609e-010	1.05764e-010	6.08029e-007	4.10766e-008	1.30936e-010	1.57627e-009	1.83096e-012	1.13831e-011	1.83204e-008	1.92697e-007	4.92449e-005	0.0193651	0.000600496	0.439763	0.012513	0.19102	0.000433803	0.0170039	0.000147999	0.157257	0.0145518	0.0191612	0.833283	0.999801	1	1	1	1	1	1	


1	0.554701	0.222665	0.617559	0.0740348	0.0787464	0.0313781	0.0075014	0.00497504	0.00119972	0.000115351	1.51423e-006	1.39133e-008	3.09948e-011	2.36839e-012	1.07738e-014	3.71707e-015	8.01383e-017	2.90781e-017	2.70138e-017	3.08191e-018	3.50698e-019	1.11449e-018	3.44355e-018	2.85432e-018	5.76184e-019	5.75156e-020	6.36735e-020	6.71477e-021	1.11994e-020	1.66867e-019	7.68864e-020	5.25948e-021	4.44036e-022	
0	0.000673725	6.77678e-005	0.000102522	3.85909e-005	0.000107394	2.47867e-008	2.31555e-006	0.000269793	4.559e-006	9.88508e-008	9.31264e-010	5.15773e-011	2.75385e-013	2.07327e-015	2.58427e-018	6.52508e-017	9.81843e-021	8.02857e-020	1.37872e-019	1.04416e-019	9.08982e-023	4.77773e-023	7.73505e-022	4.91717e-022	2.51227e-023	4.83458e-024	4.04935e-024	2.62024e-023	4.08478e-026	4.17703e-023	2.32968e-023	3.106e-024	1.29383e-026	
0	0.444626	0.776864	0.380924	0.923166	0.918599	0.933276	0.987038	0.945567	0.983286	0.952079	0.997734	0.999297	0.999792	0.994237	0.988811	0.993863	0.992985	0.993479	0.995081	0.783736	0.502023	0.690989	0.914671	0.885598	0.920433	0.982058	0.983126	0.997164	0.982017	0.683647	0.182926	0.0496683	0.0150067	
0	0	0.00040141	0.0014092	0.00275036	0.00251003	0.0350352	0.00527648	0.0489682	0.0143946	0.0470568	0.00191127	0.000656873	0.000205763	0.00576307	0.011186	0.00611425	0.00700444	0.00638301	0.00291162	0.211807	0.487609	0.301446	0.0264452	0.0561633	0.00592864	0.00925009	0.00339966	0.000875679	0.00724072	0.0752143	0.0112173	0.00042686	7.10295e-005	
0	0	1.93347e-006	3.32106e-006	8.61945e-006	2.35128e-005	1.72848e-006	7.23481e-005	0.000152551	0.00102993	0.000599479	0.000350896	4.64556e-005	2.28506e-006	3.60137e-007	3.46281e-006	1.76295e-005	5.3393e-006	1.01714e-005	0.000150435	9.75495e-006	0.000201727	0.00033692	0.00378252	2.42174e-005	5.07177e-005	2.8117e-005	5.50142e-005	2.48108e-005	9.14965e-007	1.47108e-005	2.81665e-005	2.55197e-005	8.30011e-007	
0	0	0	1.78886e-006	2.81764e-007	1.0798e-006	1.00498e-006	1.80603e-008	1.03725e-005	6.70441e-005	0.000110355	1.6708e-006	7.33023e-008	4.50991e-009	5.97567e-008	2.57801e-009	5.22912e-006	5.03615e-006	0.000127446	0.00185373	0.00430418	0.00898696	0.0021519	0.00018409	7.4256e-005	6.66859e-007	6.19446e-009	5.99535e-007	3.26436e-008	3.17372e-006	8.15188e-005	0.00026068	2.90384e-006	1.74101e-007	
0	0	0	1.18788e-009	1.57463e-006	9.30901e-006	0.000287918	5.76804e-005	2.7966e-005	7.45018e-006	3.41855e-005	8.79358e-008	3.83558e-010	5.06677e-012	1.45961e-012	8.90191e-012	3.3754e-011	7.75372e-008	9.38917e-008	3.35201e-006	0.000142111	0.00117308	0.00415332	0.053121	0.0425998	0.059156	0.00281553	0.000126467	5.95144e-006	4.2018e-006	0.000220217	0.00246394	0.00611582	0.0104362	
0	0	0	0	1.10564e-009	2.92343e-006	1.97023e-005	5.12822e-005	2.88841e-005	1.07814e-005	4.52416e-006	9.02444e-007	2.50233e-008	2.43427e-010	4.22612e-011	1.70754e-012	5.9311e-013	1.02051e-010	5.58455e-009	3.91596e-008	2.21247e-007	5.99539e-006	0.000922687	0.00179673	0.0155404	0.0144307	0.00584829	0.0132925	0.00192958	0.0107338	0.240822	0.803104	0.943761	0.974485	


1	0.999957	0.999341	0.628769	0.995562	0.993608	0.983797	0.986176	0.364201	0.00192658	6.26348e-005	1.82128e-008	3.59948e-011	2.06273e-015	9.36842e-019	4.12903e-020	1.93901e-020	8.11001e-021	2.55715e-021	5.34912e-022	3.12089e-022	7.71244e-023	5.40263e-022	2.02544e-021	1.10704e-020	1.90916e-020	3.62876e-020	4.87387e-019	1.77184e-017	5.01252e-017	6.81941e-017	8.37447e-017	6.87461e-016	3.66328e-014	
0	2.55619e-005	0.000600579	0.370208	4.54162e-005	0.00537198	0.0141457	1.10758e-005	0.000120252	1.23193e-008	3.2991e-009	1.10298e-010	5.38182e-015	3.33075e-018	6.82574e-019	6.7474e-022	5.19423e-019	3.21515e-019	1.48729e-018	8.18594e-019	6.9543e-018	3.61815e-017	2.42292e-013	9.18704e-013	1.09468e-011	4.07776e-010	3.8877e-012	2.82431e-012	2.34779e-014	1.08639e-012	1.1228e-012	2.11611e-011	6.42495e-012	1.73552e-012	
0	1.70972e-005	5.44409e-005	0.00102232	0.000173774	8.95561e-005	0.00161792	8.81861e-005	2.92205e-005	7.85086e-008	8.71213e-009	1.22018e-011	2.89942e-014	2.0132e-018	4.00436e-021	2.06326e-022	5.81791e-022	1.05502e-019	1.45703e-020	2.07714e-020	9.28448e-020	2.49449e-019	1.51026e-016	9.876e-014	9.31212e-013	2.14104e-011	7.84795e-012	1.06495e-012	1.62184e-013	4.06714e-014	1.4078e-014	7.50063e-014	1.29655e-012	1.57788e-012	
0	0	2.96727e-007	1.99675e-007	0.00394248	4.89377e-005	1.11745e-005	1.95061e-005	5.06498e-007	3.91675e-009	7.00172e-011	2.02761e-015	3.62135e-016	1.12233e-020	5.54465e-024	2.86324e-023	1.28119e-024	5.79394e-023	1.89313e-022	1.74805e-022	2.057e-021	4.94163e-021	1.5366e-019	5.04314e-015	1.23476e-014	2.94123e-014	3.19255e-012	6.58174e-013	2.92086e-012	1.97762e-013	1.82167e-014	1.17858e-014	1.04613e-012	5.76236e-012	
0	0	3.43087e-006	5.31901e-007	0.000275941	0.000880512	0.000397655	0.0137042	0.631585	0.988367	0.750331	0.0031399	3.43512e-005	1.13097e-008	2.37731e-011	4.36124e-012	5.78029e-014	1.19779e-016	2.60777e-018	4.47636e-020	8.68346e-022	8.36689e-024	1.78847e-023	1.68118e-021	3.57043e-018	4.87647e-018	5.38463e-015	8.94782e-012	9.1016e-010	1.03057e-010	1.83431e-012	4.31164e-014	9.06284e-016	4.16546e-012	
0	0	0	1.25395e-011	3.29115e-009	1.36918e-006	3.03318e-005	9.21075e-007	0.00406394	0.00970648	0.249605	0.99686	0.999907	0.999997	0.999972	0.99187	0.520178	0.00746432	0.000799499	4.70703e-006	9.85081e-006	3.60491e-007	6.60632e-008	1.82741e-011	3.88969e-014	6.44004e-016	2.70828e-018	7.83723e-018	7.50044e-014	4.20166e-012	2.72459e-015	1.27005e-014	1.18e-016	1.30569e-015	
0	0	0	3.74175e-013	4.09694e-014	1.32249e-012	2.99444e-010	8.59792e-010	3.20574e-009	8.65409e-009	9.13179e-007	4.10436e-007	5.8283e-005	3.45845e-006	2.76443e-005	0.00813025	0.474441	0.970293	0.371906	0.135424	0.367544	0.484503	0.799358	0.924945	0.969459	0.994829	0.999264	0.823204	0.480025	0.0147155	4.46719e-005	3.04059e-007	5.76878e-009	5.65848e-010	
0	0	0	0	8.50985e-015	5.3872e-015	1.39359e-014	9.73307e-013	3.17674e-011	3.28335e-012	3.19762e-011	4.38782e-012	1.67759e-011	6.41583e-011	7.46646e-010	4.13429e-008	0.00538019	0.0222427	0.627294	0.864571	0.632446	0.515496	0.200642	0.0750548	0.0305406	0.00517063	0.000736396	0.176796	0.519975	0.985284	0.999955	1	1	1	


1	0.97905	0.993036	0.999563	0.688146	0.933967	0.736134	0.86932	0.00633395	3.63478e-006	1.60957e-009	5.05788e-011	3.78058e-012	2.17611e-013	1.93412e-015	9.19481e-016	1.21381e-016	3.02577e-017	1.19964e-017	1.27128e-017	1.91409e-019	4.7286e-021	2.12962e-022	2.27807e-022	2.92069e-023	2.24403e-024	1.20489e-023	8.01282e-022	2.09609e-019	2.56293e-019	6.90666e-020	9.83511e-021	5.25195e-021	7.3513e-021	
0	0.0209488	0.00695305	0.000435114	0.311849	0.056446	0.263577	0.130557	0.993588	0.99998	0.999869	0.402034	0.614385	0.300965	0.104839	0.201075	0.0151702	0.000307428	1.74651e-005	9.48607e-007	5.33716e-010	1.17931e-012	5.21532e-017	8.51604e-020	3.86427e-024	5.31808e-029	4.17461e-027	3.46145e-025	2.29682e-022	2.38001e-021	2.35246e-022	5.55498e-024	2.22289e-024	1.17438e-023	
0	1.22125e-006	1.13977e-005	2.30741e-006	5.44607e-006	0.00958675	0.000283353	0.00012339	7.76323e-005	1.62389e-005	0.000130712	0.597965	0.385321	0.698836	0.894153	0.780964	0.700822	0.0100154	0.00153814	5.71124e-005	4.96399e-006	1.24864e-007	4.55481e-009	8.62718e-011	1.49705e-012	1.62203e-014	3.86425e-015	1.5968e-016	8.67738e-018	8.26519e-019	2.29379e-021	1.53561e-023	4.77389e-025	1.68348e-025	
0	0	1.56419e-009	4.52089e-008	4.96542e-011	8.87893e-008	5.63102e-006	4.62492e-008	2.02052e-009	1.01251e-010	4.94035e-010	4.22471e-007	0.000294002	0.000198569	0.00100775	0.0179609	0.28395	0.989666	0.991348	0.972324	0.999287	0.999821	0.999964	0.987043	0.999863	0.999792	0.937376	0.880992	0.203548	0.00893844	0.000159532	4.59949e-006	2.57413e-008	8.77038e-011	
0	0	1.35253e-015	4.87397e-014	5.95007e-012	3.98776e-015	8.89045e-012	3.6087e-010	2.63832e-014	4.80793e-017	1.73541e-017	3.26579e-015	3.54053e-010	1.44811e-008	3.16261e-011	9.6173e-009	5.0043e-008	6.25731e-006	6.42299e-006	5.33949e-005	3.86015e-007	2.5913e-006	5.43808e-006	0.0126879	5.91571e-005	0.000171775	0.0624464	0.0127103	0.300784	0.000146419	5.08813e-008	4.28206e-010	1.58422e-008	6.22175e-011	
0	0	0	6.54557e-012	2.11661e-011	1.20147e-012	4.01389e-012	1.77254e-009	1.05995e-011	1.04138e-013	2.31489e-016	8.22553e-015	5.26178e-012	2.53294e-009	1.04392e-008	9.32457e-008	5.78597e-005	1.75251e-006	0.00708288	0.0226206	1.58809e-005	8.65589e-006	1.13934e-006	6.28292e-005	1.53535e-006	8.12313e-008	3.1405e-005	0.104964	0.104426	0.00536999	0.000265958	9.94179e-007	5.11026e-010	2.26686e-011	
0	0	0	5.24583e-020	1.26734e-013	1.16734e-011	5.45226e-012	2.02654e-013	4.95477e-012	6.23113e-015	5.8543e-018	4.30364e-020	8.68628e-019	3.08844e-016	3.13795e-012	2.32865e-011	4.02885e-008	2.3536e-006	6.11556e-006	0.00479649	0.000367394	2.16177e-005	3.32515e-007	1.55158e-007	2.097e-007	3.41315e-009	3.38777e-011	1.09677e-005	0.0410043	0.128567	0.467756	0.659188	0.0930666	0.0135355	
0	0	0	0	4.76184e-014	5.8235e-013	2.80325e-012	7.67165e-013	6.24715e-013	5.83403e-016	4.37749e-018	3.29331e-019	2.28815e-017	1.22702e-014	1.82321e-012	6.55139e-011	1.73248e-009	4.00403e-007	7.89665e-007	0.000147243	0.000324501	0.0001458	2.87693e-005	0.00020591	7.6043e-005	3.61924e-005	0.000146639	0.00132272	0.350237	0.856978	0.531819	0.340807	0.906933	0.986464	


1	0.388905	0.0795243	0.803508	0.0721379	0.0740755	0.140497	0.00650296	9.90123e-005	1.29952e-007	1.85196e-010	7.88324e-013	1.59057e-015	5.81529e-018	1.28905e-019	2.8002e-021	1.63343e-022	4.00632e-024	6.66522e-026	7.97664e-028	3.75157e-029	1.25846e-030	6.76064e-031	1.16874e-031	4.34836e-032	2.07024e-032	3.32804e-032	1.35625e-031	6.94603e-031	1.39034e-030	3.56085e-031	1.33576e-031	1.38539e-032	1.32298e-032	
0	0.105876	0.109254	0.166182	0.196507	0.50305	0.614298	0.0632769	0.000965473	2.87994e-006	1.06087e-008	1.55878e-011	1.66675e-013	1.01375e-015	2.36008e-017	5.78803e-019	5.54803e-021	1.06282e-022	1.28857e-024	3.80345e-026	2.00207e-027	9.41254e-029	2.73133e-029	4.23471e-030	4.04531e-030	1.60419e-030	1.1903e-029	1.20875e-028	1.80605e-027	7.27424e-028	2.25203e-028	8.27811e-029	1.58088e-029	4.69423e-029	
0	0.505219	0.784004	0.0189838	0.722358	0.22416	0.201443	0.924238	0.0502642	0.000838135	2.23996e-005	1.50687e-006	7.52236e-007	3.94596e-007	3.12227e-009	2.54263e-010	4.32665e-014	1.62636e-016	3.03862e-020	2.43991e-023	1.82616e-026	8.44938e-030	4.80555e-032	4.98351e-032	1.40421e-032	5.14417e-032	1.22007e-029	2.39543e-029	2.20204e-026	3.81775e-028	2.39382e-031	1.12775e-031	5.03283e-031	5.09847e-030	
0	0	0.027216	0.0109076	0.00894834	0.198456	0.0378216	0.00550304	0.948299	0.983434	0.996719	0.544434	0.727661	0.805295	0.606168	0.142239	0.00263689	1.18676e-005	1.1312e-008	4.10003e-011	1.22442e-014	9.96331e-018	2.2479e-021	1.16733e-024	1.32203e-028	3.14437e-032	4.71699e-033	5.15586e-031	2.02543e-029	2.39204e-028	2.03035e-031	7.38819e-034	1.83144e-033	1.05705e-032	
0	0	1.56501e-006	0.000405662	4.41563e-005	0.000248625	0.00591372	0.00047405	0.000354957	0.0156824	0.00304545	0.455446	0.261366	0.184606	0.197	0.781252	0.0214161	0.00296851	6.90467e-006	1.04461e-007	6.66106e-011	3.60691e-014	1.07492e-017	1.31265e-022	7.67632e-027	3.15151e-030	4.24139e-032	6.94369e-033	4.41626e-032	3.53786e-031	2.09891e-033	6.41544e-036	1.80738e-038	1.27923e-035	
0	0	0	1.22117e-005	4.23771e-006	6.96478e-006	2.56743e-005	4.70729e-006	1.64407e-005	4.27509e-005	0.00021108	0.000114396	0.0103651	0.00818497	0.0308152	0.0213242	0.0798983	0.0305478	0.00250027	0.000518334	4.62849e-005	3.1155e-006	3.45991e-008	1.48888e-010	1.35125e-012	1.35167e-014	1.25508e-015	2.84443e-016	1.27351e-016	5.71437e-018	3.86773e-020	1.7939e-022	8.3351e-025	2.34381e-026	
0	0	0	2.00157e-008	1.35782e-007	2.54807e-006	2.29399e-009	4.78141e-007	8.20041e-007	1.46128e-007	2.00311e-006	4.62964e-006	0.000606825	0.00190794	0.165904	0.0549015	0.887993	0.952845	0.937402	0.949832	0.597042	0.00689517	1.67503e-005	7.11307e-010	5.36975e-012	1.79567e-015	1.15761e-018	2.26884e-019	5.28248e-019	9.45484e-021	2.71165e-021	9.72813e-024	6.92807e-027	2.40711e-030	
0	0	0	0	2.00898e-008	2.89495e-007	8.34525e-007	7.14649e-009	7.01124e-009	1.11293e-009	8.78996e-009	1.56265e-008	2.52164e-008	5.71208e-006	0.000112892	0.000283031	0.00805603	0.0136265	0.0600911	0.0496492	0.402912	0.993102	0.999983	1	1	1	1	1	1	1	1	1	1	1	


1	0.923587	0.561014	0.0368163	0.0161285	0.00256951	0.000985532	2.1541e-005	8.0785e-007	2.70427e-008	1.50358e-009	3.60647e-011	3.82003e-013	2.66509e-015	5.11213e-017	3.50591e-018	7.65151e-019	9.6395e-020	1.78361e-019	1.16192e-020	6.65043e-020	2.49493e-020	1.57506e-021	1.3434e-022	2.57584e-023	1.69619e-024	1.9079e-024	5.09012e-024	1.005e-022	1.13902e-023	1.17195e-023	1.1956e-023	3.94105e-024	1.92525e-023	
0	0.00417855	0.0328386	0.961471	0.0169251	0.0301924	0.0041025	7.48936e-006	2.63559e-007	1.03886e-008	2.19797e-010	5.27835e-012	7.28062e-015	3.41409e-017	5.52061e-017	4.60527e-019	2.70301e-018	1.28887e-018	1.7001e-017	2.92261e-017	2.83939e-017	1.07756e-017	1.3893e-018	5.11659e-020	1.26395e-021	2.42889e-023	3.66672e-026	1.20592e-025	7.60678e-026	6.91472e-024	3.58435e-023	3.07712e-023	3.04758e-024	4.00316e-025	
0	0.0722341	0.406125	0.00170809	0.966945	0.965369	0.99276	0.999892	0.996569	0.998205	0.988692	0.319892	0.0620466	0.00445747	0.000187982	3.81015e-005	1.03206e-007	5.22523e-009	1.27906e-009	2.8483e-011	5.55827e-012	1.49177e-013	1.6462e-016	1.02918e-019	1.06206e-021	2.41674e-024	3.28918e-024	2.07035e-024	5.04055e-023	2.12141e-025	1.77648e-025	1.97185e-025	1.25039e-025	1.52908e-024	
0	0	2.20112e-005	4.81742e-006	1.77551e-006	0.00186871	0.00215206	7.88678e-005	0.0034304	0.00179486	0.0113082	0.680108	0.937931	0.995526	0.999546	0.999842	0.972647	0.995845	0.866001	0.0222645	0.115872	0.0726305	0.00322684	1.20831e-005	2.05589e-007	8.70907e-009	4.0567e-009	1.23484e-010	3.13721e-011	4.76062e-014	4.28729e-017	5.506e-020	8.35465e-023	1.45826e-024	
0	0	6.34143e-023	1.49368e-010	1.04311e-011	3.44433e-012	1.69737e-009	1.17388e-010	2.83711e-009	1.39437e-008	3.21965e-008	1.41841e-007	2.24155e-005	1.65193e-005	0.000261255	0.000119637	0.0209689	0.00297498	0.0186124	0.0104238	0.00140133	0.000188958	7.15569e-006	4.00143e-007	5.8342e-010	3.29386e-012	2.72389e-012	2.32563e-012	7.97364e-014	4.19437e-016	2.0971e-018	6.58718e-022	1.06547e-024	5.5678e-028	
0	0	0	3.73368e-010	2.40568e-013	5.68941e-012	8.2026e-011	2.34485e-012	5.13713e-011	7.59374e-009	5.06932e-010	1.46392e-009	6.59292e-009	5.27922e-009	4.90245e-006	4.70007e-007	0.0063841	0.000711904	0.11165	0.960677	0.45889	0.0477124	1.78386e-005	7.04747e-009	2.05762e-011	5.60704e-015	9.03491e-017	2.48172e-014	1.61902e-016	3.94255e-016	7.75164e-017	5.27927e-018	4.7566e-021	3.47245e-024	
0	0	0	1.21517e-028	2.3271e-011	2.55924e-011	9.59292e-012	2.65826e-013	2.06667e-013	2.62199e-012	3.83138e-010	3.66718e-012	3.99412e-013	7.10739e-013	1.30805e-011	3.06058e-009	9.0653e-008	0.000319583	0.00082583	0.00247209	0.311962	0.126949	0.000612532	3.43994e-005	3.4795e-007	2.84561e-009	5.20958e-012	6.74695e-014	1.70933e-014	1.78015e-015	5.08558e-015	5.06682e-015	2.99793e-015	7.62577e-016	
0	0	0	0	6.93283e-014	3.92579e-013	1.9625e-012	1.26813e-014	1.72305e-015	3.1276e-015	8.45223e-013	2.35753e-012	1.97036e-013	4.40497e-013	5.21674e-012	2.8519e-009	2.66346e-008	0.000149021	0.00291065	0.00416303	0.111875	0.752519	0.996136	0.999953	0.999999	1	1	1	1	1	1	1	1	1	


1	0.278639	0.0706703	0.0345049	0.00410178	0.00350438	0.0022784	0.000488217	1.90813e-006	8.69114e-010	1.56438e-012	5.98021e-014	2.88819e-015	4.0697e-017	7.02306e-019	2.02569e-020	1.4063e-019	1.00401e-020	7.91705e-021	8.12593e-022	1.11606e-022	1.5281e-023	2.95216e-023	2.92711e-023	1.08305e-022	3.03693e-022	1.17229e-020	1.10671e-019	1.64551e-018	2.25176e-018	1.48041e-018	4.64747e-019	3.22696e-019	9.85736e-019	
0	0.692806	0.881139	0.961794	0.276374	0.532224	0.224158	0.244128	0.00432815	7.55591e-006	2.28651e-008	1.26058e-009	4.62875e-011	6.88447e-013	7.84954e-015	2.6933e-016	4.48139e-016	8.29988e-018	4.188e-018	2.50464e-019	3.73372e-020	2.22333e-021	2.7401e-022	2.43245e-023	2.39942e-023	1.13218e-023	8.76236e-022	4.09644e-020	2.70075e-018	2.35324e-018	1.13113e-018	6.47031e-019	1.25641e-018	3.40906e-018	
0	0.0285542	0.0473813	0.00324172	0.70699	0.130509	0.615029	0.7551	0.979076	0.987923	0.878868	0.261862	0.157515	0.0131282	0.000214029	0.000124689	3.89591e-005	1.24462e-006	5.51782e-008	5.9937e-010	4.02975e-013	3.46719e-016	1.80898e-019	2.39113e-022	5.82313e-025	5.69144e-027	1.63472e-023	1.15901e-021	9.95767e-020	2.99172e-020	2.7999e-021	1.7084e-022	3.74253e-022	1.59863e-019	
0	0	0.000809083	0.000459194	0.0125334	0.329685	0.155464	0.000230666	0.0165806	0.0120449	0.120742	0.168899	0.0057732	0.00102198	0.000763197	1.39488e-005	0.00035107	2.36207e-007	6.81258e-008	4.54052e-010	1.69439e-011	3.82399e-013	2.72859e-015	1.51814e-018	1.537e-021	4.31485e-025	3.77014e-026	1.24687e-024	1.77337e-023	5.02132e-020	1.53848e-020	7.89538e-021	1.51048e-021	7.7573e-020	
0	0	1.3642e-007	7.76436e-008	5.27498e-007	0.00407784	5.60846e-005	8.04192e-006	1.29903e-005	2.46157e-005	0.000388659	0.565078	0.665419	0.878197	0.991478	0.00787642	0.00451005	8.68214e-008	4.70243e-010	1.98414e-012	4.88766e-012	1.13919e-014	6.95085e-016	1.16299e-018	8.9314e-021	2.00954e-023	7.92251e-025	2.26809e-028	2.19305e-026	3.91423e-024	6.40171e-023	3.08857e-023	1.89898e-022	1.80777e-023	
0	0	0	9.42666e-009	4.31848e-008	2.67087e-007	0.00301501	4.49974e-005	1.09398e-008	1.02283e-007	1.30573e-006	0.0041607	0.171291	0.107646	0.0075339	0.991984	0.662577	0.901928	0.0577624	0.000577106	3.46577e-005	5.4135e-006	3.44591e-007	3.10053e-009	3.52768e-010	5.18653e-010	1.85912e-008	4.7982e-009	1.84694e-009	2.31872e-011	1.60637e-015	7.77983e-019	7.72339e-022	3.15075e-022	
0	0	0	1.12589e-023	6.22714e-014	9.63186e-013	4.65459e-012	2.05176e-009	9.38814e-010	5.06689e-015	1.83425e-012	3.23646e-011	1.09947e-006	5.70184e-006	6.629e-006	4.03811e-007	0.204208	0.00221935	0.0099841	0.0010937	8.38935e-006	1.27698e-007	1.0454e-008	1.8301e-009	1.57022e-011	3.28015e-013	1.36997e-011	1.5863e-010	1.05272e-011	3.0926e-013	3.14446e-015	1.14818e-019	2.84423e-022	1.86707e-025	
0	0	0	0	4.67236e-013	2.33702e-011	6.42689e-011	1.88699e-008	3.27478e-010	5.15034e-013	3.58319e-013	1.85203e-011	6.20647e-008	1.19453e-006	3.82249e-006	1.36511e-007	0.128315	0.0958513	0.932253	0.998329	0.999957	0.999994	1	1	1	1	1	1	1	1	1	1	1	1	


1	0.841941	0.797711	0.99766	0.897519	0.992694	0.94196	0.706208	0.584017	0.213323	0.129002	0.0100857	0.000314684	3.74843e-006	5.26624e-007	5.60168e-008	1.02173e-008	2.71431e-008	2.24134e-008	6.03755e-008	2.88839e-009	3.07413e-010	8.54955e-010	7.7409e-009	2.16857e-008	5.36944e-007	4.36251e-005	0.000586287	0.000976848	0.000990892	0.000131536	3.36736e-005	2.35947e-005	9.54843e-006	
0	0.158049	0.202167	0.00223795	0.102462	0.00722142	0.057766	0.293477	0.187013	0.314689	0.226551	0.349742	0.92912	0.975563	0.0810807	0.0500224	0.000194316	0.000732954	2.56971e-005	5.65942e-006	9.57186e-010	5.31399e-012	3.43447e-012	2.07803e-010	2.92863e-010	4.28253e-008	6.45223e-005	0.00042173	0.00148169	7.41928e-005	3.62074e-008	6.72811e-009	1.19968e-006	2.64223e-006	
0	1.04803e-005	0.000122067	0.000100886	1.85197e-005	8.42592e-005	0.000273809	0.000315365	0.228965	0.471672	0.639151	0.640106	0.070543	0.0244323	0.918785	0.949463	0.886456	0.570246	0.307896	0.0549551	0.00158831	0.00013444	2.25904e-005	8.42477e-007	2.65491e-008	4.08172e-009	1.20806e-007	2.69496e-005	6.02561e-006	5.13531e-005	1.09871e-007	2.14873e-010	9.3722e-012	5.91724e-009	
0	0	8.14829e-010	1.22001e-006	5.78821e-008	2.14814e-008	1.25217e-007	2.31645e-008	4.81362e-006	0.00031546	0.00525691	5.42873e-005	2.21481e-005	6.9688e-007	0.000133715	0.000514173	0.113349	0.42902	0.692074	0.944736	0.998408	0.999864	0.999936	0.993495	0.999819	0.993515	0.640013	0.0641857	0.000166478	1.26813e-006	2.04658e-006	9.15153e-008	7.24956e-010	8.22038e-013	
0	0	2.1989e-016	1.14597e-013	3.33395e-009	1.05288e-011	7.10153e-011	2.21213e-010	2.48013e-009	1.72465e-007	4.0156e-005	1.12003e-005	1.3442e-007	2.1248e-011	1.76564e-013	1.35164e-010	7.70108e-011	3.66092e-007	8.41002e-008	9.04406e-007	5.49686e-008	3.87375e-007	4.03016e-005	0.00648372	8.49726e-005	0.00357517	0.264865	0.00999267	0.00062798	3.76137e-007	2.21294e-011	2.51496e-011	6.1112e-011	2.64409e-012	
0	0	0	1.44353e-017	6.17276e-017	6.53611e-012	1.16241e-016	3.99334e-015	1.70832e-012	1.87936e-011	1.35955e-010	3.84255e-007	5.52798e-009	3.07315e-011	7.90931e-012	3.33619e-013	1.05071e-010	3.4509e-008	3.27684e-006	0.000296341	1.08937e-006	6.0075e-009	2.029e-009	4.33444e-009	8.97251e-007	4.59135e-008	1.06943e-006	0.00821148	4.48474e-006	7.17277e-007	2.59415e-010	1.70274e-013	9.02478e-016	5.22929e-016	
0	0	0	7.16473e-022	4.3362e-018	6.04178e-016	5.9468e-012	1.39059e-012	7.18448e-012	6.29644e-011	2.89626e-010	1.68155e-012	8.25934e-011	3.08851e-013	2.23932e-013	1.56988e-014	4.93431e-014	1.90698e-010	5.15899e-008	5.86769e-006	2.04322e-006	7.44528e-007	4.68236e-008	4.39861e-008	3.68814e-009	1.33814e-007	1.50122e-008	2.48581e-007	0.000135291	7.62577e-005	6.98123e-005	3.56042e-005	6.15691e-006	1.13473e-006	
0	0	0	0	2.41463e-022	1.30369e-018	5.15631e-016	4.61453e-013	1.19306e-012	1.4446e-012	1.65081e-011	1.05338e-012	1.44862e-014	2.57281e-014	5.34945e-015	1.31293e-015	1.13212e-015	2.6133e-014	6.006e-011	2.069e-008	1.43264e-007	2.54005e-007	1.403e-006	1.98932e-005	9.54701e-005	0.00290952	0.0950131	0.916575	0.996601	0.998805	0.999796	0.999931	0.999969	0.999987	


1	0.975869	0.91445	0.999941	0.696102	0.993756	0.784116	0.840645	0.829251	0.698636	0.262284	0.213073	0.0113197	0.000336575	0.00175987	0.0011305	0.023024	0.0274418	0.0183808	0.00228245	0.000187335	1.1839e-005	2.65676e-005	5.44267e-005	0.000154921	0.00059749	0.0187716	0.115056	0.401724	0.65005	0.149867	0.0139577	0.0121063	0.0115452	
0	0.0241305	0.0855084	4.34021e-005	0.303897	0.0057496	0.215606	0.145652	0.0701631	0.0690168	0.35586	0.688169	0.984998	0.99851	0.38595	0.459043	0.0087128	0.00765445	2.3256e-005	1.52015e-006	6.00578e-007	2.92928e-007	3.1093e-007	3.27797e-006	9.69993e-006	0.000295757	0.293199	0.0299247	0.290566	0.00493112	1.55328e-005	4.98286e-006	0.000829202	0.00373238	
0	5.37601e-007	4.16591e-005	1.56539e-005	8.82561e-007	0.000494797	0.000276977	0.0137023	0.0993616	0.230134	0.379052	0.0937242	0.00333777	0.000993384	0.611796	0.533511	0.0850764	0.000300701	6.65549e-006	4.93781e-009	8.81714e-010	9.25237e-010	5.84202e-010	6.24096e-010	1.06237e-008	1.12181e-008	0.000266831	0.00691466	0.000542727	0.000817001	3.13024e-006	4.54938e-010	8.44456e-010	2.08678e-006	
0	0	9.47631e-009	4.07688e-008	1.11555e-008	2.55162e-008	1.01834e-006	1.1104e-007	0.00122019	0.00211432	0.00242681	0.00461391	1.22824e-005	2.38646e-007	2.71609e-005	0.00442563	0.182486	7.72916e-005	5.66897e-007	5.62804e-009	2.20366e-011	3.1829e-013	1.42868e-012	4.56995e-013	4.51541e-013	2.74159e-012	8.0319e-009	6.04216e-005	2.24772e-005	4.05259e-006	4.8348e-007	1.34021e-009	3.38049e-013	1.38457e-009	
0	0	7.60383e-012	1.35616e-008	1.31663e-010	3.04788e-011	3.65431e-010	5.10671e-010	3.72748e-006	3.9983e-005	1.84589e-005	0.00010871	3.96731e-006	4.49056e-008	1.65905e-005	0.000287669	0.679627	0.0975878	0.129472	0.159909	0.0142815	8.80037e-005	2.746e-006	3.86828e-008	7.4168e-010	1.29289e-011	1.64731e-011	1.33444e-006	1.45468e-006	1.15372e-007	6.26149e-008	9.58862e-010	1.66509e-012	2.44589e-014	
0	0	0	3.46979e-014	1.00291e-009	2.11517e-012	1.98364e-013	4.2644e-010	1.51377e-009	5.56349e-005	0.000128722	0.000197556	0.000327457	0.000159773	0.000268193	0.00130253	0.00308991	0.838277	0.0802292	0.00387665	7.10093e-005	9.45941e-006	1.12892e-008	3.24817e-008	2.88234e-010	1.38209e-011	3.083e-011	3.45286e-012	2.31971e-006	1.90122e-008	4.90631e-012	7.07697e-013	5.41242e-012	7.54381e-014	
0	0	0	5.29642e-016	2.5814e-012	7.73448e-011	1.53962e-011	1.14836e-012	1.12344e-008	3.40442e-006	0.000228097	0.000101224	3.90158e-007	1.14456e-007	0.000181993	0.000288328	0.00989651	0.000710706	0.532812	0.0709514	0.000229226	1.24588e-006	7.64794e-010	3.44034e-013	1.51694e-012	8.83682e-016	1.64003e-014	5.70069e-012	1.84495e-011	1.31317e-007	1.57699e-009	2.44636e-012	3.15704e-016	5.11844e-014	
0	0	0	0	1.21142e-016	4.93084e-012	3.71804e-011	2.00507e-011	1.16439e-010	2.01202e-008	2.39626e-006	1.25385e-005	1.34042e-007	1.13265e-009	5.30806e-007	1.1424e-005	0.0080881	0.0279504	0.239076	0.762979	0.98523	0.999889	0.99997	0.999942	0.999835	0.999107	0.687763	0.848043	0.307141	0.344198	0.850113	0.986037	0.987065	0.98472	


1	0.955332	0.983359	0.997751	0.973681	0.998094	0.952625	0.937716	0.761684	0.671639	0.416225	0.218505	0.0394311	0.00684147	0.00678626	0.00446761	0.00109707	0.0003439	9.25325e-006	1.63326e-006	4.18029e-008	8.10474e-010	8.84623e-010	6.32046e-010	1.07945e-009	4.17143e-009	5.57801e-008	2.08466e-006	0.000154692	0.000380799	3.0759e-005	6.75777e-006	1.05749e-005	3.07852e-005	
0	0.0446519	0.0141545	0.000118654	0.0262765	0.00178964	0.047364	0.0616955	0.148102	0.145661	0.502294	0.636405	0.949502	0.966511	0.648863	0.687809	0.000794591	1.27633e-005	1.76032e-008	8.27186e-010	1.70652e-010	2.21819e-011	4.45648e-012	7.13377e-012	1.60568e-011	4.09528e-011	3.23202e-008	5.62346e-008	7.73979e-006	2.11843e-006	2.11753e-008	8.55722e-010	1.5234e-007	4.04555e-007	
0	1.62824e-005	0.00248648	0.000304679	3.79781e-006	0.000115419	9.40987e-006	0.000588774	0.0901537	0.178911	0.0673054	0.143351	0.0106717	0.0266227	0.337459	0.301921	0.0555203	0.00012134	8.99281e-007	1.13435e-007	1.29518e-009	2.39094e-012	3.89762e-014	1.82146e-015	3.78213e-015	9.84938e-015	2.30057e-012	1.39042e-007	4.90586e-007	4.31444e-007	1.65742e-009	6.40737e-011	2.74694e-012	6.37821e-009	
0	0	5.80475e-008	0.00182605	2.08027e-005	7.10653e-007	1.10844e-006	7.87704e-009	5.09438e-005	0.00334677	0.00926671	0.000202021	9.24014e-005	9.85336e-006	0.00682762	0.00567999	0.942467	0.999424	0.999978	0.999956	0.999981	0.999953	0.999785	0.988689	0.997985	0.993179	0.0528409	0.055309	0.0383738	0.0280079	0.0102628	0.00665762	0.00143329	2.91722e-005	
0	0	1.57627e-008	5.62725e-008	1.76069e-005	5.50081e-008	2.81492e-007	2.75615e-008	8.76257e-006	0.000440346	0.00490087	0.000300052	0.000252692	6.30779e-006	1.03504e-006	9.33604e-005	4.94134e-007	9.08149e-005	7.16814e-007	8.82128e-006	1.86061e-005	4.72731e-005	0.000215004	0.0113112	0.00201333	0.00682051	0.947156	0.143872	0.372774	0.00218595	1.21615e-006	2.34722e-007	0.000352053	0.000272747	
0	0	0	2.51979e-010	1.88779e-011	5.69589e-008	5.84738e-012	6.86031e-011	3.02737e-009	1.46378e-006	5.46198e-006	0.00123612	4.9434e-005	8.99268e-006	6.22134e-005	2.93421e-005	0.000115213	3.28282e-006	1.0641e-005	3.07594e-005	2.96341e-007	6.07122e-009	3.21985e-008	7.43687e-009	1.3492e-006	1.60148e-007	3.21198e-006	0.800813	0.190614	0.017106	5.51504e-006	9.6689e-009	2.91632e-011	9.24015e-008	
0	0	0	6.17115e-014	2.65524e-013	6.82754e-012	1.35927e-010	6.0434e-013	4.43988e-012	2.62479e-010	3.25272e-008	5.36393e-009	1.35347e-007	3.52804e-009	7.34682e-008	8.95304e-008	6.36746e-007	1.48248e-006	9.12916e-008	1.22306e-007	1.18266e-007	8.44561e-009	7.00627e-011	8.4332e-011	5.32128e-009	1.88609e-009	8.80777e-010	1.88732e-006	0.00752546	0.00152255	8.43615e-005	1.72801e-006	1.33114e-007	2.14807e-009	
0	0	0	0	2.63476e-011	8.33061e-011	7.48321e-009	1.6727e-009	2.07388e-008	3.40304e-007	2.57201e-006	1.12812e-007	7.06793e-007	2.96557e-008	2.77631e-007	3.12776e-007	4.46273e-006	2.54734e-006	4.30159e-007	2.39035e-006	1.59349e-007	7.76226e-009	7.29211e-010	1.95875e-009	1.90857e-010	1.38723e-008	1.55643e-009	1.56257e-006	0.39055	0.950794	0.989615	0.993334	0.998204	0.999667	


