E:\Google Drive\Progetti\MSR Action3D\Real\a13_s07_e01_skeleton3D.txt
13
TRUE
-723.019
-726.08
-728.986
-755.81
-705.32
-722.161
-718.838
-731.702
-743.552
-731.306
-732.994
-732.867
-738.709
-732.521
-731.328
-740.231
-734.228
-731.948
-735.703
-729.082

30
20
1	0.617241	0.502223	0.11487	0.239094	0.097672	0.115666	0.0599844	0.0679427	0.0114674	0.177423	0.245239	0.0762241	0.0416762	0.00961927	0.00444097	0.00292643	0.000141252	0.000365011	0.000221512	0.00048732	0.000207366	5.23719e-005	1.70492e-005	1.39467e-005	1.13413e-005	6.79297e-006	1.07334e-006	9.95979e-006	4.92064e-006	3.69643e-006	
0	0.366383	0.114773	0.474283	0.270901	0.0741174	0.0198311	0.0133572	0.188768	0.0338569	0.353023	0.448497	0.456986	0.700854	0.353799	0.309016	0.540813	0.0118207	0.02708	0.0415335	0.0946633	0.239381	0.182133	0.482701	0.768888	0.823427	0.502992	0.124898	0.600087	0.371035	0.251513	
0	0.0163755	0.379523	0.0358712	0.456033	0.826073	0.861539	0.905923	0.522709	0.00978844	0.0641153	0.276592	0.0189955	0.0347051	0.0289377	0.00636006	0.0226502	0.0370657	0.0576355	0.0129237	0.0281698	0.00750329	0.00184303	0.00667373	0.173106	0.164249	0.453596	0.00476667	0.248485	0.193765	0.0332747	
0	0	0.00187497	0.361226	0.0188511	0.00204704	0.00257014	0.0206868	0.220433	0.939215	0.375557	0.0256854	0.446406	0.218301	0.523689	0.410403	0.429966	0.00184796	0.0243937	0.0848989	0.340464	0.612916	0.598939	0.472612	0.0554204	0.00960021	0.0263298	0.717291	0.143781	0.228204	0.703404	
0	0	0.00160514	0.0128541	0.0150468	6.15879e-005	0.000391805	4.75886e-005	6.56169e-005	0.00566845	0.00702176	0.00243743	0.000323032	0.00325278	0.0698393	0.244214	0.000112458	0.949077	0.66112	0.27299	0.0357548	0.0198112	0.210394	0.000515798	0.000388883	0.00167567	0.0166366	0.152998	0.00658188	0.206876	0.00776494	
0	0	0	0.000895063	5.8354e-005	2.42614e-005	1.08512e-006	6.27346e-007	7.95396e-005	2.9623e-006	0.022852	0.000116581	6.87315e-006	0.000251012	0.0140801	0.0255349	0.00273685	4.56689e-005	0.229405	0.58655	0.48948	0.116077	0.0063086	0.0372968	0.000227346	4.46218e-006	2.6311e-007	3.35589e-005	0.000978463	0.000101546	0.00403528	
0	0	0	4.26872e-014	3.20605e-007	8.11953e-009	1.13326e-008	1.27459e-009	9.38505e-009	1.27064e-009	6.1192e-009	7.67371e-006	1.20124e-008	9.62612e-010	1.61781e-008	7.66091e-007	9.58118e-006	1.68054e-008	1.08441e-007	0.000107848	0.000786684	0.000152806	1.12652e-005	2.87523e-006	2.09452e-005	5.29565e-008	2.39498e-010	2.60309e-012	3.42475e-008	9.34908e-008	2.22982e-009	
0	0	0	0	1.46396e-005	4.40271e-006	1.34834e-006	6.24976e-007	2.28411e-006	6.22285e-007	7.51836e-006	0.00142419	0.00105836	0.000959846	3.54369e-005	3.0197e-005	0.000784948	1.56168e-006	4.2293e-007	0.000774369	0.0101942	0.0039506	0.000319169	0.000180718	0.00193404	0.00103159	0.000438546	1.09315e-005	7.63769e-005	1.27674e-005	3.87789e-006	


1	0.462531	0.994941	0.905016	0.999957	0.999996	0.999983	0.999989	0.999993	0.970374	0.999582	0.999974	0.997504	0.999027	0.995518	0.289126	0.940959	0.960339	0.999874	0.979979	0.997579	0.957424	0.971015	0.999724	0.999607	0.99966	0.388317	0.023877	0.999404	0.99694	0.996255	
0	0.255699	0.000688672	0.0697843	2.64385e-005	4.11148e-006	1.69895e-005	1.12118e-005	6.4182e-006	0.0224206	8.71502e-005	2.58399e-005	0.00236179	0.00083351	0.00274472	0.689403	7.83123e-006	0.0395338	6.8757e-005	0.0165867	0.000218732	0.0242441	0.0239174	5.39632e-005	0.000392507	0.000339326	0.611677	0.0297308	0.000350279	7.02974e-005	0.0027602	
0	0.28177	0.00376517	0.0250945	1.58008e-005	2.19391e-008	5.81443e-009	7.69064e-010	7.62612e-007	0.00720512	8.65959e-005	6.06459e-008	0.000133808	0.000139282	0.000938196	0.0213966	4.17818e-005	5.4114e-005	5.66306e-005	0.00343375	1.23921e-005	0.0183275	0.00502601	3.01617e-006	2.22588e-007	1.23302e-007	1.59443e-007	0.946392	0.000148191	0.00298952	0.000739186	
0	0	0.000604999	0.000104625	2.77005e-007	8.03908e-010	6.20773e-014	7.88676e-014	1.69918e-014	1.10576e-010	0.000243857	3.07076e-008	1.98223e-010	4.07544e-008	0.00079874	6.6155e-005	0.0589849	7.10877e-007	5.32824e-008	1.98427e-007	0.00219016	3.89986e-006	4.1608e-005	0.000219224	1.43211e-010	2.85115e-013	1.83837e-017	1.7172e-008	9.73268e-005	2.91611e-007	0.000245608	
0	0	2.76151e-017	2.67143e-007	7.66827e-008	9.2834e-010	5.91653e-012	1.67636e-014	1.31894e-016	1.89498e-017	4.96574e-014	4.0275e-007	1.16678e-009	1.74625e-012	1.71538e-011	8.44455e-006	6.01017e-006	7.23607e-005	7.99896e-008	1.30096e-010	9.41193e-011	6.09781e-007	1.98447e-009	5.79616e-009	5.79315e-007	1.29708e-009	6.75849e-012	6.69827e-017	3.37053e-010	5.40198e-008	1.10613e-010	
0	0	0	3.63782e-016	1.90141e-008	2.18041e-008	3.78887e-008	5.98636e-008	8.78793e-009	1.73321e-012	1.21416e-014	1.82143e-012	4.99259e-011	1.60831e-012	1.92501e-017	1.43158e-014	4.48188e-008	5.369e-008	2.85264e-009	1.04609e-012	2.9037e-014	1.17536e-013	5.1035e-011	5.41952e-012	6.80216e-009	8.94249e-007	5.69105e-006	4.37393e-011	8.48893e-009	5.19211e-012	3.40294e-012	
0	0	0	1.19466e-036	4.58631e-019	1.5408e-010	6.59172e-010	1.83401e-007	4.67154e-008	4.39548e-009	5.09605e-012	7.59566e-013	2.37672e-012	3.64739e-015	8.54922e-015	1.61943e-017	1.78776e-015	1.45736e-011	1.06107e-010	7.50607e-014	2.88313e-016	1.74049e-018	4.73325e-017	4.8843e-013	1.86552e-013	3.29828e-008	3.91595e-008	6.56044e-010	6.8384e-009	1.99879e-010	1.29958e-010	
0	0	0	0	6.30233e-021	8.55085e-014	5.70954e-013	1.73643e-012	4.6504e-009	1.98925e-007	5.51069e-008	4.53491e-009	9.55329e-009	4.16799e-009	1.78901e-008	1.34106e-008	1.18971e-008	7.6959e-009	8.49656e-009	5.02318e-008	8.29658e-009	4.98783e-009	3.64159e-009	8.77715e-011	5.78497e-012	1.17618e-013	3.69578e-010	1.06748e-009	9.84292e-010	7.15485e-009	4.41194e-009	


1	0.0614328	0.882149	0.462415	0.999736	0.999989	0.999998	0.999997	0.999985	0.902883	0.998712	0.999968	0.993074	0.997166	0.956121	0.251949	0.613584	0.977025	0.999672	0.856609	0.993782	0.98467	0.991744	0.999591	0.999964	0.999989	0.942292	0.288621	0.999739	0.999022	0.95928	
0	0.938201	0.0274813	0.517285	0.000150862	4.58815e-006	9.94193e-007	4.35601e-007	1.0017e-005	0.0970381	9.6008e-005	2.73076e-005	0.00668783	0.00278534	0.0254068	0.713022	1.38084e-005	0.0226911	0.000211237	0.142814	0.000144749	0.0148033	0.00798705	4.6022e-006	3.45869e-005	9.32292e-006	0.0577081	0.696629	0.000102137	0.000898206	0.0245701	
0	0.000366642	0.0903688	0.0202964	0.000112972	6.59136e-006	7.07073e-007	2.44121e-006	5.08992e-006	7.84739e-005	0.00119145	4.18676e-006	0.000238267	4.90539e-005	0.0184714	0.0350159	0.363801	0.00026854	0.000115407	0.000572958	0.00606072	0.000521661	0.000265841	0.000401764	3.24606e-007	1.23947e-006	3.59937e-008	0.0147504	0.000157885	7.98467e-005	0.0161499	
0	0	7.86594e-007	1.58135e-006	1.83179e-007	1.35127e-008	9.16711e-011	8.76373e-012	2.66911e-011	1.70439e-012	6.41657e-008	6.73345e-009	2.07132e-011	5.98445e-010	4.02322e-008	2.58041e-006	0.0225361	9.81698e-007	3.28499e-008	1.26876e-008	6.09355e-006	2.18931e-007	8.71405e-009	1.31814e-007	2.84545e-010	7.53199e-014	4.38618e-016	2.05475e-014	4.71357e-008	5.72504e-010	3.05941e-009	
0	0	3.28787e-008	1.60082e-006	3.37166e-007	1.77825e-009	9.15062e-011	7.45795e-012	9.62684e-011	1.7613e-010	6.0278e-010	2.76623e-008	1.65966e-010	3.12842e-009	3.3695e-010	1.00901e-005	6.35736e-005	1.28813e-005	1.48674e-008	4.83212e-009	5.22609e-009	1.63817e-007	9.20287e-009	1.08876e-009	1.57966e-008	1.18036e-011	8.58605e-011	2.20339e-013	9.98502e-007	2.40619e-009	9.30329e-010	
0	0	0	2.38795e-015	1.09585e-007	3.94447e-008	1.43384e-008	2.99712e-009	8.65832e-011	3.67131e-016	1.83646e-013	4.35142e-011	3.92633e-014	2.45919e-014	7.02619e-017	1.24905e-014	2.59514e-007	4.98797e-007	9.49446e-011	8.62788e-015	2.09634e-013	2.11594e-011	1.27621e-013	2.15553e-012	2.58928e-009	4.4378e-010	1.37002e-011	7.73187e-018	3.07863e-013	1.38044e-011	1.28104e-015	
0	0	0	1.56828e-021	3.76702e-018	5.50902e-010	7.00312e-011	6.04466e-009	1.11312e-009	7.12369e-011	4.01715e-014	2.84985e-014	2.50133e-011	3.89405e-015	5.17373e-016	3.31561e-019	9.33702e-016	1.37856e-011	8.38945e-010	3.214e-014	1.18856e-018	7.40172e-020	3.14406e-016	4.77309e-017	9.34346e-016	1.83025e-009	7.9201e-011	4.80613e-014	1.19443e-015	1.34417e-015	6.85931e-012	
0	0	0	0	3.69151e-019	2.18825e-011	4.57149e-011	4.31995e-011	1.9265e-009	3.90926e-009	8.90083e-009	1.44687e-008	6.00389e-008	7.25481e-008	4.4758e-007	2.33371e-007	1.12598e-006	7.7352e-007	1.28652e-006	3.72079e-006	6.45462e-006	4.57758e-006	3.13401e-006	2.21486e-006	8.4326e-007	2.76914e-007	6.77818e-008	3.88374e-008	5.17993e-008	5.44228e-008	2.61429e-007	


1	0.569531	0.9757	0.787082	0.994747	0.993051	0.997429	0.982915	0.938791	0.805183	0.293888	0.418985	0.0420897	0.0723327	0.0521598	0.0163511	0.0178968	0.412053	0.824727	0.928798	0.940454	0.952887	0.841853	0.91761	0.982967	0.983859	0.992383	0.555136	0.976664	0.990582	0.730484	
0	0.00660479	0.00244684	0.0232345	0.00223006	0.00659616	0.00237548	0.016839	0.0604271	0.173016	0.688677	0.576759	0.951881	0.894396	0.271957	0.110314	0.877491	0.0282079	0.000773677	0.00212902	0.015078	0.0112801	0.00472974	0.0542086	0.0166143	0.0147571	0.0022823	0.0135433	0.0179747	0.00321713	0.136819	
0	0.423864	0.00447521	0.189611	0.000620564	6.57891e-005	7.44332e-005	3.7385e-005	0.00044002	0.0216736	0.0160207	0.00397286	0.00595733	0.0331207	0.658623	0.714242	0.0575479	0.0420974	0.0223133	0.0562374	0.0427039	0.0354895	0.153352	0.0279378	0.00012806	0.000723653	0.000110135	0.431301	0.00279609	0.00605711	0.132642	
0	0	0.00174794	1.98283e-005	3.6762e-005	2.79731e-006	9.16515e-007	1.64965e-006	7.74483e-008	5.85539e-005	0.00128166	0.000215466	6.29151e-005	0.000146409	0.0170695	0.137161	0.00461133	0.180671	9.87534e-005	1.75722e-005	0.000874996	6.93543e-005	7.35506e-006	4.91804e-005	5.18426e-005	8.67958e-007	6.22065e-006	2.12208e-007	0.000309648	5.46571e-006	3.57281e-005	
0	0	0.0156304	4.89763e-005	0.00236134	2.38887e-005	6.25215e-006	1.02792e-007	3.62207e-010	2.4717e-008	4.1257e-005	1.07106e-006	1.33357e-008	6.91261e-007	0.000187763	0.0219309	0.000658614	0.238567	0.124471	0.00913897	0.0005752	0.000199747	5.64021e-005	0.000177399	4.561e-005	2.33187e-006	2.12589e-006	7.66077e-008	0.00218349	7.14149e-005	3.89506e-006	
0	0	0	4.18819e-006	2.95548e-006	0.000254322	2.19243e-005	1.59167e-005	9.86353e-006	1.20243e-007	8.39352e-010	5.18324e-007	1.81699e-009	8.78106e-010	2.68048e-010	3.88549e-009	0.0417928	0.000518805	0.00164962	0.000630186	0.000193718	3.69411e-005	1.37375e-007	1.56949e-005	0.000138434	3.65332e-006	7.22048e-008	9.01248e-010	4.11759e-008	1.98035e-005	9.88045e-008	
0	0	0	5.03701e-009	3.53306e-010	8.66191e-009	2.35524e-008	1.04531e-008	2.00015e-008	8.6608e-009	3.13324e-010	9.72636e-011	1.03369e-010	7.19396e-013	1.08639e-012	7.17178e-010	8.23334e-007	3.31071e-005	4.29705e-008	6.07032e-008	5.3907e-008	2.84281e-008	4.19658e-010	1.27847e-010	9.77318e-008	1.05506e-007	1.92512e-009	9.34893e-014	8.36574e-013	6.66083e-010	2.04756e-009	
0	0	0	0	9.00249e-007	5.92054e-006	9.21291e-005	0.000191188	0.000332014	6.8419e-005	9.12562e-005	6.53717e-005	8.71165e-006	3.21451e-006	2.34868e-006	1.08856e-006	8.91864e-007	0.0978519	0.0259669	0.00304922	0.000120575	3.76501e-005	1.30169e-006	1.0008e-006	5.43986e-005	0.000653516	0.00521624	1.94225e-005	7.1915e-005	4.72362e-005	1.59223e-005	


1	0.986151	0.860369	0.860467	0.572085	0.0333337	0.00310234	0.000623812	2.34519e-005	1.28177e-005	1.58094e-005	8.61036e-006	1.52441e-006	8.8982e-007	1.9225e-006	6.99085e-007	4.62788e-007	5.47222e-007	8.49507e-007	3.4222e-007	4.48998e-008	4.75085e-009	1.00027e-009	2.08827e-010	1.68334e-010	2.17826e-010	2.34795e-010	1.12962e-010	9.13877e-011	6.28406e-010	1.74276e-009	
0	0.0132545	0.0768929	0.135292	0.0564125	0.00544858	0.000216122	4.02415e-006	1.58675e-008	2.09763e-008	2.43055e-008	3.76504e-008	4.01126e-009	1.84042e-009	3.92677e-008	1.67212e-008	3.5943e-010	6.35903e-008	7.29434e-008	2.60978e-008	7.61905e-010	4.52698e-011	6.22716e-012	8.46562e-013	5.04267e-012	3.31846e-012	2.33736e-011	2.85543e-012	2.39493e-012	4.68377e-011	4.15437e-011	
0	0.000594596	0.0626131	0.00352709	0.336293	0.8982	0.788728	0.293989	0.0228243	9.83221e-005	3.60432e-005	2.16336e-005	1.04012e-007	6.68882e-009	3.22859e-010	7.29944e-011	2.44768e-009	2.37038e-009	1.20182e-008	7.6233e-010	3.55013e-011	2.51295e-012	7.45134e-014	5.14718e-013	2.17385e-011	2.16129e-011	2.10497e-011	3.56838e-014	1.81198e-011	5.36865e-011	2.46878e-011	
0	0	0.000124894	1.30414e-005	0.0351938	0.0627516	0.202826	0.406422	0.531097	0.0045312	0.0059503	0.00653176	3.90519e-005	4.56597e-007	3.11576e-009	6.94704e-013	2.44986e-010	1.67047e-011	3.24094e-010	1.42024e-012	1.7978e-013	1.23547e-015	5.54348e-017	4.52463e-016	3.06889e-014	4.60969e-013	1.11659e-014	1.67653e-016	3.45407e-014	3.61234e-011	8.92238e-013	
0	0	4.12587e-007	0.000700557	1.50511e-005	0.000265985	0.00512702	0.298936	0.446017	0.980161	0.981552	0.986215	0.995579	0.964075	0.46533	0.155999	0.0488613	0.00430018	9.157e-005	4.40347e-007	1.90053e-010	7.09483e-014	5.26045e-016	2.63148e-017	5.37753e-015	2.28118e-013	1.16701e-012	1.7388e-014	7.20187e-016	3.85247e-013	2.02452e-012	
0	0	0	1.16696e-007	2.12381e-007	7.44403e-008	2.9392e-007	2.49616e-005	3.81986e-005	0.015193	0.00945378	0.00647352	0.00412387	0.0350866	0.492348	0.613813	0.327793	0.105164	0.00457337	0.000220851	1.84182e-006	7.42086e-009	8.19077e-011	1.2767e-013	8.04848e-016	9.1418e-018	1.33713e-015	2.12744e-014	4.3908e-016	8.03806e-017	2.0871e-014	
0	0	0	1.02951e-015	1.60004e-014	1.16631e-016	1.50864e-014	2.6275e-012	1.07327e-015	1.01993e-008	1.89448e-008	4.67421e-010	1.74663e-010	2.95206e-010	9.79965e-007	0.00028916	3.94618e-009	2.66194e-008	6.71672e-010	2.81072e-011	3.0017e-011	2.67785e-017	7.59071e-017	1.68476e-019	2.6387e-024	1.88026e-023	4.6784e-021	9.87546e-021	5.78853e-024	7.92129e-026	1.56486e-019	
0	0	0	0	5.75559e-009	6.82328e-010	1.23714e-009	1.92228e-008	9.32215e-008	3.69913e-006	0.00299225	0.000749009	0.000256361	0.000836887	0.0423189	0.229899	0.623345	0.890535	0.995334	0.999778	0.999998	1	1	1	1	1	1	1	1	1	1	


1	0.0389942	0.19238	0.00185882	0.0511697	0.09861	0.0338694	0.0750817	0.00406794	0.00514906	0.00122055	9.5543e-005	1.84074e-006	8.61252e-008	4.11649e-008	2.19427e-008	4.50266e-008	2.57614e-009	1.07869e-009	1.39093e-009	3.45122e-010	3.35586e-010	9.39295e-011	5.21216e-010	2.07998e-010	3.39136e-010	1.13895e-010	1.26516e-011	2.933e-012	7.04565e-013	5.78061e-013	
0	0.0152247	0.626151	0.00436782	0.244551	0.52388	0.917962	0.730442	0.00818924	0.013108	0.00426008	0.000211054	2.9666e-006	8.42868e-008	8.69981e-008	1.4059e-007	1.28394e-007	3.52425e-008	7.15214e-008	4.51188e-007	2.32773e-007	1.46148e-007	1.17264e-007	1.38796e-007	4.0935e-008	2.0415e-008	2.70888e-009	1.02337e-010	1.40912e-011	8.10416e-012	2.18408e-012	
0	0.945781	0.093795	0.986996	0.101643	0.0308109	0.00131049	0.00415546	0.936745	0.313298	0.0129133	0.00160393	0.000104389	4.4756e-005	1.52323e-006	2.43469e-006	2.41825e-007	1.57102e-009	3.01275e-010	3.37093e-008	4.2418e-010	2.67334e-007	1.59829e-007	7.10066e-008	6.48003e-008	1.37541e-008	7.89575e-009	2.81405e-010	6.93419e-012	3.53937e-013	4.95888e-014	
0	0	0.0856644	0.00450875	0.517266	0.173662	0.0109513	0.0529725	0.0298354	0.0120035	0.000538757	7.08569e-005	9.05755e-007	5.03079e-007	2.18326e-006	5.46183e-007	2.15589e-007	8.22191e-008	4.35789e-008	9.00197e-008	2.49294e-009	6.74163e-008	4.70725e-008	2.09904e-007	2.22743e-007	5.91574e-008	9.43329e-009	5.0217e-012	1.86612e-012	1.65043e-012	2.54156e-015	
0	0	0.00200962	0.00226826	0.0224017	0.141631	0.00697847	0.00559017	0.0158176	0.571134	0.927427	0.983222	0.997676	0.999408	0.172437	0.294413	0.339754	0.000994666	5.03984e-005	9.29885e-005	1.22881e-005	1.46253e-005	9.4111e-006	1.1923e-005	3.36479e-005	1.93639e-005	8.8996e-006	1.51151e-006	5.69191e-007	5.94426e-008	4.86543e-009	
0	0	0	2.59774e-007	0.0629298	0.019552	0.0101519	0.00983496	7.78664e-007	0.00381209	0.00103927	0.000149227	0.000260695	0.000161922	0.82685	0.502013	0.0757959	0.782318	0.774676	0.626249	0.428474	0.140524	0.0640061	0.0739602	0.00161908	0.000493483	6.55709e-005	5.0613e-006	1.63999e-008	3.12185e-007	1.23758e-007	
0	0	0	3.45297e-009	3.84789e-005	0.000183823	0.000286216	0.000253253	4.96285e-008	0.00127902	0.000207167	1.54331e-005	1.94113e-005	1.20548e-005	0.000409435	0.0575796	0.00765491	1.09543e-005	0.00209501	0.00600515	0.045653	0.00039815	0.00171598	0.00074171	4.74528e-006	8.14909e-007	8.93966e-008	1.52342e-006	1.59764e-009	1.00138e-010	1.23324e-008	
0	0	0	0	7.87689e-007	0.0116707	0.0184899	0.12167	0.00534365	0.0802167	0.0523937	0.0146324	0.00193388	0.000372504	0.000299996	0.145992	0.576794	0.216676	0.223179	0.367652	0.52586	0.859062	0.934268	0.925286	0.998342	0.999486	0.999925	0.999992	0.999999	1	1	


1	0.481176	0.837262	0.127345	0.80478	0.865941	0.0455813	0.000471941	0.0197107	0.00348846	0.00715191	0.015327	0.0130961	0.0262012	0.0145737	0.00628281	0.00881263	0.0025654	0.000947708	0.00092185	0.000156211	8.46684e-005	1.34481e-005	9.31036e-006	1.35476e-005	1.3614e-005	1.05732e-005	1.17613e-006	1.67975e-006	1.47156e-007	2.73407e-008	
0	0.444388	0.116664	0.853831	0.0866866	0.0217504	0.000118953	3.05251e-006	0.00158856	0.000125402	4.01209e-005	0.00128584	0.00167472	0.00257097	0.0234066	0.016868	0.00106104	0.0026848	0.000745737	0.000789295	9.08879e-005	8.52033e-005	4.7244e-005	1.96712e-005	1.69634e-006	5.49156e-007	2.92775e-007	5.23976e-007	1.83958e-008	6.76165e-008	8.67358e-009	
0	0.0744363	0.0255941	0.0128617	0.0620281	0.00216819	1.88161e-005	2.89681e-007	0.000231082	2.8352e-005	2.44546e-006	0.000845227	0.00011239	0.00159314	8.06153e-005	0.00100961	1.21621e-005	0.00028959	0.000209327	0.000106604	3.44527e-006	1.49e-006	9.33573e-006	2.61606e-007	1.82666e-007	2.36415e-007	8.69013e-007	5.7773e-007	3.20724e-008	1.0991e-009	8.98549e-011	
0	0	0.0185386	0.00586372	0.00246063	5.10116e-005	1.10185e-007	7.84182e-011	1.34329e-008	1.75379e-005	2.27273e-005	2.3527e-007	2.05419e-005	1.70488e-005	0.000107622	0.00312894	8.49504e-006	1.58168e-006	1.36599e-006	0.000180034	5.01239e-005	0.00010157	2.14736e-005	1.17047e-006	1.52008e-008	1.28504e-010	8.65678e-010	7.76294e-007	9.16632e-009	9.98931e-011	2.31231e-010	
0	0	0.00194089	9.80303e-005	0.0219285	0.0303908	0.00184513	7.79543e-005	0.00479507	0.00199228	0.0162371	0.0100009	0.0117791	0.00411778	0.000152403	4.28325e-006	0.00443657	7.71815e-006	7.92104e-007	1.33195e-007	2.29552e-005	3.77012e-006	9.14677e-007	1.15832e-005	1.06855e-005	1.61833e-006	9.17405e-009	1.0019e-009	2.63417e-007	4.54242e-008	2.85345e-009	
0	0	0	1.13409e-007	0.0220851	0.0772075	0.924811	0.985498	0.248486	0.0039082	0.000914406	0.00358294	0.000304513	2.63775e-006	0.00132408	7.71896e-005	4.93232e-006	0.00764176	0.00312075	8.32326e-006	1.68846e-006	9.33292e-009	7.71127e-009	3.13817e-009	1.46017e-005	2.53532e-005	1.5338e-005	7.85049e-009	9.57721e-008	3.03192e-007	5.40718e-009	
0	0	0	1.57055e-008	3.06293e-005	0.00172549	0.0259508	0.0128131	0.0109105	0.032603	0.00591292	0.000186217	0.000111372	5.56809e-006	8.86079e-005	9.91474e-005	6.5586e-005	9.3422e-005	0.00130186	0.000195996	2.58331e-005	1.2233e-007	3.50348e-009	6.46021e-010	3.32296e-009	1.70153e-006	2.89163e-006	5.61746e-007	8.40272e-008	3.47732e-008	2.64069e-007	
0	0	0	0	1.63512e-007	0.000765797	0.00167376	0.00113553	0.714278	0.957837	0.969718	0.968772	0.972901	0.965492	0.960266	0.97253	0.985599	0.986716	0.993672	0.997798	0.999649	0.999723	0.999908	0.999958	0.999959	0.999957	0.99997	0.999996	0.999998	0.999999	1	


1	0.890719	0.862632	0.795939	0.433708	0.55353	0.0342661	0.00480105	0.131923	0.427868	0.662169	0.633165	0.819861	0.89293	0.837516	0.67993	0.800219	0.279445	0.159522	0.0399797	0.272342	0.337844	0.486452	0.799812	0.715755	0.572568	0.213616	0.458409	0.23168	0.14835	0.119531	
0	0.00364195	0.108574	0.00506639	0.546702	0.437186	0.964588	0.994742	0.340513	0.439099	0.166992	0.0124676	0.01966	0.00325115	0.158302	0.2557	0.131564	0.704962	0.824445	0.0261551	0.318862	0.104311	0.0686959	0.120311	0.258454	0.396576	0.586077	0.432968	0.365243	0.753065	0.830463	
0	0.105639	2.57297e-005	0.196891	8.08053e-006	0.000226706	3.08702e-005	1.2863e-005	0.501057	0.0678554	0.00119389	0.000118521	0.000126158	0.00250574	0.000621988	0.0601766	0.0172175	7.50136e-005	0.0133406	0.933334	0.132589	0.50656	0.40464	0.0435097	0.000310013	4.77589e-005	0.000346335	0.0481707	0.000625852	1.88907e-005	0.00883673	
0	0	0.0286822	0.000359509	0.0178037	0.00759563	0.000407717	3.85274e-005	0.000104395	0.0378743	0.0720886	0.0484564	0.0118283	0.00151798	0.000152321	0.000558795	0.0423376	0.00792174	0.000320563	9.45384e-005	0.270398	0.0274738	0.014489	0.0154036	0.0151854	0.0144181	0.012353	0.00131117	0.0166534	0.000424647	7.30992e-005	
0	0	8.66527e-005	0.00174259	0.000812838	0.00108023	0.000253814	3.27741e-006	0.00172052	0.00669241	0.0229835	0.020693	0.00205146	0.00326252	1.79888e-005	0.000173387	0.0070191	0.00010279	0.000551584	0.000319346	0.00570443	0.0229737	0.025364	0.0191946	0.0094887	0.00701237	0.00113442	0.000419732	0.00411638	3.92267e-005	6.0962e-006	
0	0	0	1.02386e-006	0.000964815	0.000253623	5.96448e-005	3.48285e-005	7.55829e-007	4.14101e-005	0.000108682	1.05872e-005	0.000134557	3.14661e-006	0.000137174	4.02083e-005	6.27115e-005	0.00640981	0.000706056	2.56409e-006	8.87871e-005	0.000825822	0.000255371	0.00171064	0.000564336	0.0012286	0.00101613	0.000140066	7.65098e-006	0.000804868	8.83986e-005	
0	0	0	1.34589e-007	1.54257e-007	4.89466e-005	4.24951e-006	1.03362e-007	0.000454941	7.24433e-005	4.96089e-005	0.000105808	9.07229e-006	5.31845e-005	5.53295e-007	5.5962e-005	5.5672e-005	1.3783e-006	0.000208219	7.04431e-005	7.16787e-006	1.07249e-005	9.92379e-005	4.51533e-005	7.75399e-005	7.53208e-005	5.7909e-005	4.79086e-005	4.20289e-005	1.44002e-007	1.46857e-005	
0	0	0	0	3.26619e-007	7.91301e-005	0.000390036	0.000367165	0.0242265	0.0204967	0.074414	0.284983	0.14633	0.0964762	0.00325247	0.00336514	0.00152401	0.00108216	0.00090667	4.42948e-005	9.27966e-006	8.88217e-007	5.12139e-006	1.30837e-005	0.000164535	0.0080734	0.185399	0.0585334	0.381632	0.0972968	0.0409865	


1	0.605748	0.793819	0.862637	0.939798	0.998468	0.990016	0.994575	0.997747	0.216422	0.622085	0.937294	0.805321	0.786752	0.742753	0.569365	0.924553	0.943485	0.827673	0.686583	0.285797	0.422039	0.0524276	0.703957	0.991565	0.969445	0.832622	0.0242112	0.194314	0.107719	0.0735627	
0	0.394071	0.206128	0.136767	0.0601969	0.00153093	0.00998022	0.00542033	0.00224906	0.783565	0.305501	0.0622606	0.194433	0.213122	0.256286	0.417922	0.0733917	0.0547013	0.171372	0.313111	0.702193	0.573937	0.946484	0.280627	0.00555529	0.00457428	0.00844021	0.956073	0.271219	0.0985564	0.0388814	
0	0.000181428	4.92993e-005	0.000595894	1.305e-006	9.01011e-007	3.76476e-006	3.49383e-006	3.50048e-006	1.21388e-005	0.0705935	0.000349695	0.000160972	3.1656e-005	0.00078292	0.0122941	0.000723412	4.68215e-007	1.90193e-005	7.93001e-005	0.0119241	0.00382551	0.00104036	0.0149924	9.42459e-006	3.03285e-006	2.90632e-008	0.000229191	0.00336573	1.00397e-005	0.000730126	
0	0	4.18522e-006	9.89019e-008	3.81104e-006	5.75788e-007	1.20565e-008	7.39574e-008	3.98819e-008	1.3481e-008	0.00181782	8.40544e-005	1.15254e-006	2.41002e-007	9.12481e-008	3.20762e-005	7.3273e-005	2.86156e-007	2.83217e-008	3.9439e-008	9.5547e-008	1.02351e-005	3.33938e-008	1.12606e-005	0.000301035	9.57821e-007	1.14803e-008	1.96274e-011	5.82634e-005	2.049e-006	1.14107e-008	
0	0	3.36021e-012	5.50681e-008	2.36581e-008	4.87263e-008	4.60628e-008	5.01493e-009	9.95161e-011	2.43165e-010	2.42764e-009	2.46842e-006	2.98864e-007	1.42679e-008	1.80532e-007	6.59727e-007	2.82396e-006	4.86837e-005	1.45714e-005	1.98568e-006	1.04943e-007	2.31809e-008	4.42063e-008	1.88427e-007	2.02244e-007	1.03115e-005	6.66987e-007	2.78349e-010	3.6452e-011	1.77208e-006	6.443e-008	
0	0	0	3.93403e-013	8.02989e-011	3.68337e-011	5.93736e-011	8.77038e-011	3.82406e-012	9.87766e-015	2.52582e-013	6.17035e-010	1.7736e-010	6.92619e-011	9.47609e-013	1.30008e-011	1.10742e-008	2.50148e-010	5.09504e-008	1.29959e-008	1.45883e-009	1.11907e-010	9.88774e-013	3.33769e-010	4.47964e-010	1.09476e-010	6.83352e-010	4.88061e-013	1.139e-012	8.82097e-012	2.05166e-011	
0	0	0	5.02627e-017	3.32296e-009	5.37921e-009	1.39055e-007	6.77596e-007	4.38186e-007	4.99233e-009	1.99906e-009	9.28097e-009	3.42087e-009	2.31166e-009	3.72653e-013	1.22366e-011	1.7336e-009	1.41904e-009	1.58315e-008	6.63092e-010	7.6571e-010	3.00794e-011	6.9157e-013	2.07678e-010	4.34554e-008	9.27114e-008	2.23243e-006	3.18798e-010	3.59863e-008	1.17605e-010	3.27238e-010	
0	0	0	0	1.17376e-015	5.33582e-010	1.97964e-009	1.19664e-007	3.18841e-007	5.06568e-007	3.02418e-006	8.93859e-006	8.35463e-005	9.44579e-005	0.00017758	0.000385369	0.00125602	0.00176448	0.000922022	0.000225232	8.51644e-005	0.00018786	4.78585e-005	0.000412016	0.00256894	0.0259658	0.158935	0.0194866	0.531043	0.793711	0.886826	


1	0.917824	0.838682	0.944723	0.527192	0.721365	0.605819	0.371696	0.245967	0.0799042	0.226085	0.101348	0.113575	0.0752161	0.539574	0.400361	0.550183	0.928205	0.6078	0.842711	0.621144	0.870741	0.417301	0.706933	0.81587	0.619275	0.52123	0.111268	0.334724	0.41051	0.789901	
0	0.0755016	0.161148	0.052801	0.472794	0.27863	0.394175	0.628247	0.753983	0.846424	0.751175	0.898176	0.81363	0.742592	0.184465	0.0416899	0.056333	0.0709238	0.391757	0.1493	0.370866	0.12817	0.559351	0.287359	0.184127	0.380638	0.478529	0.534502	0.664689	0.589422	0.177664	
0	0.00667396	0.000169833	0.00247555	1.40184e-005	4.93741e-006	6.41677e-006	5.64411e-005	4.94239e-005	0.0736714	0.0227282	0.000470622	0.0727955	0.18219	0.275957	0.557056	0.391333	0.000617962	0.000412517	0.00798864	0.00798834	0.00108576	0.0233482	0.0057053	2.07831e-006	8.67801e-005	0.000241306	0.35423	0.000437194	6.85651e-005	0.0324351	
0	0	9.83927e-008	2.33143e-009	2.16495e-009	4.31943e-010	1.28057e-010	2.1853e-011	5.87088e-010	1.57751e-010	1.19954e-005	4.80353e-006	1.51427e-009	1.69788e-006	2.97452e-006	0.000804128	0.00215005	0.000153002	9.88664e-010	7.79165e-009	1.85006e-006	2.87066e-006	2.11171e-007	2.55339e-006	2.62588e-007	3.71373e-011	4.144e-010	5.77551e-010	0.000148545	7.95177e-009	3.71989e-010	
0	0	5.12141e-008	3.29087e-009	3.6627e-009	1.75617e-010	7.31612e-013	1.02428e-011	2.98736e-010	4.38884e-010	4.0842e-007	1.02957e-008	5.53745e-010	4.37829e-008	1.03524e-006	8.88969e-005	5.00168e-007	9.99662e-005	1.02317e-008	7.67536e-010	5.91816e-009	4.17908e-007	4.14944e-010	1.16824e-008	6.35266e-007	3.76414e-011	7.64392e-009	3.30304e-011	1.19423e-006	8.90807e-008	1.20413e-011	
0	0	0	1.36926e-011	5.74964e-012	1.05877e-013	8.80347e-014	5.28325e-016	8.31736e-017	4.77234e-014	3.24808e-013	3.8194e-013	2.08495e-013	1.13898e-013	5.47265e-009	4.05474e-008	1.18003e-007	7.26019e-008	3.08197e-005	4.1551e-007	1.02539e-009	4.78558e-012	2.70055e-009	5.68389e-011	9.06239e-014	9.89532e-010	5.96098e-013	4.02479e-012	1.67242e-015	1.13884e-009	3.0746e-011	
0	0	0	6.98279e-019	6.64214e-015	7.22877e-015	2.01294e-016	3.14381e-016	4.48966e-018	5.47161e-019	3.50807e-016	3.53273e-016	5.66949e-016	8.0025e-016	2.30064e-016	1.27882e-011	2.88267e-010	8.60506e-011	6.41133e-012	2.50658e-008	1.48024e-010	2.12936e-013	6.32008e-016	3.29449e-012	6.78444e-014	9.4816e-017	2.10613e-012	3.62051e-017	1.6965e-015	1.38629e-017	8.91952e-014	
0	0	0	0	3.38327e-014	5.08194e-014	1.18963e-014	4.10313e-015	3.00031e-015	2.89822e-015	6.05168e-015	8.96795e-015	2.8742e-014	1.03329e-013	1.28483e-014	1.45335e-011	1.50513e-010	6.51668e-010	1.88704e-011	2.6134e-008	1.79559e-009	7.02717e-010	1.23394e-010	4.04379e-011	8.05669e-011	1.22371e-010	1.67933e-009	1.37613e-010	4.90801e-010	4.36922e-011	1.14206e-011	


1	0.636029	0.697127	0.409474	0.250715	0.308363	0.280786	0.000443975	3.18913e-006	2.83993e-005	0.00018853	4.42003e-005	0.000204727	0.00189765	0.0225289	0.0549421	0.0183332	0.237022	0.151268	0.0361091	0.022975	0.00385079	0.000976925	4.20977e-005	4.46086e-005	7.93469e-005	0.00171999	0.0039343	0.0154923	0.00523483	0.00183787	
0	0.351717	0.0411979	0.583609	0.0212765	0.0130466	0.0035122	6.1569e-006	2.58292e-006	7.44433e-006	8.96388e-005	1.33378e-005	0.000139948	0.0012329	0.0520695	0.307672	0.482862	0.472481	0.358025	0.947506	0.694945	0.991545	0.983952	0.981599	0.994881	0.881646	0.989187	0.594836	0.601573	0.0776829	0.0144718	
0	0.0122537	0.261573	0.0062841	0.727979	0.656855	0.303533	0.000440816	2.58196e-006	2.46633e-005	0.0015966	0.000247417	0.000317022	0.000647928	0.0163312	0.00229224	0.444046	0.232117	0.48514	0.0124246	0.27847	0.00430581	0.0150374	0.0183564	0.00506647	0.118198	0.00244089	0.395611	0.381115	0.916966	0.924441	
0	0	2.19667e-006	2.06182e-006	2.74986e-005	0.0216112	0.411424	0.999108	0.999991	0.949955	0.956795	0.999395	0.993525	0.980615	0.0729947	0.000423961	6.20087e-005	0.0219747	0.000169614	9.39125e-007	1.11294e-007	2.10125e-008	6.02419e-009	9.4284e-008	7.64015e-006	7.56213e-005	0.00660825	8.14894e-007	0.0011597	4.1357e-005	0.000171365	
0	0	9.99113e-005	0.000630722	1.97043e-006	0.000123968	0.000743919	8.76878e-007	2.37791e-007	0.0499842	0.038256	6.34762e-005	0.00572229	0.0147881	0.835166	0.627771	0.029847	0.0229534	0.000953234	0.00367929	0.00355007	0.000293452	3.31134e-005	2.41603e-006	9.51824e-008	3.02578e-007	4.34612e-005	0.00561792	0.000232008	7.3334e-005	0.0590777	
0	0	0	4.01827e-007	7.81022e-008	5.51047e-008	1.88358e-006	8.93889e-009	5.71822e-008	2.08853e-010	0.00307432	0.000171174	9.38182e-006	0.000365824	3.29517e-005	0.00566662	0.022004	0.000764115	6.6524e-006	2.76157e-007	4.22359e-008	3.02127e-006	4.55339e-009	3.87391e-009	5.51445e-007	1.19866e-008	1.61454e-008	7.82084e-011	0.000427447	5.19584e-007	5.45401e-010	
0	0	0	1.72578e-040	5.02607e-013	2.8554e-013	1.14613e-013	8.44927e-015	7.97456e-017	5.71247e-012	1.62764e-013	5.49763e-010	5.56508e-010	9.56272e-011	3.01826e-009	4.54885e-008	6.61661e-007	2.51526e-007	8.27478e-010	8.51575e-012	4.86316e-013	1.66656e-014	1.12177e-012	1.64794e-015	4.15817e-015	1.6228e-012	1.39121e-013	1.09062e-014	3.94769e-016	3.44915e-011	2.36833e-013	
0	0	0	0	9.53197e-009	6.64735e-009	4.74232e-009	2.02366e-010	5.35905e-012	1.61247e-008	6.93123e-008	6.53376e-005	8.17352e-005	0.000452773	0.000876257	0.00123256	0.00284511	0.0126874	0.00443757	0.000280045	5.97245e-005	1.6127e-006	1.64276e-007	2.58267e-009	4.0764e-010	5.58126e-008	1.45893e-007	8.87138e-008	1.92794e-007	1.2068e-006	1.07657e-007	


1	0.375456	0.0505956	0.0356947	0.00892421	0.0304924	0.240992	0.477963	0.569276	0.0514703	0.099332	0.0124088	8.99215e-005	3.27129e-005	4.3436e-005	0.000171962	1.08603e-005	1.11265e-006	8.2254e-007	7.76577e-007	7.54889e-008	3.58661e-009	4.95186e-010	1.25427e-010	2.14146e-011	7.13056e-012	5.69632e-012	1.84116e-013	4.79592e-014	5.25066e-016	1.17398e-016	
0	0.000259172	4.66408e-006	2.20462e-005	6.737e-007	2.104e-006	4.61577e-006	3.99434e-005	3.75792e-005	1.51813e-005	5.67613e-006	7.24833e-007	1.90227e-007	1.583e-007	1.15256e-008	7.38983e-009	2.75508e-009	5.54289e-011	7.29626e-012	9.26614e-010	3.50766e-011	1.93543e-012	1.25847e-013	1.06213e-013	5.07897e-015	1.93275e-016	1.35144e-014	5.07674e-017	1.5936e-018	7.82772e-021	2.89628e-020	
0	0.624285	0.949011	0.901368	0.990229	0.963141	0.756804	0.498082	0.17447	0.203599	0.107731	0.00867133	0.000111236	0.000142659	0.000399577	0.00169762	0.000137347	0.000478209	0.000429884	0.000429608	5.67365e-005	1.57689e-005	3.24376e-005	1.48749e-005	7.03845e-007	6.23355e-007	8.63824e-007	1.02565e-006	7.29426e-008	2.64932e-008	1.55931e-008	
0	0	0.000388083	0.0629146	0.000384695	0.00564062	0.000531012	0.00227691	0.00671377	0.000114451	0.00031331	1.0285e-005	1.18436e-006	1.97574e-007	3.18287e-005	6.23165e-006	1.73378e-005	5.63544e-008	4.07617e-006	8.75036e-006	1.49963e-006	1.84316e-007	8.37825e-008	1.81365e-006	3.44325e-009	3.16186e-010	1.97441e-011	1.29757e-009	4.46627e-011	9.29203e-011	2.22276e-010	
0	0	4.79698e-007	6.14016e-007	0.000461645	8.50986e-006	2.81778e-005	7.28257e-006	2.59646e-006	4.84974e-005	4.29535e-007	2.80782e-008	5.68944e-010	3.06961e-009	8.89124e-010	1.38898e-007	9.28611e-010	5.44272e-008	1.58198e-009	7.67977e-009	2.67849e-009	2.59575e-010	4.71699e-010	4.49988e-011	2.48217e-010	7.82129e-012	7.7722e-012	4.02112e-013	8.41023e-014	3.5615e-014	8.23338e-014	
0	0	0	1.09795e-009	3.63354e-008	0.000715507	0.0015201	0.0127252	0.0601222	0.00202021	0.000829311	0.000331768	1.19813e-006	5.18456e-007	1.7254e-009	1.23533e-011	3.37299e-009	6.64936e-012	8.96269e-011	4.3487e-012	4.59045e-011	6.05218e-012	4.50037e-013	1.41204e-011	6.9697e-012	1.82915e-011	6.30466e-012	1.38926e-013	2.68959e-013	9.42509e-016	4.17875e-016	
0	0	0	1.31183e-011	6.03519e-011	1.85305e-007	0.000119127	0.00879468	0.183815	0.694255	0.422067	0.828605	0.989551	0.743022	0.290478	0.0994732	0.0514875	0.00131766	1.78789e-005	7.73711e-008	1.88059e-009	4.53566e-011	7.79256e-012	3.57851e-012	5.76115e-012	1.59185e-010	1.18273e-009	1.94081e-010	7.45933e-011	2.0078e-011	4.59127e-011	
0	0	0	0	8.10917e-012	4.5632e-010	8.64261e-007	0.000111604	0.00556244	0.0484776	0.369722	0.149972	0.0102457	0.256801	0.709047	0.898651	0.948347	0.998203	0.999547	0.999561	0.999942	0.999984	0.999967	0.999983	0.999999	0.999999	0.999999	0.999999	1	1	1	


1	0.999884	0.599257	0.989593	0.226837	0.0081163	0.000246302	3.4157e-006	6.74581e-008	1.94955e-007	1.17749e-007	4.33675e-008	3.60272e-008	6.3798e-008	1.53022e-007	1.88361e-008	3.08346e-008	2.56222e-007	6.43613e-006	6.89613e-006	1.54716e-006	3.98056e-007	2.48502e-008	2.05473e-007	4.31248e-005	0.000506758	0.000515002	0.00333217	0.000421159	0.0324431	0.403349	
0	0.000105712	0.399817	0.000735419	0.771083	0.98954	0.921753	0.340646	0.17162	0.000736639	0.0142614	0.00417323	4.28799e-005	1.72317e-005	3.01923e-007	1.66096e-010	3.47796e-007	2.77221e-007	5.6674e-007	3.19211e-008	2.84242e-008	2.40511e-008	1.19363e-011	3.92306e-007	0.00180585	0.0641706	0.00294016	6.26187e-007	0.00244303	0.00332458	0.000644914	
0	1.04953e-005	0.000925736	0.00026198	0.00207613	0.00233086	0.0779796	0.658489	0.818936	0.455635	0.888527	0.96313	0.335291	0.227207	0.0928058	0.00298894	0.0700063	0.303416	0.238711	0.000477017	3.31276e-007	1.42725e-010	7.09475e-012	9.5484e-010	2.73214e-006	0.00419251	0.000860853	9.08655e-007	1.61907e-006	0.00106562	0.000130132	
0	0	1.28349e-008	0.00936845	3.36401e-006	1.24338e-005	2.09307e-005	0.000860649	0.00942157	0.501818	0.0501992	0.029579	0.658307	0.47369	0.374389	0.0843092	0.0641274	0.0351379	0.00544142	0.000731053	3.69412e-006	8.52168e-008	5.75631e-010	2.03731e-010	4.24121e-007	7.64037e-005	0.000424625	0.000200824	3.43272e-007	0.000102192	0.000109801	
0	0	1.68282e-008	4.11471e-005	6.15954e-007	1.61007e-009	8.63029e-009	2.32934e-007	2.17416e-005	0.0418099	0.0469707	0.00311661	0.00635923	0.299083	0.532296	0.911654	0.863077	0.543831	0.717549	0.997934	0.998207	0.98558	0.99989	0.994531	0.441546	0.0170797	2.41841e-005	0.0154933	2.39023e-005	5.07411e-006	3.1881e-005	
0	0	0	6.50554e-011	5.51808e-010	8.96448e-012	6.41769e-016	1.38644e-014	4.98528e-013	8.29909e-009	4.14094e-005	1.54775e-006	1.87577e-007	2.48707e-006	0.00050867	0.00104742	0.00276034	0.117484	0.0014255	0.000130132	0.00178219	0.0144181	0.000108601	0.00518773	0.5223	0.00346345	3.28724e-006	5.40107e-008	3.87449e-007	1.79385e-006	3.09402e-009	
0	0	0	1.68765e-015	5.55834e-011	2.88108e-013	1.18284e-014	2.4838e-015	7.65492e-015	1.28192e-012	5.9346e-009	6.37659e-009	1.58277e-010	1.79404e-009	4.22248e-007	5.42958e-008	2.88649e-005	0.000130399	0.036859	0.00050984	1.13172e-006	5.4112e-007	9.05827e-007	0.000280582	0.00489459	0.127969	0.00160329	8.4663e-007	1.58858e-009	7.26516e-009	2.10264e-009	
0	0	0	0	5.96219e-018	4.73683e-014	6.08586e-015	8.73188e-017	2.29658e-017	1.30408e-015	7.62319e-014	2.25979e-010	4.97691e-010	2.69716e-010	2.22027e-012	8.93891e-010	7.81195e-009	2.03511e-007	6.53851e-006	0.000210816	4.37375e-006	4.5512e-007	8.31457e-009	2.57375e-007	0.0294079	0.782541	0.993629	0.980971	0.99711	0.963058	0.595734	


1	0.926744	0.997543	0.63159	0.999298	0.998699	0.999536	0.999413	0.998567	0.997494	0.997663	0.998491	0.983948	0.998694	0.891686	0.70303	0.995549	0.999345	0.999511	0.979716	0.976063	0.968213	0.998066	0.998878	0.998333	0.999948	0.999874	0.92367	0.998484	0.993966	0.801451	
0	0.0732065	0.0013664	0.367496	9.44923e-005	0.00103649	0.000268941	0.000165608	0.00123103	0.00249722	0.00218041	0.00130113	0.0148864	7.634e-005	0.107788	0.290761	0.000422225	0.00036357	0.000393076	0.0202387	0.0238131	0.0293654	0.00191901	0.00109111	0.00132333	3.28482e-005	0.000114082	0.0763264	0.00115603	0.00599653	0.198515	
0	4.97082e-005	0.00108837	0.000914205	0.000555284	0.000187269	6.26808e-005	4.89181e-005	7.14359e-005	3.08406e-006	0.000143134	5.14602e-007	1.34516e-005	1.26657e-005	0.000130499	0.00574061	0.00113723	0.000110371	7.06205e-005	4.16628e-005	0.000122766	0.00242137	1.48144e-005	2.76188e-005	0.000341554	3.44267e-006	8.24475e-006	2.51901e-006	0.000353722	3.6371e-005	3.38571e-005	
0	0	2.35624e-006	2.36663e-007	5.25686e-005	7.69558e-005	0.000131733	0.000371168	0.000113806	1.68234e-008	8.5957e-008	3.84543e-007	4.48454e-009	1.38162e-007	8.39425e-008	1.27608e-007	0.00245707	2.30353e-005	4.09514e-006	2.00948e-007	2.14374e-007	1.32366e-007	5.1775e-007	3.07338e-006	1.5313e-006	1.50278e-005	9.2372e-008	2.11949e-011	4.02747e-006	3.27007e-007	9.67716e-009	
0	0	4.44415e-015	3.83794e-010	7.84135e-011	3.87205e-009	1.84188e-008	7.07764e-008	2.50221e-007	4.612e-007	5.62225e-011	3.63055e-011	6.47993e-010	7.95938e-013	8.23077e-011	1.11719e-010	8.09788e-012	1.76704e-005	1.50637e-008	4.00254e-010	1.54749e-012	1.21882e-011	4.3526e-011	5.68373e-012	1.10825e-009	1.97343e-009	1.24732e-007	3.49804e-011	5.77835e-015	4.18246e-009	2.65294e-011	
0	0	0	1.47364e-009	2.77296e-011	6.25491e-008	2.96464e-007	1.97877e-007	3.33598e-006	2.76546e-008	6.68047e-009	2.68437e-010	1.19019e-010	1.7212e-011	1.64533e-012	3.16942e-011	1.13074e-011	1.80048e-008	5.22742e-009	3.82417e-009	3.77284e-010	2.48385e-010	1.31141e-011	1.05628e-010	1.02743e-008	7.17889e-011	1.19888e-008	3.17219e-010	3.3421e-011	1.00505e-011	4.24115e-011	
0	0	0	1.22499e-022	6.13134e-011	1.20033e-010	8.81047e-008	1.48705e-006	1.16991e-005	1.9494e-006	1.05441e-005	0.000201921	0.000853663	0.000825089	3.52194e-006	1.47504e-007	2.10825e-007	5.22515e-010	2.27638e-011	6.16677e-012	6.78859e-011	5.91157e-012	1.14482e-012	3.16971e-013	3.84739e-010	2.05285e-008	5.29804e-008	1.79912e-009	1.43734e-007	8.12984e-010	1.17017e-010	
0	0	0	0	1.43422e-011	2.19762e-011	9.27561e-010	3.73876e-008	1.02803e-006	2.8306e-006	3.24515e-006	4.82939e-006	0.000298927	0.000392138	0.000391612	0.000468192	0.000434439	0.000140833	2.13156e-005	3.06736e-006	4.32973e-007	3.35146e-007	8.83296e-008	4.46901e-008	2.01447e-007	7.25884e-007	3.39036e-006	9.54288e-007	1.92793e-006	7.02507e-007	4.75826e-007	


1	0.593013	0.451611	0.267728	0.481918	0.47735	0.446259	0.0770922	0.0895019	0.00623988	0.0416446	0.0677926	0.0125401	0.0309953	0.00296788	0.00111672	0.00230208	0.000523803	0.000753365	0.000269064	3.48882e-005	1.19455e-005	9.58203e-007	3.69678e-006	1.95289e-006	8.92124e-006	1.49231e-005	3.65613e-007	1.52105e-005	2.11014e-006	1.68861e-006	
0	0.0750302	0.280998	0.290827	0.380543	0.521263	0.552814	0.922454	0.909847	0.618522	0.880302	0.924808	0.929922	0.840131	0.618166	0.160461	0.97787	0.294546	0.438495	0.520226	0.836102	0.822561	0.145817	0.694769	0.998258	0.953489	0.853636	0.0354625	0.884936	0.654914	0.40986	
0	0.331956	0.245049	0.347102	0.129029	0.00080518	0.000812445	0.000443746	0.000621034	0.374929	0.0185908	0.00705616	0.0571717	0.128492	0.343685	0.493827	0.0160109	0.702294	0.54976	0.369202	0.0790371	0.137417	0.85059	0.276761	0.00114417	0.0461968	0.144076	0.952852	0.0348949	0.341189	0.235087	
0	0	0.0223226	0.0942893	0.00512659	0.000454983	7.07137e-005	3.78274e-006	3.8453e-006	0.000302	0.0594149	0.000264847	0.000289882	0.000292629	0.0351748	0.342019	0.00193068	0.00206941	0.00961707	0.110007	0.0804391	0.0393728	0.00287756	0.0283748	0.000539172	4.68161e-005	0.000319047	0.01168	0.0788145	0.00350266	0.35499	
0	0	1.91102e-005	5.24589e-005	0.00334515	1.00607e-005	1.36209e-005	2.23231e-008	5.43557e-011	3.30851e-010	3.46173e-005	2.56878e-005	2.66479e-008	4.29908e-007	3.76974e-006	0.00257277	0.00126134	0.000536857	0.00136195	0.000268785	0.00435301	0.000553643	0.000713008	3.88188e-005	2.91224e-006	2.52044e-006	2.30889e-008	1.68317e-006	0.00085604	0.000344792	3.94705e-005	
0	0	0	1.09394e-006	3.76419e-005	9.49226e-005	1.79694e-005	8.48791e-007	8.23947e-009	2.38062e-010	1.55105e-007	3.93753e-006	2.22578e-007	1.99443e-008	2.24242e-008	2.48904e-006	0.000250241	2.64831e-005	1.16895e-005	2.24116e-005	3.23623e-005	7.34069e-005	1.82539e-006	4.32615e-005	7.35594e-006	8.61789e-007	1.10233e-007	2.52751e-009	7.74997e-005	1.05765e-005	1.36197e-005	
0	0	0	4.22927e-009	4.58729e-007	1.74376e-005	4.91194e-006	1.72384e-007	4.8549e-010	2.49365e-011	1.63357e-011	1.08857e-008	2.92639e-008	3.53814e-009	4.98717e-011	7.61045e-010	0.000374586	4.10568e-007	4.55815e-007	5.40858e-006	1.20493e-006	1.00669e-005	7.41548e-008	9.78103e-006	3.27661e-007	4.2955e-009	5.58982e-009	1.5014e-011	4.59728e-007	1.2116e-007	1.14071e-006	
0	0	0	0	1.92268e-008	4.38373e-006	7.2072e-006	5.23088e-006	2.63041e-005	6.54316e-006	1.27464e-005	4.89305e-005	7.6077e-005	8.88231e-005	2.04003e-006	1.29713e-007	5.8212e-007	3.72064e-006	3.2491e-007	4.87484e-008	7.50799e-008	3.81837e-007	6.03803e-008	1.48267e-007	4.63392e-005	0.000254881	0.00195344	3.22728e-006	0.000405508	3.64035e-005	7.05837e-006	


1	0.797528	0.678782	0.796082	0.147579	0.022256	0.000169496	1.55845e-005	1.68798e-005	1.13189e-005	2.26102e-007	1.00371e-007	1.22883e-007	1.57306e-007	8.36342e-008	4.48927e-008	4.32872e-007	3.02133e-007	3.03945e-007	6.45556e-007	5.70794e-007	5.91423e-007	1.77042e-007	9.34991e-007	5.35577e-005	0.00167665	0.000766012	0.000521178	9.34504e-005	8.3551e-005	5.73077e-005	
0	0.0245362	0.288572	0.00649521	0.844706	0.977368	0.999746	0.999335	0.996381	0.524109	0.999242	0.995641	0.852341	0.94662	0.0336004	0.00916115	0.140388	0.0154404	0.00303171	0.000185139	7.27172e-005	8.22132e-006	6.64066e-008	1.07702e-007	0.000215215	0.0428452	0.048406	0.00526702	0.111762	0.0193487	0.0176867	
0	0.177936	0.0283705	0.19659	0.00735824	0.00036986	8.3999e-005	0.000648888	0.00360161	0.475879	0.000706604	0.00435935	0.147656	0.0532978	0.936605	0.87746	0.788386	0.447956	0.499453	0.718485	0.90946	0.929898	0.99684	0.888233	0.680751	0.607068	0.00924317	0.51701	0.00235633	0.113994	0.0994658	
0	0	0.00427533	0.000832941	0.000356777	6.27557e-006	1.44933e-007	7.80027e-008	7.23281e-008	7.48505e-007	5.12229e-005	2.02468e-008	2.48953e-006	8.19254e-005	0.0297945	0.113377	0.0708434	0.5366	0.497141	0.279655	0.0903706	0.0700881	0.00315952	0.111746	0.315176	0.125851	0.000830245	3.06411e-005	0.000341245	0.000138084	0.00257393	
0	0	1.59929e-021	9.55849e-008	2.60331e-007	6.08511e-008	1.55917e-009	1.2907e-011	1.09202e-011	7.56758e-013	6.02361e-012	2.52292e-010	4.14084e-013	3.16911e-011	1.83994e-008	1.68229e-006	0.000379667	3.81494e-006	0.000373482	0.00167374	9.50448e-005	5.30104e-006	6.54877e-007	2.00646e-005	0.001813	0.000646515	1.75411e-006	4.97693e-010	2.87832e-010	1.72402e-008	6.82416e-009	
0	0	0	4.90889e-010	3.27119e-008	3.2362e-008	2.76041e-009	4.4772e-011	2.62235e-011	1.44876e-013	5.18916e-012	9.36419e-010	3.10301e-012	2.62649e-011	1.63363e-013	3.39983e-009	2.64262e-006	6.50069e-009	3.39103e-007	4.29323e-007	7.74274e-007	4.9263e-008	1.4743e-009	2.50442e-008	0.00199018	0.000999935	1.02486e-005	9.84705e-010	4.57723e-009	2.1635e-010	1.40031e-010	
0	0	0	1.86461e-028	1.63131e-011	5.75509e-010	3.06561e-010	2.28769e-010	3.33807e-010	4.7114e-010	1.17963e-010	2.30152e-010	1.34884e-008	1.99423e-008	3.08688e-010	1.55297e-010	1.87697e-009	7.52579e-009	1.38031e-010	7.22696e-010	9.85591e-010	2.09298e-009	1.81811e-010	7.33263e-011	4.61939e-007	0.217553	0.898605	0.462957	0.784661	0.0698194	0.148821	
0	0	0	0	7.70162e-012	2.00565e-010	1.84081e-010	9.09808e-011	2.12575e-010	7.00179e-011	3.1608e-011	3.58143e-011	1.03931e-010	1.10127e-009	2.71596e-009	3.49362e-009	3.19509e-008	6.77468e-008	1.99534e-007	1.60738e-007	3.20213e-008	6.38093e-009	4.89052e-010	1.55355e-009	5.01388e-007	0.00335979	0.0421378	0.0142149	0.100787	0.796616	0.731395	


1	0.559438	0.644537	0.643378	0.632345	0.88574	0.982019	0.971154	0.666744	0.196678	0.235862	0.171878	0.111669	0.0222826	0.0892861	0.238172	0.465666	0.837205	0.879782	0.660423	0.70289	0.663398	0.302139	0.388015	0.755307	0.810133	0.866728	0.214561	0.665099	0.584018	0.588229	
0	0.410517	0.330508	0.277156	0.365462	0.0958875	0.0173948	0.0283094	0.332881	0.800236	0.757302	0.81882	0.880705	0.977541	0.31263	0.132954	0.52739	0.110504	0.10907	0.314608	0.150277	0.283595	0.68537	0.609483	0.213568	0.189426	0.132317	0.492786	0.312767	0.386087	0.177922	
0	0.0300455	0.0230544	0.0534254	0.00202848	0.00183534	0.00051051	0.000474135	0.000168186	0.00290676	0.00166673	0.00865918	0.00384736	0.00014823	0.591121	0.61569	0.00329233	0.0512152	0.0108159	0.0248548	0.1291	0.0220956	0.0123206	0.00195915	0.000651573	0.000280458	0.000935854	0.292571	0.0117195	0.0272512	0.227058	
0	0	0.00189417	0.025955	0.00010513	0.016535	6.09537e-005	5.59952e-005	0.000193276	0.000176142	0.00515773	0.000632963	0.00376707	2.58101e-005	0.00696027	0.010946	0.00355418	0.000176433	2.02008e-005	0.00011218	0.017732	0.0307559	3.9343e-005	0.000540155	0.0304667	9.27307e-006	1.15291e-005	8.23317e-005	0.0104054	0.00256589	0.00678789	
0	0	6.55812e-006	8.47905e-005	3.78299e-006	9.71053e-007	2.79469e-007	3.27937e-008	1.73822e-008	1.06527e-006	9.06302e-006	9.61903e-008	3.5681e-006	9.09724e-007	1.60086e-007	0.00216718	2.99979e-005	6.9987e-006	7.32911e-008	1.49262e-007	7.91824e-007	0.000140978	3.17058e-007	8.05533e-009	6.31588e-006	2.33226e-007	1.22131e-008	4.18942e-009	7.64507e-006	4.40029e-006	2.50486e-006	
0	0	0	7.1597e-007	5.56762e-005	2.41634e-007	1.39577e-005	1.84805e-007	1.67071e-009	4.75207e-009	4.20011e-008	3.53087e-007	1.26613e-008	4.29063e-008	1.90566e-006	7.10555e-005	6.73164e-005	0.000892656	0.000311176	1.10483e-006	4.16168e-007	1.40104e-005	0.000130953	3.30086e-006	7.24504e-008	0.000148732	1.32084e-007	1.98978e-009	1.96924e-008	7.30427e-005	8.81797e-007	
0	0	0	1.82788e-023	1.53145e-009	3.703e-007	1.55521e-008	2.46167e-007	1.21709e-009	2.71217e-013	3.73431e-013	6.3631e-012	1.65724e-011	2.30089e-014	3.40011e-011	6.80266e-011	6.35329e-008	2.83055e-008	2.54035e-007	1.50443e-007	4.79231e-010	2.16164e-011	5.2312e-011	6.01642e-008	1.22593e-008	2.53619e-011	7.53894e-008	1.8982e-013	1.63417e-012	2.11143e-012	4.90575e-009	
0	0	0	0	6.73739e-010	3.10478e-007	8.48391e-007	6.15666e-006	1.32693e-005	2.44023e-006	2.37853e-006	9.5538e-006	8.09718e-006	8.99086e-007	6.29948e-008	3.94812e-009	1.75003e-007	3.6977e-008	1.85572e-008	9.70758e-009	7.51552e-009	9.42612e-010	2.83175e-010	2.91194e-008	6.37775e-007	2.04357e-006	7.86573e-006	9.58705e-008	1.91163e-006	3.22166e-007	8.33697e-008	


1	0.620021	0.417027	0.577443	0.811885	0.988189	0.994412	0.998394	0.999818	0.9536	0.996763	0.977628	0.996641	0.991374	0.625995	0.603348	0.981765	0.020478	0.0447059	0.0675611	0.19343	0.468708	0.778983	0.988264	0.9967	0.98467	0.887327	0.37934	0.957597	0.465593	0.821693	
0	0.379928	0.579789	0.1185	0.187716	0.0101779	0.005519	0.00158547	0.000169136	0.0464001	0.00306869	0.0223632	0.00335596	0.00862206	0.372739	0.362907	0.00134245	0.979518	0.88725	0.456481	0.13929	0.045669	0.199101	0.00123795	0.00271711	0.0153224	0.112671	0.620481	0.0369012	0.534389	0.171353	
0	5.12508e-005	0.00318372	0.304049	0.000179095	0.00157151	4.97063e-005	5.30077e-006	4.39033e-006	1.67219e-008	0.000168129	7.10474e-006	2.73725e-006	3.92711e-006	0.00126623	0.0337449	0.00126321	3.89687e-006	0.0680438	0.475521	0.661809	0.482911	0.02177	0.00858296	4.3291e-005	7.26003e-007	1.39977e-006	0.000178069	0.00549418	1.71913e-005	0.00695241	
0	0	1.67103e-008	8.04435e-006	0.000219765	6.13932e-005	1.9231e-005	1.56697e-005	8.16987e-006	1.32722e-008	2.97637e-010	1.54751e-006	7.48982e-008	6.924e-009	5.7276e-009	1.73843e-007	0.0156295	5.54326e-008	1.79787e-008	0.000436182	0.0054713	0.00270909	0.00013771	0.00191484	0.000539248	6.2786e-006	1.75977e-008	1.01502e-011	5.39162e-006	4.41905e-007	3.58457e-008	
0	0	1.00567e-017	9.43561e-011	1.97646e-010	6.43561e-009	9.56885e-010	5.57759e-010	1.16833e-009	1.07322e-009	1.93777e-012	7.40177e-014	6.60119e-010	9.1455e-012	9.75063e-012	2.18948e-011	8.77662e-012	2.42214e-007	4.10748e-010	1.19743e-011	1.95633e-007	2.16093e-006	8.57872e-006	2.60083e-008	3.40832e-008	1.74095e-007	8.28731e-010	6.40897e-012	9.31515e-016	3.01951e-010	4.06281e-010	
0	0	0	5.5004e-020	1.74173e-011	7.00525e-012	1.02405e-010	5.88965e-012	3.02008e-013	6.9849e-013	4.07256e-012	2.84486e-014	9.58618e-017	2.90767e-012	2.35869e-017	3.93224e-017	3.32621e-014	3.54284e-013	1.49405e-010	9.86447e-013	3.18876e-012	2.30266e-010	1.89068e-010	1.45224e-009	1.94378e-010	5.66308e-012	2.37908e-010	1.47983e-013	5.64137e-013	8.18337e-016	5.9655e-015	
0	0	0	1.79203e-025	2.10869e-018	4.7238e-012	5.31469e-012	8.70278e-011	3.69045e-010	1.63859e-010	1.05104e-010	5.65076e-009	2.19505e-008	1.83884e-008	7.70333e-011	3.26037e-012	2.44257e-012	6.53534e-016	1.20566e-015	3.47063e-013	1.1287e-013	1.08646e-013	8.96137e-012	6.26969e-012	8.51287e-010	6.0581e-009	1.4766e-008	4.39597e-009	2.65283e-007	5.05072e-009	5.3571e-009	
0	0	0	0	5.91788e-026	1.09796e-016	6.10523e-013	6.74812e-012	1.16865e-010	1.81538e-010	1.51429e-010	1.12929e-009	7.41042e-009	1.33978e-008	5.757e-009	3.14094e-009	2.41265e-008	1.77007e-010	1.0021e-010	4.35709e-011	1.61135e-010	6.83836e-010	1.12174e-009	3.65475e-009	2.14501e-008	1.1078e-007	2.82288e-007	1.17092e-007	2.11768e-006	5.33151e-007	1.39815e-006	


1	0.880909	0.882036	0.678022	0.981739	0.998438	0.999891	0.998656	0.999891	0.892396	0.999565	0.998114	0.971681	0.998962	0.116007	0.149858	0.977856	0.0814591	0.499615	0.857439	0.942186	0.894063	0.820788	0.989086	0.998338	0.993778	0.981771	0.437992	0.999118	0.12167	0.253721	
0	0.119079	0.11796	0.17348	0.0169821	0.00141599	0.000101185	0.00134171	0.000108134	0.107604	0.00019053	0.00187241	0.0282201	0.000657218	0.88392	0.284978	0.00655792	0.918495	0.379513	0.0878639	0.0486018	0.103731	0.177128	0.00539709	0.00163525	0.00622155	0.0182287	0.561892	0.000866889	0.87833	0.655437	
0	1.18646e-005	4.75647e-006	0.148498	4.09992e-006	1.05252e-006	1.50847e-007	1.93558e-009	6.11174e-007	4.42151e-008	0.000243281	1.46281e-008	6.6696e-007	4.4084e-006	7.12114e-005	0.565164	0.00468427	2.49231e-007	0.120862	0.0515824	0.00819142	0.00218627	0.00208186	0.00546445	2.86115e-007	2.6885e-008	8.67082e-009	0.000115628	1.42386e-005	4.96118e-008	0.0908423	
0	0	5.5213e-009	6.53992e-008	2.05292e-005	9.03776e-008	9.95652e-010	2.05117e-010	6.34221e-010	1.39734e-012	2.56857e-008	3.74115e-008	7.77779e-012	6.57369e-010	4.08051e-010	1.85242e-007	0.00723971	1.13399e-007	7.46657e-006	0.00309562	0.000981691	1.88057e-005	2.2152e-006	5.23102e-005	1.7942e-006	2.16261e-010	3.36542e-012	1.10776e-011	2.99491e-008	2.44932e-011	1.12647e-008	
0	0	1.34851e-008	2.03804e-012	0.00125405	0.000145113	7.08524e-006	2.54077e-006	4.76039e-008	1.56219e-010	7.64124e-012	7.46246e-008	3.94055e-011	2.44129e-010	1.03624e-012	4.21094e-011	0.0036591	5.33475e-007	4.71853e-009	1.85215e-005	3.94227e-005	7.94333e-007	1.24887e-008	6.04744e-007	2.42201e-005	6.64756e-008	1.37056e-009	1.51614e-014	2.16363e-007	2.38078e-011	1.17755e-013	
0	0	0	1.37287e-010	3.52706e-012	1.82179e-007	1.84614e-007	1.945e-009	4.28183e-010	3.99529e-009	1.22128e-011	6.13138e-013	7.33652e-010	2.44807e-011	3.64909e-013	3.36439e-013	1.15274e-013	4.45108e-005	1.95487e-006	3.39167e-008	2.91297e-008	9.03855e-008	1.87395e-007	1.72456e-010	1.43145e-010	8.17485e-007	3.20437e-007	6.51093e-007	4.10866e-009	3.27317e-010	3.53564e-011	
0	0	0	1.2414e-013	9.50581e-014	6.01171e-009	1.42333e-009	1.36046e-009	1.91581e-010	4.02983e-013	9.77921e-012	6.90291e-013	2.0415e-013	7.25681e-013	6.10241e-016	1.1396e-015	3.08975e-015	1.33638e-010	9.61685e-007	7.98391e-008	1.72799e-008	5.27406e-009	8.45131e-010	8.83092e-010	1.97151e-011	2.97437e-011	3.77462e-010	2.63234e-008	9.38809e-008	1.70582e-011	3.29547e-012	
0	0	0	0	1.68071e-013	4.1652e-013	1.17888e-009	9.45447e-009	1.18399e-007	4.22003e-007	1.27353e-006	1.30351e-005	9.78969e-005	0.000375996	1.96277e-006	1.08817e-007	2.96447e-006	3.41683e-009	7.00933e-009	1.48646e-008	2.02256e-008	5.37447e-009	1.21702e-009	2.38441e-009	9.0091e-009	2.52348e-008	2.73667e-008	5.06552e-009	9.58529e-008	3.29916e-009	3.23292e-009	


1	0.553166	0.990189	0.495698	0.997228	0.999478	0.999797	0.999519	0.996185	0.989693	0.999338	0.998743	0.991042	0.991383	0.421059	0.335538	0.984123	0.91367	0.961482	0.872364	0.982648	0.898443	0.939667	0.995745	0.996114	0.984251	0.959128	0.838024	0.997482	0.932377	0.922296	
0	0.446829	0.00843319	0.504204	0.00133828	0.00025348	6.34528e-005	2.89926e-005	0.000477282	0.0101342	0.00030515	0.00027716	0.00314946	0.000622865	0.578895	0.659308	0.00393517	0.086289	0.036294	0.12543	0.0129521	0.100995	0.0576922	0.0022186	0.000336231	0.000212936	0.000537456	0.161656	0.000224163	0.067611	0.0776848	
0	4.50781e-006	0.00137764	9.06762e-005	0.00142753	8.12168e-006	8.746e-007	1.42993e-007	2.39128e-006	1.90879e-007	0.000250775	1.29792e-006	1.4431e-007	3.15574e-005	7.22019e-007	0.00514427	0.00734258	1.63843e-005	0.0022234	0.00220125	0.0043942	0.000526714	0.00263916	0.00172992	6.1971e-006	3.21159e-007	6.29008e-008	1.07781e-006	0.00010876	6.06405e-008	1.83902e-005	
0	0	1.04044e-007	1.34672e-006	5.97796e-006	0.000260728	0.000138438	0.00045142	0.00332706	0.000154339	5.07633e-005	0.000196654	9.23462e-005	4.02703e-005	4.07193e-008	8.60493e-009	0.00458656	1.13081e-005	7.17493e-008	4.31899e-006	5.35648e-006	3.53047e-005	8.96368e-007	0.000306139	0.00354315	0.0155339	0.0403282	0.000215181	0.00218063	6.28893e-006	2.38079e-007	
0	0	4.34739e-011	5.56821e-006	1.69696e-009	8.38514e-009	5.14698e-009	5.89575e-009	2.23225e-007	7.24905e-006	3.20158e-008	3.1545e-008	1.37754e-006	1.60748e-008	1.35839e-006	1.83132e-007	9.91604e-008	1.28639e-005	1.33633e-007	4.1696e-007	4.50211e-008	1.73545e-007	2.73441e-007	2.69837e-008	3.24663e-008	1.59827e-006	6.50393e-006	0.000103511	1.04012e-008	5.99214e-006	1.86423e-007	
0	0	0	5.84805e-016	7.02093e-007	1.49116e-008	7.72221e-010	3.81371e-011	1.74756e-011	1.06826e-010	6.03662e-008	2.17362e-010	1.5157e-012	1.21312e-008	3.09929e-013	1.0153e-010	7.55692e-010	1.00366e-010	2.77853e-008	1.8847e-009	4.21958e-009	5.26686e-010	8.62411e-011	5.23525e-010	2.90219e-010	1.16866e-011	5.54808e-009	8.86943e-009	4.1448e-006	1.20807e-009	3.83508e-010	
0	0	0	1.01477e-017	7.72639e-013	1.89541e-009	1.69754e-011	7.58134e-013	2.25573e-012	2.21552e-013	1.98978e-012	1.79382e-009	1.67246e-010	1.30202e-011	4.31938e-013	1.82927e-014	1.11923e-012	1.07712e-014	1.2419e-013	3.95173e-012	3.45562e-013	1.90491e-012	1.48639e-013	9.07325e-014	2.36768e-012	5.56183e-013	5.89464e-013	7.53897e-012	2.86156e-010	2.26696e-009	5.21345e-011	
0	0	0	0	3.57706e-017	9.36858e-008	2.02951e-007	6.57213e-007	7.55047e-006	1.14286e-005	5.53205e-005	0.000781946	0.00571505	0.00792276	4.40244e-005	8.71945e-006	1.25023e-005	6.52007e-008	1.16648e-009	8.41061e-011	3.29376e-011	3.19643e-011	8.60889e-012	4.49978e-012	2.46281e-010	1.43739e-009	6.3584e-009	1.66747e-009	2.57001e-008	1.43765e-008	1.26174e-008	


