E:\Google Drive\Progetti\MSR Action3D\Real\a14_s05_e03_skeleton3D.txt
14
TRUE
-621.716
-620.608
-623.371
-653.577
-634.24
-573.588
-597.692
-613.688
-637.871
-632.7
-633.388
-629.138
-639.823
-629.605
-630.089
-626.057
-629.494
-620.9
-623.264
-620.468

27
20
1	0.347676	0.148685	0.0145662	0.00266228	0.000219655	5.75911e-005	1.68556e-005	2.58346e-005	9.40167e-006	4.50379e-006	2.65482e-006	9.31552e-007	1.05245e-006	4.37893e-007	1.8051e-007	1.56186e-008	1.79796e-007	8.77428e-008	2.45177e-007	4.61361e-006	5.32434e-005	0.000149588	0.000185149	0.000618182	0.000232789	0.000457764	6.87533e-005	
0	0.487076	0.497236	0.533973	0.56548	0.512397	0.428412	0.414528	0.878822	0.94848	0.923919	0.872421	0.77794	0.517852	0.203565	0.0239065	0.00317387	0.00571625	0.00645572	0.00475247	0.0549363	0.0926292	0.0523991	0.058475	0.0582366	0.0509289	0.367884	0.114301	
0	0.165247	0.0692324	0.0817832	0.42602	0.138809	0.374813	0.0236722	0.0259156	0.0417948	0.0158807	0.0649087	0.0810736	0.435151	0.525706	0.374804	0.0191515	0.0955399	0.0112552	0.0020747	0.0210814	0.0331605	0.0333327	0.0443805	0.118597	0.0678156	0.31657	0.290872	
0	0	0.0675595	0.0090359	0.00207641	0.0996748	0.140604	0.535056	0.0940621	0.00954836	0.0600692	0.0624597	0.140798	0.0394547	0.0580742	0.01432	0.0163929	0.0318803	0.627872	0.800102	0.859371	0.834883	0.888532	0.878607	0.765987	0.280762	0.266318	0.104077	
0	0	0.217286	0.323079	0.00147585	0.248456	0.0497062	0.0264891	0.000289993	1.15409e-005	1.35594e-005	5.463e-005	8.28241e-005	0.00727522	0.211689	0.585756	0.958701	0.857577	0.176449	0.182546	0.0475615	0.015058	0.00934331	0.00411556	0.0465699	0.598196	0.00387573	0.485279	
0	0	0	0.0375632	0.00203509	0.000436354	0.006402	0.000199182	0.000779237	3.04764e-005	4.50409e-006	1.63814e-005	4.66804e-005	0.000243932	0.000963146	0.00121287	0.00258005	0.00920697	0.17794	0.00883778	0.00571948	0.00163069	0.000212823	0.00191651	0.000680388	0.00163777	0.044323	0.00536844	
0	0	0	3.29755e-012	6.47941e-006	3.90424e-007	2.73836e-006	1.50928e-006	2.22687e-007	8.28907e-007	6.19314e-009	1.07378e-009	3.01021e-009	9.02317e-009	2.68068e-008	8.68009e-008	7.36567e-009	4.25511e-006	6.81214e-007	4.58425e-005	4.0514e-005	1.36221e-005	5.57039e-008	5.40984e-009	3.48024e-007	4.54116e-008	2.20748e-006	1.46122e-006	
0	0	0	0	0.00024395	5.75754e-006	2.38101e-006	3.72625e-005	0.000104878	0.000124885	0.000108946	0.000137416	5.71773e-005	2.18736e-005	9.52375e-007	4.24912e-007	2.52083e-007	7.48258e-005	2.73417e-005	0.00164115	0.0112853	0.022572	0.0160301	0.0123201	0.00930982	0.000426313	0.000569128	3.24982e-005	


1	0.999792	0.557436	0.974072	0.999993	0.993516	0.998617	0.983285	0.996987	0.999993	0.997546	0.999969	0.999891	0.999989	0.999574	0.989191	0.871269	0.999357	0.930211	0.857365	0.999425	0.998846	0.997376	0.999769	0.997134	0.963675	0.99999	0.971451	
0	0.000198961	0.428534	0.0204602	5.64085e-006	0.00612913	0.00138241	0.0157757	0.00301029	5.73776e-006	0.00237299	1.85833e-005	0.000104204	1.08117e-005	0.000423446	0.0108052	0.124408	0.00051764	0.00370289	0.142442	0.000504139	0.00113949	0.00249797	0.000226974	0.00285743	0.036292	9.29861e-006	0.0284006	
0	8.73917e-006	0.0140296	0.00459134	9.53849e-007	0.000354873	9.6469e-007	0.000939122	2.42681e-006	1.71936e-006	8.12693e-005	9.95636e-006	4.35763e-006	5.31389e-008	3.03832e-006	3.59212e-006	0.00432316	0.000124744	0.0660502	9.30872e-005	7.04821e-005	1.44142e-005	0.000126422	4.09796e-006	8.16721e-006	3.26561e-005	4.69519e-007	0.000148906	
0	0	9.87672e-011	0.000876252	2.36291e-007	1.00939e-010	5.96128e-008	8.30513e-011	2.86965e-008	1.18397e-010	5.79932e-011	2.24513e-006	1.4525e-008	2.02818e-008	1.35523e-010	1.01893e-011	7.27851e-011	6.7264e-007	3.61184e-005	0.000100184	2.21082e-009	3.84734e-008	2.10573e-009	2.26589e-007	3.71714e-011	1.3038e-011	3.6853e-009	2.91449e-010	
0	0	1.23778e-021	3.47668e-014	2.63069e-007	6.4216e-010	1.86876e-012	5.63851e-011	1.71579e-013	3.41784e-011	8.97074e-014	3.09097e-014	1.0821e-009	3.18287e-011	3.12425e-011	4.21449e-013	2.24229e-015	9.42657e-014	1.07442e-010	3.1121e-008	7.75866e-008	3.16024e-010	4.75275e-011	3.53844e-012	5.4036e-010	8.09543e-013	4.91721e-015	2.10813e-012	
0	0	0	2.25195e-020	3.68317e-012	3.89332e-010	1.25363e-013	2.50193e-016	4.64364e-012	1.30803e-012	6.99657e-014	1.7151e-016	1.78171e-017	2.36813e-012	1.16704e-013	3.36829e-014	4.70276e-015	1.70177e-017	5.68144e-019	1.08128e-013	2.62845e-009	2.1081e-010	7.88589e-014	1.86961e-014	3.05488e-015	4.77145e-011	2.10254e-012	2.28088e-015	
0	0	0	6.63158e-040	4.57595e-022	5.00775e-014	1.11408e-012	5.88073e-017	6.12735e-019	3.42703e-013	1.75092e-015	2.53927e-015	8.39502e-017	5.76388e-017	3.25088e-014	1.91645e-016	6.72485e-016	4.15029e-018	1.455e-021	1.54005e-021	7.03868e-016	1.91817e-011	2.91577e-013	2.2246e-014	7.24289e-017	2.10838e-017	3.14123e-011	1.43363e-013	
0	0	0	0	1.14316e-025	2.58905e-016	3.01804e-014	6.09696e-013	2.59452e-014	3.98284e-015	1.61288e-014	5.76626e-015	4.84967e-015	2.25877e-015	7.7465e-016	9.96784e-015	2.52959e-015	1.25942e-014	1.16936e-014	2.88537e-015	4.66996e-016	7.46861e-014	1.15422e-011	6.06134e-012	1.83571e-011	1.31636e-012	1.37504e-013	3.6974e-012	


1	0.999942	0.134413	0.850027	0.999943	0.993959	0.996437	0.917217	0.999199	0.999991	0.997712	0.999499	0.999733	0.999972	0.999768	0.995879	0.905377	0.995101	0.91559	0.903151	0.999803	0.997263	0.971426	0.999578	0.996162	0.997821	0.999974	0.963754	
0	3.76751e-005	0.865575	0.0339967	1.9387e-006	0.00600419	0.00354795	0.0827613	0.000744505	3.81128e-006	0.00225512	4.12322e-005	0.000199794	6.03716e-006	0.000184997	0.00411827	0.0945088	0.00460489	0.0685516	0.0945475	0.000161808	0.00259245	0.0284603	0.000280998	0.00383254	0.0021746	8.08418e-006	0.0360548	
0	2.05758e-005	1.23239e-005	0.115976	5.39185e-005	3.65662e-005	1.51524e-005	2.1537e-005	5.62065e-005	5.36214e-006	3.29011e-005	0.000459277	6.68119e-005	2.22896e-005	4.67408e-005	2.82371e-006	0.000114636	0.000294517	0.0158581	0.00229999	3.53645e-005	0.000145023	0.000113524	0.000141161	5.71594e-006	4.83262e-006	1.81854e-005	0.000191444	
0	0	2.76192e-012	1.3373e-009	1.08964e-006	8.69636e-011	2.67543e-010	5.11644e-011	1.22306e-010	1.36169e-009	7.51909e-012	1.77332e-008	1.62796e-008	1.76008e-008	2.6075e-009	3.43543e-010	1.16815e-013	6.30275e-008	2.35639e-008	7.89827e-007	4.05491e-008	1.44522e-009	2.06542e-009	8.92939e-009	3.80413e-009	2.07728e-012	2.27687e-011	7.20787e-011	
0	0	1.27608e-010	1.84432e-010	4.27332e-007	1.14493e-009	2.81542e-010	8.41829e-010	5.87929e-010	1.33279e-009	1.6601e-010	3.32393e-010	5.13488e-009	2.6402e-010	2.58858e-010	1.07888e-009	4.46759e-011	2.93942e-009	3.67939e-009	5.67354e-007	8.70996e-008	1.42775e-009	6.64288e-009	2.41407e-009	4.97512e-009	1.3518e-010	2.74645e-011	1.79395e-010	
0	0	0	1.19914e-014	1.29476e-011	2.98057e-012	5.79771e-015	1.15815e-015	2.11682e-012	9.72511e-012	2.76961e-013	2.20219e-014	1.1726e-013	5.21251e-013	4.24396e-014	1.05882e-014	1.04062e-014	4.75958e-015	8.5416e-016	9.6461e-015	6.91344e-009	2.06274e-011	1.40768e-014	1.85441e-013	5.84195e-013	1.26927e-012	1.65579e-013	6.60688e-017	
0	0	0	4.26747e-023	3.4098e-017	3.85191e-014	3.56449e-014	9.27679e-019	4.71409e-019	5.01343e-014	1.53412e-015	6.43711e-015	2.01258e-016	2.51564e-014	2.76117e-015	3.48435e-018	3.58122e-017	8.44128e-018	9.88943e-020	8.79277e-019	2.24583e-018	2.44153e-011	3.64799e-013	7.52489e-015	4.38976e-017	9.45961e-017	4.1482e-013	3.33706e-016	
0	0	0	0	8.59045e-019	1.32907e-015	8.20358e-015	1.60214e-014	2.31848e-014	3.28884e-014	5.8775e-014	1.88421e-013	3.70099e-013	5.75391e-013	5.88751e-013	4.19864e-013	2.06727e-013	6.93733e-013	1.81935e-012	4.73767e-012	4.48301e-012	1.53667e-011	6.34473e-011	1.08516e-010	1.09906e-010	2.72866e-011	2.85377e-011	2.87948e-011	


1	0.992499	0.980646	0.984916	0.995749	0.999007	0.997869	0.921585	0.933194	0.906844	0.81612	0.355077	0.418518	0.876047	0.995608	0.998137	0.987155	0.994851	0.727817	0.714014	0.954855	0.908025	0.691874	0.745298	0.963914	0.996155	0.987502	0.997026	
0	0.00696956	0.00480809	0.00322962	0.00310718	0.000110835	0.000514221	0.0108067	0.0628693	0.0924828	0.173808	0.637685	0.559576	0.114496	0.00117657	0.000103157	0.000600244	0.00207788	0.0142009	0.0183849	0.0370306	0.0731605	0.243957	0.236986	0.0309372	0.000921549	0.00950998	0.000460312	
0	0.000531494	0.0145435	0.0111976	9.14534e-005	0.000557086	0.000997442	0.067595	0.00392628	0.000651683	0.0100668	0.00717164	0.021703	0.00739652	0.00213252	0.000757633	0.0093545	0.0026344	0.257965	0.266788	0.00629911	0.0187761	0.0638142	0.0103773	0.00225259	0.00190685	0.000625777	0.00200156	
0	0	1.96152e-006	4.73527e-005	5.10773e-006	1.62286e-007	2.08883e-007	2.92218e-008	3.42841e-006	1.0999e-006	1.59283e-006	6.41577e-005	0.000194024	0.00150858	0.000236638	1.72607e-005	2.93178e-007	1.74151e-005	3.32079e-006	0.000771103	0.000489107	2.9265e-005	0.000336012	0.00700291	0.000919098	1.29667e-005	4.54501e-007	6.18439e-005	
0	0	6.09869e-007	0.000609225	0.000464077	5.42181e-005	5.8029e-007	1.63428e-008	1.9239e-006	1.34349e-007	1.98533e-008	8.44987e-008	1.38332e-006	0.000185021	0.000614591	0.000951615	0.00286314	0.000407162	1.20935e-005	4.14794e-005	0.00132449	7.59287e-006	1.84124e-005	0.00033547	0.00196163	0.000985376	0.000188997	4.43842e-005	
0	0	0	7.01456e-010	0.000583619	4.3369e-006	1.50205e-007	2.44129e-009	1.75913e-010	1.8336e-007	6.92878e-009	1.14818e-010	9.91159e-009	1.93522e-008	4.93934e-007	9.84406e-007	2.08363e-006	8.70627e-006	1.0705e-006	4.38043e-010	1.95834e-006	1.53506e-006	2.2468e-008	6.90186e-007	1.45522e-005	1.80749e-005	0.0019266	9.4262e-006	
0	0	0	8.99902e-013	1.14647e-008	6.89335e-008	6.22696e-010	2.68576e-012	2.35247e-013	1.55187e-011	9.54675e-012	4.30559e-012	1.0536e-012	2.34939e-010	6.33595e-011	3.91306e-011	5.31571e-011	2.00283e-010	1.07858e-010	3.76421e-012	1.26605e-011	1.1268e-010	1.21028e-010	9.65762e-011	2.37345e-010	4.15338e-010	1.92215e-007	1.38714e-007	
0	0	0	0	1.88784e-008	0.000266486	0.000617964	1.32984e-005	4.64827e-006	1.96978e-005	4.0996e-006	1.97369e-006	7.46894e-006	0.000366223	0.000231627	3.2244e-005	2.49364e-005	3.31778e-006	2.1201e-007	1.29362e-009	4.16694e-010	9.20129e-009	6.43651e-008	3.25158e-007	5.96699e-007	2.76712e-007	0.000246367	0.000396697	


1	0.940549	0.937398	0.585781	0.122043	0.0239622	0.0154273	0.16543	0.502219	0.199738	0.50858	0.768078	0.939063	0.888834	0.795845	0.47021	0.117234	0.229421	0.296662	0.897804	0.893756	0.972216	0.963863	0.955525	0.962634	0.952579	0.560888	0.206868	
0	0.0369744	0.05829	0.411339	0.416545	0.964436	0.941671	0.757658	0.0960731	0.0045168	0.00255585	0.00230448	0.00439949	0.0547759	0.190275	0.514915	0.879955	0.463235	0.691321	0.0966178	0.025899	0.00525992	0.0053449	0.0209775	0.0131737	0.0444103	0.22791	0.783507	
0	0.0224761	0.00415375	0.00285951	0.440718	0.0109689	0.0425227	0.0726642	0.396251	0.61516	0.395054	0.203997	0.048235	0.0479172	0.0127221	0.0146449	0.00273782	0.298319	0.0105757	0.00524879	0.0792274	0.0215339	0.0301989	0.0229599	0.0239735	0.00293217	0.205852	0.00945163	
0	0	7.60329e-006	1.63279e-005	0.0206895	0.000291088	0.000281635	0.000831052	0.00158482	0.178119	0.00355604	0.0101209	0.00042817	0.00743699	0.000831221	7.47446e-005	2.67299e-005	0.00898384	0.000315394	1.11952e-005	0.000933354	0.000244735	0.000128725	0.000206323	9.54069e-005	4.69851e-006	0.00530086	2.38314e-005	
0	0	0.000150815	3.67986e-006	3.88077e-006	0.000341074	7.66003e-005	0.00331858	0.0034926	0.0024084	0.09002	0.0147845	0.00638422	0.000610633	4.79287e-005	1.40279e-005	6.27841e-006	7.50442e-006	0.00107986	7.74384e-005	1.49068e-005	0.00057069	0.000420813	0.000304902	9.85915e-005	1.79364e-005	3.82989e-005	0.000138423	
0	0	0	1.00987e-006	6.31006e-009	7.86952e-007	2.03732e-005	1.07085e-005	4.71494e-006	2.82245e-007	9.10136e-005	0.000548478	0.000783565	3.26622e-005	2.2817e-006	6.9756e-007	3.2531e-008	3.40378e-008	9.89459e-006	8.81811e-006	1.93941e-007	2.67171e-007	6.44153e-006	8.62214e-006	1.53294e-006	5.32094e-007	6.72335e-008	6.88388e-006	
0	0	0	1.7508e-013	1.1042e-018	1.44877e-016	1.20196e-010	1.36377e-012	1.34659e-010	4.79828e-016	4.36195e-012	6.56855e-011	2.05639e-011	1.63698e-010	1.11729e-011	9.54362e-013	2.30321e-014	2.30403e-014	5.87826e-014	1.64084e-007	7.18384e-016	2.27828e-012	4.42244e-012	1.35389e-012	9.94902e-013	2.47358e-013	2.04157e-016	9.91195e-013	
0	0	0	0	3.27144e-008	5.48303e-009	4.41036e-008	8.72615e-005	0.000374228	5.74108e-005	0.000142689	0.00016586	0.000706294	0.000392763	0.000276501	0.000139868	4.03527e-005	3.44204e-005	3.61206e-005	0.000231649	0.000168598	0.000174802	3.68e-005	1.80096e-005	2.31428e-005	5.52811e-005	1.12782e-005	4.38131e-006	


1	0.0753319	0.00728712	0.000670569	2.68923e-005	8.1118e-008	1.93859e-009	1.38109e-010	3.97644e-012	1.2098e-013	8.70757e-016	3.26687e-017	1.51471e-017	6.60127e-018	9.37443e-020	1.33463e-021	9.7665e-023	6.6771e-024	3.26206e-024	2.58826e-025	2.90443e-026	1.40758e-027	8.66823e-029	1.12706e-029	3.39935e-030	1.3065e-030	4.01925e-030	2.36351e-030	
0	0.0138182	0.00647825	0.00032438	5.80009e-006	1.63665e-007	4.36117e-009	6.63422e-010	9.09628e-012	2.32243e-013	1.67488e-015	5.6098e-017	9.29863e-018	2.20854e-017	1.19294e-018	1.80811e-019	8.9548e-021	3.08289e-021	1.25361e-021	1.48579e-022	1.21253e-023	1.22492e-024	8.84252e-026	1.91355e-026	3.85958e-026	5.54404e-027	2.93536e-027	1.58794e-027	
0	0.91085	0.9745	0.146573	0.00319083	4.36136e-005	2.16801e-007	2.22496e-007	3.83331e-009	3.46036e-010	2.11711e-011	3.75383e-013	7.4149e-014	4.42385e-016	7.0817e-020	2.56048e-022	3.42505e-022	2.41056e-024	2.88661e-022	1.73955e-024	5.48692e-024	1.00934e-026	1.84263e-027	4.89213e-028	9.57209e-030	1.34085e-027	1.38654e-027	2.14972e-028	
0	0	0.0115105	0.85237	0.996096	0.999677	0.997556	0.0513004	4.73294e-005	1.59757e-006	1.473e-009	3.22674e-012	3.81837e-013	7.28214e-014	5.5734e-016	5.46832e-018	9.74934e-020	2.60167e-023	4.96539e-023	2.36342e-026	1.07904e-025	3.13801e-028	1.67057e-029	1.08491e-028	2.59723e-029	1.46228e-027	2.27829e-026	4.18494e-026	
0	0	0.000224346	5.06723e-005	0.000677809	0.000259339	0.00239372	0.948695	0.99986	0.999944	0.999989	0.999809	0.997092	0.0552285	8.7481e-006	3.84402e-009	5.4804e-012	1.98871e-014	9.26943e-015	8.94454e-016	1.16262e-016	4.968e-017	2.3277e-018	7.69352e-020	1.28133e-021	8.21076e-024	1.47781e-024	4.99163e-026	
0	0	0	1.14201e-005	2.18689e-006	1.96135e-005	5.0212e-005	3.58678e-006	5.33471e-005	5.42528e-005	4.83624e-006	0.000186607	0.00289724	0.944622	0.998876	0.987588	0.993865	0.963695	0.665426	0.0560177	0.000458014	1.92439e-006	1.5506e-008	1.07937e-009	3.24792e-009	7.27371e-009	6.23324e-009	6.27759e-008	
0	0	0	4.32241e-011	4.18602e-013	3.97705e-011	5.46996e-009	5.20027e-007	3.89067e-005	3.02812e-007	6.03913e-006	4.0082e-006	6.36949e-006	8.8594e-005	0.000227107	0.000966117	0.000274139	0.00279278	0.0698418	0.762855	0.000930414	0.000214363	2.23665e-006	1.39567e-008	3.40171e-010	5.66468e-012	5.94257e-013	1.02125e-011	
0	0	0	0	4.45238e-009	1.59501e-010	1.29568e-008	4.35897e-007	9.14641e-009	2.17678e-007	8.7542e-008	1.34826e-007	4.66796e-006	6.09072e-005	0.000887966	0.0114459	0.00586106	0.033512	0.264733	0.181127	0.998612	0.999784	0.999998	1	1	1	1	1	


1	0.684087	0.554525	0.0439383	0.157425	0.00485195	0.00295899	0.00122329	0.00280766	0.0032595	0.0056331	0.00269838	0.0174145	0.00106504	1.63822e-005	4.7396e-007	3.7015e-008	3.7421e-009	1.15899e-009	1.14906e-010	5.75417e-011	1.95049e-011	7.88712e-012	1.85039e-012	3.32434e-013	2.97897e-014	7.09329e-014	2.46524e-014	
0	0.309647	0.350681	0.953205	0.839805	0.978423	0.980929	0.412843	0.0327513	0.00791867	0.000902492	0.000244988	0.0005144	6.59539e-005	1.67054e-005	4.62132e-007	6.50071e-008	2.90217e-010	6.36714e-010	5.29668e-011	3.14579e-012	1.83675e-013	1.80827e-014	2.28816e-014	5.95058e-016	1.84824e-014	6.48719e-015	4.86619e-014	
0	0.00626547	0.0905196	0.00248236	0.0023675	0.0167025	0.0158937	0.529246	0.695641	0.10937	0.0959102	0.00124663	7.58561e-005	1.55706e-007	1.50117e-007	1.12005e-007	1.28323e-008	2.89365e-010	1.79334e-011	1.69076e-010	3.20724e-011	9.20807e-012	3.3646e-014	6.23629e-017	3.36912e-017	4.04115e-015	4.40134e-017	4.08165e-016	
0	0	0.00427434	0.000335519	1.7296e-005	1.96481e-005	0.000204775	0.0566703	0.229639	0.00477104	0.0228501	0.00211	0.000107009	5.41285e-009	5.89444e-010	7.30673e-010	6.58858e-010	4.16448e-011	1.24283e-010	2.15422e-010	5.93399e-012	3.50925e-012	2.66787e-013	2.60917e-016	6.64527e-018	1.77741e-019	4.46345e-019	8.37915e-018	
0	0	9.6922e-007	3.63064e-005	0.000327904	4.30045e-007	1.26548e-005	1.75368e-005	0.0391596	0.872117	0.874378	0.988207	0.967712	0.0158746	3.64124e-005	4.01369e-008	6.75916e-011	6.08679e-012	7.85164e-012	7.76031e-013	6.77188e-011	1.71179e-011	9.57504e-013	1.27888e-013	9.19377e-016	2.64481e-018	1.36942e-016	1.45012e-018	
0	0	0	2.15607e-006	5.66401e-005	2.63504e-006	2.21407e-007	4.72837e-010	1.92324e-006	0.00256366	0.000217143	0.00545998	0.0112725	0.971431	0.867601	0.577096	0.138827	0.0104691	8.47451e-005	2.04473e-007	5.43604e-008	2.40946e-008	1.64336e-009	1.02148e-009	1.50664e-010	3.14952e-012	9.46567e-012	2.66531e-012	
0	0	0	2.93258e-011	1.88649e-007	6.92758e-008	2.19793e-007	4.68041e-010	9.17979e-010	2.79947e-007	3.54516e-005	2.24636e-005	0.00264124	0.0114401	0.121373	0.391437	0.730375	0.882163	0.243285	0.0254025	0.000769586	0.000139364	0.000550801	0.00463566	0.0739061	0.0105538	0.0334708	0.0336992	
0	0	0	0	4.36015e-008	1.47573e-007	1.16911e-007	1.2723e-007	8.71556e-008	5.28706e-008	7.35222e-005	1.04138e-005	0.000262703	0.000123184	0.0109559	0.031466	0.130798	0.107368	0.75663	0.974597	0.99923	0.999861	0.999449	0.995364	0.926094	0.989446	0.966529	0.966301	


1	0.987193	0.981525	0.926627	0.799566	0.911548	0.657279	0.774275	0.808174	0.845196	0.620277	0.968976	0.962486	0.608482	0.100192	0.00339489	0.000205536	0.00012706	0.000138294	0.00029329	0.000277541	0.00044468	0.000124572	2.63034e-005	1.80478e-006	2.29549e-007	6.37133e-008	2.89262e-008	
0	0.0126722	0.0125813	0.0730629	0.20037	0.0870585	0.324609	0.0120677	0.00296494	0.00412374	0.00281419	0.0046149	0.0272926	0.389583	0.899142	0.995962	0.999052	0.998797	0.940958	0.806319	0.932599	0.878845	0.936922	0.994127	0.998161	0.999121	0.999084	0.991205	
0	0.000134997	0.00588301	0.000205397	1.96439e-005	0.00138206	0.018057	0.210992	0.0298195	5.47126e-005	0.00202406	1.08696e-005	0.00281832	9.79015e-006	7.80924e-005	0.000564782	0.000726106	0.000949004	0.0588957	0.174572	0.000561385	0.00752085	0.0022795	0.00159297	0.000786561	0.000724745	0.000829772	0.00877392	
0	0	8.77953e-006	9.59037e-005	2.26668e-005	4.65762e-007	3.79912e-005	0.000646184	0.0358344	0.0154176	0.00322727	0.00734308	0.00243737	0.000484002	5.59196e-006	1.22598e-007	8.36249e-007	9.80599e-005	4.36844e-006	0.0159657	0.0604615	0.092256	0.0582421	0.00384898	0.000633773	1.70677e-005	3.35195e-006	5.90607e-006	
0	0	1.69077e-006	8.91423e-006	2.93663e-006	2.8747e-007	1.25261e-005	0.00201647	0.123163	0.134956	0.370737	0.0177396	0.00466721	5.6545e-005	2.66432e-007	2.58714e-008	2.57486e-007	1.86901e-006	2.20199e-006	0.00284861	0.00585414	0.0207784	0.00200382	0.000118694	8.70465e-006	1.8081e-006	4.71869e-006	3.02634e-007	
0	0	0	2.44419e-007	1.90333e-005	1.01085e-005	3.55946e-006	6.42515e-009	8.19924e-007	0.000124519	2.86022e-005	0.00119681	0.000178023	0.00133045	0.000573375	7.50819e-005	1.3627e-005	2.12378e-005	9.45454e-007	3.56264e-008	0.000241185	6.49582e-005	0.000391473	0.000277571	0.000402153	0.000125364	4.16772e-005	1.22835e-005	
0	0	0	1.09941e-010	2.4157e-009	1.37928e-007	7.36437e-007	2.81677e-006	4.21729e-005	0.000114667	0.000855665	8.80215e-005	0.00010607	2.35676e-006	6.25475e-007	6.20314e-007	8.90606e-008	2.48657e-007	1.15518e-007	5.73988e-007	1.52974e-006	7.72815e-005	8.8307e-006	1.01377e-006	6.33804e-007	9.92445e-007	1.05352e-006	9.81272e-008	
0	0	0	0	1.6634e-008	1.76843e-007	1.17683e-007	8.93578e-008	1.89747e-006	1.28783e-005	3.5452e-005	3.05251e-005	1.4581e-005	5.13667e-005	8.3552e-006	2.56843e-006	1.9674e-006	5.41509e-006	3.02903e-007	4.00401e-007	3.17922e-006	1.28641e-005	2.74192e-005	7.09401e-006	5.77905e-006	8.63985e-006	3.57887e-005	2.22404e-006	


1	0.998271	0.850167	0.997454	0.999969	0.996343	0.998351	0.538804	0.829237	0.994165	0.843701	0.951549	0.98848	0.99671	0.955682	0.760624	0.809418	0.567244	0.126508	0.00221065	0.00280549	0.000124754	4.68882e-005	0.000289563	0.000869867	0.00200486	0.757698	0.895988	
0	0.00172387	0.149833	0.00253781	3.01166e-005	0.00365355	0.00164583	0.461189	0.170407	0.00579536	0.156265	0.0481455	0.0115177	0.00328875	0.0443098	0.239372	0.190539	0.432738	0.872482	0.991687	0.984754	0.995623	0.999378	0.995302	0.999063	0.997391	0.227807	0.0697481	
0	5.08927e-006	2.48724e-007	7.73744e-006	3.10124e-009	2.85287e-008	4.56286e-009	6.83298e-006	0.000355422	3.12034e-005	3.39747e-005	0.000303902	1.89068e-006	3.4147e-007	6.08418e-006	1.68653e-006	3.92401e-005	1.67883e-005	0.00101058	0.00610189	0.0122082	0.00425207	0.000571809	0.00438408	3.34373e-005	0.000595854	0.00020515	2.60861e-006	
0	0	2.465e-009	1.82587e-007	2.61585e-007	1.18146e-010	8.65438e-010	8.11813e-011	5.50619e-007	8.76708e-006	5.21013e-008	1.16537e-006	4.98735e-007	2.39401e-008	9.03291e-010	2.67521e-008	5.46349e-008	3.6455e-007	2.67665e-008	6.96851e-010	0.000231989	6.55069e-007	3.60798e-006	2.22762e-005	2.59262e-005	7.60064e-007	0.00578267	2.11326e-006	
0	0	6.25114e-014	1.20618e-008	3.96973e-007	3.0798e-006	3.01099e-006	4.54484e-009	4.19773e-011	1.3049e-009	5.42964e-009	1.62689e-010	3.05115e-008	8.86367e-007	2.44674e-006	1.59321e-006	3.57002e-006	2.03725e-007	9.85321e-009	8.11462e-013	2.30703e-012	5.18655e-009	4.74739e-010	1.78507e-006	8.01079e-006	5.98328e-006	0.0075523	0.0329593	
0	0	0	2.03995e-016	5.80906e-012	3.88131e-011	1.88517e-008	3.53688e-010	1.01243e-011	2.67132e-012	1.72947e-011	1.11643e-012	6.0758e-012	6.45137e-012	1.07153e-010	1.43994e-009	3.94094e-011	6.1378e-009	4.15676e-012	1.61271e-014	2.53172e-015	6.46691e-011	3.73476e-013	1.05781e-011	1.62597e-008	8.94328e-010	1.24543e-006	6.77498e-007	
0	0	0	6.00226e-019	6.58232e-012	8.65349e-012	1.93843e-010	1.003e-009	2.82738e-009	2.16898e-009	7.73142e-010	2.82624e-011	4.54782e-013	5.9506e-011	5.21099e-010	5.03028e-009	1.47443e-009	1.70903e-008	5.0736e-012	1.81388e-012	5.31614e-012	9.03449e-013	1.53776e-011	1.65816e-011	3.91559e-008	6.91662e-008	4.15175e-006	2.87849e-007	
0	0	0	0	1.01825e-018	1.55518e-012	7.80521e-013	8.40706e-012	2.77146e-010	3.09327e-009	4.55799e-009	2.39312e-008	4.79446e-008	1.11281e-007	1.24722e-007	7.80771e-008	2.26022e-007	2.07465e-007	3.73929e-008	6.97172e-010	7.8861e-009	1.02945e-009	1.23819e-009	4.36663e-008	1.95575e-007	1.3153e-006	0.000948879	0.00129841	


1	0.953131	0.894865	0.995108	0.99698	0.945757	0.981937	0.433327	0.118817	0.0864527	0.0233858	0.0714727	0.455435	0.962656	0.848477	0.58541	0.751595	0.462076	0.555688	0.0349902	0.00610288	0.000349256	0.000605287	0.0128409	0.0565261	0.0204714	0.539382	0.926202	
0	0.0468662	0.100161	0.00487948	0.00301955	0.0542392	0.0178335	0.548344	0.875191	0.913529	0.931649	0.875306	0.328961	0.0370097	0.151516	0.4145	0.24823	0.535801	0.419377	0.886192	0.993702	0.991505	0.78109	0.956394	0.91547	0.978922	0.460449	0.0734335	
0	2.63013e-006	0.00497475	1.19119e-005	1.37729e-007	3.63045e-006	0.000229126	0.0183287	0.00599219	1.81949e-005	0.0449653	0.0532155	0.215603	0.000330414	7.67395e-006	9.01877e-005	0.000174959	0.0021233	0.024935	0.0788173	0.000193076	0.00814617	0.218305	0.0306283	0.0280025	0.000600491	0.000168427	0.000364176	
0	0	3.16815e-012	5.61318e-008	1.34913e-011	6.15332e-013	8.01181e-012	4.40128e-008	6.25729e-008	4.84091e-008	1.94525e-011	5.566e-006	4.52948e-007	3.82954e-006	1.44386e-008	3.34135e-010	1.92462e-010	1.13755e-009	6.52239e-009	9.11661e-007	1.67837e-006	8.5873e-011	3.62376e-008	0.000136185	1.01514e-006	5.34765e-006	1.96779e-009	4.06894e-009	
0	0	3.86338e-011	2.61626e-007	1.82773e-009	7.94082e-011	2.34675e-011	7.19694e-011	2.05191e-009	7.87736e-008	3.42729e-012	6.60745e-008	3.1456e-007	1.57965e-007	4.56419e-009	2.19086e-010	1.00864e-009	1.77193e-010	3.14477e-009	3.68726e-010	2.89914e-007	4.13747e-012	7.43353e-010	8.51067e-007	2.61368e-008	3.89067e-007	6.13036e-008	2.13795e-008	
0	0	0	3.61075e-012	5.61038e-009	6.05049e-009	2.69107e-009	1.09788e-013	7.46808e-016	9.2952e-015	1.91559e-012	2.37799e-016	8.69368e-010	2.53367e-009	1.75137e-009	4.15093e-010	1.15402e-010	2.63964e-012	4.37523e-013	2.06875e-014	1.86692e-015	7.11803e-013	2.12138e-016	6.60897e-013	3.69013e-009	1.21056e-010	1.41613e-007	3.25683e-008	
0	0	0	2.35743e-022	8.46784e-016	1.90911e-012	1.5926e-010	7.12801e-012	4.86404e-014	6.76316e-017	9.45161e-018	1.62513e-015	8.19712e-017	3.28628e-012	4.68706e-013	6.30723e-013	2.47481e-014	5.82896e-014	2.91169e-016	1.49018e-017	1.84184e-019	1.03019e-018	2.11655e-016	2.59242e-018	9.61377e-015	1.61047e-013	1.30943e-012	3.00353e-011	
0	0	0	0	9.67779e-015	6.21892e-012	5.58029e-011	9.15802e-011	1.33188e-010	1.02111e-010	1.76627e-010	8.69715e-010	4.87376e-009	1.54248e-009	3.00507e-011	2.96919e-012	6.32732e-013	2.89929e-013	1.69857e-014	1.04164e-015	2.26445e-016	8.48488e-018	1.03593e-014	5.20046e-014	1.00534e-013	6.4994e-012	1.40031e-011	2.37834e-010	


1	0.776993	0.764552	0.299231	0.161278	0.0360932	0.0153243	0.00142169	0.000346767	3.62453e-005	1.94439e-005	3.89907e-006	1.63111e-006	1.14176e-006	2.2526e-006	5.2391e-005	0.000389956	0.0008203	0.00110509	0.000506844	0.015261	0.0176335	0.0260035	0.0915167	0.333781	0.93979	0.798121	0.913929	
0	0.216229	0.231665	0.690839	0.81309	0.962031	0.972671	0.995305	0.984665	0.956394	0.985076	0.710995	0.94377	0.731319	0.50305	0.619946	0.890036	0.0901069	0.0910289	0.00898521	0.0179307	0.00130149	0.000226503	0.00214189	0.00617761	0.0180644	0.164169	0.0748078	
0	0.00677787	0.00376016	0.00992953	0.0256208	0.00187427	0.0120013	0.00326477	0.0149848	0.0435662	0.0148656	0.288989	0.0560457	0.268593	0.49439	0.314796	0.102344	0.899343	0.757474	0.147194	0.802288	0.891117	0.729993	0.851209	0.55185	0.033536	0.0362316	0.0109318	
0	0	3.42656e-007	1.8412e-008	8.20539e-006	1.04543e-006	2.41946e-006	5.89984e-008	2.29895e-006	4.01292e-006	1.78347e-005	2.54817e-006	3.95654e-005	7.63912e-005	0.000165043	0.0032738	0.00010621	0.000134786	1.43425e-005	8.02994e-005	0.000868276	0.000674874	0.00093755	0.000732356	0.000859384	0.000123762	9.8242e-005	3.95748e-006	
0	0	2.28084e-005	6.83125e-007	1.52461e-008	1.66899e-007	7.84798e-007	8.55815e-006	7.20132e-007	1.17893e-008	2.12287e-005	9.44513e-006	0.000143331	1.11616e-005	0.0023924	0.0619293	0.00707589	0.0095886	0.150376	0.843233	0.100928	0.0827093	0.239353	0.0480902	0.104684	0.00720492	5.36294e-007	0.000303651	
0	0	0	1.23487e-007	2.45397e-006	2.64073e-008	5.27289e-010	4.63974e-011	7.52742e-010	1.01548e-008	1.19089e-010	1.1569e-008	4.95322e-008	1.47482e-007	2.89142e-009	2.55637e-006	4.79907e-005	2.63974e-007	8.57987e-007	4.99277e-009	0.0627202	1.32428e-006	2.26247e-005	0.00450671	7.91304e-005	6.97997e-005	0.00127993	1.65383e-006	
0	0	0	4.64422e-041	1.7375e-013	5.32745e-013	9.25521e-013	1.07259e-016	1.29197e-016	1.67206e-016	1.36565e-014	1.1866e-016	1.66786e-014	5.20116e-014	2.84223e-013	7.52527e-014	4.36157e-012	4.26937e-010	1.18484e-013	1.04341e-012	1.24213e-013	8.08943e-008	5.64951e-012	1.14435e-010	1.81503e-007	1.73965e-010	5.40879e-011	1.78568e-009	
0	0	0	0	8.32627e-010	4.65028e-009	1.95285e-009	6.99992e-011	1.84106e-011	4.22939e-012	3.71328e-010	4.71466e-011	2.56807e-010	7.18807e-010	4.49938e-009	1.36676e-008	1.75668e-007	6.51216e-006	8.69759e-007	3.52674e-007	3.29921e-006	0.00656273	0.00346391	0.00180357	0.00256914	0.00121098	0.000100337	2.19438e-005	


1	0.481956	0.0628733	0.00688517	0.00251627	8.62741e-005	3.46657e-005	1.37853e-005	7.52225e-005	0.00025386	0.00096178	0.000266756	0.000253133	0.000118646	3.89733e-005	1.57176e-005	6.16616e-006	4.22059e-007	1.08007e-007	3.63976e-008	1.46599e-009	7.4202e-010	2.53739e-010	2.72318e-011	4.25772e-012	2.5748e-013	3.04827e-013	3.51623e-014	
0	2.56221e-006	0.000191909	2.60487e-007	1.27731e-007	2.64283e-009	1.76898e-007	5.56735e-007	1.83272e-006	1.99478e-008	1.06637e-005	6.89223e-007	1.42049e-006	1.3851e-008	1.57063e-010	3.0702e-010	5.01807e-011	5.37149e-011	6.80895e-011	2.36385e-011	1.36153e-014	1.25202e-013	7.51004e-013	6.26537e-015	1.50656e-014	3.99332e-018	1.16002e-017	5.80197e-018	
0	0.518042	0.936516	0.971142	0.973253	0.979342	0.983581	0.998139	0.997731	0.971219	0.961306	0.432246	0.190849	0.0642624	0.130685	0.165001	0.464693	0.152845	0.0723489	0.044072	0.00255372	0.000100636	2.24025e-005	4.58022e-006	1.95218e-006	4.91962e-006	1.04917e-006	1.85005e-006	
0	0	0.000417085	0.0219725	0.0242228	0.0205542	0.0159355	0.00172284	0.00182984	0.0204248	0.00274076	0.00550538	0.00379434	0.000883526	0.00117667	5.67055e-005	0.000531471	7.14062e-005	0.00300001	2.29135e-005	1.59314e-006	6.46004e-008	9.19451e-009	3.82512e-008	6.93004e-010	1.94959e-009	1.05955e-007	1.22093e-008	
0	0	2.06403e-006	1.09949e-007	8.03185e-006	1.78275e-005	0.000448288	0.000115737	6.05543e-005	1.20438e-005	0.000173539	4.25583e-006	1.56446e-005	6.49575e-006	2.14974e-006	6.68114e-006	1.74599e-007	2.72298e-006	8.03035e-008	1.98983e-005	6.423e-009	2.55937e-009	1.60052e-010	3.87884e-012	1.72586e-010	1.82192e-012	1.0823e-012	1.23091e-010	
0	0	0	4.56583e-010	1.8478e-009	1.19921e-009	1.83887e-008	7.78835e-006	0.000296779	0.00316407	0.0137155	0.0115323	0.00133863	8.02666e-006	1.06422e-007	2.40817e-009	9.35499e-009	6.51704e-010	4.57491e-009	2.27718e-009	7.28499e-007	1.56558e-007	1.03418e-008	4.42063e-010	8.75695e-012	1.5125e-012	7.49909e-014	9.84692e-016	
0	0	0	8.92004e-012	7.45133e-011	6.01179e-011	9.65831e-011	4.5127e-009	5.17795e-006	0.00490918	0.018671	0.527584	0.611098	0.733084	0.243671	0.00350004	0.000295999	6.44526e-006	2.0745e-007	9.79115e-008	2.84236e-008	2.30115e-008	1.83041e-008	3.02044e-008	1.03803e-009	3.47397e-010	1.74957e-010	9.61188e-012	
0	0	0	0	2.60835e-012	2.98246e-012	5.61759e-012	3.24238e-011	8.86661e-009	1.66977e-005	0.00242067	0.0228604	0.19265	0.201637	0.624426	0.831419	0.534473	0.847074	0.924651	0.955885	0.997444	0.999899	0.999978	0.999995	0.999998	0.999995	0.999999	0.999998	


1	0.394867	0.985398	0.800721	0.00109608	0.0167009	0.15579	0.476129	0.677311	0.0846014	0.537654	0.647004	0.479754	0.176748	0.705787	0.987841	0.996521	0.933037	0.999347	0.998568	0.720408	0.992219	0.993434	0.940772	0.745164	0.978919	0.0302314	0.753259	
0	0.601691	0.00746009	0.194961	0.998283	0.399736	0.32507	0.00224648	0.172188	0.913492	0.423618	0.339953	0.516322	0.73674	0.171467	0.00667581	0.00269359	0.0661964	0.000451693	3.11911e-005	0.278635	0.00700643	0.00625209	0.0526706	0.251339	0.0165749	0.966533	0.148338	
0	0.0034418	0.00279403	0.00407255	0.0006209	0.498131	0.372384	0.0014711	0.000495733	0.00167728	0.0105057	0.00556909	0.0034496	0.0864106	0.119829	0.00517352	0.000759885	0.000763303	6.45332e-005	1.36678e-005	0.000728193	0.000181706	0.000284742	0.00653435	0.00348227	0.00378046	0.00323461	0.0615542	
0	0	0.00429966	0.000226413	1.76161e-007	0.0854297	0.14627	0.0303502	0.00349417	0.000139623	0.0278595	0.00661214	0.000441349	0.000100874	0.00268796	0.000123115	1.68583e-005	4.65218e-007	9.95666e-005	6.08667e-006	1.77067e-007	0.00028776	4.95624e-006	2.25637e-005	1.13133e-005	0.000662972	5.57166e-007	0.036775	
0	0	4.81905e-005	1.67848e-005	1.80067e-011	1.80843e-006	0.000485547	0.489804	0.146503	8.26933e-005	0.000361673	0.000860749	3.31658e-005	5.81778e-008	0.000229407	0.000186306	8.45468e-006	3.21182e-006	3.70908e-005	0.00138092	0.000221092	0.000304862	2.41679e-005	5.35123e-007	3.80915e-006	6.266e-005	4.12765e-010	7.3386e-005	
0	0	0	2.79185e-006	4.56602e-010	2.74282e-010	2.38265e-009	3.37007e-008	6.15779e-006	7.34305e-006	1.59499e-008	6.91526e-007	1.02481e-007	8.16812e-010	5.0264e-010	2.04267e-007	1.67135e-008	1.28437e-009	1.03261e-009	1.43654e-009	8.1676e-006	3.65301e-009	3.1626e-009	2.74467e-008	1.88917e-011	4.67645e-008	4.86623e-011	2.34389e-010	
0	0	0	7.17179e-010	1.56429e-009	1.1694e-008	9.73836e-008	3.99228e-010	1.3692e-006	2.22655e-008	1.12141e-008	5.59062e-011	2.60292e-009	2.32493e-009	9.33747e-010	1.52668e-009	2.08255e-009	9.72967e-011	6.65165e-013	1.72261e-012	1.21632e-010	9.40935e-010	3.44222e-012	4.62542e-012	1.34488e-010	2.56895e-011	6.9548e-010	5.0735e-010	
0	0	0	0	5.47018e-015	2.23647e-011	2.13912e-010	1.26112e-008	4.63783e-008	5.16319e-008	9.12131e-007	5.23034e-007	4.78814e-008	3.75549e-010	2.47519e-011	3.2083e-012	8.90272e-012	2.05459e-011	4.4246e-013	1.87692e-013	1.20797e-012	3.09834e-011	6.01527e-011	2.3379e-011	5.57169e-012	7.25334e-012	1.64896e-014	7.93257e-012	


1	0.9944	0.998993	0.983295	0.861674	0.949019	0.840529	0.998041	0.998681	0.993734	0.966055	0.73238	0.636126	0.63742	0.892825	0.987945	0.950919	0.998465	0.734915	0.879795	0.991431	0.985892	0.997458	0.994971	0.999885	0.998572	0.997581	0.99465	
0	0.000861319	0.000968313	0.0136657	1.78065e-005	0.00207431	5.68752e-005	0.00141388	0.000296859	0.00167706	0.000376747	0.00119508	2.46635e-005	0.000115509	0.0149357	0.000630586	0.0429456	0.00030405	0.26471	0.120177	0.00607973	0.0140826	0.00249196	0.00480305	9.02237e-005	0.00141884	0.000288727	0.00471902	
0	0.00473879	3.6263e-005	0.00303009	0.0194303	0.00202813	0.000152652	1.90321e-007	7.82739e-007	3.29037e-005	1.21668e-005	9.46013e-006	0.00010845	1.43518e-005	3.17885e-005	0.000235667	5.86288e-005	0.000104761	0.000166413	5.91364e-006	0.00245168	9.5905e-006	3.78647e-005	0.000206876	1.67249e-005	7.48271e-006	0.00196579	0.000601809	
0	0	2.43669e-006	9.22599e-006	0.118878	0.0460054	0.157935	1.92676e-005	9.74729e-008	5.12526e-008	3.97526e-008	5.26702e-008	1.5259e-006	6.57971e-005	3.26622e-006	3.66091e-007	3.23025e-007	2.48092e-007	1.34183e-008	2.04161e-009	2.37667e-007	1.25597e-007	6.4496e-009	5.19142e-007	2.0404e-006	2.07082e-008	0.000158029	2.68613e-005	
0	0	3.92148e-011	7.76655e-010	1.52574e-009	0.000872367	0.00132319	4.22647e-005	9.65284e-009	2.97161e-011	2.03832e-012	1.85818e-012	3.43045e-012	1.94569e-009	8.25126e-008	4.46849e-009	3.98027e-010	7.83898e-011	5.69956e-012	2.39958e-012	1.18951e-013	1.44599e-011	1.29292e-011	1.02174e-012	1.90384e-010	8.41107e-010	5.17217e-012	1.13112e-007	
0	0	0	1.31956e-011	3.1516e-011	2.99274e-007	3.37997e-006	0.000483334	0.000502603	1.22258e-005	6.65205e-006	1.95151e-008	6.13683e-011	5.0763e-012	6.85942e-010	2.5884e-010	1.2942e-011	4.48453e-011	1.04907e-010	1.9765e-010	1.85328e-011	1.58181e-008	3.16477e-010	7.07553e-013	4.73086e-011	6.89969e-011	6.46019e-013	1.87593e-009	
0	0	0	1.72484e-019	5.4351e-013	5.39294e-015	1.85856e-010	2.69993e-008	0.000510784	0.00409552	0.0313295	0.243902	0.166211	0.0157042	4.26909e-005	8.96525e-008	3.57118e-010	1.27843e-011	1.06736e-013	6.21405e-012	9.94285e-010	4.73703e-009	3.57572e-008	1.04109e-007	7.41278e-009	1.2248e-010	1.91676e-011	2.29769e-014	
0	0	0	0	1.86307e-012	3.71974e-012	3.59736e-009	1.51413e-008	7.70235e-006	0.00044858	0.00221994	0.0225135	0.197528	0.34668	0.0921616	0.0111882	0.00607614	0.00112579	0.000208812	2.17201e-005	3.73362e-005	1.55843e-005	1.17825e-005	1.8495e-005	5.51483e-006	1.59492e-006	6.40962e-006	2.42898e-006	


1	0.717872	0.0935426	0.0693958	0.572548	0.0846064	0.0296902	0.00924754	0.0325848	0.021894	0.0310502	0.00503636	0.00224153	0.000851432	0.000163181	3.41406e-005	5.02748e-006	4.92317e-006	4.42943e-007	2.99384e-008	4.50967e-007	1.01795e-006	4.70515e-006	6.45682e-006	1.38341e-006	1.94183e-005	4.37671e-005	2.95301e-005	
0	0.279619	0.0443864	0.0654173	0.396814	0.401349	0.796576	0.472461	0.893532	0.976633	0.952025	0.991404	0.993481	0.97245	0.662176	0.248085	0.017111	0.00926532	0.00294679	0.000253238	0.00120282	0.00498441	0.0118683	0.0454832	0.0131552	0.0739176	0.0901934	0.489125	
0	0.00250827	0.861902	0.809667	0.0297522	0.513941	0.171531	0.514732	0.061374	0.00141079	0.0168056	0.00348885	0.00426074	0.0265406	0.335114	0.733159	0.937737	0.889407	0.712587	0.524337	0.311659	0.0951856	0.0460941	0.00325227	0.00151187	0.534361	0.00677895	0.275813	
0	0	0.000168957	0.0555153	0.000723499	0.000101784	0.0022017	0.00355908	0.0125072	6.11426e-005	0.000118041	7.00767e-005	1.59751e-005	0.000157095	0.00254032	0.0173359	0.044677	0.0844157	0.283407	0.471586	0.220568	0.657463	0.564699	0.0579301	0.00145593	0.00120525	0.000755369	0.00302763	
0	0	5.97366e-010	4.11974e-006	0.000138634	9.9606e-007	1.47562e-007	4.7572e-007	1.52252e-006	3.81774e-007	2.23297e-008	6.59269e-009	5.295e-009	3.86867e-008	6.50354e-006	0.00138565	0.000463066	0.0168198	0.000939977	0.00380753	0.463783	0.161309	0.0976103	0.0225599	0.00159777	0.00889985	2.13697e-005	2.8979e-005	
0	0	0	1.22152e-008	2.36408e-005	6.64901e-007	1.69142e-007	4.86022e-008	6.16674e-007	4.37853e-007	1.46286e-008	3.52418e-009	2.21634e-009	3.13578e-009	2.71285e-008	6.80262e-007	7.07056e-006	7.52064e-005	8.68259e-005	1.63856e-005	0.00253614	0.0716828	0.0712545	0.0481408	0.00840163	0.01052	0.00208123	0.000571766	
0	0	0	1.3151e-014	2.52087e-008	1.09761e-009	1.25474e-009	1.95961e-010	3.38738e-009	1.29644e-010	5.40852e-009	2.71942e-011	3.98365e-011	5.85177e-012	5.98193e-012	1.5684e-008	1.20043e-007	1.22197e-005	3.22593e-005	2.22757e-007	0.000242624	0.00912854	0.199142	0.643182	0.943103	0.106996	0.00992752	0.000257371	
0	0	0	0	6.63222e-009	1.02473e-007	3.9529e-008	6.55281e-009	3.37163e-008	4.29364e-007	8.68037e-007	1.01416e-006	1.15683e-006	1.01352e-006	4.34685e-008	1.21481e-009	3.12089e-010	4.32053e-008	5.45044e-008	8.46539e-008	7.96098e-006	0.000245435	0.00932665	0.179445	0.0307736	0.26408	0.890198	0.231147	


1	0.82815	0.892438	0.754908	0.623901	0.804434	0.833914	0.820781	0.700601	0.483831	0.332933	0.400355	0.280464	0.147131	0.252395	0.0961993	0.0297372	0.0841024	0.0121498	0.00594939	0.0176269	0.000654374	1.4222e-005	3.10051e-006	2.25734e-007	3.23569e-007	2.70124e-007	2.11024e-007	
0	0.168813	0.0147462	0.00427306	0.161667	0.00028549	0.00485412	0.00746394	0.296471	0.514338	0.659466	0.583806	0.701215	0.834903	0.075393	0.0300581	0.00435561	0.207813	0.00257271	0.00136088	0.283292	0.978362	0.994034	0.986941	0.993351	0.104002	0.59745	0.00616234	
0	0.00303723	0.0928018	0.100449	0.001972	0.0444509	0.0462223	0.171716	0.00291603	0.00182557	0.00758542	0.0157939	0.0181712	0.0165337	0.658507	0.501709	0.661183	0.608224	0.979801	0.992468	0.691735	0.0209543	0.00594943	0.0129588	0.00656865	0.895725	0.0491362	0.232677	
0	0	1.44984e-005	0.14037	0.212366	0.150761	0.111027	2.22098e-005	3.84022e-006	2.97742e-007	1.00498e-007	1.63012e-006	0.000134928	0.0013764	0.0134764	0.371663	0.304154	0.0948601	0.0052285	0.000207654	0.00719453	1.93086e-005	1.68839e-006	9.61772e-005	7.92596e-005	0.000272548	0.353399	0.761128	
0	0	4.13841e-023	1.89302e-009	9.40495e-005	6.79635e-005	0.00398266	9.91908e-006	1.79132e-008	2.44011e-010	3.34508e-012	7.31362e-013	7.35298e-011	6.30077e-007	4.33105e-006	8.03938e-006	3.89593e-005	0.000868331	2.21742e-006	8.46751e-008	6.25079e-009	3.3322e-008	3.33637e-011	9.17665e-011	1.01389e-007	2.34704e-009	2.96758e-006	2.81452e-005	
0	0	0	6.76191e-014	1.08849e-007	1.54834e-009	9.58367e-008	6.16542e-006	5.28539e-006	6.9265e-007	1.32268e-007	4.49491e-010	1.02107e-012	3.79548e-011	2.7216e-010	6.42494e-009	2.27992e-008	4.83195e-006	2.75232e-008	1.44746e-008	9.25967e-008	1.4397e-007	2.89869e-010	2.70126e-012	1.56259e-010	1.88145e-011	1.2661e-009	2.9683e-009	
0	0	0	2.14494e-031	1.1108e-015	4.10901e-011	2.41547e-012	8.94365e-010	2.32848e-006	3.11053e-006	1.5267e-005	4.25163e-005	1.05103e-005	1.95256e-006	1.57277e-008	2.18639e-010	6.05259e-011	6.47991e-009	4.34059e-009	4.8282e-009	3.54913e-007	2.05215e-007	1.87535e-007	1.29191e-007	6.36153e-009	4.46528e-010	1.95479e-010	1.27581e-012	
0	0	0	0	5.42993e-015	8.24689e-010	1.16523e-009	1.4813e-010	1.31729e-008	8.26459e-007	4.22861e-007	1.54987e-006	3.7443e-006	5.33547e-005	0.000224224	0.000362071	0.000531049	0.00412691	0.000245383	1.40641e-005	0.000150811	9.79256e-006	7.37498e-007	8.3898e-007	3.61559e-007	2.86147e-007	1.08889e-005	4.2892e-006	


1	0.970104	0.512772	0.950745	0.978462	0.935866	0.923798	0.0721442	0.0108077	0.00767649	0.00131506	0.000418321	0.000723583	0.0122628	0.042043	0.2255	0.166157	0.386689	0.15089	0.00755638	0.0230346	0.0428418	0.175386	0.684544	0.791783	0.754586	0.989575	0.956272	
0	0.0298147	0.484107	0.0412462	0.0214938	0.061542	0.0757584	0.926484	0.988873	0.976594	0.998426	0.993948	0.998827	0.978567	0.158128	0.0489419	0.00563654	0.105183	0.0425899	0.0104337	0.0172551	0.017689	0.141721	0.122272	0.205373	0.16738	0.0102917	0.0251521	
0	8.08401e-005	0.00311979	0.00732209	6.90997e-006	0.00253555	0.000435125	0.00137104	0.000245958	0.000459772	0.000132679	0.0010689	0.00016481	0.00851166	0.791425	0.717542	0.827546	0.502088	0.795517	0.981074	0.431292	0.818375	0.661779	0.0702063	0.00255789	0.0779145	9.64756e-005	0.0185461	
0	0	1.39022e-006	0.000686253	1.14002e-005	7.41985e-006	1.99717e-006	9.04377e-007	7.30315e-005	0.0152701	0.000120865	0.00456414	0.000217096	0.000560756	0.00747107	0.00521987	0.000185375	0.00586983	0.0109892	0.000935274	0.527804	0.119298	0.0176427	0.121519	0.000127373	5.3674e-005	3.32787e-005	2.5973e-005	
0	0	5.02533e-009	1.40083e-007	2.94865e-006	5.21978e-009	7.91418e-008	2.5475e-011	7.87506e-010	3.61988e-008	5.64458e-006	4.42487e-007	6.56659e-005	1.85858e-007	4.35494e-008	7.04341e-005	1.58731e-007	0.000141961	1.09253e-005	9.46796e-008	0.000612453	0.00177149	0.00345891	0.00133065	9.86475e-005	3.4487e-009	5.88081e-007	3.04211e-007	
0	0	0	5.65344e-007	2.31747e-005	4.94547e-005	4.85113e-006	4.03196e-011	7.66989e-013	3.50989e-009	1.25136e-008	4.91914e-009	1.56389e-006	9.70347e-005	0.000932587	0.00272138	0.000474216	2.45284e-005	2.49039e-006	9.89295e-008	1.61276e-006	2.3944e-005	1.25393e-005	0.000127565	5.92355e-005	6.63732e-005	2.59873e-006	3.44172e-006	
0	0	0	1.4131e-025	6.43305e-010	1.16244e-008	1.78279e-006	1.39077e-010	6.21915e-014	9.09939e-016	1.15083e-014	5.10862e-013	2.04455e-012	1.95491e-007	6.55782e-007	3.83136e-006	2.97049e-007	3.25826e-006	3.66452e-010	1.09504e-011	1.14005e-011	1.00498e-009	5.95608e-009	3.16786e-009	8.27925e-007	2.80326e-009	5.34261e-007	8.423e-010	
0	0	0	0	2.95129e-010	8.60634e-010	5.50646e-009	5.73888e-009	3.02722e-009	1.20778e-008	2.6212e-009	4.14445e-009	3.55876e-009	3.65979e-008	5.29249e-008	2.58101e-007	6.37147e-008	4.96513e-007	8.123e-009	1.60813e-010	1.34938e-009	3.83407e-009	8.62498e-008	7.64147e-007	8.87952e-007	1.73848e-007	5.85581e-008	1.07245e-008	


1	0.990685	0.529906	0.320998	0.858226	0.608593	0.746183	0.924125	0.998788	0.999257	0.999411	0.99642	0.99783	0.943005	0.435421	0.0645391	0.0103668	0.00742002	0.0215596	0.0245731	0.313243	0.786376	0.934467	0.986542	0.94065	0.525326	0.98316	0.223395	
0	0.00927055	0.470086	0.457206	0.0277151	0.386129	0.248431	0.0756691	0.00115176	0.000737643	0.000587483	0.00357745	0.00216379	0.0569862	0.562555	0.932659	0.982425	0.991713	0.782058	0.965496	0.659824	0.211614	0.0654902	0.0132317	0.0593468	0.474212	0.00842295	0.775584	
0	4.49286e-005	8.25428e-006	0.221795	0.031097	0.00449331	0.00366339	0.000199527	5.6554e-005	1.55198e-006	8.08544e-007	7.06684e-007	4.91171e-006	6.88426e-006	0.00202334	0.00280228	0.00720782	0.000865101	0.196381	0.00991361	0.0268744	0.00197601	4.16885e-005	0.000225075	3.09505e-006	0.00046199	0.00817219	0.00101775	
0	0	6.19908e-009	1.35995e-008	0.0829614	0.000714416	0.00171007	5.73306e-006	3.44997e-006	3.18457e-006	5.60647e-008	1.59134e-008	5.87115e-008	1.17513e-007	5.89773e-009	8.64515e-008	5.28813e-008	1.67409e-006	9.66545e-007	1.74601e-005	5.8548e-005	3.32126e-005	8.21515e-007	5.82515e-007	4.50099e-007	5.27801e-010	0.000244704	3.46634e-006	
0	0	2.77557e-016	5.62809e-012	8.07812e-013	7.0437e-005	1.25267e-005	1.00363e-006	3.0941e-009	2.7126e-010	2.92558e-010	1.42496e-011	1.00491e-012	1.29809e-011	2.02881e-011	2.09317e-013	3.51495e-012	3.5312e-012	9.65291e-010	5.27425e-009	9.13185e-009	2.41284e-008	2.14686e-009	4.93707e-011	9.47294e-012	6.65669e-011	2.57929e-014	3.84818e-008	
0	0	0	1.00067e-020	4.36008e-015	2.66945e-013	3.5845e-008	3.47856e-008	2.61917e-008	1.54079e-010	4.69174e-012	1.09189e-013	9.01766e-015	5.62079e-017	1.51742e-016	7.30574e-015	2.14918e-018	8.57994e-014	8.32557e-016	8.89801e-013	9.63085e-010	9.90781e-010	9.97894e-011	1.83057e-013	1.67563e-012	1.85053e-015	1.54897e-014	4.23178e-015	
0	0	0	1.99757e-025	5.10621e-020	1.95537e-018	5.78885e-014	2.13857e-009	3.90165e-008	1.40171e-007	3.0682e-007	1.42162e-006	1.37908e-007	6.20631e-009	4.16691e-011	5.0632e-014	2.77426e-016	9.98966e-018	8.56814e-016	4.84829e-015	2.77563e-011	3.77691e-009	5.12081e-009	4.5326e-009	1.29412e-010	2.24714e-011	1.32761e-012	2.15492e-015	
0	0	0	0	1.97658e-025	6.2314e-021	5.12352e-019	8.66338e-014	4.17872e-010	2.00156e-008	5.64443e-008	3.99297e-007	1.39788e-006	1.80053e-006	6.06206e-007	2.76447e-008	2.34149e-009	4.89323e-010	6.0036e-010	9.74497e-010	4.23532e-008	1.30071e-007	1.18726e-007	3.74824e-007	1.02065e-007	1.20412e-007	4.38701e-007	6.28138e-008	


1	0.970974	0.53967	0.0401448	0.357904	0.0178626	0.0188618	0.596816	0.998265	0.998902	0.999951	0.98709	0.996831	0.855671	0.122151	0.146206	0.026098	0.290587	0.115928	0.751091	0.996762	0.999253	0.996874	0.977324	0.993329	0.568593	0.976531	0.0450055	
0	0.0290258	0.460315	0.950767	0.641177	0.981873	0.976478	0.355327	0.000114721	0.00105984	4.1196e-005	0.0128197	0.00299549	0.144259	0.877405	0.853059	0.969375	0.708421	0.245209	0.134962	0.00313579	0.000714384	0.00310042	0.022657	0.00666793	0.431405	0.021244	0.954985	
0	2.00563e-008	1.58512e-005	0.00908772	0.000784105	0.000263997	0.00465552	0.0477431	0.000131069	2.92855e-008	2.20052e-007	5.25967e-009	7.98399e-006	3.28794e-006	0.000443496	0.000734886	0.00452657	0.000922545	0.638862	0.107155	1.51299e-005	2.49356e-006	1.41132e-007	1.87907e-006	3.24849e-007	1.94625e-006	0.00222488	8.98548e-006	
0	0	1.51947e-010	8.49223e-009	5.59498e-005	1.22694e-007	3.48624e-006	8.98182e-005	0.000806852	2.6771e-006	3.35734e-009	5.26143e-011	4.6868e-010	9.08852e-010	3.42786e-009	7.62061e-007	4.028e-009	1.61708e-005	2.66025e-007	0.00668147	3.53865e-005	3.80426e-008	1.77679e-011	2.09884e-011	2.07743e-010	9.07353e-011	4.45921e-008	5.95749e-008	
0	0	5.11078e-013	2.67109e-012	7.804e-005	4.06438e-009	7.94749e-007	2.20963e-005	0.000682326	3.44258e-005	4.99613e-007	2.39665e-009	3.93167e-011	1.20091e-009	2.01551e-011	6.25158e-008	3.39787e-010	5.26785e-005	4.21582e-009	0.000100459	3.72203e-005	5.84865e-007	6.79055e-010	5.50232e-012	5.45004e-009	6.57688e-012	9.5664e-010	3.44998e-009	
0	0	0	2.97776e-016	4.96515e-015	4.54989e-008	1.65469e-009	2.13691e-006	3.59553e-007	1.10283e-007	2.55599e-007	1.29618e-009	1.7405e-012	8.86293e-014	2.02167e-012	5.32184e-013	5.65747e-009	2.72343e-009	6.47533e-007	7.22305e-006	9.16932e-007	7.85014e-007	9.17497e-008	3.76902e-010	4.82032e-012	7.91196e-010	3.17803e-013	6.93922e-013	
0	0	0	5.16979e-021	4.33986e-019	6.39654e-013	2.57613e-012	9.61468e-010	9.31706e-008	2.29159e-008	3.84008e-009	5.21971e-010	1.70759e-013	5.16886e-018	3.79845e-016	5.75259e-015	8.40814e-014	1.19303e-010	4.68134e-010	2.93538e-006	1.06773e-005	9.38872e-006	4.15958e-008	5.40441e-011	5.16131e-014	2.69665e-013	4.24538e-014	2.95209e-017	
0	0	0	0	6.11542e-019	4.36503e-021	4.00785e-012	2.13942e-010	4.54043e-008	9.37839e-007	7.01649e-006	9.02708e-005	0.000165152	6.64196e-005	4.14145e-007	8.10021e-009	2.9422e-011	9.71277e-011	7.80536e-012	4.45123e-009	3.29154e-006	1.90028e-005	2.49082e-005	1.73129e-005	3.1767e-006	2.60083e-007	1.5461e-007	1.5682e-010	


1	0.994454	0.892273	0.416536	0.98551	0.683119	0.810505	0.970467	0.982277	0.95291	0.929634	0.941765	0.938052	0.990338	0.869281	0.968051	0.634415	0.986235	0.659115	0.961682	0.997838	0.998888	0.998453	0.99711	0.999259	0.982857	0.993893	0.727897	
0	0.00554566	0.107702	0.583335	0.013653	0.316861	0.185872	0.0170037	5.94908e-005	0.000337694	0.000110535	0.000479371	0.00177565	0.00565145	0.130697	0.0316151	0.365575	0.0106686	0.340759	0.0242333	0.000470682	0.000909828	0.00152962	0.00288762	0.000737161	0.0171418	0.00609814	0.2721	
0	4.39815e-007	2.51511e-005	0.000128759	0.000700135	1.60435e-005	0.00362198	0.012488	0.00589101	7.40482e-005	1.94972e-005	4.68925e-007	2.03947e-006	4.9277e-007	4.4736e-006	0.000333386	8.71212e-006	0.00309604	0.00012493	0.0140844	0.000249383	2.55768e-005	8.18719e-007	1.94684e-007	3.19327e-006	1.44136e-006	8.30977e-006	3.06169e-006	
0	0	1.80999e-009	4.39079e-008	0.000137046	1.47231e-006	5.40318e-007	4.10619e-005	0.0117728	0.0466731	0.0702249	0.0576618	0.0601323	0.0038513	6.71614e-006	9.78796e-009	6.32521e-007	7.66086e-008	6.41858e-007	3.76302e-007	0.0014421	0.000176052	1.59992e-005	1.97844e-006	2.07249e-007	2.84827e-008	7.63616e-007	5.4841e-009	
0	0	5.04652e-010	1.21037e-008	3.62348e-009	3.3179e-006	6.07497e-007	4.89378e-007	1.09407e-007	4.86523e-006	7.23282e-006	8.0078e-005	3.33691e-005	0.000158164	1.0592e-005	3.39814e-008	4.81937e-008	6.61383e-010	6.00527e-007	4.97013e-008	7.47909e-008	5.31944e-007	9.0227e-008	7.48755e-009	1.02717e-010	1.26274e-010	5.35459e-011	5.15299e-009	
0	0	0	4.26863e-015	1.46661e-011	7.7881e-014	2.92145e-009	8.66836e-009	4.91467e-008	8.46981e-010	1.04158e-007	3.32855e-009	1.05635e-007	7.76167e-010	1.45101e-008	3.81197e-008	3.47171e-011	4.16396e-009	3.52183e-012	4.51451e-009	2.34259e-009	4.94886e-009	1.74931e-009	6.47333e-012	3.36927e-010	1.99388e-012	2.87356e-014	4.67801e-015	
0	0	0	3.55487e-018	1.41328e-015	6.16881e-016	3.77097e-013	1.66297e-011	7.77673e-011	8.67108e-010	1.02961e-010	1.11038e-009	4.33632e-011	2.92511e-011	1.93844e-012	1.85832e-013	2.18556e-012	1.2056e-014	1.19466e-012	2.15406e-013	8.84508e-012	5.16716e-012	1.60944e-011	5.17299e-012	8.02803e-015	4.69399e-014	8.45025e-016	1.25025e-018	
0	0	0	0	2.67111e-017	3.09169e-015	2.14514e-016	3.33262e-010	3.08108e-008	2.83074e-007	3.63545e-006	1.31114e-005	4.58065e-006	3.97212e-007	4.11e-009	7.53533e-011	8.12403e-011	1.57931e-011	1.43998e-011	9.48291e-011	3.1907e-009	6.38446e-008	2.44674e-007	1.40668e-007	2.44922e-008	1.96866e-009	2.33118e-010	6.45489e-013	


