E:\Google Drive\Progetti\MSR Action3D\Real\a15_s09_e03_skeleton3D.txt
15
TRUE
-623.235
-625.995
-632.079
-656.077
-638.751
-621.668
-573.956
-618.519
-647.197
-638.096
-639.715
-636.179
-638.508
-633.973
-635.154
-619.497
-633.978
-633.959
-636.08
-631.328

27
20
1	0.482271	0.0527731	0.0118736	0.0143731	0.002371	0.00278015	0.000356719	0.000180526	0.000230424	0.000129655	0.000111128	4.92896e-005	5.53165e-005	4.01479e-005	3.20315e-005	3.95622e-005	1.24205e-005	3.51604e-005	0.000127172	0.000132012	0.000808686	0.00648898	0.0161261	0.00414614	0.000492231	0.000256066	3.18709e-005	
0	0.271698	0.328079	0.332715	0.82546	0.760946	0.872999	0.365647	0.529387	0.434859	0.715514	0.91696	0.700446	0.13037	0.0148732	0.0108184	0.00435852	0.000303383	0.00072874	0.000443441	0.000103335	0.000275013	0.000670734	0.00396781	0.0041103	0.000560641	0.000514709	0.000294855	
0	0.246031	0.0249607	0.00778641	0.131666	0.0534157	0.116375	0.0288633	0.0141187	0.0633853	0.0195038	0.030861	0.187629	0.860058	0.938741	0.908143	0.963166	0.498702	0.819434	0.976745	0.574843	0.455363	0.499442	0.636609	0.178522	0.0114815	0.00108981	9.92334e-005	
0	0	0.580989	0.643317	0.0232818	0.174769	0.00678865	0.541737	0.411947	0.355172	0.261766	0.0504576	0.0997318	0.00458154	0.00854274	0.0765633	0.030315	0.0355269	0.162593	0.0211443	0.291398	0.520289	0.365043	0.284198	0.801462	0.980346	0.997268	0.984362	
0	0	0.0131982	0.00331102	0.00174713	0.00826127	0.000874114	0.0633436	0.00134372	0.132729	1.25331e-005	1.07188e-005	0.0118911	0.00488636	0.0377974	0.00439662	0.00203971	0.465447	0.0122319	0.0012516	0.133496	0.0217977	0.127415	0.0584663	0.0114961	0.00683218	0.000548211	0.0149416	
0	0	0	0.000996671	0.00343752	0.000227551	0.000175888	5.19501e-005	0.0430226	0.0134469	0.00206531	0.000308829	0.000120687	2.08438e-005	1.6329e-006	4.47926e-005	7.91914e-005	7.76187e-006	0.00497648	0.000170015	3.49831e-006	0.00139942	0.000732013	0.000353208	0.000226689	0.00028655	0.000312446	0.000268291	
0	0	0	5.80724e-013	1.69194e-006	1.68972e-006	6.02479e-007	6.71375e-009	3.1422e-008	3.45687e-005	4.71892e-006	1.02109e-006	4.56226e-007	4.19398e-008	6.0427e-009	5.78994e-010	3.18739e-008	1.33314e-009	1.03544e-009	1.51578e-006	3.6492e-009	1.94885e-010	8.91852e-008	6.32305e-008	4.55946e-009	2.62812e-009	3.7673e-008	7.20269e-009	
0	0	0	0	3.27497e-005	7.96904e-006	6.21578e-006	2.65631e-007	4.13983e-007	0.000143316	0.00100389	0.00128932	0.000131206	2.77363e-005	4.15185e-006	1.48716e-006	1.83361e-006	1.09783e-007	7.70633e-007	0.000116647	2.40606e-005	6.73572e-005	0.000207627	0.000279879	3.65083e-005	9.69074e-007	1.02939e-005	1.86477e-006	


1	0.856182	0.978909	0.989298	0.999676	0.999719	0.996603	0.374846	0.95282	0.975745	0.99989	0.999787	0.991566	0.999998	0.999984	0.989577	0.999988	0.997509	0.854056	0.999997	0.998314	0.999619	0.999165	0.983534	0.999777	0.997681	0.952037	0.970156	
0	0.143524	0.0175024	0.00903397	0.000323934	0.000257161	0.00339552	0.0774939	0.0336799	0.00107929	1.73254e-005	0.000211921	0.00842923	1.41643e-006	1.55266e-005	0.0104228	1.17222e-005	0.00248416	0.145939	3.16155e-006	0.00157935	0.000296997	0.000786844	0.0164337	0.000115552	0.00111258	0.0479401	0.00384574	
0	0.000293197	0.00357818	0.00166759	8.21642e-008	2.36422e-005	1.01616e-006	0.54766	0.000133946	0.0224862	2.05976e-006	5.09833e-007	4.78626e-006	9.82337e-007	4.30206e-007	1.78924e-007	3.47368e-007	6.48596e-006	4.74703e-006	3.11818e-007	0.000106602	8.3714e-005	4.75026e-005	3.18598e-005	0.000107049	0.00120497	2.25784e-005	0.0259987	
0	0	1.05959e-005	3.49886e-007	8.52383e-009	3.94238e-010	1.61844e-011	9.26314e-010	0.0133659	0.000685146	8.96679e-005	2.04251e-008	5.69553e-012	1.0828e-009	1.34363e-011	2.00531e-014	3.17213e-010	8.71807e-012	1.66288e-011	6.79375e-010	2.60801e-010	2.31879e-007	1.7625e-007	6.50615e-011	1.13059e-008	1.09738e-006	8.136e-009	1.63344e-008	
0	0	9.98357e-021	3.22375e-009	2.83127e-010	4.25556e-012	5.23106e-013	2.48307e-015	2.128e-012	4.58608e-006	6.70684e-007	1.41561e-007	1.03429e-009	1.39266e-012	2.42716e-012	4.63207e-014	1.812e-016	7.96688e-013	1.53907e-014	1.4296e-014	3.91732e-013	2.98127e-013	1.60387e-010	2.88326e-010	3.29696e-013	3.50102e-012	4.42708e-009	4.29399e-012	
0	0	0	3.76373e-017	1.71111e-009	8.96126e-012	1.51646e-011	6.56229e-017	9.13303e-019	8.69294e-015	1.60855e-009	9.2586e-010	8.34955e-010	5.75441e-011	1.55411e-012	9.20499e-012	5.25421e-013	4.10001e-015	3.97822e-014	1.5378e-014	1.07772e-017	2.84374e-016	7.02384e-016	3.02246e-012	3.62665e-013	6.68035e-018	8.83538e-015	3.34095e-013	
0	0	0	1.84925e-041	2.23909e-020	1.7345e-010	5.87369e-012	1.66232e-016	5.60961e-018	1.14572e-021	7.84319e-017	4.65398e-011	2.59611e-011	2.34738e-012	1.40058e-013	1.4881e-013	1.32071e-011	1.20706e-013	9.83642e-016	1.23919e-015	2.19818e-017	1.33086e-019	3.56078e-018	7.10235e-018	8.175e-014	4.36509e-015	1.11135e-017	9.49826e-019	
0	0	0	0	2.60877e-023	4.66306e-014	3.61026e-012	2.92144e-011	2.88283e-011	1.05208e-010	3.93943e-011	1.61846e-011	1.07557e-011	1.52008e-012	9.85606e-013	6.32899e-014	2.00488e-014	3.31744e-012	7.4278e-013	2.5091e-014	3.18356e-014	2.38061e-014	5.26342e-015	1.79439e-015	1.02383e-015	1.21113e-013	1.15347e-013	1.0061e-013	


1	0.865787	0.921662	0.959685	0.999988	0.999462	0.999412	0.0986761	0.559722	0.889977	0.998893	0.999871	0.997902	0.99999	0.999986	0.997495	0.999948	0.995259	0.965199	0.999985	0.990272	0.99746	0.998821	0.980638	0.999157	0.955315	0.906113	0.984514	
0	0.134112	0.0643031	0.0401398	1.02098e-005	0.000340362	0.000585531	0.901081	0.320747	0.028223	5.60602e-005	9.85294e-005	0.00209129	1.31069e-006	1.32393e-005	0.00250483	1.39098e-005	0.00473458	0.0347902	1.38518e-006	0.00960838	0.00223032	0.000948373	0.019355	0.000720218	0.0421862	0.0938681	0.0147373	
0	0.000100818	0.0140346	0.000174934	1.98416e-006	0.000197242	2.52662e-006	0.000243035	0.119529	0.0814016	0.000963731	2.99623e-005	6.63158e-006	8.14304e-006	7.83662e-007	5.12276e-007	3.76413e-005	6.03499e-006	1.03953e-005	1.37539e-005	0.000119605	0.000309973	0.000230341	7.03211e-006	0.000122837	0.00249807	1.81354e-005	0.00074853	
0	0	1.89598e-009	6.02112e-008	1.92512e-009	9.47489e-011	7.29036e-010	1.768e-012	1.2257e-006	0.000396375	8.42491e-005	5.92597e-007	1.85613e-010	1.21217e-010	2.74782e-011	3.02201e-014	4.30256e-012	3.07089e-011	6.07784e-012	1.91076e-010	3.03363e-011	6.9627e-009	1.91771e-009	3.17115e-011	4.28501e-012	1.15231e-008	1.28962e-009	9.47837e-011	
0	0	1.43635e-009	5.25144e-007	2.4319e-009	1.72912e-011	5.99478e-009	9.38627e-012	2.77442e-008	1.61532e-006	3.02643e-006	8.38693e-008	1.90596e-009	2.73419e-011	1.00557e-010	5.97129e-011	5.49671e-012	8.89832e-010	2.95999e-010	1.52219e-010	1.79715e-010	5.27675e-009	3.67185e-009	1.24024e-008	7.60682e-011	1.94272e-009	2.22307e-007	5.11971e-010	
0	0	0	1.29642e-014	1.76229e-008	5.4836e-013	1.97296e-013	4.40501e-017	3.72169e-017	6.97995e-013	5.5905e-009	1.41932e-009	9.39212e-012	5.97233e-011	7.8823e-013	6.44569e-013	1.01668e-013	1.47409e-016	8.16234e-013	1.54126e-011	5.22436e-015	5.78058e-015	7.11203e-013	5.3817e-013	7.32931e-013	2.164e-017	1.17126e-013	2.69274e-012	
0	0	0	3.58539e-024	6.41469e-019	2.17409e-009	9.25117e-012	1.38964e-017	1.06901e-018	4.17693e-022	3.49474e-015	1.11219e-010	1.30945e-012	9.63945e-015	2.7767e-014	4.10606e-014	5.1744e-013	9.62369e-015	1.04139e-017	4.48131e-015	1.93785e-014	2.35207e-016	1.3009e-017	7.08065e-015	4.63359e-015	1.50653e-014	1.13257e-017	4.54441e-019	
0	0	0	0	6.87341e-019	4.36042e-012	4.94736e-010	1.38583e-010	4.71958e-009	1.68321e-008	7.54022e-008	2.83796e-007	2.20647e-007	9.52084e-008	4.37801e-008	2.57444e-008	4.39799e-008	4.90539e-008	4.86166e-008	3.02417e-008	3.76101e-008	1.13126e-007	1.05619e-007	1.2153e-007	1.00208e-007	4.17029e-007	8.2764e-007	6.21654e-007	


1	0.976453	0.870671	0.851639	0.982539	0.991633	0.992608	0.929166	0.870181	0.981036	0.609209	0.156749	0.955489	0.995719	0.99933	0.99795	0.992042	0.997544	0.945588	0.992514	0.967483	0.809193	0.861243	0.961596	0.989622	0.920339	0.940391	0.878572	
0	0.00113514	0.00734818	0.0220608	0.0151115	0.00316673	0.00674968	0.00497647	0.0479201	0.00266738	0.382988	0.839887	0.0335474	0.00231491	0.000335035	0.00186316	0.00716016	0.000365529	0.050762	0.00418792	0.0107404	0.150137	0.096831	0.0359556	0.00320139	0.0298198	0.0542456	0.0784749	
0	0.0224114	0.121962	0.126288	0.0022852	0.00519801	0.000639627	0.0658386	0.0816885	0.0159541	0.00779106	0.00334118	0.00526244	0.000521906	0.000115724	0.000117675	0.00038846	0.00189027	0.00169046	0.000760787	0.0195804	0.0402565	0.0401546	0.00148595	0.00210162	0.0489762	0.00497408	0.0428793	
0	0	1.48777e-005	5.43533e-006	1.43628e-005	1.13252e-006	1.00295e-006	1.73462e-005	0.000208763	0.000195328	3.66884e-006	2.31221e-005	0.00568953	1.76578e-005	4.47859e-007	6.01264e-008	2.09991e-006	4.56082e-006	6.01587e-005	2.75483e-006	8.15236e-006	6.54884e-005	0.000628142	0.000139612	1.00774e-005	1.76184e-005	3.77908e-005	2.55513e-005	
0	0	3.92558e-006	6.01016e-006	4.99779e-005	6.05109e-007	1.39134e-006	1.17916e-006	2.01733e-006	0.000146674	1.14576e-007	2.69175e-008	1.0688e-005	0.00142431	0.000190137	2.40152e-005	1.62183e-006	1.12031e-005	0.000143449	3.25503e-005	1.38899e-005	1.22526e-005	0.000451703	9.78514e-005	2.49055e-005	1.83636e-006	6.04118e-007	8.6016e-007	
0	0	0	3.97942e-008	3.29392e-008	9.52055e-008	2.24448e-009	1.60365e-009	2.07551e-010	7.47331e-010	8.31846e-006	7.19689e-008	1.24514e-009	5.77162e-007	2.74396e-005	1.7284e-005	3.23437e-006	1.51111e-008	9.95315e-007	1.16086e-005	5.19166e-007	9.72185e-008	2.70078e-008	5.2335e-006	4.15511e-005	1.15332e-006	6.67969e-008	1.87244e-008	
0	0	0	1.8548e-013	9.3288e-012	1.15007e-011	3.14666e-011	1.45544e-013	9.83983e-013	4.27713e-014	2.98462e-010	1.05736e-008	8.08174e-011	2.53017e-012	2.17263e-010	3.23532e-009	3.82364e-008	1.49783e-010	2.36732e-011	8.81055e-011	5.32854e-010	6.1342e-011	1.77833e-011	7.95523e-011	2.28051e-009	2.61707e-009	6.09258e-010	6.86541e-012	
0	0	0	0	2.22591e-009	7.57409e-010	1.42473e-008	2.99471e-009	2.55798e-010	2.31584e-011	3.4815e-011	3.88711e-007	4.97286e-007	1.20797e-006	8.80524e-007	2.81341e-005	0.000402709	0.00018464	0.00175494	0.0024902	0.00217333	0.000335427	0.000691436	0.000719573	0.00499824	0.000844273	0.000351157	4.69343e-005	


1	0.92835	0.914064	0.991958	0.899099	0.968096	0.889412	0.863603	0.979631	0.978146	0.958351	0.92815	0.971037	0.752634	0.432331	0.31246	0.0775148	0.383995	0.507154	0.216901	0.69075	0.855242	0.951168	0.874275	0.667808	0.849147	0.953691	0.980109	
0	0.0708586	0.0856419	0.00435008	0.0064216	0.0237301	0.0252329	0.133217	0.0169724	0.0179574	0.00296594	0.000505167	0.0173976	0.0109713	0.0140211	0.0158451	0.00419904	0.127247	0.179334	0.0243785	0.0752778	0.0107296	0.0233981	0.0351128	0.298621	0.126884	0.0271145	0.0160838	
0	0.000790911	0.000290685	0.00368443	0.0943384	0.00749195	0.0851352	0.00291911	0.00334418	0.00387556	0.0383929	0.0703433	0.00958846	0.193783	0.242412	0.524836	0.424021	0.389721	0.294448	0.662738	0.209435	0.125238	0.0233453	0.0897201	0.0313075	0.0233407	0.0170384	0.00363545	
0	0	2.33712e-007	5.29023e-006	0.000116695	0.000363189	0.00014776	1.18891e-005	2.1499e-006	1.4708e-005	0.000160835	0.000424012	0.00014402	0.042296	0.304254	0.0690804	0.465128	0.05189	0.000542572	0.0944801	0.00516669	0.00577965	0.000663791	0.000404056	0.00125126	0.000406699	3.96877e-005	1.8809e-005	
0	0	3.46102e-006	2.57428e-006	2.45037e-005	0.000318512	7.15437e-005	0.00024479	4.55797e-005	1.68336e-006	0.000127032	0.000575727	0.00181396	0.000299118	0.00696514	0.0777419	0.0289414	0.0407639	0.0132886	0.000702528	0.0166512	0.0023007	0.000804698	0.000402278	0.000969487	0.000190275	0.00209774	9.42957e-005	
0	0	0	2.54585e-008	4.88687e-010	6.93618e-008	2.61161e-007	3.89276e-006	2.01658e-006	1.67464e-007	1.17831e-008	6.5965e-008	1.60037e-005	1.42661e-005	1.53908e-005	3.51742e-005	0.000194158	0.00625016	0.000375168	6.83031e-006	0.000685927	9.78647e-005	4.34498e-005	2.21539e-006	1.84445e-005	1.82853e-005	2.3466e-006	3.64966e-005	
0	0	0	1.08983e-015	1.30341e-015	1.04533e-013	1.22935e-013	1.54888e-014	2.44303e-010	3.18641e-014	1.91718e-016	2.58167e-014	4.62659e-013	8.83199e-014	4.44335e-014	7.38965e-012	7.79459e-012	2.93258e-008	2.01002e-009	3.27331e-012	4.7323e-010	5.13509e-011	2.09142e-010	1.35197e-012	7.2147e-014	7.35965e-012	1.95728e-012	1.64698e-014	
0	0	0	0	7.02083e-009	4.54306e-009	2.11536e-008	8.77045e-008	2.61238e-006	4.00643e-006	2.55421e-006	1.7422e-006	2.751e-006	2.85533e-006	1.53422e-006	1.83908e-006	1.03833e-006	0.000133832	0.00485705	0.000793144	0.00203353	0.000612038	0.000577031	8.40446e-005	2.39945e-005	1.27505e-005	1.58167e-005	2.21599e-005	


1	0.210971	0.0386479	0.0059773	0.00227572	0.00246189	0.00051879	8.09745e-005	1.05149e-005	2.73027e-005	5.31865e-006	2.64281e-006	8.28117e-007	2.79069e-006	3.84038e-007	5.92796e-007	3.15273e-007	2.67325e-008	1.50147e-008	3.99235e-009	5.99112e-010	9.76547e-011	8.34572e-012	3.1886e-012	4.06467e-013	1.92531e-013	2.00644e-014	3.06284e-015	
0	0.434927	0.0455449	0.00302975	0.00113968	0.00096636	0.000250378	0.000104582	7.28016e-006	0.000319745	5.32896e-005	7.3254e-006	6.45641e-006	4.1478e-005	9.97073e-005	5.3867e-005	4.24576e-005	1.9249e-005	8.85302e-006	9.42729e-006	3.68462e-006	8.70885e-007	3.55615e-007	7.67332e-008	8.14695e-009	2.11912e-009	2.315e-010	1.31885e-011	
0	0.354101	0.817457	0.947514	0.831332	0.525767	0.657056	0.768881	0.957403	0.165407	0.275499	0.195675	0.473593	0.00393204	8.58261e-006	7.44377e-006	2.10062e-007	1.69587e-008	1.94631e-007	2.43265e-009	7.68861e-010	2.05256e-008	3.94791e-010	7.45089e-009	1.24991e-009	1.90561e-011	1.08547e-009	1.02192e-009	
0	0	0.0980941	0.0107661	0.126044	0.418642	0.0619456	0.0566959	0.00202001	0.297959	0.00421945	0.000575228	0.103087	0.0624446	0.0044139	0.000434368	1.55211e-005	4.12685e-007	3.46271e-008	2.59416e-008	5.4606e-009	9.49905e-011	1.61918e-010	5.30061e-010	2.72686e-009	1.51111e-011	5.77656e-012	3.16703e-011	
0	0	0.000255643	0.0327123	0.0391616	0.0206164	0.279281	0.137954	0.0397001	0.0715939	0.703338	0.80029	0.343518	0.0624731	0.00396186	0.000733318	0.000218838	3.22646e-006	5.36306e-007	7.84796e-008	7.83008e-009	8.67008e-010	1.22159e-010	2.4375e-011	8.29486e-012	1.93707e-011	3.29772e-010	2.23102e-010	
0	0	0	1.58503e-007	4.66396e-005	0.0315236	0.000261642	0.0354546	0.000255176	0.458726	0.000142399	0.000313108	0.0680618	0.684413	0.578186	0.473841	0.115101	0.179176	0.0572354	0.00319625	0.00224761	2.34729e-005	1.13427e-006	1.89089e-007	5.8896e-008	1.59885e-007	2.73637e-010	7.86231e-012	
0	0	0	7.45139e-009	6.10452e-007	1.96336e-005	3.38124e-006	1.58951e-005	4.90802e-005	0.000366101	0.000186445	9.37199e-006	0.000110218	0.000678325	0.00653226	0.00371472	0.00173518	0.00100415	0.000588557	0.00106506	0.000134862	5.83601e-005	4.20412e-006	1.76629e-007	7.94865e-010	6.93973e-010	1.53191e-009	1.09075e-012	
0	0	0	0	2.95062e-009	2.61282e-006	0.000683198	0.000812842	0.000555155	0.00560097	0.0165557	0.00312733	0.0116224	0.186015	0.406797	0.521215	0.882886	0.819797	0.942166	0.995729	0.997614	0.999917	0.999994	1	1	1	1	1	


1	0.330861	0.0293035	0.0273607	0.00771421	0.000373917	9.58965e-005	2.72714e-005	2.33337e-005	5.23275e-006	6.1993e-006	1.74109e-005	5.22808e-006	8.76711e-009	5.09471e-012	2.93337e-013	1.66553e-016	5.66089e-019	1.36631e-019	7.34556e-021	6.52079e-023	5.12658e-024	1.09751e-025	1.01279e-026	2.66473e-028	1.56515e-029	3.0406e-029	1.43888e-029	
0	0.657528	0.954708	0.438479	0.12699	0.185842	0.0139111	0.0130787	0.09806	0.0312621	0.0061535	0.00124252	0.00257553	3.35301e-008	5.30466e-013	1.31082e-015	1.43963e-018	1.77547e-020	2.38342e-022	7.65914e-024	1.17523e-025	2.69788e-026	3.79588e-028	1.08986e-028	8.99532e-030	1.43798e-030	1.17636e-030	6.3297e-030	
0	0.0116106	0.0155015	0.480491	0.851473	0.8125	0.981756	0.0832519	0.343484	0.0135355	0.000746325	0.000108773	0.000475882	7.43138e-009	3.10983e-013	1.43691e-015	2.11664e-020	8.74855e-021	1.83006e-023	2.47079e-024	1.02319e-026	1.88168e-027	1.38402e-029	3.35159e-029	5.92499e-032	9.39682e-033	6.6604e-031	9.23591e-032	
0	0	0.000484744	0.0536009	0.00661343	0.000473366	0.0033899	0.902831	0.532222	0.922726	0.0270429	0.00194425	4.69838e-005	7.10757e-010	5.25411e-015	1.87291e-017	3.88872e-022	1.17624e-024	9.66739e-023	1.06052e-026	7.95142e-028	4.05331e-029	2.12259e-030	5.08408e-032	3.75556e-034	5.87212e-033	3.01373e-032	2.7391e-031	
0	0	2.19818e-006	6.86326e-005	0.00720589	0.000791176	0.000844912	0.000809647	0.0262067	0.0321129	0.966002	0.996374	0.0460396	0.00010617	8.14068e-008	1.40845e-010	2.42932e-013	3.46554e-017	3.04583e-019	1.84374e-020	1.59469e-023	4.6508e-025	3.30526e-027	4.57256e-029	3.52532e-031	3.27257e-033	4.49373e-033	2.14122e-032	
0	0	0	2.40484e-010	4.23648e-006	1.91877e-005	1.77131e-006	1.30098e-006	4.06464e-006	0.000347839	3.93103e-005	0.000230239	0.950515	0.98361	0.980119	0.649418	0.990539	0.86574	0.0851873	0.219908	0.0200989	0.000166728	4.28338e-005	1.43142e-006	1.22609e-007	4.48813e-010	2.14906e-012	1.00706e-015	
0	0	0	3.85099e-011	9.75898e-011	2.45141e-007	2.73602e-009	1.84868e-007	2.0162e-008	1.05813e-005	1.50584e-006	7.67708e-005	0.000289847	0.0160653	0.0194818	0.340412	0.00925699	0.133008	0.885024	0.731084	0.972919	0.879906	0.960389	0.878299	0.961752	0.929045	0.0492287	0.000232828	
0	0	0	0	3.39414e-012	2.62212e-008	4.29827e-008	6.57451e-008	7.72035e-008	1.81746e-007	7.92693e-006	5.80553e-006	5.21563e-005	0.000218472	0.000399376	0.0101706	0.000203897	0.00125177	0.0297886	0.049008	0.00698229	0.119927	0.0395677	0.1217	0.0382479	0.0709554	0.950771	0.999767	


1	0.89515	0.823277	0.673201	0.777295	0.963155	0.972284	0.926119	0.830839	0.944896	0.977402	0.948727	0.844008	0.0805878	0.00526286	0.000278476	3.74253e-005	3.14677e-006	2.18792e-007	3.75854e-008	3.08821e-009	2.99172e-009	5.76629e-010	1.764e-010	4.77428e-011	1.47336e-011	2.73913e-011	3.44432e-010	
0	0.0925895	0.0142202	0.00495708	0.0216123	0.0276412	0.0130976	0.0712447	0.00297655	0.0420919	0.00368512	0.00733584	0.152424	0.91894	0.99469	0.999422	0.999897	0.999911	0.998839	0.999441	0.999878	0.970686	0.997167	0.998417	0.998937	0.997979	0.0742568	0.221151	
0	0.0122606	0.162381	0.298627	0.00139842	2.5479e-005	0.000462791	0.00222874	0.165711	0.00704356	0.0135598	0.0160534	0.000601416	6.9834e-007	1.79983e-005	0.000258761	4.38319e-005	7.98142e-005	0.00114689	0.000446361	0.000104134	0.0292706	0.00134758	0.00129337	0.00103364	0.00199915	0.925237	0.337094	
0	0	6.74311e-005	0.00652201	0.101618	0.00310179	0.00136072	4.91999e-005	7.77298e-005	0.00545821	0.00195615	0.0076752	0.00184289	0.000194128	2.82256e-006	2.92676e-007	2.62521e-006	3.48041e-007	4.21807e-006	2.30016e-005	1.20517e-005	2.58291e-005	0.00133075	0.000186251	2.14003e-006	1.80844e-005	0.000100355	0.417594	
0	0	5.4905e-005	0.0166924	0.0979318	0.0015928	0.0090268	7.30285e-005	0.000192211	0.000485501	0.00337764	0.0201231	0.00085633	8.09717e-006	3.21359e-007	7.5651e-008	2.90342e-007	7.44444e-009	1.12755e-007	5.6564e-005	1.53632e-007	5.50908e-006	0.000146409	5.00485e-005	1.09488e-006	2.04733e-007	0.000403007	0.0241006	
0	0	0	3.78918e-008	7.58524e-005	0.00446959	3.36635e-005	0.000218504	2.2212e-007	1.39464e-005	2.57007e-007	3.55227e-006	0.000254035	0.000261619	2.04318e-005	1.15367e-006	5.04116e-008	2.18253e-008	1.03048e-008	2.96723e-009	1.90994e-006	3.07915e-008	4.72092e-008	6.98568e-006	4.56071e-006	2.16238e-006	3.66553e-009	5.88519e-005	
0	0	0	2.16326e-007	6.80872e-005	9.62554e-006	0.00293301	2.93854e-005	0.00019971	9.11798e-006	1.80596e-005	7.74963e-005	8.98832e-006	1.96144e-007	2.34168e-007	1.09429e-007	2.81456e-009	3.70167e-011	7.62732e-011	7.34301e-010	4.12585e-010	2.61874e-007	1.91814e-008	3.65175e-008	1.79006e-008	5.2027e-009	1.95936e-006	9.54736e-007	
0	0	0	0	2.82832e-007	4.07644e-006	0.000801124	3.71736e-005	4.39628e-006	1.50368e-006	9.4791e-007	4.71293e-006	4.048e-006	7.06314e-006	4.97689e-006	3.89413e-005	1.87016e-005	5.47031e-006	9.62992e-006	3.30434e-005	3.89343e-006	1.19589e-005	8.56186e-006	4.67046e-005	2.2028e-005	1.54164e-006	1.3373e-006	1.2607e-006	


1	0.947427	0.811056	0.657596	0.990991	0.946219	0.983611	0.598332	0.83993	0.584392	0.938893	0.992509	0.912819	0.958002	0.800937	0.986685	0.984456	0.494687	0.933383	0.92678	0.461203	0.173735	0.0971464	0.178004	0.671961	0.676241	0.49617	0.542367	
0	0.0525717	0.188883	0.342354	0.00890371	0.0537718	0.0163807	0.401664	0.156196	0.415568	0.0596618	0.00744955	0.0871629	0.04199	0.199061	0.0133135	0.0155285	0.505311	0.0665153	0.0731275	0.538788	0.819724	0.898534	0.8218	0.326924	0.322826	0.502812	0.455745	
0	1.28891e-006	6.10207e-005	4.96736e-005	0.000104065	9.57463e-006	7.30672e-006	3.60891e-006	0.00387401	3.88057e-005	0.00144286	3.88831e-005	1.79697e-005	6.38553e-006	1.27648e-006	1.24628e-006	1.4782e-005	1.16149e-006	8.79901e-005	8.86048e-005	5.36594e-006	0.00653691	0.00430719	0.000108252	2.57249e-005	3.18023e-005	8.55065e-005	0.000225951	
0	0	2.95502e-009	6.28213e-008	1.48549e-006	1.58887e-008	4.98374e-007	1.39194e-008	1.02377e-007	7.18884e-007	2.1341e-006	2.64603e-006	2.02242e-008	1.21074e-006	1.22431e-007	4.17333e-007	1.35472e-007	6.69516e-009	1.15814e-005	1.88111e-007	4.90702e-008	1.49553e-007	1.65736e-006	9.39218e-006	2.7548e-006	1.26194e-007	1.95569e-007	8.29855e-007	
0	0	6.17845e-015	1.67912e-012	1.22908e-010	2.45669e-008	2.78141e-010	8.7658e-009	1.07964e-010	3.56931e-009	5.35577e-010	1.96379e-009	2.03028e-008	2.85018e-008	2.52045e-007	5.76806e-008	9.37287e-008	8.68423e-008	4.10413e-008	2.86424e-007	9.76615e-008	4.73839e-010	5.7238e-009	3.01754e-008	1.7458e-005	1.02475e-006	3.70372e-009	7.07036e-010	
0	0	0	3.69662e-015	6.70768e-014	4.57718e-013	2.18963e-011	1.7331e-013	1.90973e-012	6.02054e-013	6.31285e-012	6.64328e-012	1.6461e-012	2.21018e-011	3.97914e-011	7.80018e-011	3.56234e-011	1.15403e-011	1.0335e-010	1.93161e-010	5.94037e-011	1.89572e-012	5.71339e-014	1.60168e-012	3.38272e-011	2.47875e-009	5.29687e-010	4.56624e-013	
0	0	0	1.75696e-018	7.93045e-014	1.78323e-014	1.40928e-009	8.20543e-014	3.07852e-012	4.06328e-015	3.5629e-011	6.75648e-012	4.01947e-012	1.25343e-009	7.34686e-009	7.91557e-008	1.16349e-007	2.30353e-008	2.76665e-008	5.39212e-007	2.23603e-008	7.19092e-009	3.62352e-009	3.54403e-009	9.41583e-010	4.40994e-010	4.93731e-008	8.87781e-011	
0	0	0	0	3.36405e-018	2.36824e-014	5.48377e-014	2.36558e-010	1.44528e-010	5.10372e-011	7.44341e-011	1.13058e-010	2.90606e-010	8.99862e-010	1.96214e-009	9.49505e-009	1.58614e-007	3.26977e-007	1.95993e-006	2.64589e-006	4.17374e-006	3.78221e-006	1.05088e-005	7.77881e-005	0.00106894	0.000900604	0.000932182	0.00166056	


1	0.968906	0.932218	0.426707	0.132594	0.0256492	0.00860191	0.0630802	0.0546418	0.190479	0.329709	0.580347	0.446006	0.674653	0.433912	0.470701	0.841365	0.450695	0.873268	0.576184	0.786453	0.699339	0.907998	0.571414	0.932909	0.940303	0.502952	0.767599	
0	0.0267224	0.0418484	0.435729	0.867043	0.972867	0.991254	0.859278	0.602906	0.775771	0.648656	0.407673	0.553873	0.325243	0.566061	0.529265	0.158626	0.548891	0.125475	0.423809	0.179519	0.296523	0.0907104	0.428434	0.0669451	0.0511371	0.494274	0.221553	
0	0.00437205	0.0259335	0.137564	0.000346222	0.00148413	0.000143764	0.0776417	0.342442	0.0336776	0.0216285	0.011979	0.000104089	0.000104194	2.69255e-005	3.41319e-005	8.83438e-006	0.000413085	0.00125747	7.05447e-006	0.0340281	0.00413529	0.00129144	0.00015164	0.000145468	0.0085597	0.00277398	0.0108468	
0	0	1.78849e-007	1.76602e-007	1.63897e-005	1.86658e-009	1.83812e-008	3.66289e-009	9.8639e-006	5.86704e-005	6.18034e-006	1.01393e-006	1.35897e-005	4.45464e-010	6.952e-010	2.47505e-011	3.82443e-011	2.69566e-012	1.19448e-009	6.69219e-009	3.14748e-012	3.0613e-006	1.80717e-007	3.01409e-009	5.266e-010	4.34405e-010	5.69744e-008	1.41242e-006	
0	0	1.66837e-008	2.77538e-008	7.33786e-007	6.61802e-009	4.17651e-008	1.18127e-007	6.02517e-007	1.36913e-005	1.52174e-008	3.23575e-008	2.64056e-006	2.70081e-010	4.89162e-011	4.23953e-011	7.44365e-011	1.34957e-011	6.40586e-010	3.00013e-011	3.01354e-013	3.44182e-010	4.36979e-011	1.02602e-009	2.47424e-010	6.48621e-011	3.589e-008	4.81671e-008	
0	0	0	4.75542e-012	1.57266e-012	3.73912e-009	9.07348e-013	3.64441e-010	5.85898e-011	2.47196e-008	4.1884e-011	1.77862e-013	7.74713e-012	4.94576e-008	3.68767e-010	2.35949e-013	2.10364e-014	1.15718e-012	1.653e-015	1.66456e-013	1.29754e-013	6.36059e-019	3.85318e-014	8.64989e-016	5.88362e-012	2.22744e-013	8.91346e-017	1.90852e-012	
0	0	0	1.39164e-018	1.67827e-015	1.15883e-016	1.6452e-012	4.45436e-015	1.74214e-013	3.9796e-014	3.83731e-011	2.91228e-013	2.25272e-016	3.91621e-015	9.03199e-011	2.9202e-012	5.26418e-015	1.29821e-017	3.81363e-015	2.66328e-018	1.6939e-016	1.69179e-017	1.74366e-020	1.12796e-017	5.23602e-019	1.07591e-015	8.68621e-016	1.05661e-018	
0	0	0	0	4.1921e-014	2.22335e-015	4.37588e-011	5.90001e-011	4.51098e-011	1.87509e-011	7.55405e-010	2.80055e-009	1.07711e-009	1.74485e-010	1.00268e-010	4.92708e-011	6.60004e-012	4.77376e-013	6.47478e-013	4.56447e-014	1.59434e-014	5.12443e-015	2.42507e-015	1.43042e-015	4.83167e-016	5.73453e-015	3.26813e-014	6.25226e-014	


1	0.86756	0.394715	0.100909	0.0399428	0.0255074	0.0312849	0.0326766	0.00830952	0.00337549	0.000777376	0.000104039	0.000231096	7.87241e-005	6.58448e-005	6.29306e-005	3.54083e-005	0.00229817	0.323804	0.212809	0.213625	0.091214	0.0925693	0.503358	0.833294	0.433019	0.89545	0.66805	
0	0.130376	0.598668	0.88794	0.949204	0.822029	0.959474	0.955395	0.988572	0.587968	0.935925	0.980663	0.984982	0.0122538	0.000339478	3.24337e-005	3.26139e-006	6.44542e-006	0.00727999	0.00474265	0.00183102	0.00159156	0.00168406	0.00326508	0.0170826	0.0256936	0.0924088	0.290213	
0	0.00206406	0.00660364	0.0111317	0.0108368	0.152444	0.0089678	0.0117604	0.00301596	0.408557	0.0629959	0.0191951	0.0144614	0.986993	0.893101	0.0153397	0.0149083	0.108993	0.0648408	0.769034	0.752075	0.859947	0.88839	0.458625	0.149043	0.521293	0.0111059	0.041648	
0	0	1.35585e-008	1.95626e-007	1.51048e-005	1.1723e-005	0.000264922	3.62189e-008	6.39565e-007	3.20368e-008	5.81438e-005	1.28576e-005	0.000258495	0.000659309	0.105464	0.984252	0.984935	0.764228	0.158986	0.00936591	0.000308709	0.000117473	9.90898e-005	0.0207916	0.000365016	3.5617e-005	0.000342508	7.72684e-008	
0	0	1.28629e-005	1.88453e-005	6.58152e-007	6.9545e-006	8.51724e-006	0.000167544	0.000101888	0.000100089	0.000242261	2.47126e-005	6.67579e-005	1.52277e-005	0.00102964	0.000297573	0.000116051	0.124471	0.402047	0.00054746	0.0312457	0.0469631	0.0172014	0.0138917	0.000113475	0.0199571	0.000660885	8.54892e-005	
0	0	0	5.75474e-009	1.41125e-007	6.31243e-011	2.09242e-008	3.9974e-009	8.91552e-009	8.9678e-010	1.52795e-006	5.76579e-007	4.28945e-007	1.4535e-007	2.8882e-008	1.54917e-005	1.45448e-006	1.64551e-007	0.0429996	0.000311427	3.46654e-008	4.82307e-006	4.09609e-006	2.72898e-005	9.61938e-005	9.22309e-009	3.13179e-005	3.12443e-006	
0	0	0	6.22339e-041	6.82233e-015	6.89734e-014	1.85902e-016	1.32912e-014	3.48207e-015	3.18985e-014	8.94382e-016	3.52396e-012	7.08771e-013	1.25114e-013	6.32595e-014	3.0048e-014	3.2051e-012	2.09058e-011	8.44862e-011	4.87458e-008	3.63015e-010	2.5603e-014	3.90264e-012	3.47052e-011	7.79138e-012	1.66398e-010	1.58611e-014	2.16575e-011	
0	0	0	0	1.25002e-010	2.3754e-009	1.20203e-009	1.86983e-010	7.31351e-011	1.62019e-010	3.53839e-011	1.99571e-008	2.5159e-008	9.66433e-009	4.27583e-009	9.77126e-010	1.25773e-007	3.53937e-006	4.31892e-005	0.0031899	0.000914509	0.00016254	5.23693e-005	4.12184e-005	5.61472e-006	1.61086e-006	5.40762e-007	3.5786e-007	


1	0.103533	0.0153225	0.00518029	0.0119045	0.000511924	0.00357568	0.000210047	0.000522614	2.68514e-005	0.000225534	0.00163412	0.000159486	4.6256e-005	1.05149e-005	1.85824e-005	8.15712e-006	5.61772e-006	1.01893e-005	5.3827e-006	2.23791e-006	3.63452e-007	1.83065e-007	2.95215e-008	1.78234e-009	6.03134e-011	2.70577e-011	3.43055e-013	
0	0.000110566	8.12089e-006	0.000104893	4.97354e-006	1.12782e-008	5.40031e-007	1.2035e-006	5.16874e-007	1.12011e-008	2.69749e-007	2.62571e-006	4.63408e-009	7.6267e-010	1.93822e-010	8.32744e-009	5.21862e-011	1.9355e-010	1.13828e-007	5.20725e-011	1.56439e-008	4.84338e-011	3.26111e-011	9.58438e-012	2.59832e-013	1.78642e-013	4.57876e-013	1.99145e-015	
0	0.896356	0.941091	0.990607	0.986944	0.976279	0.995112	0.995251	0.974604	0.9959	0.899827	0.756853	0.524604	0.18284	0.0460232	0.0287392	0.00172811	0.00163119	0.00070777	5.43044e-005	3.42414e-005	6.14555e-006	1.78249e-006	9.63187e-007	3.52113e-007	1.66446e-007	1.09277e-008	3.20701e-009	
0	0	0.043578	0.00386601	0.00102259	0.0231577	0.000907521	0.00444685	0.0246113	0.00315374	0.0797066	0.0205339	0.00100244	9.63087e-005	1.78592e-005	2.31283e-005	1.90048e-005	6.69218e-007	6.64341e-007	7.83634e-008	1.33173e-008	1.2302e-008	8.76215e-010	3.84296e-010	4.14125e-009	1.40648e-009	2.82592e-011	8.41789e-012	
0	0	2.73285e-007	0.000241376	1.38565e-005	2.74817e-006	0.000215648	3.25677e-006	3.07919e-005	0.00013588	9.81335e-006	0.0009104	3.16783e-005	1.51982e-006	5.2571e-007	1.8497e-007	1.46999e-008	1.29095e-007	3.47449e-009	3.36403e-010	4.82677e-010	5.8398e-012	6.61211e-012	2.49015e-012	2.08846e-013	5.56475e-012	3.79394e-012	6.22457e-015	
0	0	0	8.57712e-009	0.000109766	1.9845e-006	3.4019e-006	8.27918e-008	1.20266e-007	2.84674e-008	0.000448359	0.00131984	5.58138e-005	5.48028e-006	2.24031e-007	1.99369e-007	1.95653e-008	3.21471e-010	7.51731e-009	3.1249e-009	7.75779e-011	4.23085e-011	2.42079e-012	7.80144e-013	2.19141e-014	3.92274e-016	3.39454e-013	1.80555e-014	
0	0	0	1.54744e-012	2.44095e-008	4.64565e-005	0.000144435	3.53308e-006	9.30861e-006	1.55255e-007	7.43728e-006	0.00371066	0.00576079	0.000349157	1.96926e-005	1.75988e-005	1.52407e-005	1.43911e-006	3.46758e-007	2.64392e-008	1.60943e-009	1.03387e-009	4.07697e-010	5.54445e-010	2.19062e-010	2.79891e-011	3.25507e-011	6.51729e-012	
0	0	0	0	3.5706e-012	2.81842e-008	4.05909e-005	8.40009e-005	0.000221596	0.000783352	0.0197745	0.215036	0.468386	0.816661	0.953928	0.971201	0.998229	0.998361	0.999281	0.99994	0.999963	0.999993	0.999998	0.999999	1	1	1	1	


1	0.997434	0.99967	0.995065	0.32363	0.960733	0.627417	0.997894	0.997662	0.987927	0.772689	0.225157	0.835779	0.0899841	0.0681036	0.0401717	0.0245651	0.370718	0.644807	0.123261	0.849028	0.980768	0.976832	0.987394	0.96748	0.997626	0.998717	0.991676	
0	0.00173625	0.000140578	0.00479821	0.675063	0.0141946	0.371225	0.000559469	0.00150779	0.0117024	0.225686	0.773464	0.0113692	0.86176	0.266961	0.130696	0.119927	0.00696695	0.319085	0.870905	0.131679	0.016849	0.0218044	0.0103939	0.0253363	0.00216408	0.00116141	0.00822403	
0	0.000829977	0.000111833	6.20034e-005	0.00130443	0.0180104	0.000997862	5.67874e-005	7.77941e-005	8.49443e-005	0.00155169	0.00120084	0.0661607	0.048225	0.664605	0.82249	0.852148	0.6016	0.0305143	0.00581139	0.0178023	0.00174359	0.00130237	0.00214871	0.00715204	0.000188026	8.50463e-005	8.83769e-005	
0	0	3.30737e-005	1.06893e-006	1.43955e-006	0.00705074	0.000288033	0.00138607	0.000122981	1.59461e-006	4.48862e-005	0.000176154	0.0865944	2.45941e-005	0.000325493	0.0066212	0.00335013	0.0137677	0.0050444	1.95015e-005	0.00144887	0.000243684	2.40476e-005	6.23118e-005	3.13272e-005	1.4606e-005	3.49402e-005	5.19195e-006	
0	0	4.49026e-005	7.36721e-005	1.11329e-006	1.08334e-005	7.24575e-005	0.000102154	0.000629489	0.000279645	2.84176e-005	1.57093e-006	9.62121e-005	6.12452e-006	5.02076e-006	2.13358e-005	9.62111e-006	0.00694731	0.000548572	3.265e-006	4.15138e-005	0.000395806	3.67788e-005	6.34189e-007	1.57073e-007	6.9026e-006	1.75483e-006	6.60502e-006	
0	0	0	3.9248e-009	1.48634e-008	8.47964e-009	2.29787e-009	1.11549e-006	1.19361e-007	4.72398e-006	3.27641e-008	6.01273e-010	3.32875e-007	1.20305e-009	1.78746e-010	8.35727e-012	4.25505e-010	5.37709e-009	4.93509e-007	3.38092e-010	9.61536e-011	1.1044e-009	5.79898e-009	1.19278e-009	9.52525e-011	8.60943e-012	2.15812e-010	2.41448e-008	
0	0	0	5.81496e-012	7.07305e-011	5.22698e-010	9.02802e-011	5.87193e-012	6.83872e-010	5.18739e-010	9.14831e-010	1.64171e-011	4.28736e-012	4.16934e-010	2.67117e-011	7.11397e-011	2.30195e-011	2.1864e-010	2.78576e-008	8.15451e-010	2.73241e-011	6.32447e-013	2.87722e-011	1.30743e-011	5.06925e-012	8.12952e-014	1.98829e-013	4.3337e-014	
0	0	0	0	1.28767e-013	3.72273e-013	4.46728e-011	5.82856e-013	8.92539e-014	1.27003e-012	1.43705e-010	1.09187e-010	1.04423e-010	1.50948e-012	9.48129e-012	9.18819e-012	3.25792e-012	1.88482e-012	7.36478e-011	1.44431e-009	6.64321e-010	1.17442e-009	1.63762e-009	8.3543e-010	8.09041e-011	6.82318e-013	1.01535e-012	1.73909e-013	


1	0.9988	0.990973	0.999767	0.999636	0.997549	0.999448	0.938542	0.976331	0.995993	0.992715	0.999242	0.988479	0.999656	0.999876	0.998445	0.992415	0.999414	0.991632	0.999707	0.999722	0.96652	0.993186	0.997066	0.999074	0.993952	0.993298	0.994276	
0	0.00110983	0.0089054	0.000226444	0.000351467	0.00244439	0.00049953	0.0604248	0.0225207	0.00277969	0.00720186	0.000703724	0.0113315	2.49756e-005	6.32286e-005	0.00154	0.0071772	0.000568537	0.00825611	0.000270492	0.000273587	0.0334784	0.00676387	0.00292898	0.000696779	0.00602999	0.00667291	0.00557759	
0	9.04458e-005	0.000121363	6.93144e-006	1.26199e-005	6.82849e-006	5.21869e-005	0.00103343	0.00114735	0.00122685	7.38316e-005	5.30501e-005	0.000189825	0.000208236	1.25444e-005	7.34573e-006	0.000398436	1.6133e-005	0.000111667	1.90961e-005	4.11385e-006	1.19377e-006	4.95664e-005	4.77838e-006	0.000228145	1.79894e-005	2.95229e-005	0.000146148	
0	0	2.53086e-007	3.66794e-008	5.79407e-008	6.24038e-008	6.39609e-008	5.09916e-009	7.49017e-007	7.49737e-007	9.64778e-006	7.36398e-007	1.28352e-007	0.000110854	4.85414e-005	7.46443e-006	9.00001e-006	1.51004e-006	2.10539e-007	3.54221e-006	7.87221e-008	4.10818e-010	9.60933e-008	3.55759e-008	7.94689e-007	1.40517e-007	3.77759e-009	7.76929e-009	
0	0	3.20705e-014	7.9543e-012	1.33912e-012	3.46687e-011	2.92152e-011	2.35044e-011	5.57216e-013	1.48661e-010	1.36264e-011	1.03058e-009	2.29681e-009	1.35265e-011	1.11619e-007	9.97277e-008	5.49602e-009	1.34234e-008	2.00983e-010	1.3156e-011	6.31073e-010	3.62909e-012	7.41675e-014	7.15409e-011	1.32314e-011	1.28883e-010	5.28133e-011	2.22684e-013	
0	0	0	5.76127e-010	3.24504e-010	6.29455e-013	8.63963e-010	7.58164e-012	4.52042e-011	5.9274e-011	7.7659e-009	3.18596e-008	5.03413e-010	1.17951e-011	1.68065e-008	1.07453e-007	5.46428e-009	5.16223e-010	9.09647e-009	7.86261e-010	3.35359e-010	1.03848e-010	1.42676e-012	3.20886e-011	5.21208e-013	8.6289e-012	1.47274e-008	3.10339e-011	
0	0	0	1.57679e-021	1.99246e-010	1.22707e-012	2.09178e-012	4.94798e-013	5.80172e-013	1.97567e-014	4.1648e-010	1.81267e-008	5.03735e-009	3.64628e-009	7.04493e-010	4.73909e-009	1.7141e-007	6.02755e-009	1.20893e-008	5.57e-008	8.77449e-009	4.88254e-008	3.11777e-007	1.36382e-007	2.1299e-008	9.0597e-011	2.97011e-010	4.98212e-010	
0	0	0	0	1.21695e-011	3.17726e-011	6.21146e-011	5.36116e-011	6.94552e-011	1.34649e-011	3.85322e-011	9.83483e-010	5.88127e-009	2.83273e-009	6.93038e-010	8.29469e-010	8.98298e-009	1.16405e-008	2.13561e-008	5.51979e-009	5.60252e-009	1.87701e-009	1.07288e-008	3.24482e-008	8.05029e-008	1.91575e-008	2.69526e-008	2.68224e-008	


1	0.278792	0.0451973	0.0752564	0.754977	0.13172	0.597145	0.0239666	0.0671077	0.00611223	0.0294351	0.0797405	0.00447185	0.00286205	0.000367606	0.000403576	4.33331e-005	1.05618e-005	2.32382e-005	3.83316e-005	6.08507e-006	1.39504e-005	9.14314e-006	1.17023e-005	4.51329e-006	6.97565e-007	3.97187e-007	8.338e-008	
0	0.0694265	0.210025	0.150624	0.159036	0.134885	0.253689	0.177244	0.200663	0.157248	0.944004	0.911958	0.963204	0.993554	0.989983	0.987284	0.999379	0.709195	0.831949	0.991619	0.942079	0.91795	0.941441	0.790033	0.953728	0.603363	0.9389	0.764064	
0	0.651781	0.736861	0.767984	0.0805662	0.733235	0.130394	0.771778	0.552297	0.62828	0.0118702	0.00669633	0.0319969	0.00346126	0.00960212	0.0120199	0.000386002	0.290482	0.0381488	0.000719106	0.0563996	0.0527107	0.0155533	0.202078	0.0452494	0.388564	0.0448016	0.233486	
0	0	0.00791616	0.00612738	0.00538148	0.000153828	0.0187696	0.0269885	0.179729	0.202962	0.0138187	0.000536903	0.000141849	8.96086e-005	4.27839e-005	0.000290797	0.000190262	0.000305067	0.129863	0.00212752	0.0010426	0.0285644	0.0404136	0.00713062	0.000752036	0.00805246	0.0162459	0.00242871	
0	0	2.50027e-007	8.39754e-006	3.81196e-005	5.60205e-006	1.97735e-006	2.26057e-005	0.000198935	0.00537331	0.00013539	2.43918e-006	6.85413e-007	7.97123e-006	2.07337e-006	4.35819e-008	2.74207e-007	7.62277e-006	7.42735e-006	0.00543794	0.000107619	8.49262e-005	0.00215433	0.000299867	1.73649e-005	2.16873e-006	6.31053e-007	8.93096e-006	
0	0	0	1.83479e-007	7.50777e-007	1.46285e-007	2.62536e-007	4.81798e-007	4.55163e-006	2.48804e-005	0.000355452	3.36168e-005	4.44347e-007	5.63695e-008	6.92395e-008	6.89323e-008	2.60965e-008	2.18515e-008	2.14105e-006	5.54191e-005	9.68239e-005	4.54473e-005	3.66417e-005	9.97134e-005	1.51252e-005	1.80795e-006	8.86371e-007	7.03071e-007	
0	0	0	7.06087e-010	1.832e-009	1.44293e-010	2.95049e-009	1.1774e-009	1.0234e-008	1.19051e-007	0.000355738	2.10724e-005	5.4619e-009	6.60061e-009	3.80784e-008	3.92846e-008	3.24331e-010	4.0276e-010	6.31478e-006	1.49918e-006	0.000267976	0.000578869	0.000256858	0.000199821	8.74944e-005	9.73997e-006	1.41136e-006	4.97374e-008	
0	0	0	0	1.71383e-008	1.83106e-009	6.29732e-008	1.58374e-009	2.21947e-008	6.24834e-009	2.55235e-005	0.00101122	0.000184525	2.46381e-005	2.40337e-006	1.92112e-006	9.84785e-007	6.46884e-008	1.27332e-007	1.62262e-006	2.99863e-007	5.12897e-005	0.000135116	0.000146825	0.000145786	6.07411e-006	4.88055e-005	1.19144e-005	


1	0.875211	0.624842	0.72951	0.816459	0.821544	0.511173	0.26289	0.660928	0.597603	0.659024	0.309182	0.710754	0.0202071	0.00122797	0.000210848	2.80386e-006	1.88614e-006	5.04231e-008	2.85231e-010	2.15056e-011	1.28106e-012	9.96297e-015	3.5021e-015	2.79741e-015	1.5995e-015	4.95599e-015	4.28286e-015	
0	0.00248703	0.000759586	0.0128452	0.173599	0.00183819	0.483346	0.00450068	0.0147043	0.012237	0.32746	0.68803	0.0633045	0.976093	0.993577	0.997081	0.999568	0.761764	0.998573	0.999912	0.969909	0.991689	0.998802	0.973672	0.908371	0.120243	0.811886	0.0719606	
0	0.122302	0.371738	0.257481	0.0097896	0.17659	0.00542959	0.732461	0.315679	0.360863	0.0134032	0.00278514	0.225842	0.00196904	0.00514557	0.00270393	0.000419861	0.238215	0.000970779	8.78953e-005	0.0300904	0.0083091	0.00119478	0.0263278	0.0894188	0.877812	0.187573	0.927524	
0	0	0.00266025	0.000163494	0.000152799	2.79608e-005	5.15431e-005	0.000148679	0.00868857	0.0292953	0.000108937	2.14018e-006	9.95159e-005	0.00173078	4.83629e-005	3.77277e-006	9.05731e-006	1.85011e-005	0.000455609	1.7156e-007	3.38872e-007	2.05779e-006	2.88241e-006	6.51873e-007	0.00221064	0.00194453	0.000538325	0.000515665	
0	0	2.91594e-023	3.14773e-008	8.29373e-009	2.35785e-009	2.12187e-009	5.32482e-010	5.18919e-009	1.55202e-006	2.0744e-006	7.95184e-009	4.66563e-011	4.83461e-009	6.09846e-007	1.62314e-007	2.30145e-010	2.62109e-009	7.00457e-009	1.28963e-008	1.74503e-011	3.63071e-012	1.08003e-011	3.20184e-010	1.59346e-010	2.83196e-007	4.97223e-007	9.16271e-010	
0	0	0	7.50295e-009	2.85135e-008	2.19804e-012	1.08143e-009	7.95694e-013	1.14738e-010	2.46471e-009	2.25018e-006	5.10456e-008	3.1624e-011	2.5712e-010	1.59755e-008	1.2375e-008	1.62123e-010	8.12807e-012	1.4034e-010	2.03857e-008	1.64164e-011	3.87211e-012	2.40474e-012	8.20675e-011	1.08576e-012	1.85494e-010	2.22691e-006	1.22994e-009	
0	0	0	2.17798e-030	7.52914e-010	1.18166e-010	1.70046e-010	2.97344e-012	1.75946e-012	1.74948e-013	1.45512e-009	7.89708e-007	1.18869e-007	4.62567e-009	2.03587e-010	1.55468e-009	5.12631e-010	6.8943e-011	2.09522e-011	8.84916e-013	4.26066e-010	3.53313e-010	8.38882e-011	2.1347e-010	9.62461e-011	5.95704e-012	6.21529e-010	4.8969e-008	
0	0	0	0	4.98344e-011	8.48021e-011	1.42789e-010	1.70173e-011	4.15136e-012	1.54301e-012	9.52182e-012	4.08677e-009	9.84171e-008	1.11603e-007	1.71007e-007	3.65042e-007	2.4184e-007	8.06606e-007	2.5057e-007	4.54296e-008	1.36658e-008	2.67685e-009	3.638e-010	6.15364e-010	3.3215e-009	1.05145e-009	1.32428e-009	1.62117e-009	


1	0.898096	0.782232	0.067759	0.0772118	0.0852299	0.200637	0.142375	0.299611	0.272542	0.213595	0.149477	0.336085	0.863318	0.929895	0.926162	0.988893	0.94066	0.957184	0.934264	0.811707	0.479994	0.80786	0.616556	0.865263	0.591624	0.40015	0.11564	
0	0.0959203	0.207989	0.93192	0.919796	0.79799	0.787596	0.714875	0.577142	0.663902	0.766048	0.848007	0.397321	0.130648	0.0691977	0.0668561	0.00876769	0.0352101	0.0395766	0.0646813	0.183085	0.464593	0.175638	0.365815	0.132855	0.356923	0.585888	0.878275	
0	0.00598399	0.00967596	0.000317147	0.00233979	0.115446	0.00754989	0.120468	0.0669417	0.0282085	0.00105574	0.000297354	0.130859	0.00287292	0.000804694	0.00695219	0.00107676	0.0241072	0.00303331	0.00100519	0.00519876	0.0543907	0.015798	0.0172723	0.00161247	0.0512263	0.00196724	0.00367588	
0	0	0.000103256	3.98768e-006	0.000652618	0.00127554	0.00419975	0.0211799	0.0555722	0.0314171	0.0191969	0.00219408	0.135658	0.000327651	1.69075e-005	1.00561e-005	0.0012286	1.04339e-006	0.000194727	2.94635e-005	1.70922e-006	0.001012	0.00068415	0.000320978	0.00024624	0.000224118	0.0119506	0.00237908	
0	0	4.87544e-007	1.43629e-008	3.40796e-010	3.94916e-008	1.69523e-005	0.00110067	0.000717339	0.00361795	0.000103278	2.36331e-005	3.56126e-005	4.98236e-005	3.80868e-008	5.37958e-010	5.24238e-007	9.74048e-008	2.61147e-006	5.13258e-009	2.28408e-008	9.7177e-009	1.01831e-006	3.76702e-007	1.16591e-006	5.57653e-007	4.09468e-005	2.97329e-005	
0	0	0	3.35019e-010	1.26891e-009	5.81475e-005	5.57388e-007	2.16723e-006	1.5397e-005	0.000312352	3.17155e-007	2.10582e-007	4.03573e-005	0.00278146	7.22444e-005	1.03329e-007	7.53383e-009	1.64079e-005	2.82535e-009	9.45614e-008	7.34953e-009	4.76625e-011	2.51601e-007	8.52554e-008	1.42998e-006	1.40869e-007	1.32941e-010	5.66675e-007	
0	0	0	2.55768e-025	2.98089e-014	2.82451e-013	1.86406e-007	4.07653e-011	1.55104e-010	4.71189e-009	3.67741e-008	2.75492e-010	1.4528e-010	1.38924e-007	9.46918e-006	4.36969e-006	1.27557e-007	2.05119e-010	4.25165e-008	1.7254e-010	4.95999e-011	2.2333e-013	5.07211e-015	5.64238e-011	1.48037e-011	8.56642e-010	1.48784e-011	4.21666e-016	
0	0	0	0	1.93106e-013	1.22482e-013	1.11727e-007	3.70617e-009	1.09162e-009	1.03975e-009	4.39803e-007	7.84638e-007	1.13137e-006	2.19135e-006	4.07884e-006	1.52291e-005	3.32322e-005	5.47401e-006	8.25848e-006	2.03687e-005	7.23077e-006	1.02638e-005	1.9045e-005	3.55885e-005	2.14145e-005	2.03176e-006	2.75995e-006	2.04333e-007	


1	0.502514	0.668078	0.981263	0.996973	0.841631	0.969675	0.419804	0.786888	0.544535	0.994973	0.999088	0.710768	0.823329	0.749471	0.963879	0.974904	0.2778	0.944172	0.989048	0.74761	0.9546	0.906303	0.908775	0.938381	0.763938	0.995278	0.951744	
0	0.497408	0.270605	0.0177639	0.00284408	0.158345	0.0294423	0.579976	0.0295004	0.449759	0.000350716	0.000264412	0.2892	0.17634	0.250433	0.0358373	0.0248922	0.722185	0.0477059	0.0107091	0.252388	0.0448211	0.0936098	0.0912019	0.0614078	0.236017	0.00456206	0.048249	
0	7.75663e-005	0.0613168	0.000882675	0.000180035	2.42044e-005	0.000882853	0.00021962	0.183609	0.00567446	0.00300504	8.33957e-006	2.92937e-005	0.000331209	9.59633e-005	0.000282226	0.000196353	1.57995e-005	0.00812159	0.00017214	1.84559e-006	0.000578907	8.67474e-005	2.35025e-005	0.000211173	4.53248e-005	0.000159161	7.38212e-006	
0	0	6.41279e-007	9.0182e-005	3.06208e-006	2.49961e-007	1.17119e-007	4.96576e-008	2.86695e-006	3.18497e-005	0.00167098	0.000639254	1.93782e-006	6.56341e-008	4.60336e-007	1.41379e-006	7.88536e-006	2.14062e-008	4.00357e-007	7.12768e-005	1.84547e-007	3.90581e-009	3.41359e-007	8.79874e-008	2.04171e-007	1.85991e-007	3.90631e-007	5.85032e-008	
0	0	1.10908e-015	1.84287e-010	1.82635e-008	5.52995e-009	2.06487e-010	2.09714e-011	5.66539e-010	1.07321e-009	3.41885e-009	3.9597e-007	5.66507e-007	4.17941e-011	1.12196e-012	2.64096e-011	8.23504e-011	2.53314e-010	1.79305e-012	6.15482e-012	1.68241e-009	1.82021e-011	3.8945e-013	3.7492e-011	2.12893e-012	2.47964e-011	3.73105e-011	2.63651e-011	
0	0	0	6.3323e-015	8.54314e-013	1.22023e-013	5.52606e-011	2.09727e-014	7.45531e-016	7.76721e-013	1.21888e-012	5.74246e-012	1.39774e-011	2.04139e-008	2.01037e-009	1.97398e-011	6.94666e-014	2.23622e-014	6.04275e-012	6.39409e-013	8.009e-013	3.23629e-012	2.72154e-014	2.56649e-015	3.28208e-015	5.48656e-016	9.79027e-014	1.94895e-014	
0	0	0	2.324e-023	1.87863e-015	1.90517e-014	1.21074e-013	2.64783e-014	2.22616e-014	5.33935e-017	2.0976e-012	5.15578e-012	3.2299e-012	8.0024e-013	5.01265e-010	9.58035e-010	8.12112e-010	9.14005e-012	9.5641e-012	1.53566e-011	6.65415e-013	1.18793e-011	3.33191e-011	6.85868e-011	8.35841e-012	1.6202e-013	4.79487e-013	1.1612e-013	
0	0	0	0	3.12149e-020	2.86839e-016	6.88737e-015	2.42834e-015	3.22632e-014	4.57977e-015	5.78773e-014	1.50195e-012	6.63988e-012	4.03331e-012	1.54242e-012	9.30653e-011	4.53076e-010	5.09673e-011	1.45306e-010	1.80466e-010	3.94998e-011	9.32648e-011	1.24014e-010	1.25526e-010	2.58201e-010	1.06292e-010	3.70322e-010	7.04031e-010	


1	0.63411	0.29401	0.988538	0.999774	0.305518	0.992866	0.0950228	0.295087	0.463742	0.997944	0.999756	0.546173	0.986205	0.990922	0.996947	0.984608	0.751042	0.998302	0.999898	0.95503	0.997479	0.994942	0.975112	0.890437	0.341063	0.996774	0.786051	
0	0.365889	0.68951	0.00810968	0.000161965	0.694482	0.00679351	0.904964	0.0300543	0.519767	0.000204267	0.000234834	0.453827	0.0137695	0.0090778	0.00305285	0.0153904	0.248952	0.00165822	0.000101115	0.0449701	0.00248583	0.00505556	0.0248882	0.109542	0.658871	0.00189713	0.213947	
0	4.92484e-007	0.0164791	0.00325984	5.40094e-006	3.61218e-007	0.000338364	1.31703e-005	0.674835	0.0114843	0.00172129	3.25356e-006	6.48284e-008	2.516e-005	1.87732e-007	5.94971e-007	1.20562e-006	6.34529e-006	4.01456e-005	4.4891e-007	1.94971e-008	3.4895e-005	2.63222e-006	1.09376e-007	2.07862e-005	6.50919e-005	0.00132814	2.38371e-006	
0	0	1.53563e-008	8.11518e-005	5.66203e-005	7.54275e-008	2.58491e-006	4.11475e-009	2.32074e-005	0.00491351	9.16746e-005	4.67453e-006	4.65246e-009	4.04938e-009	1.1837e-009	1.47321e-010	1.15326e-010	7.50908e-011	6.14723e-009	4.22342e-008	2.55096e-012	1.25304e-010	3.36527e-010	8.07091e-011	2.72326e-011	5.47622e-010	1.307e-007	1.8384e-008	
0	0	5.47017e-013	1.12419e-005	2.10446e-006	6.81077e-009	5.59179e-009	3.36995e-010	4.18934e-010	9.28591e-005	3.86697e-005	1.41894e-006	1.86575e-009	4.92158e-010	6.27815e-008	4.90151e-009	1.9691e-010	3.60289e-010	1.01877e-008	7.21856e-008	1.59748e-009	1.23112e-012	5.5586e-010	5.68112e-010	7.11697e-012	2.21131e-010	1.65824e-007	1.28933e-008	
0	0	0	4.86549e-013	2.80168e-008	1.76018e-008	7.35349e-010	2.73745e-011	3.73256e-012	8.50895e-011	3.16567e-008	1.16236e-008	6.39354e-009	4.65892e-011	2.69306e-012	1.85575e-009	2.86761e-012	2.97906e-011	3.17536e-012	1.50906e-011	5.23085e-009	5.39771e-010	5.39487e-011	5.29041e-011	5.9347e-012	8.39637e-014	3.40856e-012	1.36938e-009	
0	0	0	4.52854e-017	1.12064e-009	4.52877e-011	2.2485e-009	9.05424e-013	2.46635e-012	3.03156e-014	6.30353e-009	4.07343e-010	2.48372e-010	2.66443e-012	1.20799e-014	2.92373e-013	1.66959e-012	1.43713e-015	7.36069e-014	2.22229e-013	1.05454e-014	1.09454e-010	6.90304e-013	2.17436e-013	2.15229e-015	1.22462e-015	1.09043e-014	1.37643e-012	
0	0	0	0	9.38387e-016	5.91989e-011	6.96496e-010	7.47851e-012	1.93574e-011	2.27368e-012	5.46301e-011	1.95849e-008	2.68842e-009	1.98873e-009	5.29833e-010	3.16015e-010	2.56997e-010	1.84645e-011	1.07332e-011	1.0661e-011	3.15829e-012	1.5519e-011	2.82832e-011	2.89043e-011	9.96671e-012	8.14989e-013	1.69465e-011	1.53917e-011	


1	0.860642	0.584137	0.935803	0.97689	0.955451	0.996442	0.463479	0.778152	0.882956	0.992191	0.983424	0.974346	0.999616	0.999592	0.999311	0.997997	0.985442	0.999417	0.999858	0.99732	0.99804	0.997491	0.998829	0.986149	0.943662	0.99808	0.978286	
0	0.139357	0.415624	0.0105101	0.000119121	0.0440874	0.000822455	0.536508	0.12072	0.109141	0.000708201	0.000499616	0.0252913	0.000340018	0.000406432	0.000687192	0.00200275	0.0145568	0.000563578	0.00013597	0.0026795	0.00195825	0.00250805	0.00116935	0.0138505	0.0563333	0.0016047	0.0217093	
0	1.67157e-006	0.000238999	0.0536772	0.0133178	0.000175613	0.00256115	1.02527e-005	0.101127	0.00785726	0.0012931	7.72851e-005	7.75018e-007	1.09478e-005	1.4208e-007	3.98924e-007	6.52807e-008	1.06423e-006	1.89562e-005	2.66792e-006	1.2079e-007	1.79927e-006	5.61574e-007	8.29233e-007	6.82285e-008	4.60198e-006	0.000314819	2.23339e-006	
0	0	7.76853e-009	1.00238e-005	0.00967276	0.000162306	0.000169927	4.03557e-007	3.09365e-007	2.41705e-005	0.00580718	0.0159952	0.000243282	3.12063e-005	8.91152e-007	1.65337e-006	6.03681e-007	3.44035e-009	5.0755e-007	3.07579e-006	1.60202e-007	2.45753e-008	6.22583e-008	5.0827e-008	2.68482e-008	6.18321e-010	6.2723e-007	2.58632e-006	
0	0	2.15045e-009	1.27803e-008	4.46413e-007	0.000123804	4.57049e-007	2.38923e-006	2.63287e-007	2.13836e-005	2.51081e-007	3.5564e-006	0.000118155	2.15953e-008	2.21316e-009	1.59077e-010	1.33241e-009	7.87668e-010	5.30676e-012	6.05395e-011	8.62658e-010	3.32668e-011	6.77552e-011	2.60666e-011	5.73864e-011	7.44683e-011	2.91483e-010	1.11952e-008	
0	0	0	1.30895e-010	3.08161e-010	3.66302e-011	3.53233e-006	4.27085e-009	1.85136e-009	2.0412e-009	4.34314e-008	1.04672e-009	8.00886e-010	1.63271e-006	2.53704e-008	6.60654e-010	6.50001e-013	1.0753e-012	2.89415e-011	1.82793e-012	2.83319e-013	1.22784e-012	1.8543e-014	1.45691e-013	1.78743e-015	3.03513e-014	4.9732e-013	3.60071e-013	
0	0	0	1.86875e-015	2.21643e-013	1.21403e-013	2.8169e-011	2.89434e-010	1.39263e-011	1.17876e-013	3.35693e-010	4.76432e-010	2.55726e-012	6.02699e-012	4.6993e-010	4.32982e-011	1.38215e-012	1.28216e-015	8.4361e-016	6.2499e-014	6.95364e-016	1.21449e-014	3.53589e-015	1.9533e-016	2.30258e-016	4.91956e-018	1.42124e-015	1.36837e-015	
0	0	0	0	6.26489e-011	6.89813e-012	6.5345e-011	1.93819e-009	4.81692e-009	4.99357e-011	3.36457e-009	9.75531e-008	1.67275e-008	2.25396e-009	2.13472e-008	7.25703e-008	7.18213e-008	4.44005e-009	1.24961e-008	3.60148e-008	6.74641e-009	4.44504e-008	1.04112e-007	2.94151e-007	1.94701e-008	9.20226e-010	1.62912e-008	2.56324e-009	


