E:\Google Drive\Progetti\MSR Action3D\Real\a16_s07_e01_skeleton3D.txt
16
TRUE
-890.095
-885.904
-890.071
-899.107
-893.44
-881.348
-883.127
-824.81
-890.424
-897.465
-901.821
-890.566
-906.422
-879.017
-889.376
-872.647
-890.277
-889.496
-894.052
-886.271

37
20
1	0.441445	0.388518	0.1517	0.183816	0.0673841	0.0169729	0.163006	0.0251801	0.00169083	0.000124569	8.51504e-006	1.22612e-007	1.93428e-007	2.95126e-007	6.50659e-007	5.63453e-006	4.70328e-005	1.42354e-005	2.93406e-007	3.25065e-008	1.26466e-006	7.48811e-007	8.20228e-007	2.31466e-006	2.67948e-005	0.000287073	0.000250824	0.000295999	0.000256936	0.000305824	0.000996988	0.00481206	0.00859463	0.0112186	0.00554088	0.00525116	0.00243157	
0	0.432815	0.365942	0.129772	0.569369	0.162727	0.041376	0.208549	0.147984	0.032625	0.0135913	0.0034125	0.000187524	0.00016513	0.00014128	0.000268651	0.00239189	0.0198828	0.0106687	0.000973096	0.000106256	0.00116708	0.000853953	0.000514881	0.0012186	0.00724552	0.0120536	0.00388909	0.0109255	0.00601757	0.00527663	0.0720435	0.206288	0.257136	0.367056	0.540713	0.719546	0.660513	
0	0.12574	0.232955	0.0843168	0.0196081	0.0368342	0.00691262	0.148015	0.0702099	0.0139615	0.00034592	3.62052e-005	1.12389e-006	4.32982e-005	6.43747e-006	3.13249e-005	0.000679049	0.0367602	0.0321587	0.000573686	6.26471e-006	5.0722e-005	6.99473e-005	0.000257083	0.000760211	0.018063	0.121062	0.490437	0.242119	0.901861	0.208873	0.34198	0.550755	0.589513	0.393342	0.099297	0.0463416	0.0513654	
0	0	0.0125687	0.219628	0.182426	0.0994888	0.592236	0.222822	0.723313	0.864516	0.866882	0.450398	0.0138172	0.000531236	0.000145937	0.000246048	0.0062272	0.0083684	0.0040312	0.000534553	0.000406442	0.00265959	6.88787e-005	3.32876e-006	0.000114629	0.00693562	0.00423523	0.00468365	0.636177	0.0455976	0.738736	0.487301	0.11597	0.00582369	0.0143237	0.0867241	0.00971709	0.0171819	
0	0	1.66838e-005	0.414571	0.0211686	0.633407	0.340498	0.250094	0.030318	0.0859787	0.0362993	0.0131607	2.0152e-005	5.10194e-005	1.48609e-007	3.57791e-005	0.000378606	0.311641	0.0824522	0.00168653	3.56067e-005	9.26022e-005	7.88775e-007	4.20943e-008	9.68657e-005	0.181379	0.227752	0.444932	0.0273615	0.0407274	0.0401424	0.000323578	0.00815638	0.00010068	0.00180627	0.00272364	3.0616e-005	0.000133523	
0	0	0	1.16753e-005	0.0236116	0.000121553	0.00200269	0.0073166	0.0029732	0.0012218	0.0827549	0.511992	0.937749	0.106236	0.000372	6.73446e-006	9.8055e-005	0.000856998	0.136733	0.956576	0.775687	0.0773235	0.000103143	1.43865e-007	7.89707e-009	3.28288e-005	0.00572571	0.000316717	0.0679114	0.00043131	0.00464727	0.078831	0.005561	7.26152e-005	2.04715e-006	4.05273e-006	2.73472e-005	2.58893e-006	
0	0	0	1.83747e-016	1.15393e-008	1.07897e-006	4.34511e-009	1.15647e-006	7.76542e-008	3.31304e-007	1.10541e-006	0.0202061	0.0456226	0.137693	0.000236046	1.26706e-007	1.00993e-008	3.07981e-007	0.000446546	0.0169316	0.19926	0.0100283	2.31758e-005	1.35393e-007	1.42962e-010	4.57678e-012	4.17428e-008	3.58362e-007	6.43376e-008	8.23211e-005	2.73438e-006	0.000331222	0.00285506	2.49257e-005	1.98338e-007	4.04308e-010	3.86119e-009	4.07042e-009	
0	0	0	0	1.37642e-007	3.56339e-005	1.96027e-006	0.000195378	2.16068e-005	5.47741e-006	8.10698e-007	0.000786226	0.0026025	0.755281	0.999098	0.999411	0.99022	0.622443	0.733496	0.0227246	0.0244983	0.908677	0.998879	0.999224	0.997807	0.786317	0.628885	0.0554908	0.0152096	0.00502571	0.00201576	0.0181921	0.105603	0.138734	0.212251	0.264997	0.219086	0.268372	


1	0.556341	0.999996	0.19105	0.976999	0.920598	0.956289	0.999805	0.954721	0.528499	0.706112	0.352606	0.968381	0.999647	0.999947	0.0512263	0.301912	0.19652	0.993419	0.99874	0.90174	0.959068	0.999971	0.999999	0.442762	0.569528	0.995852	0.999887	0.99455	0.999572	0.994821	0.999974	0.999889	0.999995	0.99909	0.991419	0.999967	0.991345	
0	0.443433	3.12774e-008	0.808788	0.0143002	0.0452201	0.0103648	0.000128804	0.0446634	0.471127	0.289133	0.647262	0.00840027	9.99791e-006	5.10578e-005	0.948772	0.694424	0.802581	0.00318527	0.00113282	0.092328	0.0404753	1.22904e-005	7.67655e-007	0.557225	0.429068	0.00413129	0.000109918	0.00535254	0.000427696	0.00464623	2.31962e-005	0.000109534	4.5458e-006	0.000909417	0.00857401	3.14695e-005	0.00864522	
0	0.000225691	2.35123e-007	0.000162112	0.00869419	0.0341781	0.0148284	4.74581e-005	0.000615962	0.000373827	0.00475131	0.000114337	0.0226699	1.8872e-006	9.88478e-007	1.40057e-006	0.00365823	0.000899038	0.00339153	8.47968e-005	0.00591786	0.000456591	1.62214e-005	4.76591e-008	1.27626e-005	0.00140353	1.64138e-005	2.64932e-006	9.75634e-005	1.93909e-007	0.000532326	3.16802e-006	1.16074e-006	6.00816e-009	2.23793e-007	7.21611e-006	1.17076e-006	1.01175e-005	
0	0	4.0706e-006	3.40082e-011	6.46598e-006	4.12752e-006	0.0185179	4.54515e-006	1.26124e-008	3.28954e-008	4.23765e-006	1.81269e-005	0.00054781	0.000296836	1.97518e-007	1.39124e-013	5.47185e-006	3.40369e-009	4.11982e-006	4.18888e-005	1.07149e-005	5.90027e-007	1.85126e-007	1.71258e-009	1.05929e-012	1.69635e-008	1.86415e-007	2.34825e-009	1.24799e-010	1.51984e-011	3.31243e-009	2.99223e-008	2.81951e-010	4.69819e-012	1.74183e-015	3.98363e-013	1.48578e-011	9.28713e-012	
0	0	4.06226e-020	1.06418e-009	5.07544e-012	1.60929e-009	1.31205e-009	1.37319e-005	1.26514e-008	2.26987e-011	2.04252e-011	2.07004e-007	1.14108e-006	4.41322e-005	5.77275e-007	2.33015e-010	2.41534e-012	3.95557e-009	2.2166e-009	1.45276e-007	3.44562e-006	3.4049e-008	2.88017e-010	1.01505e-010	8.89023e-011	2.32644e-013	5.66448e-011	5.34702e-011	1.64246e-012	1.51603e-013	6.94125e-015	1.89763e-012	2.97635e-011	4.09617e-013	2.10233e-014	6.11433e-017	2.07117e-016	5.157e-015	
0	0	0	5.53062e-018	6.32017e-012	2.70303e-015	5.77026e-015	2.84449e-011	1.35078e-009	9.60582e-013	5.73834e-016	2.10233e-014	9.79007e-011	1.25803e-007	4.04518e-008	2.34039e-009	8.98372e-012	3.11369e-013	1.19914e-009	3.65875e-011	4.64851e-011	6.55202e-009	4.33734e-010	1.18803e-010	8.13037e-010	3.62141e-012	4.33827e-013	7.18205e-013	2.37777e-013	4.82725e-013	3.35645e-016	1.22866e-016	4.32066e-014	1.38371e-011	7.08484e-012	6.05684e-012	2.91052e-012	2.29304e-012	
0	0	0	4.82198e-041	5.5264e-020	2.65839e-015	6.0179e-017	8.00536e-019	6.18278e-014	2.64429e-012	6.26652e-014	1.16527e-014	2.47487e-016	1.12033e-013	1.72944e-008	1.25606e-010	3.07778e-010	1.77199e-015	2.80323e-014	3.2871e-011	1.01094e-013	1.81217e-014	8.77546e-011	5.67897e-012	7.67125e-012	3.10882e-012	1.66612e-014	5.96816e-015	1.63912e-014	3.67785e-016	4.44277e-014	1.68438e-015	5.77372e-017	1.36126e-015	4.22756e-014	4.76873e-013	6.73205e-014	3.64857e-013	
0	0	0	0	2.01583e-022	1.12751e-015	8.03629e-015	8.34281e-016	2.37625e-015	2.89212e-013	1.80967e-012	1.10573e-012	3.58802e-012	2.42609e-013	3.63107e-012	1.01532e-010	4.13091e-010	2.70393e-010	4.77621e-010	2.44319e-010	9.44513e-010	1.14276e-009	1.58414e-010	3.72834e-012	2.31523e-013	5.24311e-012	6.54969e-012	5.76347e-013	4.12379e-013	1.93336e-014	5.0026e-014	1.20448e-014	3.70311e-015	6.92944e-017	3.34103e-016	2.0299e-015	4.84886e-015	3.12556e-015	


1	0.46937	0.999448	0.13011	0.932234	0.695047	0.654346	0.999738	0.953586	0.423857	0.570116	0.191055	0.0813809	0.708049	0.99693	0.271489	0.688123	0.904787	0.998596	0.991888	0.230835	0.414137	0.994479	0.996012	0.675564	0.795252	0.995279	0.998559	0.991135	0.999649	0.969503	0.998646	0.998121	0.998159	0.997675	0.99499	0.997729	0.993239	
0	0.530587	8.63429e-008	0.869882	0.0103389	0.303171	0.229491	0.00013951	0.0462362	0.576086	0.41562	0.777001	0.0112737	1.63826e-005	0.000104201	0.728331	0.181861	0.0947348	0.000233357	0.00453677	0.752193	0.579661	6.01803e-005	3.47093e-007	0.321057	0.200127	0.000547576	4.59546e-005	0.00653235	6.1917e-005	0.02686	3.68488e-005	0.000100712	1.05275e-006	0.000341864	0.00280855	2.89178e-005	0.00317705	
0	4.30873e-005	0.000551895	8.15821e-006	0.0574269	0.0017809	0.116163	0.000120894	0.000177351	5.77442e-005	0.0142636	0.0319215	0.90212	0.212002	0.000575993	6.98524e-006	0.129124	6.54553e-005	0.00104446	0.00341776	0.0167823	0.00504474	0.0012745	5.32839e-006	0.000656414	0.00135889	7.69941e-005	1.695e-005	9.08435e-005	1.56283e-007	0.00281578	3.75815e-005	1.35346e-005	1.37987e-006	2.37161e-007	5.58573e-006	2.91203e-006	2.69258e-005	
0	0	2.46997e-007	1.21303e-010	1.0605e-008	3.5306e-008	2.19957e-007	3.79284e-007	2.29549e-010	3.47908e-011	1.47145e-009	5.86928e-006	0.00518484	0.0676483	9.45623e-006	3.97904e-011	1.77309e-008	1.20117e-006	3.77942e-008	1.18842e-006	3.72262e-006	3.356e-007	8.61855e-007	7.5994e-008	2.06732e-011	1.09508e-008	6.27521e-007	4.53896e-010	5.25014e-011	2.04019e-011	6.17051e-012	3.15782e-007	1.56374e-009	6.62197e-010	3.8735e-013	5.16948e-014	4.36644e-012	6.03513e-013	
0	0	4.41573e-010	3.85332e-009	1.50304e-009	9.61196e-007	2.07201e-008	1.59077e-006	2.61462e-009	1.21479e-009	8.71281e-010	1.73051e-005	4.01332e-005	0.00892298	9.53826e-005	1.48808e-007	4.05533e-010	3.40473e-006	1.57517e-007	7.37568e-007	4.32182e-006	2.88995e-006	2.15691e-007	1.06884e-008	1.95243e-008	9.82719e-009	3.1548e-008	3.79989e-010	4.79706e-010	9.08916e-010	2.12393e-012	4.83658e-008	4.34504e-010	2.66579e-010	8.0107e-011	9.17729e-012	1.86451e-010	4.45085e-011	
0	0	0	8.98864e-016	6.73405e-013	3.72145e-015	3.80584e-014	4.31469e-010	3.41299e-012	6.49176e-016	3.90535e-017	3.55709e-015	4.70935e-010	0.00336223	2.16483e-006	7.91078e-010	1.14726e-012	1.5558e-012	3.12071e-007	4.07723e-010	4.77331e-012	2.15105e-010	3.8581e-008	3.3172e-008	1.9871e-009	1.29025e-013	1.2357e-011	2.05373e-010	1.95855e-014	7.87761e-012	1.68585e-015	5.40121e-015	1.27245e-010	1.06053e-010	2.92905e-012	6.74974e-014	1.6968e-013	3.55091e-013	
0	0	0	2.34802e-025	1.71455e-018	4.50452e-017	2.07479e-017	3.28415e-019	1.16969e-013	4.40275e-015	1.20549e-016	2.5841e-017	9.23909e-018	4.79782e-012	0.00228052	4.70794e-006	7.63915e-008	1.0796e-014	6.95561e-015	3.05041e-008	6.37229e-011	4.80462e-014	3.2561e-012	1.64935e-010	9.35094e-010	3.13944e-012	1.17598e-015	2.04946e-014	8.70603e-013	1.27643e-015	9.00251e-013	3.54928e-014	4.64358e-015	2.68507e-012	1.82813e-013	1.84292e-013	3.71109e-015	1.1784e-014	
0	0	0	0	1.1851e-018	1.00916e-016	5.56966e-016	2.3232e-016	4.47959e-014	2.51596e-014	5.33269e-014	4.53368e-014	1.06737e-013	1.85634e-012	2.0563e-006	0.000168053	0.000892519	0.000408539	0.00012546	0.000155751	0.00018192	0.00115379	0.00418538	0.00398183	0.00272344	0.00326243	0.00409537	0.00137782	0.00224141	0.000289378	0.000821439	0.00127904	0.00176458	0.00183841	0.00198247	0.00219589	0.00223933	0.00355728	


1	0.964788	0.964406	0.9663	0.806646	0.897266	0.555301	0.924189	0.925268	0.982131	0.959614	0.933423	0.645782	0.919211	0.734081	0.565773	0.232005	0.154196	0.00919789	0.00508421	0.362841	0.953685	0.699293	0.88867	0.930007	0.87033	0.852144	0.759445	0.885963	0.929565	0.960531	0.811282	0.801172	0.880008	0.906582	0.926892	0.951709	0.894662	
0	0.01428	0.0327594	0.00393771	0.0644295	0.00794154	0.0331367	0.0127322	0.0213694	0.00459304	0.00141248	0.00169469	0.0337124	0.0485326	0.241736	0.329434	0.0909257	0.000124983	2.82388e-006	5.78333e-007	0.00119051	0.0126521	0.294884	0.109317	0.0654981	0.00668108	0.00627783	0.000976983	0.00139644	0.000310515	0.00320305	0.00927606	0.00274745	0.0180525	0.0108356	0.0199245	0.0158731	0.046303	
0	0.0209321	0.00283396	0.0297087	0.128914	0.0944349	0.410699	0.0146223	0.021133	0.00566826	0.0382576	0.0644254	0.32027	0.0296425	0.0241767	0.0586438	0.10798	0.000566314	4.79868e-006	4.44398e-005	0.0526487	0.0278798	0.00449815	0.00145042	0.00217747	0.0861854	0.0192615	0.000955418	0.00115458	6.09552e-005	0.00277575	0.000191017	0.000264914	0.000397688	0.000668736	0.000705421	0.00167248	0.000950255	
0	0	4.21639e-007	5.333e-005	3.53502e-006	0.000297938	0.000847882	0.000410102	0.000342047	0.000658305	1.47862e-006	0.00024564	0.000213351	0.00185723	1.52235e-006	0.0459651	0.550797	0.0163266	2.01437e-005	4.39001e-008	3.14862e-005	5.94506e-005	3.8328e-006	8.39794e-006	0.00171257	0.0262402	0.00991	0.000204222	1.11766e-006	3.29513e-007	3.06202e-007	1.17875e-007	5.96338e-007	3.97838e-008	4.86551e-007	2.81049e-007	3.65757e-008	2.90117e-006	
0	0	4.76559e-007	6.97719e-007	6.37796e-006	5.92717e-005	1.5747e-005	0.0480438	0.0294905	0.00578581	0.000137713	3.68335e-005	1.55686e-005	0.000746537	6.43678e-007	0.000183527	0.0182919	0.828766	0.837996	0.856921	0.20369	0.000230501	2.89867e-006	3.75044e-007	9.66163e-006	0.0102334	0.111863	0.236378	0.0734307	0.0304433	0.00232853	2.97541e-006	9.72731e-008	1.25696e-008	1.22481e-008	4.65124e-008	1.41464e-008	3.94283e-007	
0	0	0	2.85641e-011	7.07728e-010	2.59882e-009	1.42081e-008	3.00085e-006	0.00239521	0.000195286	1.40174e-006	2.91584e-007	1.29644e-006	6.62371e-006	3.77405e-006	4.23105e-009	2.567e-008	1.97242e-005	0.152777	0.0967399	0.31964	0.00184954	9.62826e-005	5.83369e-006	3.34428e-008	2.31918e-009	2.84552e-005	0.00154053	0.035479	0.00975618	0.000294729	0.000192418	1.07348e-006	9.57006e-008	3.7871e-009	1.08484e-010	2.97932e-009	2.01165e-010	
0	0	0	3.14679e-015	1.7847e-014	1.01009e-013	2.762e-012	1.54146e-011	2.9213e-008	6.53214e-007	8.94356e-009	1.48434e-009	3.48336e-010	4.60378e-009	1.25301e-009	1.24834e-008	2.63085e-010	9.07825e-010	1.95333e-007	0.000249756	0.00126802	1.27657e-005	6.04625e-007	2.49529e-008	1.02861e-008	7.9481e-011	4.39844e-008	9.53557e-009	9.54602e-007	2.35121e-006	1.01819e-006	2.45131e-007	1.69959e-008	4.84635e-010	9.70507e-011	6.31945e-013	3.96223e-014	1.4325e-012	
0	0	0	0	7.50931e-014	1.0509e-012	3.12876e-012	1.25266e-008	1.77295e-006	0.000967151	0.000574782	0.000174239	5.55422e-006	3.33483e-006	2.65222e-007	7.57958e-007	7.03651e-007	5.1064e-007	1.31934e-006	0.0409605	0.0586903	0.00363073	0.00122169	0.00054821	0.000595433	0.000329694	0.000514531	0.000500299	0.00257429	0.0298617	0.0308658	0.179055	0.195814	0.101542	0.0819132	0.0524774	0.0307453	0.0580812	


1	0.978761	0.835956	0.982595	0.99494	0.970738	0.986629	0.919611	0.845861	0.704199	0.767107	0.962326	0.997639	0.923967	0.947908	0.971935	0.929727	0.738655	0.686169	0.679844	0.987016	0.995049	0.911539	0.511522	0.868417	0.71726	0.829537	0.537307	0.305972	0.149584	0.252139	0.151751	0.18016	0.023922	0.0116139	0.0304568	0.0095109	0.0132393	
0	0.0199626	0.00130477	0.0150354	0.00312852	0.028076	0.0131232	0.0410536	0.147994	0.294435	0.232428	0.0372682	0.000898295	0.00159322	0.000807402	0.0251008	0.0687326	0.254107	0.252527	0.307789	0.0117813	0.00233714	0.000776849	0.00153083	0.049798	0.279367	0.12922	0.392167	0.671219	0.621663	0.728816	0.10127	0.0156787	0.000138349	0.000137567	0.000413514	3.92564e-005	0.000272921	
0	0.00127667	0.134475	0.00156009	0.00189301	0.00116068	0.000213838	0.0389872	0.00590842	0.00129882	0.000432364	0.000363003	0.00143161	0.0743465	0.0460411	0.00209794	0.00126689	0.0065884	0.0574972	0.0119279	0.00108808	0.00253124	0.0873222	0.464022	0.0715721	0.0024846	0.039404	0.068053	0.0221374	0.223682	0.0179761	0.706187	0.739286	0.936194	0.938195	0.881224	0.947725	0.934403	
0	0	0.0282579	9.30193e-007	8.113e-006	3.59185e-007	5.33384e-007	0.000321274	1.10831e-005	2.21408e-006	3.45384e-006	1.40346e-007	2.00439e-006	7.01886e-005	0.00213944	2.2685e-007	7.32808e-007	3.34272e-006	0.00359674	0.000245447	1.55244e-006	6.52171e-007	0.000308993	0.0223629	3.07116e-005	1.17954e-005	0.00103507	0.0020872	0.000234876	0.00500896	0.000332418	0.0406728	0.0600902	0.0386309	0.0262148	0.00719264	0.034007	0.00394254	
0	0	6.90957e-006	0.000762124	9.61272e-006	2.67706e-006	2.60916e-006	7.4475e-007	0.000192754	3.01807e-005	3.8797e-006	2.10023e-006	4.83403e-007	1.17629e-005	0.00310048	0.000616794	8.5593e-006	5.51301e-007	5.11301e-006	0.000133814	5.02217e-005	5.83859e-006	1.38333e-005	0.000554987	0.00978554	0.000121788	2.56244e-006	2.99808e-005	0.000232007	4.06246e-005	0.000688166	0.000116274	0.00478245	0.0011141	0.0238365	0.0806645	0.00869391	0.0481014	
0	0	0	4.68078e-005	1.03288e-006	1.39832e-006	5.65902e-007	2.08418e-008	3.25883e-007	1.88783e-005	3.23632e-006	9.37062e-007	6.61608e-008	1.60987e-009	2.54052e-008	0.000234586	6.08213e-005	9.61205e-007	1.46727e-008	2.66664e-006	8.24845e-006	6.58752e-007	6.15019e-009	1.5427e-008	0.000353553	0.000523887	8.53182e-006	3.29597e-007	4.38266e-007	1.23411e-006	1.77901e-005	3.90216e-007	2.08761e-006	2.59338e-007	2.16169e-006	4.69773e-005	2.2423e-005	2.98495e-005	
0	0	0	2.2297e-011	5.19696e-013	8.2624e-014	5.25345e-012	3.20929e-016	2.19311e-015	9.26767e-011	2.39154e-010	2.24283e-008	6.95557e-013	1.96002e-014	6.73015e-014	4.26615e-007	6.39517e-008	2.26316e-013	8.87301e-015	4.0098e-012	1.58294e-008	5.33775e-012	4.58652e-017	1.27208e-015	5.98978e-008	1.29621e-007	1.05742e-009	1.43184e-013	1.26712e-014	5.75374e-013	9.21819e-011	5.80457e-015	4.49439e-012	1.00324e-013	8.80254e-014	9.27588e-011	3.6094e-013	5.24868e-011	
0	0	0	0	1.97946e-005	2.05306e-005	3.01211e-005	2.65037e-005	3.23458e-005	1.65046e-005	2.18493e-005	3.964e-005	2.82953e-005	1.10293e-005	3.39766e-006	1.45564e-005	0.000203263	0.000644918	0.000205654	5.68224e-005	5.4215e-005	7.5809e-005	3.86535e-005	6.98053e-006	4.27855e-005	0.000231273	0.000793146	0.00035541	0.000204788	1.99318e-005	2.98161e-005	2.78324e-006	4.33183e-007	5.03596e-008	1.97283e-008	1.14338e-006	1.64014e-006	1.0685e-005	


1	0.0747346	0.512626	0.262454	0.123525	0.126931	0.179498	0.100618	0.0780923	0.00136689	5.29985e-005	2.04501e-005	4.11589e-005	1.89155e-005	5.36602e-006	1.82722e-006	3.10423e-007	1.94032e-008	1.86661e-010	1.57249e-011	6.08718e-013	7.38163e-014	1.69477e-013	6.61177e-014	2.37449e-014	2.857e-015	1.11704e-015	4.01559e-016	2.51591e-016	7.0393e-017	1.5285e-017	6.2917e-017	3.1591e-017	7.27585e-017	2.16622e-017	2.18923e-017	2.20931e-017	1.98937e-017	
0	0.00921648	0.180665	0.398566	0.171228	0.203311	0.252859	0.532658	0.106716	0.00162866	0.000133777	8.51379e-005	0.000116595	0.000127602	4.22426e-005	1.16294e-005	6.72932e-006	2.3045e-006	5.68975e-008	3.10409e-009	2.41121e-010	7.67507e-011	9.68033e-011	3.12317e-011	3.78468e-012	3.21003e-012	1.36432e-011	9.79295e-012	4.60878e-012	1.25089e-012	7.25405e-013	2.24631e-012	3.7182e-012	3.36112e-012	9.51637e-013	6.8983e-013	1.41819e-013	3.45366e-014	
0	0.916049	0.137803	0.302801	0.6255	0.450118	0.0407833	0.00251496	0.0205916	0.000280824	8.47885e-005	0.000355439	0.0105129	0.000922558	5.96971e-005	1.80051e-005	5.05523e-008	8.40214e-008	1.03814e-010	1.56683e-009	2.83183e-010	4.3781e-011	4.67419e-011	7.40916e-012	1.45169e-012	4.52318e-015	1.00576e-015	1.11414e-015	8.90205e-013	2.98939e-014	6.82302e-016	1.1148e-011	8.13363e-013	1.72963e-012	1.59223e-011	7.54741e-011	3.41233e-010	4.29207e-010	
0	0	0.159833	0.00449841	0.00867854	0.0199698	0.00132003	0.0140081	0.0302712	0.000960205	0.000343068	0.0002731	0.000149859	0.000194658	4.6496e-007	9.92196e-008	8.99947e-008	8.02026e-007	1.60408e-007	2.51951e-007	4.14305e-010	2.15079e-013	1.92607e-012	2.57137e-012	9.78286e-014	1.97741e-014	1.0083e-014	3.37393e-013	4.74476e-013	1.49347e-012	1.75601e-014	3.61344e-012	6.4889e-013	2.11861e-013	4.58405e-013	1.0845e-012	6.01444e-012	6.45949e-012	
0	0	0.00907297	0.0285979	0.0706728	0.185741	0.218162	0.0742317	0.00143784	1.46956e-005	3.89879e-006	0.000263699	0.00815089	0.139029	0.361615	0.128677	0.00184994	1.37163e-005	8.79476e-009	3.2557e-010	9.394e-008	4.67035e-007	4.72189e-006	1.58194e-005	3.45267e-006	7.31925e-009	1.22858e-010	6.30051e-013	2.12501e-014	2.00329e-015	1.51097e-014	2.39684e-013	1.55385e-012	4.87729e-012	1.06911e-010	1.01849e-009	2.92444e-008	2.2962e-007	
0	0	0	0.00295358	0.000130636	0.0101634	0.223277	0.103808	0.566871	0.986226	0.992307	0.633235	0.0309079	0.000146617	2.922e-005	0.0102805	0.26198	0.822517	0.997244	0.994884	0.0156517	6.44321e-005	3.55821e-007	2.6569e-009	3.00623e-007	3.11804e-005	0.000385731	0.0053657	0.0119936	0.0610935	0.626845	0.230907	0.289656	0.00266348	4.01395e-006	2.62396e-007	2.44609e-010	1.93734e-010	
0	0	0	0.000129346	6.56733e-005	0.000200622	0.0109538	0.00093643	5.95614e-005	0.000285396	0.00558055	0.338093	0.468225	0.0255869	0.0041826	0.000598541	0.000408405	8.39324e-006	0.0001785	0.00269881	0.961357	0.562234	0.000813618	1.58943e-006	5.01788e-008	7.35585e-009	9.23814e-007	5.87002e-007	1.93688e-005	4.68265e-005	0.0100543	0.00249319	0.0206289	0.00054561	3.44501e-006	3.71328e-008	3.67886e-010	2.1156e-012	
0	0	0	0	0.000199375	0.00356507	0.0731477	0.171224	0.19596	0.00923763	0.00149399	0.0276743	0.481896	0.833974	0.634065	0.860412	0.735755	0.177458	0.00257707	0.00241724	0.0229917	0.437701	0.999181	0.999983	0.999996	0.999969	0.999613	0.994634	0.987987	0.93886	0.3631	0.7666	0.689715	0.996791	0.999993	1	1	1	


1	0.257196	0.585	0.125617	0.0323687	0.00301993	0.00101542	0.00115083	0.000587107	1.82917e-005	6.83202e-006	8.43856e-006	1.52872e-005	4.0611e-005	1.78135e-005	1.04468e-005	2.34456e-006	1.21323e-006	1.71213e-007	8.313e-008	2.56199e-008	1.26889e-008	4.14566e-008	1.48082e-007	1.20004e-007	8.29875e-009	1.61254e-009	2.52943e-010	5.37375e-011	1.12222e-011	1.95032e-012	6.03961e-012	4.22633e-012	1.39542e-011	2.94979e-011	3.57433e-011	1.68271e-010	7.01264e-010	
0	0.57997	0.133277	0.224872	0.12038	0.0415081	0.0469872	0.000447419	0.00012941	7.58694e-006	2.70015e-005	0.000241736	0.00106751	0.000163398	3.75268e-006	8.51536e-007	6.86004e-007	4.69056e-007	3.65843e-008	2.07558e-007	1.19386e-007	4.02386e-009	1.433e-009	3.28421e-009	7.4863e-009	4.50283e-009	2.51662e-011	1.33353e-011	3.44837e-012	8.99655e-014	6.47741e-014	3.28138e-013	8.97399e-014	2.5545e-013	1.53019e-012	5.16722e-012	3.22235e-012	5.02826e-011	
0	0.162834	0.039514	0.598889	0.741795	0.750902	0.230064	0.000782675	1.49037e-006	2.11408e-008	2.04769e-007	4.51991e-005	0.00012933	0.000698252	0.000167393	3.9368e-005	2.02839e-007	7.94509e-008	4.5012e-010	5.67901e-009	1.73478e-007	2.51274e-007	6.80409e-008	1.50094e-007	1.25428e-007	2.40241e-009	9.59262e-012	3.29019e-013	4.82061e-014	9.29574e-015	4.41437e-016	2.92995e-015	2.87769e-014	3.72117e-013	7.00821e-012	3.17337e-011	1.74514e-010	7.82483e-010	
0	0	4.50153e-005	0.0499507	0.0941208	0.203595	0.698411	0.020399	0.00117845	7.19425e-006	4.74075e-007	1.89422e-006	0.00013492	5.5971e-005	2.07451e-006	4.18184e-005	1.63946e-005	1.18966e-005	5.99121e-008	1.8827e-010	4.59631e-008	1.26205e-007	3.29713e-008	8.1755e-010	6.46897e-009	2.51984e-009	4.76805e-011	2.26364e-013	6.84629e-016	1.58188e-017	7.68092e-017	2.21887e-017	8.61749e-017	8.12591e-017	3.2127e-015	1.58661e-013	3.19296e-013	2.12106e-011	
0	0	0.242164	0.000518872	0.0113113	0.000912127	0.0228011	0.443854	0.0125468	1.23956e-005	1.98151e-007	1.02924e-008	6.61615e-006	0.00101138	0.000588685	2.73331e-006	9.56358e-007	4.17297e-008	2.18266e-006	8.4246e-008	5.97459e-009	2.28348e-009	5.31598e-007	4.26772e-006	2.42148e-008	7.96252e-011	4.24783e-011	2.38594e-012	3.34671e-014	6.87325e-016	3.45283e-017	2.03341e-016	1.23302e-016	1.63749e-015	1.13475e-014	4.20299e-014	3.26313e-012	8.31469e-012	
0	0	0	3.96253e-005	3.90857e-006	5.50654e-005	0.00068494	0.529767	0.0295998	0.000478609	1.99966e-006	2.58289e-009	9.53606e-012	1.6858e-006	6.1619e-006	7.31944e-006	1.33101e-005	1.56934e-006	8.05399e-006	5.62627e-007	1.94257e-010	8.4996e-012	2.49412e-010	9.63843e-008	5.97072e-007	1.14765e-006	3.26138e-006	0.000126592	5.05919e-006	8.86631e-006	3.82409e-006	2.12458e-008	4.28427e-009	7.78174e-011	3.83384e-012	1.85414e-014	4.00822e-016	7.50236e-014	
0	0	0	0.00011287	1.74286e-007	1.09468e-006	1.48265e-005	0.00333877	0.912823	0.942166	0.475323	0.0160547	1.50272e-005	2.22236e-007	1.08804e-006	2.90104e-006	1.3005e-005	1.54965e-006	1.56611e-006	1.49073e-006	1.34836e-008	3.76121e-010	4.76696e-012	7.7222e-011	3.7516e-008	1.05193e-006	5.3584e-006	4.93731e-005	0.000269085	0.0011509	0.0168058	0.000292576	0.000124506	1.88953e-006	1.00274e-008	1.57344e-010	7.99766e-013	3.08265e-014	
0	0	0	0	1.97933e-005	6.39046e-006	2.08252e-005	0.000260546	0.0431341	0.0573095	0.524641	0.983648	0.998631	0.998028	0.999213	0.999895	0.999953	0.999983	0.999988	0.999998	1	1	0.999999	0.999995	0.999999	0.999998	0.999991	0.999824	0.999726	0.99884	0.98319	0.999707	0.999875	0.999998	1	1	1	1	


1	0.974594	0.96387	0.908849	0.962396	0.913821	0.852926	0.117518	0.00473019	0.000166502	1.2328e-005	4.74665e-009	5.29059e-012	2.11004e-012	3.4461e-013	3.40768e-013	3.99158e-014	4.28131e-015	1.46816e-017	1.26902e-018	8.07667e-021	7.49735e-022	1.42456e-021	6.31326e-022	9.483e-023	4.87305e-023	5.61423e-024	1.03517e-024	2.48077e-025	3.41708e-027	5.31238e-027	7.70884e-028	3.80764e-029	2.00693e-030	2.2421e-031	2.38348e-032	2.29369e-033	2.64738e-034	
0	0.0219911	0.0359138	0.0760333	0.0323462	0.0848868	0.146733	0.882427	0.994795	0.996617	0.0556642	1.43044e-006	2.75144e-011	4.94987e-013	1.68718e-014	7.69774e-014	1.17061e-013	4.80891e-014	8.95323e-015	1.4895e-015	3.63282e-019	7.30183e-022	6.29561e-023	7.87056e-024	2.49118e-023	5.05364e-022	5.11717e-022	7.3451e-021	4.36839e-021	4.71017e-021	2.10278e-020	1.39077e-022	1.54126e-024	3.43652e-027	1.32971e-029	2.50725e-032	6.06589e-035	2.29381e-036	
0	0.00341517	1.44211e-005	0.015075	0.00297661	0.000905563	0.000265578	4.51585e-005	0.00047401	0.00321421	0.944311	0.999013	0.993634	0.00675567	0.000392808	0.000157244	5.28776e-008	7.58076e-011	1.16812e-014	1.47737e-013	1.47135e-012	7.60571e-013	3.51674e-015	9.81476e-019	1.91085e-020	1.1041e-023	9.19882e-026	1.02759e-027	7.04105e-022	3.32898e-025	3.69367e-021	1.1982e-021	9.05639e-025	1.61634e-027	1.92215e-029	9.35223e-033	2.99713e-034	5.93989e-038	
0	0	0.000136977	3.70643e-005	0.000836985	0.000308528	7.08217e-005	7.40645e-006	1.50171e-007	9.48362e-007	7.93775e-007	2.97912e-005	0.000126105	0.731612	0.0380145	0.699817	0.335305	0.0203459	3.28503e-005	5.30098e-008	5.85868e-011	9.22364e-013	1.07329e-011	5.50533e-012	1.85577e-011	4.33467e-011	3.72695e-011	7.54052e-012	1.86948e-014	9.96714e-017	1.06951e-017	1.225e-019	1.91959e-021	1.04252e-022	2.26286e-024	1.49086e-025	1.66607e-027	1.92636e-028	
0	0	6.48705e-005	4.08948e-006	0.00144455	7.211e-005	3.11284e-007	2.19811e-006	2.4246e-009	1.396e-008	1.13211e-005	0.000956204	0.00623996	0.261587	0.960417	0.190162	0.0001217	0.000247258	9.59898e-006	3.60809e-005	7.81741e-006	4.47542e-006	1.00037e-005	5.73957e-006	1.19465e-006	1.19224e-009	1.52012e-011	1.96299e-014	1.08966e-013	5.02594e-016	1.23523e-016	1.44504e-016	1.03391e-017	7.57834e-018	7.27544e-018	1.9661e-019	9.35138e-019	2.06458e-020	
0	0	0	1.03811e-006	6.58475e-009	6.08124e-006	4.3121e-006	6.69375e-007	1.13933e-006	1.4723e-006	1.72018e-008	1.62583e-011	5.56246e-010	5.04441e-006	7.99996e-006	0.10667	0.664471	0.976259	0.999485	0.0678456	8.69639e-007	5.32663e-011	1.93509e-008	4.40202e-009	1.85721e-007	4.65788e-005	0.000125815	0.00142481	0.000209272	6.08049e-005	0.000193019	7.77634e-007	1.07398e-008	1.61614e-012	8.82178e-017	2.32525e-019	5.34923e-024	2.09126e-021	
0	0	0	5.16255e-008	1.45568e-007	3.70708e-007	8.71527e-009	1.5275e-008	6.28063e-011	3.24001e-010	3.45851e-008	6.33448e-009	3.55932e-007	3.97306e-005	0.00116362	0.00236484	1.86924e-005	0.000688087	0.000243726	0.92853	0.999933	0.992257	0.499762	0.128457	0.0575647	0.000120123	1.15389e-006	2.11571e-008	2.69166e-005	3.60374e-007	9.17845e-006	5.08198e-005	5.03151e-006	2.37338e-006	1.14529e-006	3.58199e-008	5.57964e-008	1.28026e-009	
0	0	0	0	1.30773e-008	3.48436e-009	2.33277e-009	5.23524e-008	2.27266e-009	6.57998e-010	6.81389e-010	7.299e-013	8.0397e-014	2.23379e-008	3.86207e-006	0.000829257	8.35028e-005	0.0024595	0.000228415	0.00358851	5.79553e-005	0.00773835	0.500228	0.871537	0.942434	0.999833	0.999873	0.998575	0.999764	0.999939	0.999798	0.999948	0.999995	0.999998	0.999999	1	1	1	


1	0.68646	0.931619	0.112754	0.0348274	0.00163898	4.85386e-005	0.000164362	0.00428953	0.057953	0.185647	0.321313	0.128854	0.17309	0.0668204	0.0512493	0.0366393	0.0421678	0.0343361	0.0807904	0.0765259	0.00293013	0.016405	0.0253961	0.00423017	0.00223981	0.001797	0.0011086	0.000506367	0.00034788	0.00013357	0.00021852	0.000161778	0.000271899	0.000190431	6.21832e-005	6.49965e-005	1.35426e-005	
0	0.313431	0.0682643	0.88724	0.859127	0.998144	0.998365	0.999326	0.99494	0.928341	0.66421	0.525972	0.204515	0.171483	0.212821	0.15391	0.0334283	0.00420333	0.000233628	0.000612582	0.533792	0.975858	0.532602	0.0474523	0.00282237	0.00215788	0.00124262	6.80811e-005	1.66285e-005	1.88432e-006	2.22807e-005	1.13076e-007	2.78932e-006	1.07963e-006	7.48813e-006	1.44394e-006	1.55083e-006	1.27596e-007	
0	0.000109327	0.000115586	6.05889e-006	0.106045	0.00021594	0.0015861	0.000453287	0.000263444	5.13004e-005	0.000314158	0.0138565	0.504271	0.0810813	0.0036683	0.00477229	0.00617661	2.85216e-007	3.40193e-007	1.15924e-006	0.00405324	0.00108395	0.0188863	0.000376813	3.60706e-006	9.61737e-006	1.01683e-005	1.34385e-008	1.6091e-009	9.14419e-012	2.30046e-009	3.31652e-010	4.9145e-010	1.83218e-009	6.0912e-010	2.1126e-010	8.13408e-010	5.74215e-011	
0	0	1.51604e-006	6.3998e-010	1.90928e-007	6.26223e-007	8.06159e-009	5.61877e-005	5.16156e-005	1.35975e-005	1.4401e-007	8.73813e-007	5.16601e-005	0.050305	2.12447e-005	2.931e-005	8.61046e-005	1.71635e-005	4.69232e-006	1.25661e-007	1.93358e-009	1.55239e-008	0.000115827	7.94376e-005	7.96869e-008	6.09177e-008	6.34981e-007	8.46476e-009	2.55199e-011	3.58597e-011	2.92675e-013	2.2015e-010	1.20822e-012	8.35768e-012	5.00238e-012	1.72732e-012	2.6497e-012	1.94569e-012	
0	0	1.14962e-013	3.53033e-010	4.33813e-013	1.98546e-011	9.05389e-011	9.55623e-009	0.000455217	0.0136336	0.149726	0.0540444	0.000192231	6.71067e-006	6.99809e-006	1.03753e-006	8.73483e-006	5.15274e-005	0.000676839	0.0260432	0.000240714	1.56931e-008	3.31667e-010	1.46464e-007	3.51519e-007	9.08832e-007	2.62564e-006	1.84382e-006	2.56e-006	2.76469e-006	3.35114e-006	3.41425e-007	2.42738e-008	9.8138e-011	2.84427e-013	4.3552e-015	7.58156e-016	1.93364e-015	
0	0	0	4.61236e-014	8.05393e-015	1.33056e-015	4.27863e-015	3.67102e-013	3.96304e-010	7.23936e-006	0.000100815	0.0837322	0.161501	0.0947058	7.24619e-005	1.33959e-008	1.25032e-010	9.12847e-009	7.02134e-005	0.00190684	0.0423189	1.02348e-005	9.47861e-008	9.45889e-010	1.77157e-011	6.5484e-012	1.55883e-009	1.70592e-010	5.22664e-010	1.02087e-008	2.57885e-008	8.35782e-008	1.00045e-008	9.29827e-011	1.77414e-013	2.29148e-017	9.47898e-018	2.80742e-019	
0	0	0	7.04697e-018	1.72291e-013	6.31895e-017	4.06996e-017	1.25087e-011	5.41648e-012	5.98395e-007	2.24579e-006	0.00108095	0.000553284	0.428654	0.660418	0.131182	6.1781e-005	5.37672e-007	7.08909e-007	7.55096e-006	0.00132008	0.000922026	0.00186816	0.0107111	0.00126038	2.41745e-006	7.91146e-007	1.69656e-008	3.52303e-009	2.1428e-007	8.68191e-009	7.74635e-008	2.02788e-007	2.27832e-006	1.2e-005	2.51538e-006	1.38245e-005	1.61811e-006	
0	0	0	0	3.10172e-017	4.00088e-015	4.1257e-016	3.51717e-015	1.27193e-010	3.46821e-009	2.68641e-007	7.94521e-007	6.27167e-005	0.000673424	0.0561718	0.658857	0.923599	0.953559	0.964677	0.890638	0.341749	0.0191957	0.430123	0.915984	0.991683	0.995589	0.996946	0.998821	0.999474	0.999647	0.999841	0.999781	0.999835	0.999725	0.99979	0.999934	0.99992	0.999985	


1	0.509595	0.125289	0.0142847	0.00230581	0.00114974	0.000253142	0.00336981	0.153861	0.867171	0.936279	0.844238	0.672538	0.172528	0.0138224	0.0185609	0.076087	0.709191	0.888947	0.156324	0.238841	0.0322656	0.0219667	0.00386122	0.00704218	0.0236408	0.0475348	0.214186	0.612768	0.726366	0.93541	0.950345	0.507495	0.163939	0.0269024	0.00663243	0.00122534	0.00111538	
0	0.48884	0.874372	0.573004	0.985855	0.950909	0.325143	0.991535	0.711718	0.106124	0.0606295	0.144452	0.315869	0.82525	0.977962	0.466244	0.152837	0.275947	0.0913397	0.0122473	0.46926	0.912464	0.938343	0.983893	0.819463	0.671572	0.92819	0.782321	0.386139	0.27113	0.0628169	0.0469968	0.485956	0.831837	0.969797	0.982831	0.995734	0.965803	
0	0.00156488	0.000338276	0.412711	0.0118071	0.0479402	0.674604	0.00506525	0.134419	0.0266919	0.00308711	0.0113014	0.0115676	0.00221921	0.00821534	0.515151	0.768358	0.00850448	2.73956e-006	4.48596e-006	0.0194786	0.0120591	0.00348378	0.000449118	0.121242	0.277495	0.014822	0.000663317	0.000259413	2.11072e-005	0.00085342	2.11731e-006	9.70788e-005	0.000124159	8.90205e-005	0.00246769	0.00012153	0.0106963	
0	0	2.80389e-009	1.45689e-008	3.22289e-005	1.30144e-006	1.43527e-007	2.74067e-005	3.54857e-007	1.74463e-006	7.071e-008	4.28514e-006	2.24727e-005	1.55873e-006	1.05491e-009	4.19007e-005	0.00251946	0.000861563	6.19252e-007	1.11436e-011	7.40346e-009	4.68153e-007	2.0173e-007	2.69379e-008	1.28938e-006	0.00111165	0.000609476	2.16154e-006	1.54676e-009	3.57994e-009	1.20222e-011	1.70541e-008	1.08674e-011	6.64782e-009	7.56448e-010	7.03016e-010	5.04166e-009	2.63299e-010	
0	0	1.04062e-010	5.28293e-010	3.2791e-008	9.10406e-008	2.52928e-008	2.20922e-006	1.13129e-006	1.03362e-005	4.62316e-008	6.73861e-007	1.51025e-006	7.24102e-008	3.20666e-012	1.66629e-006	0.000198419	0.00544343	0.000970273	1.74858e-005	6.49835e-007	1.97232e-009	2.82208e-009	4.8677e-010	5.44235e-008	0.000100078	2.42567e-005	1.79099e-007	1.88385e-008	8.34304e-010	1.15565e-011	4.14083e-009	1.08412e-012	1.92695e-011	3.61403e-010	7.50066e-011	7.66333e-010	1.22204e-009	
0	0	0	9.82509e-015	4.86991e-015	4.46759e-012	2.32173e-011	2.72692e-010	7.93579e-007	2.16354e-007	4.29925e-006	2.21871e-006	2.0977e-008	9.47113e-010	1.27183e-013	2.01203e-016	8.56908e-008	5.14071e-005	0.0187359	0.831208	0.0288472	7.97539e-008	1.99681e-012	6.891e-014	1.92336e-013	9.46039e-009	1.20424e-006	1.63783e-006	1.56911e-007	7.52771e-009	6.9068e-010	1.83617e-013	4.41781e-012	1.27861e-016	2.28612e-017	4.4291e-015	3.97765e-016	1.56249e-013	
0	0	0	2.62875e-021	8.80855e-020	1.83672e-019	6.92651e-017	1.10535e-013	1.79593e-012	3.36746e-008	3.02491e-009	8.62445e-007	5.67271e-008	5.75306e-010	1.63542e-013	1.6266e-015	1.9624e-016	6.19922e-010	2.14488e-006	0.000186699	0.127207	6.2524e-005	1.0453e-008	2.5696e-012	2.08331e-014	3.32907e-016	6.41387e-011	6.28429e-010	2.97311e-009	3.61479e-009	1.53952e-010	1.7245e-011	1.18423e-012	3.72725e-015	7.8352e-018	7.46565e-020	7.8797e-019	6.07158e-019	
0	0	0	0	4.11314e-018	1.73575e-017	2.38925e-015	7.15263e-013	2.60883e-011	6.44497e-008	2.35798e-008	5.10285e-007	1.28434e-006	1.46684e-006	8.8626e-008	6.12994e-007	2.3353e-007	1.05093e-006	1.26206e-006	1.18838e-005	0.116366	0.0431485	0.0362063	0.011797	0.0522512	0.0260813	0.00881807	0.00282575	0.000833358	0.00248359	0.000919983	0.00265653	0.00645196	0.00410018	0.00321151	0.00806874	0.00291961	0.0223849	


1	0.944859	0.0183036	0.0397509	0.198858	0.446603	0.210284	0.609976	0.902886	0.930974	0.405519	0.0470005	0.00168889	0.0010149	0.000473826	0.0119962	0.0241669	0.123671	0.114676	0.0488093	0.0335009	0.0924145	0.0220493	0.00534226	0.187308	0.560189	0.835676	0.672836	0.941764	0.980007	0.871643	0.330507	0.306121	0.213768	0.395234	0.330809	0.161879	0.227161	
0	0.0537067	0.00324005	0.00132098	0.127567	0.0440152	0.00878618	0.0164899	0.0730238	0.0669314	0.587948	0.952659	0.990744	0.414	0.12572	0.496723	0.419543	0.858489	0.744674	0.938325	0.937299	0.77176	0.326839	0.0412799	0.107873	0.031216	0.0250764	0.00864926	0.047593	0.00651231	0.0418037	0.634006	0.356148	0.327989	0.575134	0.660804	0.766929	0.761995	
0	0.00143428	0.978455	0.0128887	0.224941	0.132171	0.160809	0.359305	0.0178712	0.00183661	0.00652472	0.000318677	0.00756455	0.584903	0.869101	0.0142395	0.0646171	0.00308442	0.139095	0.0123339	0.024682	0.127156	0.649304	0.947836	0.0775921	0.0180746	0.111377	0.317136	0.0103739	0.0134041	0.0863143	0.0353296	0.337308	0.44714	0.0248422	0.00814403	0.0711328	0.0105673	
0	0	1.38802e-006	8.58808e-005	5.80174e-006	8.85198e-006	1.61699e-006	3.95099e-005	1.89741e-005	5.62404e-007	2.23944e-008	9.24026e-008	4.70746e-010	4.40189e-005	0.00259512	0.000586898	1.92582e-006	2.08317e-006	1.16053e-006	3.23662e-005	5.57412e-007	7.81622e-006	4.47631e-005	0.00476424	0.00658322	9.65096e-006	3.30344e-006	9.67782e-005	4.59733e-005	3.39284e-005	6.97638e-007	6.44804e-005	0.000386632	0.0110055	0.00475547	0.000232343	5.56044e-005	0.000267023	
0	0	1.77794e-008	0.945954	0.447036	0.377113	0.620112	0.00653795	0.00591414	0.000245383	7.27073e-006	2.0479e-005	2.63996e-006	3.72666e-005	0.00210923	0.476446	0.491637	0.0099042	1.92209e-005	3.37483e-005	0.00259811	0.00354343	0.000100176	3.86703e-005	0.598841	0.384313	0.0239051	0.000723457	0.000151126	1.67156e-006	0.000215463	7.70639e-007	7.77571e-006	5.52357e-005	1.19768e-005	2.57753e-006	1.04033e-007	7.44952e-006	
0	0	0	8.88901e-014	0.00159143	8.04411e-006	1.18555e-007	0.00764746	0.000230099	4.26871e-006	2.5303e-008	2.81698e-010	1.09745e-008	7.93982e-009	3.04447e-009	6.31666e-006	3.34396e-005	0.00484765	0.00100335	2.53791e-005	3.60318e-009	4.04462e-008	1.54299e-005	2.81022e-007	4.62644e-007	4.21395e-005	5.76084e-005	3.12446e-006	1.94623e-006	1.70455e-006	1.81311e-010	8.30805e-005	2.17211e-007	7.04927e-008	1.36403e-006	3.43934e-008	2.00663e-008	4.16259e-010	
0	0	0	3.10927e-043	8.42772e-019	1.50752e-009	1.59694e-012	2.83565e-013	1.57447e-008	4.3688e-009	5.21906e-011	2.86307e-012	1.82188e-014	3.82665e-013	5.30658e-015	1.42681e-012	5.87218e-010	5.67347e-010	2.26646e-006	6.77723e-008	5.85977e-009	6.18776e-013	7.94096e-014	1.00557e-011	4.01758e-010	1.25066e-011	3.45493e-009	7.31436e-011	2.86736e-012	4.56435e-011	6.72134e-011	7.12797e-014	7.55859e-009	1.89446e-012	7.81103e-014	2.6369e-012	2.4575e-014	4.51777e-014	
0	0	0	0	2.86776e-014	8.15656e-005	7.62588e-006	3.53076e-006	5.58711e-005	7.47125e-006	1.43581e-006	7.9801e-007	2.54214e-007	7.36139e-007	4.26549e-007	1.96451e-006	8.32536e-007	1.93828e-006	0.00052826	0.000439669	0.00191967	0.00511829	0.00164729	0.000738213	0.0218028	0.00615603	0.00390443	0.000555296	7.00264e-005	3.96073e-005	2.2567e-005	8.87194e-006	2.80716e-005	4.19033e-005	2.17277e-005	7.43136e-006	3.85424e-006	1.46973e-006	


1	0.523042	0.521398	0.0529477	0.0376788	0.00203563	0.00015891	0.000443303	4.48831e-005	2.36635e-006	9.44935e-007	2.79763e-007	3.04027e-008	6.02511e-008	1.02108e-007	1.1114e-007	3.15093e-008	6.57152e-009	3.84214e-010	1.44148e-010	3.62337e-011	5.23126e-011	5.95149e-012	1.52061e-012	1.5346e-012	2.38597e-013	9.01329e-014	8.42359e-015	3.61243e-015	1.16134e-015	2.89224e-016	7.4413e-017	1.4852e-017	8.51602e-018	1.19387e-017	2.4229e-018	1.96294e-018	8.33949e-019	
0	0.000592314	5.05943e-006	0.000504159	1.61637e-006	2.70053e-007	8.40957e-008	6.73453e-008	3.16899e-007	2.10471e-008	3.80992e-010	1.6328e-008	3.59017e-010	1.51993e-009	7.71354e-012	3.23857e-010	2.81247e-011	1.14285e-011	4.41705e-013	3.4962e-014	1.14941e-012	4.39278e-014	4.13361e-016	8.5195e-017	6.18519e-016	2.39578e-017	5.60199e-018	5.8178e-019	1.04489e-019	2.09294e-019	2.07146e-020	9.96167e-021	2.49676e-021	4.42905e-022	3.07116e-021	3.37079e-021	2.40273e-022	1.28838e-021	
0	0.476365	0.467515	0.946385	0.953858	0.997687	0.993555	0.998779	0.993931	0.995132	0.920465	0.700527	0.0846324	0.135272	0.0120595	0.0132523	0.0422353	0.162408	0.310796	0.28329	0.151571	0.0759516	0.00955033	0.000825881	0.00062461	0.00399989	0.00166997	0.00231184	0.000926301	0.000902461	0.000276756	3.54454e-005	1.52303e-005	1.4967e-006	1.72962e-007	1.97299e-007	1.5071e-008	1.01946e-008	
0	0	0.0110804	7.77552e-005	0.00845226	0.000271155	0.00628399	0.000765157	0.00602302	0.00482206	0.0794662	0.264781	0.906038	0.182923	0.00121583	5.3772e-006	0.00017352	1.58297e-005	0.0250762	0.586499	0.293749	0.00080498	3.17988e-005	1.27418e-006	1.43373e-007	1.36284e-006	7.79326e-007	7.81791e-007	3.1102e-005	3.88253e-007	1.07623e-005	5.10968e-006	1.04221e-007	2.85747e-009	1.68436e-010	2.03384e-010	4.41688e-011	1.29805e-011	
0	0	1.42095e-006	8.54073e-005	5.25162e-007	5.6539e-006	2.19739e-006	1.18429e-005	8.60018e-007	4.30609e-005	6.81144e-005	0.0346908	0.00557435	0.16033	0.000929145	1.00014e-005	1.74336e-007	1.69602e-006	1.84204e-005	0.00384774	0.438063	0.0192035	1.00058e-005	2.52289e-008	2.09689e-009	1.78262e-009	1.13073e-008	1.14123e-009	1.74272e-009	1.94645e-007	9.66103e-009	1.02216e-008	1.0671e-007	2.62015e-010	7.83497e-012	9.8423e-013	1.68804e-013	1.248e-013	
0	0	0	3.01749e-009	8.7566e-006	1.61534e-007	2.17504e-008	1.17908e-007	9.22686e-009	2.68024e-010	6.52032e-009	1.27724e-006	0.00375503	0.519286	0.626225	0.109445	0.00190094	8.50489e-006	1.69226e-006	1.14792e-007	0.00076476	0.123163	0.142102	0.20314	0.0563609	0.000243353	3.6619e-006	7.5051e-008	1.24783e-009	1.07199e-010	4.03444e-010	5.65276e-010	5.06673e-010	5.06639e-008	3.43683e-008	4.02683e-008	6.20095e-008	6.995e-008	
0	0	0	4.59893e-012	8.18854e-009	1.83385e-007	2.06686e-007	2.43668e-008	5.1919e-009	9.7826e-010	2.20865e-010	1.85169e-009	1.84441e-007	0.00218605	0.359212	0.839103	0.505305	0.00308172	0.00025229	7.24913e-006	1.31548e-006	0.000107764	0.0400319	0.0570847	0.178372	0.0202422	0.000335363	2.3911e-005	3.39982e-006	4.44048e-007	4.13863e-008	3.14969e-008	2.5891e-008	3.42501e-008	7.292e-008	1.42133e-006	9.55889e-007	7.99197e-006	
0	0	0	0	3.6553e-012	4.93666e-009	6.40237e-008	4.38747e-007	2.27491e-007	7.65127e-008	2.12966e-008	3.46925e-009	9.28306e-010	3.20361e-006	0.000358312	0.0381839	0.450385	0.834484	0.663856	0.126356	0.115851	0.780769	0.808274	0.738948	0.764643	0.975513	0.99799	0.997663	0.999039	0.999097	0.999712	0.999959	0.999985	0.999998	1	0.999998	0.999999	0.999992	


1	0.999918	0.204214	0.98418	0.883421	0.789263	0.622962	0.225306	0.749431	0.989568	0.994122	0.979948	0.757223	0.648022	0.968047	0.987188	0.989964	0.835679	0.241238	0.151378	0.141176	0.0484184	0.0190997	0.0141786	0.0194881	0.614788	0.432975	0.40969	0.757129	0.146389	0.789051	0.0300244	0.026225	0.000904809	0.00478647	0.0572294	0.0427763	0.170886	
0	6.23845e-005	0.789518	0.000101764	0.00602126	3.53343e-005	9.64945e-006	0.772075	0.23655	0.00305945	0.000809745	0.000107637	0.00702975	0.269045	0.0162086	0.0010974	0.00556843	0.162737	0.747743	0.0554204	6.25599e-006	1.66848e-005	0.0550556	0.392171	0.00554368	0.00135098	0.519987	0.570132	0.216888	0.827732	0.143466	0.967289	0.925235	0.996571	0.936752	0.491712	0.941275	0.783139	
0	2.00051e-005	0.00626772	0.000236975	0.00021438	8.88863e-006	8.37771e-006	0.00151435	0.0112542	0.00141914	0.000761083	9.27083e-005	4.94388e-005	0.0018299	0.00358681	0.000324035	0.000642294	0.000404951	0.00574929	0.00852763	1.78682e-006	7.28468e-007	8.1393e-005	0.0018809	0.00155532	0.00299085	0.00431811	0.0194073	0.0230704	0.0257234	0.0198756	0.00175644	0.0420886	0.00249807	0.0435437	0.239927	0.00829626	0.0263901	
0	0	5.72775e-009	0.00593679	0.000523734	1.38246e-005	3.97225e-007	3.04189e-009	0.00273873	0.0059454	0.00410353	0.0148172	0.00893432	0.000150236	0.000553311	0.000357436	1.70309e-005	2.54754e-006	0.000129321	0.00318957	0.0052974	0.000129677	1.15441e-006	1.99901e-005	0.00532169	0.00111569	2.83322e-006	4.04598e-005	0.00272307	0.000123683	0.047373	0.000916536	0.00642762	2.28203e-005	0.0148964	0.208444	0.00590437	0.0174532	
0	0	1.28093e-009	0.00954422	0.109814	0.210428	0.376765	0.00109613	2.19339e-005	7.48422e-006	0.000204044	0.00503251	0.226273	0.0790126	0.0115806	0.0109368	0.00232009	0.000208312	1.31701e-007	2.85696e-006	0.035366	0.122538	0.00494356	8.46881e-005	6.43087e-005	0.00594433	0.000382532	1.16226e-006	1.08537e-005	2.76368e-007	0.000162763	1.14873e-006	2.00193e-006	2.00098e-006	8.93285e-006	0.00238599	0.0010949	9.72206e-005	
0	0	0	3.66213e-012	5.76344e-006	0.000251253	0.000255141	8.29091e-006	3.55748e-006	5.49451e-008	6.80164e-010	1.59981e-006	0.000489308	0.00191655	4.01105e-008	5.30264e-005	0.00148683	0.000945738	0.000202771	5.5049e-006	3.20566e-007	4.62211e-007	2.49398e-005	5.61211e-007	1.21546e-007	9.15408e-005	1.1711e-005	2.02048e-007	5.04258e-010	3.29932e-010	6.54596e-011	2.12286e-009	5.39792e-011	1.56628e-012	2.49547e-010	9.63327e-009	9.49895e-009	5.6098e-007	
0	0	0	2.78623e-016	1.07948e-009	9.27223e-010	6.4374e-009	5.00831e-007	1.33787e-007	5.57756e-008	2.99498e-008	2.61469e-007	2.21131e-007	1.9758e-005	3.77307e-007	2.53241e-009	1.09417e-007	2.17684e-005	0.00493587	0.781367	0.0307057	1.63879e-006	6.10887e-009	2.39651e-008	2.19918e-009	9.36622e-009	1.39117e-006	1.92268e-007	7.32783e-008	1.63203e-008	1.75491e-008	5.31438e-010	1.9812e-010	5.16104e-013	3.05969e-012	1.074e-010	1.46675e-009	4.08438e-009	
0	0	0	0	3.76483e-017	6.79784e-012	1.34023e-012	1.59146e-010	4.41483e-009	1.97807e-009	7.46667e-010	3.09411e-008	6.86363e-007	3.1417e-006	2.35342e-005	4.37754e-005	1.15163e-006	2.32307e-008	1.20884e-006	0.000109007	0.787446	0.828894	0.920794	0.591664	0.968027	0.373719	0.0423215	0.000729458	0.00017891	3.18198e-005	7.15411e-005	1.23395e-005	2.13939e-005	1.73721e-006	1.21817e-005	0.000301123	0.000653522	0.00203395	


1	0.74494	0.999664	0.995327	0.925583	0.972405	0.901627	0.998167	0.994842	0.991464	0.985036	0.669878	0.0801158	0.729885	0.99181	0.793744	0.679044	0.938288	0.336773	0.00967995	0.00398215	0.00108615	7.99207e-005	3.60684e-006	9.81301e-007	6.50356e-006	2.99458e-005	0.000124908	0.000117949	0.000275553	0.000340443	0.000140073	0.000265058	0.000431701	0.000398271	0.000174703	0.000247069	4.07826e-005	
0	0.255025	3.19695e-005	0.0046711	0.0744129	0.0275478	0.0983281	0.000667363	0.00396091	0.00804693	0.014669	0.328509	0.88575	0.0926048	0.00409811	0.194669	0.282537	0.000835351	0.00659436	0.000430462	0.0130678	0.000192285	9.90241e-008	9.73003e-011	3.32746e-008	4.53805e-007	1.04908e-007	5.12098e-008	1.06431e-006	3.78827e-009	1.14143e-005	2.21435e-007	2.53528e-008	1.92951e-008	1.49717e-007	1.31614e-007	2.71217e-008	3.07623e-008	
0	3.46438e-005	0.000168277	1.35575e-006	4.13249e-006	4.68923e-005	4.47393e-005	0.00115516	0.00117877	0.000459477	0.000274222	0.00159231	0.0341188	0.125614	1.94301e-005	2.16623e-005	0.034582	0.0586038	0.172949	0.062768	0.00565643	8.18993e-007	1.21181e-008	2.24271e-011	1.25616e-011	2.741e-009	1.10445e-008	2.54533e-009	8.07469e-008	1.8666e-008	5.33075e-008	3.08646e-007	2.20558e-009	6.55162e-010	1.15167e-009	8.29127e-011	8.16701e-010	4.20944e-010	
0	0	0.000136213	2.60349e-009	1.34703e-009	2.40051e-009	2.68451e-009	1.08349e-005	1.78758e-005	2.90108e-005	1.89323e-005	1.68647e-005	1.18834e-005	0.0516726	0.000174381	5.53155e-008	2.10942e-006	0.000229283	0.482278	0.926137	0.000704151	1.13508e-008	5.69503e-010	1.41293e-011	1.08304e-014	1.02304e-012	1.87785e-010	1.72132e-009	2.58227e-010	1.22302e-007	2.70168e-008	6.05426e-008	6.73515e-008	5.99019e-009	2.5964e-011	1.1016e-012	2.91193e-012	1.00048e-012	
0	0	2.7237e-015	6.11063e-008	6.65345e-012	2.9662e-013	2.06252e-013	2.03205e-013	2.04937e-009	7.3635e-007	1.44244e-006	2.51623e-006	3.60955e-009	5.3985e-009	6.20336e-006	1.22618e-007	8.87253e-011	1.52514e-009	2.40492e-006	0.000880702	0.00478121	7.01598e-007	3.5993e-012	5.23807e-016	2.97834e-015	8.96144e-017	1.28581e-015	1.17635e-013	9.20771e-013	8.96271e-012	2.181e-009	6.20165e-011	1.26102e-009	6.37755e-012	2.93504e-012	1.16477e-014	1.30277e-016	9.07444e-017	
0	0	0	1.54479e-007	7.96181e-009	3.19191e-011	2.39419e-013	1.6472e-012	1.12057e-010	1.1671e-009	1.18077e-008	1.38977e-006	3.13175e-006	1.93528e-005	0.000869966	8.04911e-005	4.97572e-008	5.0483e-010	2.3485e-008	3.00264e-005	0.971781	0.76742	0.000833641	1.48762e-006	2.73375e-008	2.02515e-011	3.62515e-013	2.76046e-015	3.96189e-013	1.50434e-013	1.94365e-010	1.15698e-010	3.33455e-010	6.48021e-010	3.24702e-010	1.56313e-012	9.4409e-013	5.86512e-015	
0	0	0	3.0334e-023	1.63752e-008	6.12687e-010	1.58601e-011	6.04207e-012	5.12002e-014	2.28455e-013	3.87669e-013	2.27625e-010	5.40019e-008	0.000202419	0.00298857	0.00990719	0.000253858	8.47916e-007	3.66548e-009	8.57964e-013	1.21321e-006	0.229841	0.989711	0.991358	0.854538	0.037267	0.00938238	0.000776167	2.01591e-005	6.18266e-006	3.16699e-007	1.81874e-007	2.82322e-007	4.42432e-006	2.27046e-005	3.3106e-005	0.000331389	0.000531533	
0	0	0	0	1.20081e-009	1.19321e-009	5.22746e-010	2.85431e-010	3.95303e-010	4.83169e-010	3.05577e-010	1.42224e-009	1.0211e-008	1.76773e-006	3.28515e-005	0.00157734	0.00358137	0.00204229	0.00140279	7.34076e-005	2.56624e-005	0.00145926	0.00937489	0.00863674	0.145461	0.962726	0.990588	0.999099	0.999861	0.999718	0.999648	0.999859	0.999735	0.999564	0.999579	0.999792	0.999422	0.999428	


1	0.377558	0.410057	0.00783993	0.0151548	0.000442237	5.60526e-006	8.35091e-005	6.82529e-005	4.08407e-006	2.72264e-007	8.82555e-009	5.86523e-010	3.08084e-009	1.57431e-007	1.00294e-007	4.83726e-008	6.84211e-008	2.26609e-009	1.51548e-010	2.15375e-012	6.76431e-012	3.29309e-011	4.24469e-011	2.57677e-011	2.20369e-010	7.34911e-010	5.17013e-009	7.38918e-009	1.6956e-008	1.1453e-008	2.76548e-009	3.78189e-009	4.84954e-009	1.25822e-009	6.12917e-010	4.36072e-010	2.36923e-010	
0	0.322447	0.584731	0.0253702	0.0348245	0.00633946	0.000849053	0.0128988	0.0171636	0.00416142	0.000522586	7.75786e-005	7.9742e-006	6.4571e-005	0.0013712	0.00102783	0.00314763	0.00357659	0.000511599	1.72227e-005	1.05657e-006	6.3296e-006	1.31919e-005	5.64933e-006	3.68782e-006	5.85242e-005	0.000187609	0.00301689	0.00347284	0.00305883	0.0146828	0.00110873	0.000489734	5.56252e-005	6.78162e-006	1.60246e-006	2.28359e-007	4.26791e-008	
0	0.299995	0.00519034	0.966301	0.78615	0.944957	0.949469	0.463197	0.787054	0.902318	0.944916	0.130414	0.00151656	9.31356e-005	9.73123e-005	0.000704588	0.00196874	0.0160765	0.000480888	2.82381e-005	1.372e-006	2.17988e-006	1.07668e-007	9.64337e-009	4.64179e-007	0.000909186	0.00190874	0.0107528	0.00688303	0.00177344	0.00459961	7.43061e-006	3.54495e-005	2.29018e-007	8.90816e-008	3.75148e-007	1.10355e-009	3.43407e-009	
0	0	2.16886e-005	0.000488487	0.163823	0.0477093	0.0495891	0.49249	0.186661	0.0923901	0.0542156	0.86867	0.96781	0.491444	0.184881	0.18026	0.697491	0.438351	0.0622481	0.00803979	0.0367702	0.140554	0.000983318	1.99512e-007	5.88361e-008	1.00163e-005	0.000618218	0.00106763	0.000873702	3.21745e-005	0.00443764	5.81107e-006	5.34286e-007	6.49819e-009	6.04545e-010	1.86169e-010	6.43476e-011	1.15289e-011	
0	0	9.11923e-008	2.43837e-008	4.75014e-005	0.000549829	8.62045e-005	0.0309442	0.00502014	0.000417844	0.00030291	0.000429247	0.0277718	0.386872	0.0816472	0.00165655	0.0471465	0.474808	0.257264	0.086488	0.00442417	0.00245259	0.000523096	1.91536e-006	1.11e-008	2.32627e-006	3.03143e-005	0.00111505	8.03058e-005	5.31788e-005	2.09017e-005	3.07846e-007	1.74136e-007	2.00231e-010	2.55943e-013	3.80558e-014	1.21406e-014	7.4082e-015	
0	0	0	1.755e-010	7.44025e-008	2.00666e-006	1.12098e-006	0.000307276	0.0016463	0.00054694	4.14367e-005	0.000406373	0.00288107	0.10427	0.236757	0.0621103	0.0548416	0.022637	0.660271	0.90078	0.950836	0.630276	0.0537301	0.000607236	8.69545e-005	0.000633256	0.00161369	0.00541587	0.00236469	0.00282345	0.0226849	0.00112912	0.000492698	6.33434e-006	2.31039e-008	2.39539e-010	1.08079e-012	1.52257e-014	
0	0	0	1.25029e-011	8.90491e-012	3.16116e-009	3.13687e-008	7.86574e-005	0.00237951	0.000134098	2.19288e-007	5.0721e-007	4.41372e-006	0.0113494	0.0507357	0.00703043	0.000661559	0.000405786	0.00943191	0.000638812	0.00199481	0.0325176	0.00184026	1.10391e-005	8.18307e-007	2.77156e-006	3.01825e-005	5.91596e-005	0.000301133	0.000423569	0.000516275	1.52096e-005	1.98484e-006	8.65337e-008	3.566e-010	2.81005e-012	3.18607e-014	1.68587e-016	
0	0	0	0	2.30743e-012	2.49967e-011	2.63144e-010	3.24566e-007	6.49928e-006	2.78226e-005	1.38547e-006	2.20224e-006	7.66273e-006	0.00590738	0.44451	0.74721	0.194743	0.0441445	0.00979313	0.00400825	0.005972	0.194191	0.94291	0.999374	0.999908	0.998384	0.995611	0.978573	0.986024	0.991835	0.953058	0.997733	0.998979	0.999938	0.999993	0.999998	1	1	


1	0.847991	0.530532	0.325757	0.263016	0.0291019	0.0017997	0.00272024	0.00089551	0.000141159	7.76111e-005	6.53708e-005	0.000173998	6.18891e-005	7.64984e-006	1.17441e-006	2.57799e-006	3.18493e-006	8.92534e-008	5.10504e-009	2.55446e-008	1.38037e-007	9.7077e-008	4.97127e-008	3.66328e-008	2.27499e-008	2.2589e-009	2.78589e-010	6.38786e-011	2.64875e-012	4.86262e-013	7.46846e-014	6.28669e-015	3.18468e-015	1.24171e-015	2.9122e-015	1.58834e-015	1.42149e-015	
0	0.00809258	0.454501	0.00663243	0.01657	0.00133826	5.56696e-005	0.100482	0.0083945	0.000163342	1.12058e-006	1.74612e-007	2.47906e-006	9.00866e-005	0.000242772	4.15684e-005	2.46478e-005	5.05437e-006	8.05009e-008	4.95094e-010	1.3429e-009	1.49393e-007	7.22296e-007	3.01299e-006	5.64797e-006	5.08959e-007	4.48975e-007	1.07478e-007	1.24921e-008	3.05086e-009	9.15613e-010	7.69412e-011	2.01186e-011	8.33022e-011	1.18179e-010	1.88854e-011	6.90269e-011	7.09537e-011	
0	0.143916	0.0149227	0.667598	0.720258	0.969192	0.997327	0.649477	0.447854	0.163913	0.175643	0.0801813	0.155169	0.00235439	5.32829e-005	1.46652e-005	0.00016572	5.11864e-005	1.21937e-006	8.304e-008	6.79148e-007	6.86627e-007	1.62852e-008	1.56942e-009	1.35299e-007	1.39151e-005	9.12921e-007	1.11569e-007	7.65753e-009	6.61395e-011	1.5602e-010	3.30849e-013	3.25383e-014	2.28116e-014	2.81246e-013	1.15746e-012	7.1303e-014	2.76392e-013	
0	0	4.49506e-005	1.33009e-005	0.000156552	0.00036817	0.000817344	0.247309	0.542817	0.83462	0.793071	0.773741	0.680082	0.00436103	2.65739e-007	4.57411e-008	3.81683e-005	0.000322592	0.00303887	0.0631368	0.100032	0.000203181	1.0428e-007	2.53802e-011	5.73003e-012	1.52235e-007	2.59469e-007	8.75782e-008	2.71942e-008	3.42109e-010	2.20971e-010	4.87949e-013	6.62645e-016	1.18717e-018	9.36487e-019	1.56701e-017	2.19748e-017	3.06393e-017	
0	0	8.29431e-022	1.22e-010	2.27944e-010	1.04529e-011	4.358e-011	1.06444e-005	3.80409e-005	0.00116299	0.0312064	0.14573	0.0776629	0.000733624	1.17622e-007	4.37516e-012	2.78555e-011	2.51388e-008	5.10831e-005	0.00125636	0.00770181	2.17801e-005	1.25163e-009	4.645e-013	7.38945e-016	4.78648e-016	2.52982e-010	1.6832e-011	1.0766e-010	7.64339e-011	2.17653e-011	1.54567e-012	1.53996e-014	4.1192e-018	5.20954e-022	2.17869e-023	4.50978e-022	1.40861e-022	
0	0	0	1.883e-012	7.75899e-011	1.62082e-012	2.74588e-013	8.46237e-007	6.66939e-009	2.65054e-008	1.35708e-007	0.000281825	0.0868587	0.952791	0.109935	2.00053e-005	3.47252e-009	1.98691e-011	1.20477e-008	9.45146e-008	0.00532178	0.00942913	0.000579006	0.000117905	2.37958e-007	2.87911e-012	1.95895e-013	4.69775e-014	3.63314e-014	7.46936e-013	3.55307e-014	9.42654e-013	1.5478e-013	6.39919e-014	2.20292e-014	3.61179e-016	4.12338e-016	4.36389e-018	
0	0	0	2.69764e-029	1.1979e-013	3.0967e-013	8.01634e-015	1.2046e-013	6.46267e-009	2.04117e-010	5.77693e-011	9.16733e-009	4.99716e-005	0.0391625	0.886028	0.987582	0.443087	0.00521496	1.38018e-005	3.12694e-008	1.61854e-007	0.0174371	0.0874809	0.144178	0.421655	0.03548	0.000796573	1.03216e-005	3.20499e-007	5.40467e-009	3.41826e-010	3.59864e-011	1.81035e-011	2.15673e-011	4.60073e-011	3.69695e-010	6.74063e-010	1.30436e-008	
0	0	0	0	3.62689e-015	6.76725e-015	3.5798e-016	1.75022e-013	2.48244e-009	1.30226e-009	1.09039e-009	5.34716e-010	1.18287e-006	0.000445374	0.00373318	0.012341	0.556682	0.994403	0.996895	0.935607	0.886943	0.972908	0.911939	0.855701	0.578339	0.964505	0.999202	0.999989	1	1	1	1	1	1	1	1	1	1	


1	0.657673	0.534783	0.185972	0.0659398	0.0180426	0.00201173	0.185638	0.70913	0.904283	0.92477	0.654562	0.0475817	0.0313476	0.0418363	0.0524125	0.0315925	0.381443	0.243045	0.00706611	0.0256466	0.0418034	0.0117068	0.00347376	0.00308585	0.0139105	0.0269124	0.0999649	0.463147	0.416063	0.667942	0.306549	0.0890184	0.0201321	0.0085215	0.00154228	0.000584993	0.00019641	
0	0.138689	0.464301	0.619735	0.609767	0.290418	0.0295953	0.307558	0.187617	0.0735126	0.0660023	0.245239	0.139499	0.512487	0.949486	0.46052	0.0352044	0.136743	0.0325378	0.000195672	0.03288	0.278827	0.295234	0.149373	0.011519	0.0100406	0.00796763	0.00723558	0.0103184	0.022026	0.0146478	0.0869741	0.0877996	0.0368531	0.0253586	0.035535	0.0451616	0.0203171	
0	0.203638	0.000685308	0.194201	0.319436	0.689175	0.961617	0.463302	0.098432	0.0215606	0.00917449	0.0905632	0.0354055	0.00295613	0.00645473	0.483224	0.859579	0.407641	0.0269189	0.000173425	0.0385858	0.049332	0.000415093	5.72701e-005	0.0147713	0.511818	0.251507	0.174536	0.0270034	0.000261338	0.00743198	3.15201e-005	6.59409e-005	2.43664e-005	1.73709e-005	3.82866e-005	9.14097e-006	2.42014e-005	
0	0	0.000230558	9.10788e-005	0.00485652	0.00235101	0.00675364	0.042883	0.00355587	0.000510403	2.07388e-005	0.00958889	0.777153	0.419203	0.00217285	0.00374182	0.0720999	0.0416571	0.14203	0.00049183	0.341576	0.150604	0.00157365	5.36441e-005	0.000148442	0.000179117	0.00158951	0.000240924	0.00418176	1.0517e-006	0.000117683	0.000182164	1.74626e-005	5.4097e-006	1.43629e-005	1.41914e-006	6.25677e-006	1.08016e-005	
0	0	1.44726e-007	8.52613e-008	3.4204e-008	1.21799e-005	2.18596e-005	0.000348662	0.000775085	7.3129e-005	8.94473e-008	1.39712e-005	0.000348917	0.031364	7.04434e-006	1.17919e-005	0.00147534	0.0191347	0.0021118	3.84294e-005	0.00593677	0.00229557	2.17637e-005	8.57692e-008	7.04058e-008	1.87434e-006	4.78659e-006	8.21097e-007	1.31387e-005	7.11822e-008	3.22359e-008	1.99434e-007	1.63976e-008	5.34901e-011	5.25426e-010	1.18957e-010	5.32482e-011	4.77569e-009	
0	0	0	2.66759e-008	2.53697e-008	1.21524e-006	4.89478e-007	0.000270328	0.000490115	5.71562e-005	3.24488e-005	1.19686e-005	1.10753e-005	0.00262213	9.64158e-006	1.46621e-007	3.41168e-005	0.013364	0.517188	0.967423	0.0847411	1.10415e-005	5.19845e-006	1.40856e-007	1.3242e-008	3.81949e-005	4.39153e-006	0.000250903	3.71454e-005	6.1944e-005	3.2257e-006	2.07501e-008	7.26479e-008	4.60785e-010	2.34209e-011	2.66525e-010	7.89972e-012	1.10946e-010	
0	0	0	6.01857e-025	1.54231e-013	6.76603e-014	2.37662e-012	1.19249e-008	1.6183e-007	3.41596e-006	2.9672e-007	2.09993e-005	4.35689e-007	8.02008e-008	3.61319e-007	3.46197e-009	2.76313e-011	1.6565e-007	0.0361119	0.0245695	0.402744	0.000286076	1.15047e-008	9.39797e-011	4.53177e-011	9.94266e-012	6.6208e-007	2.41435e-008	1.64666e-006	6.4684e-007	6.93389e-006	3.3977e-007	4.46115e-009	2.01366e-011	6.39414e-014	7.635e-016	2.45525e-014	3.26876e-016	
0	0	0	0	1.4895e-012	6.42554e-013	7.26499e-012	1.28451e-008	5.5911e-008	9.5413e-008	1.82784e-008	1.44231e-007	9.75167e-007	1.9669e-005	3.26946e-005	9.00989e-005	1.51872e-005	1.76466e-005	5.65266e-005	4.21387e-005	0.067889	0.476841	0.691043	0.847042	0.970475	0.464012	0.712013	0.717771	0.495298	0.561586	0.30985	0.606262	0.823099	0.942985	0.966088	0.962883	0.954238	0.979451	


1	0.875353	0.997935	0.29667	0.860291	0.0682439	0.0254677	0.25253	0.637445	0.519401	0.722242	0.281348	0.0107121	0.01883	0.0711161	0.0136695	0.0881196	0.151188	0.188621	0.00829824	0.00137552	0.0682233	0.0637453	0.0156053	0.00253555	0.0128214	0.0353827	0.0230757	0.0578253	0.0925416	0.122907	0.0460556	0.0597569	0.0125958	0.00403826	0.00122785	0.000297144	9.95299e-005	
0	0.124613	0.00203471	0.703326	0.101305	0.931644	0.972814	0.732146	0.351937	0.478921	0.20432	0.0641378	8.54599e-005	0.000187091	8.47095e-005	0.0018063	0.0335369	0.614039	0.448387	0.0123007	0.00124552	0.0154085	0.00016156	3.69941e-005	0.000722883	0.167923	0.255911	0.769087	0.10205	0.0451839	0.0288177	2.40413e-005	0.000726773	1.65615e-005	2.32147e-005	9.29543e-006	4.02821e-007	6.65482e-007	
0	3.4004e-005	2.87276e-005	3.78236e-006	0.0384046	0.000112079	0.00171834	0.0153033	0.0105413	0.00159299	0.0733562	0.520579	0.737238	0.0900736	0.000332565	1.83086e-006	0.000481316	0.00298014	0.196102	0.919259	0.877304	0.528067	0.000667647	3.83608e-007	8.27241e-008	0.000100358	0.00306617	0.000529185	0.101542	0.000469028	0.00188099	0.000175503	8.07316e-007	1.94585e-007	8.45737e-009	1.72478e-009	2.26817e-009	2.07739e-010	
0	0	1.82235e-006	4.04309e-010	7.0381e-009	9.14809e-008	4.90819e-009	2.06475e-005	7.62481e-005	8.42241e-005	7.2333e-005	0.132809	0.240394	0.836948	0.0822717	6.25804e-005	1.10691e-006	8.56239e-008	0.00563249	0.052671	0.0689315	0.0399996	0.00420729	3.12675e-005	2.7321e-008	5.12504e-011	3.05493e-007	8.38022e-007	2.75212e-005	0.0032987	0.0013132	0.0037212	0.000510468	1.15345e-005	8.00393e-008	2.86967e-010	1.16149e-011	3.77978e-012	
0	0	8.85749e-018	7.51529e-010	9.45413e-012	4.29697e-013	3.54069e-011	3.11979e-013	2.79926e-009	3.29777e-007	9.57989e-006	0.00112585	0.0115686	0.00321171	0.00049439	8.428e-006	4.24116e-007	9.16679e-010	4.34289e-009	0.000478049	0.0485916	0.00970345	3.40685e-006	6.19041e-008	2.49795e-009	5.83103e-011	4.15678e-014	6.628e-012	1.44872e-010	1.3445e-008	2.03922e-005	1.07327e-006	4.80372e-005	1.43055e-008	7.93357e-010	8.62514e-012	8.21119e-015	9.3607e-016	
0	0	0	1.22234e-015	2.72137e-013	1.45103e-015	1.18588e-017	8.46727e-012	6.21272e-015	4.79601e-013	4.061e-012	1.15334e-008	2.58705e-006	0.050729	0.00116455	4.16842e-007	1.27891e-009	4.81803e-009	1.30414e-008	1.3215e-011	2.17466e-005	0.0764521	0.0017802	2.6082e-005	8.54537e-009	1.77878e-011	7.04009e-012	4.05258e-014	2.00018e-015	1.60488e-011	5.03856e-011	2.63641e-008	3.92372e-008	1.56995e-007	1.78251e-009	9.03973e-013	4.56185e-014	9.19744e-017	
0	0	0	7.23317e-026	3.78606e-015	4.85409e-015	3.73197e-016	2.51662e-016	3.49787e-014	3.48899e-016	1.13087e-015	1.68654e-012	5.57811e-010	2.09377e-005	0.844511	0.921507	0.154299	0.000458306	1.98565e-005	1.61857e-008	1.05924e-008	0.00290822	0.248564	0.470781	0.6329	0.0600232	0.00463207	0.000140066	1.053e-005	1.96356e-006	1.58212e-007	4.09956e-008	5.83236e-008	1.8833e-007	4.89708e-007	1.43614e-006	3.05992e-006	6.44245e-006	
0	0	0	0	2.01316e-020	3.45672e-017	2.38395e-016	1.00256e-015	1.80785e-015	2.56467e-015	1.9646e-015	3.6108e-015	4.04748e-014	2.10851e-010	2.48959e-005	0.0629442	0.723562	0.231335	0.161238	0.00699272	0.00253016	0.259238	0.68087	0.513519	0.363842	0.759132	0.701008	0.207167	0.738544	0.858505	0.84506	0.950023	0.938957	0.987376	0.995938	0.998761	0.999699	0.999893	


1	0.817404	0.99871	0.686459	0.972733	0.17439	0.013722	0.779081	0.416978	0.030109	0.00305417	0.000172312	3.11847e-006	1.07067e-006	0.000128743	0.000200875	0.0104066	0.178502	0.119131	0.00271082	0.000220953	0.00313918	0.000701162	6.08411e-005	0.00010693	0.00538479	0.0352268	0.209648	0.637272	0.849635	0.680109	0.85396	0.607746	0.127591	0.0200286	0.00305464	0.000246612	4.16314e-005	
0	0.182595	0.00123662	0.31354	0.0130706	0.825607	0.985251	0.191333	0.582256	0.969757	0.188226	0.00566236	2.07325e-006	5.95097e-010	5.69966e-009	8.72087e-006	0.0176574	0.326335	0.737862	0.0147552	9.66913e-005	5.44931e-006	2.81747e-007	3.84838e-009	6.22478e-006	0.0565921	0.0147747	0.364204	0.134854	0.019512	0.29451	0.000925479	0.000918254	3.3968e-006	3.48077e-006	1.28484e-005	7.44381e-009	1.0498e-007	
0	1.0649e-006	5.37798e-005	9.62672e-007	0.0141961	2.90588e-006	0.00102684	0.0295469	0.00076558	0.0001341	0.808719	0.730881	0.378688	0.000119352	3.28943e-005	2.68841e-008	3.40849e-006	6.78056e-005	0.00268054	0.979725	0.70812	0.0178088	9.52018e-008	6.45666e-013	2.21843e-012	2.34161e-007	0.000172211	2.52295e-006	0.049198	1.45664e-005	0.000643558	0.00075354	1.19214e-007	7.26321e-009	6.67213e-011	4.6552e-012	1.93064e-010	2.49314e-014	
0	0	7.48758e-008	3.11195e-009	5.36363e-007	3.79142e-008	3.32715e-010	3.23637e-006	4.12049e-007	2.9813e-009	5.0441e-007	0.2629	0.620737	0.110188	0.00805388	3.94629e-007	4.11574e-008	1.7252e-007	9.93427e-006	0.000714855	0.262917	0.0230335	2.98048e-006	8.35287e-010	6.34854e-014	9.26911e-013	3.79014e-008	2.67645e-008	8.66588e-008	9.02536e-006	2.25574e-008	3.62754e-005	7.3641e-006	1.32197e-008	4.15123e-012	6.53878e-015	5.07918e-013	3.36626e-015	
0	0	2.86575e-009	1.46625e-009	9.3577e-012	1.35395e-008	1.10789e-012	3.60282e-005	2.4275e-007	7.43977e-009	3.85534e-010	0.000384525	0.000563562	0.88965	0.241971	0.000642664	1.11449e-005	2.05756e-006	1.5267e-005	6.79601e-007	0.00161264	0.0251515	5.64704e-005	2.41422e-007	1.00108e-009	9.60322e-012	3.87118e-009	1.62137e-007	2.31944e-009	0.00117992	1.80874e-005	5.57181e-006	9.46162e-006	1.82176e-007	7.85843e-010	1.15204e-012	3.86873e-015	1.53156e-014	
0	0	0	3.02852e-009	3.17187e-010	6.57739e-011	1.17435e-010	3.97529e-011	1.66044e-007	1.12942e-008	1.06456e-009	9.87774e-010	1.34665e-006	9.67825e-006	0.711152	0.950955	0.791099	0.442303	0.0658872	0.00118768	0.000639304	0.00277594	7.15314e-006	6.27898e-009	1.0866e-007	3.11792e-006	4.22338e-007	9.26649e-008	5.40357e-009	3.70665e-009	6.70589e-005	2.62925e-007	3.05793e-007	2.48852e-009	1.35728e-010	2.00322e-011	7.34173e-015	6.06613e-017	
0	0	0	5.8431e-014	7.63021e-009	3.01365e-010	9.63101e-013	2.48835e-012	2.62381e-012	2.38111e-012	1.03309e-012	1.43792e-010	4.75214e-006	4.59363e-006	0.0104338	0.0185698	0.0809461	0.012193	0.0455414	0.000528024	0.0259413	0.549116	0.0128792	4.99733e-005	3.43762e-006	3.74373e-007	3.28103e-008	1.5429e-009	2.2868e-010	3.35599e-012	5.71559e-009	9.37561e-007	1.17442e-008	2.13247e-009	2.08512e-011	1.60998e-013	1.11594e-013	2.6308e-016	
0	0	0	0	4.31738e-012	9.67579e-011	7.65313e-012	1.4166e-010	5.04902e-012	8.94047e-013	6.747e-014	2.02349e-013	1.4192e-011	2.77061e-005	0.0282281	0.0296224	0.0998763	0.0405959	0.0288727	0.000378276	0.000452311	0.37897	0.986353	0.999889	0.999883	0.938019	0.949826	0.426146	0.178676	0.12965	0.0246521	0.144318	0.391318	0.872405	0.979968	0.996933	0.999753	0.999958	


1	0.893599	0.998987	0.962446	0.986421	0.884354	0.766638	0.996641	0.93709	0.706983	0.115639	0.007684	0.000105546	1.2629e-005	1.8846e-005	3.62318e-005	0.00287607	0.0894409	0.0397971	0.0614085	0.00417047	0.00689111	0.000873617	0.000107226	2.92306e-005	0.00313456	0.0300537	0.57422	0.898228	0.989603	0.813239	0.988282	0.994806	0.936731	0.468872	0.106967	0.00466834	0.00070053	
0	0.106399	0.000233655	0.0375353	0.00995619	0.115628	0.233286	0.00280312	0.062904	0.293002	0.881677	0.597766	0.0154913	1.51888e-006	9.3938e-009	3.21539e-007	0.000137397	0.00159456	0.0050036	0.552422	0.169448	0.00278028	2.49264e-007	2.06763e-009	2.5307e-007	0.000254899	8.99534e-005	0.00163578	0.0569458	0.00153132	0.186146	0.0040796	0.000269142	3.27641e-005	9.10293e-005	2.42799e-005	6.28827e-007	1.1296e-007	
0	1.93206e-006	0.000778658	1.78636e-005	0.00362234	1.38799e-005	7.61998e-005	0.000552154	1.10303e-006	1.48151e-005	0.00268396	0.394286	0.980471	0.51138	0.0161184	6.73435e-005	2.37186e-005	9.43665e-005	7.60679e-005	0.0384348	0.629695	0.122673	0.000157938	6.54947e-007	3.03585e-010	5.6052e-009	1.75352e-005	3.06818e-007	3.62731e-006	0.00012468	3.73858e-006	0.00637685	0.000532194	5.1463e-005	1.83119e-006	4.75059e-008	8.37836e-008	2.37141e-010	
0	0	3.0812e-007	4.63178e-007	2.61371e-007	3.37143e-006	1.19487e-008	3.77772e-006	4.43575e-006	1.29835e-007	6.85997e-009	9.18526e-005	0.00366235	0.488506	0.982763	0.992679	0.542966	0.058478	0.0362649	0.0255899	0.0010393	0.0227975	0.0302264	0.0071202	0.00183573	0.000344033	6.69893e-005	2.89374e-005	2.81778e-006	2.0916e-006	2.83125e-006	2.39307e-005	0.00135266	0.00848594	0.00486638	0.00286254	0.000597483	0.00047587	
0	0	2.49952e-011	1.57481e-007	3.73114e-009	7.16417e-007	7.47446e-008	1.68675e-010	4.0964e-008	6.6954e-008	6.71291e-008	0.000171815	0.000268076	1.91894e-005	0.000373213	0.00202149	0.434537	0.0201014	0.00130601	0.125673	0.0602438	0.000285701	3.14886e-007	2.01102e-007	1.9879e-006	0.000380236	1.57445e-006	1.42944e-007	3.07961e-008	4.65906e-010	1.05737e-007	6.66229e-009	1.10212e-006	6.85639e-008	1.58164e-006	5.81902e-007	1.67701e-008	3.24599e-008	
0	0	0	1.34061e-013	3.4107e-010	8.64752e-012	1.21976e-010	1.84687e-009	1.30751e-012	1.55237e-011	1.1918e-012	1.6883e-010	1.59672e-006	7.95087e-005	9.0166e-007	2.32117e-006	5.03513e-005	0.826388	0.90756	0.150417	0.0722244	0.0271356	0.000154019	9.6367e-007	2.28014e-009	1.09137e-007	0.000162821	1.95208e-005	5.36813e-008	4.97425e-009	3.97131e-011	9.74648e-010	2.1945e-010	2.96478e-008	6.11874e-010	6.62124e-010	7.33231e-010	1.48804e-011	
0	0	0	1.57016e-018	1.05982e-013	1.69274e-013	6.85934e-014	8.72541e-014	1.57512e-013	5.04563e-015	2.99548e-015	3.04197e-013	8.60996e-010	6.90883e-008	3.98862e-006	9.82047e-008	1.02384e-008	3.68495e-008	0.00668733	0.031858	0.0369585	0.00584085	0.000136442	1.02748e-006	3.5336e-009	6.01459e-011	1.09636e-010	1.09601e-007	1.2733e-008	1.85408e-010	7.53642e-012	6.7752e-012	8.67878e-012	5.64448e-012	2.09825e-010	8.94083e-012	9.5393e-013	5.68885e-013	
0	0	0	0	5.14203e-014	3.74587e-012	4.60663e-013	5.96851e-012	4.08402e-012	8.11009e-014	6.84891e-015	2.77458e-014	1.84598e-012	7.9313e-007	0.000721474	0.00519326	0.0194096	0.00390235	0.00330518	0.0141963	0.0262211	0.811596	0.968451	0.99277	0.998133	0.995886	0.969607	0.424095	0.0448194	0.00873937	0.000608128	0.00123807	0.00303927	0.0546986	0.526168	0.890146	0.994733	0.998823	


