E:\Google Drive\Progetti\MSR Action3D\Real\a16_s09_e03_skeleton3D.txt
16
TRUE
-1115.93
-1112.97
-1111.96
-1150.83
-1128.73
-1104.14
-1114.8
-1039.31
-1125.63
-1122.62
-1137.13
-1126.15
-1135.76
-1121.79
-1130.45
-1115.45
-1127.41
-1119.11
-1119.75
-1118.95

46
20
1	0.686543	0.353443	0.162551	0.223876	0.0707273	0.124584	0.0677735	0.0612332	0.0012679	0.00281978	0.00916256	0.00898129	0.0016232	0.000450976	0.000256179	0.000102623	3.76904e-006	4.58371e-008	7.26444e-008	1.63985e-007	3.329e-007	3.34086e-006	7.35898e-006	1.99535e-006	2.14419e-007	5.17505e-008	6.94474e-008	6.8635e-008	3.82634e-007	1.05095e-006	3.26297e-006	7.08957e-006	1.3478e-005	5.52437e-006	2.45386e-007	1.47091e-007	2.34513e-007	4.74077e-007	3.82397e-007	3.05452e-007	6.82751e-007	3.4248e-007	1.47132e-007	5.30782e-007	1.12535e-006	2.39919e-006	
0	0.161138	0.235185	0.554097	0.590394	0.413163	0.452354	0.491059	0.382596	0.0664385	0.170444	0.873551	0.865153	0.503479	0.33926	0.143704	0.0914862	0.00675886	0.000581452	0.000589924	0.00217933	0.00519297	0.0574596	0.0924867	0.0349953	0.00453295	0.00117219	0.00129874	0.000787033	0.00163293	0.00261159	0.00329382	0.00679154	0.00906024	0.00571735	0.00405543	0.0132058	0.134654	0.6419	0.594074	0.696891	0.483815	0.536561	0.0567365	0.143669	0.333723	0.160926	
0	0.152318	0.258165	0.0871865	0.0849331	0.0537972	0.178223	0.431493	0.0398429	0.00222339	0.00552726	0.0445561	0.11423	0.0343797	0.0713834	0.631718	0.358486	0.00256859	3.82609e-006	1.9467e-005	0.000195854	0.000381277	0.0268153	0.329642	0.33221	0.00573586	7.43659e-005	0.000118278	0.000241956	0.00113838	0.00603866	0.0313507	0.131058	0.308949	0.0838642	0.0066981	0.00519374	0.0208881	0.0329032	0.0368025	0.015926	0.116843	0.19243	0.0776989	0.435333	0.392338	0.793729	
0	0	0.0499661	0.193728	0.0990951	0.182425	0.220123	0.007951	0.429794	0.870425	0.687287	0.0647028	0.00333267	0.446455	0.505013	0.120797	0.254491	0.248377	0.0207541	0.000653728	3.44905e-005	0.00151653	0.0376138	0.0258845	0.124457	0.263346	0.0133316	0.000424433	1.32832e-005	0.000108159	0.000226687	0.000174456	0.00172765	0.0494433	0.808004	0.964205	0.143441	0.12004	0.147748	0.12221	0.0212159	0.0250113	0.0340046	0.0120713	0.00511604	0.266852	0.0272706	
0	0	0.103241	0.000324401	0.00027482	0.278433	0.00580814	3.74121e-005	0.0860652	0.0590834	0.101721	0.00193543	0.000616906	0.0136627	0.0705112	0.101646	0.139863	0.0845286	0.000207679	0.000137296	1.73376e-006	7.9036e-005	0.113846	0.0274031	0.238726	0.35336	0.0171084	3.68296e-005	9.86428e-007	9.12289e-005	7.3492e-005	6.21902e-005	0.0019801	0.0805243	0.0615167	0.00614022	0.143009	0.00813116	5.97982e-006	1.09338e-005	5.79027e-005	0.00158645	0.190203	0.852315	0.375602	0.00432727	0.0166997	
0	0	0	0.00211331	0.00137995	0.00145015	0.0188736	0.00140754	0.000449468	0.000561279	0.0321936	0.00111768	1.05118e-005	4.38716e-005	0.0133658	0.00176357	0.154353	0.655813	0.931191	0.622462	0.00385563	5.08179e-005	0.000278194	0.00397725	0.00589987	0.337855	0.937099	0.18641	0.000265021	3.21437e-005	2.61002e-007	2.7358e-007	7.51687e-007	1.32319e-006	0.000888283	0.0170021	0.693605	0.688336	0.0171804	0.000412646	5.38855e-005	7.65988e-007	0.000122895	4.25771e-005	0.0397276	0.000258233	1.90011e-005	
0	0	0	3.97501e-012	6.01308e-007	1.29909e-007	3.32714e-007	9.81995e-006	3.03134e-007	3.67385e-009	9.0106e-007	5.62671e-005	9.69377e-007	1.47736e-009	5.76839e-009	3.28492e-005	0.00104632	0.00150245	0.0445762	0.146515	0.0014568	9.75322e-007	7.04416e-008	6.38011e-006	0.000938552	0.00034985	0.00529671	0.0688479	0.000122062	3.60421e-007	3.84432e-009	1.74885e-010	3.61692e-011	5.44195e-011	3.05518e-011	8.18155e-007	0.000889659	0.00469411	0.00206819	2.16721e-005	1.23003e-007	8.23458e-009	1.47035e-010	9.52964e-009	1.98098e-008	1.25617e-005	4.28863e-008	
0	0	0	0	4.66004e-005	4.07775e-006	3.29941e-005	0.000268972	1.88781e-005	2.89253e-007	7.2693e-006	0.0049179	0.00767486	0.000356948	1.5693e-005	8.2657e-005	0.000171837	0.000448103	0.00268603	0.229622	0.992276	0.992778	0.763984	0.520593	0.262771	0.0348208	0.025918	0.742863	0.99857	0.996996	0.991048	0.965115	0.858435	0.552008	0.0400044	0.00189831	0.000656496	0.0232566	0.158193	0.246467	0.265855	0.372743	0.046678	0.00113558	0.000552434	0.00248762	0.00135274	


1	0.998355	0.990856	0.999408	0.999615	0.899292	0.995408	0.999981	0.928886	0.166934	0.890239	0.999648	0.99959	0.973642	0.943463	0.999916	0.99137	0.0701316	0.038517	0.00797601	0.0266837	0.0133282	0.0523211	0.299543	0.455848	0.109802	0.00415301	0.000875104	0.000854826	0.000139322	9.59962e-005	1.62819e-005	7.16714e-006	8.33331e-005	9.97997e-005	0.000129668	0.000182272	0.000228264	0.00192583	0.00777854	0.0244403	0.152928	0.361464	0.376751	0.942644	0.97987	0.999883	
0	0.00141368	3.82722e-005	4.38469e-005	4.66172e-007	0.0685441	0.000487136	2.19617e-006	0.0708438	0.828503	0.0374407	0.000338168	0.000408623	0.0262932	0.0456458	8.09221e-005	0.00861706	0.00072196	0.00508627	4.28689e-007	8.60695e-006	0.138371	0.158272	3.92158e-005	0.00623847	0.0019157	6.38454e-006	5.84639e-009	3.72899e-008	8.89841e-005	1.67513e-006	6.33484e-009	2.79742e-010	4.78744e-007	3.27269e-006	1.47904e-005	1.28531e-006	1.96351e-009	1.81819e-009	3.87292e-007	8.3448e-005	9.37728e-005	0.000866268	0.00162362	0.000282135	0.0180301	3.421e-005	
0	0.000231226	0.00910382	0.000444608	5.9645e-006	0.032161	2.50647e-005	3.45219e-009	0.000270026	0.00456327	0.0716196	1.18065e-005	1.2149e-006	6.50055e-005	0.01089	7.79912e-007	1.23808e-005	0.929	0.426744	0.00224186	9.07898e-007	8.92943e-006	0.0177863	3.58756e-005	9.65395e-005	0.50896	0.00767348	2.0518e-007	7.12109e-010	4.44002e-009	9.54618e-010	9.78866e-013	3.51031e-011	1.09963e-008	2.09274e-007	1.79388e-007	2.57615e-007	4.83198e-008	5.03327e-010	2.31109e-009	1.26425e-006	1.7933e-006	4.76032e-005	1.29252e-005	2.01262e-005	7.92561e-008	1.68224e-007	
0	0	1.66548e-006	0.000104005	0.000378115	2.57274e-006	0.0040795	4.45915e-007	4.56451e-009	4.31872e-009	0.000701055	6.24818e-007	3.60251e-011	9.39908e-008	1.05315e-006	2.29616e-006	2.26019e-010	0.000146082	0.529341	0.77739	0.00149552	1.71587e-007	4.50143e-007	0.00209549	2.95865e-006	0.00108439	0.96707	0.0782729	0.000128823	2.58164e-009	1.46654e-014	1.82813e-017	7.92303e-018	1.8917e-016	5.06535e-011	4.65732e-011	2.79494e-009	4.44047e-010	8.3843e-011	2.40843e-011	1.43979e-013	1.93574e-010	1.45017e-009	1.53161e-009	8.11455e-010	1.34127e-013	2.912e-012	
0	0	9.37007e-021	3.37036e-010	9.02744e-008	7.83181e-007	2.66787e-009	1.62743e-005	6.40104e-008	2.7957e-011	4.96608e-012	1.08018e-006	1.26196e-008	1.26097e-011	4.85148e-009	8.56666e-010	3.7599e-007	4.99411e-008	0.000311916	0.212362	0.543325	0.0568599	0.00883963	0.00339001	0.11344	0.115162	0.017381	0.915152	0.36342	0.037066	5.91223e-005	8.57112e-008	2.42295e-011	9.23301e-013	5.69453e-016	1.02792e-014	4.47374e-014	1.1075e-012	1.68818e-012	5.08154e-013	5.97905e-014	3.17642e-015	1.23341e-013	2.28396e-012	1.34106e-012	1.53568e-012	2.31267e-015	
0	0	0	6.00672e-018	2.14777e-015	2.22737e-012	1.38387e-010	1.18414e-010	1.72674e-010	1.72475e-012	4.23478e-015	1.4643e-012	4.76696e-007	4.81316e-011	1.22759e-013	9.93487e-012	2.76466e-011	4.6123e-012	1.16833e-010	3.03e-005	0.428486	0.777343	0.756909	0.453965	0.271761	3.26747e-005	8.93224e-005	0.00565498	0.635461	0.962321	0.985702	0.998948	0.989994	0.640147	3.4522e-005	7.88452e-009	1.17956e-011	1.98004e-014	4.75535e-014	3.65586e-015	6.37204e-015	1.09488e-014	2.75412e-016	3.55687e-016	1.88282e-012	2.4947e-011	1.85435e-011	
0	0	0	2.28987e-038	6.23474e-021	1.12524e-021	8.11176e-015	8.77693e-013	3.3784e-013	6.80119e-015	1.92848e-016	2.97651e-018	7.13114e-015	1.29077e-007	6.25845e-011	8.45317e-012	3.79259e-013	4.91286e-016	1.16713e-015	1.04063e-013	2.21538e-008	0.0140837	0.0017918	0.234593	0.0331161	7.14662e-006	6.70784e-010	3.04585e-008	0.000129014	0.000379169	0.0141292	0.00101324	0.00999594	0.308839	0.489446	0.00823354	2.74625e-006	4.71809e-009	1.49099e-007	1.02128e-008	4.54787e-011	4.75603e-012	5.61312e-013	1.11692e-014	2.90655e-016	2.14782e-012	1.55116e-011	
0	0	0	0	1.03577e-021	1.21131e-018	7.80354e-017	8.47777e-016	1.10292e-012	6.21622e-013	5.02531e-012	6.18331e-013	1.17312e-013	5.50556e-011	1.73604e-007	5.11436e-008	5.01495e-008	2.17991e-008	3.07325e-008	8.31246e-010	9.54435e-010	4.83715e-006	0.00407922	0.00633826	0.119496	0.263036	0.00362702	4.4427e-005	6.22547e-006	5.81553e-006	1.23322e-005	2.21038e-005	3.30565e-006	0.0509301	0.510417	0.991622	0.999813	0.999772	0.998074	0.992221	0.975475	0.846976	0.637622	0.621613	0.0570539	0.00209965	8.23446e-005	


1	0.993442	0.99662	0.998674	0.999319	0.52998	0.970627	0.999989	0.638146	0.049335	0.392273	0.999377	0.999868	0.979384	0.782351	0.999887	0.978289	0.00571525	7.13542e-005	1.56936e-006	7.29714e-005	0.000807875	0.00216031	0.0178126	0.0369203	7.58518e-005	1.56965e-007	4.94677e-008	5.92786e-007	6.00512e-006	8.8803e-005	0.000157709	0.000724814	0.00231835	0.00214674	0.00385435	0.00376179	0.00330756	0.000842491	0.000159479	0.000106541	0.000119977	0.000106526	0.000119761	0.000406965	0.00103392	0.00439807	
0	0.00653336	0.00191007	0.000263319	1.06046e-005	0.469832	0.00197698	3.55626e-007	0.361206	0.95055	0.295128	0.00043538	0.00013099	0.0180474	0.194101	5.5674e-005	0.0216565	0.0776571	0.0103496	2.51839e-007	2.20676e-008	0.00101696	0.00102963	9.21997e-007	0.00290353	0.00164671	2.04575e-007	1.38139e-011	3.51675e-011	8.55348e-007	9.8018e-008	2.61617e-009	7.02197e-009	7.65113e-005	0.000101553	0.000189443	6.32586e-006	5.51798e-008	5.13185e-009	1.93876e-008	2.33154e-007	1.13538e-007	1.87139e-007	2.49318e-007	1.35095e-008	1.4709e-006	1.16387e-008	
0	2.45132e-005	0.0014699	0.00106282	0.000660384	0.000187946	0.0273962	1.88082e-006	0.000647639	0.000115301	0.312598	0.000158108	7.11956e-007	0.00256813	0.0234861	5.6094e-005	5.42509e-005	0.916628	0.981985	0.942929	0.261002	0.404111	0.930341	0.768072	0.259779	0.988853	0.988258	0.644381	0.0753777	0.020165	9.45628e-005	1.69942e-009	5.94512e-009	9.18505e-009	5.711e-006	8.28325e-007	1.32925e-006	1.27938e-007	3.9368e-008	2.2163e-008	1.6824e-009	1.41876e-009	1.05678e-008	1.46578e-009	5.18402e-009	2.13882e-010	7.75673e-009	
0	0	8.93362e-010	1.99496e-007	1.01261e-005	2.2488e-008	2.65278e-007	7.85831e-006	1.91103e-009	1.45031e-011	9.42304e-007	5.26416e-006	2.85484e-010	1.06213e-010	5.75204e-005	1.1379e-006	1.27173e-009	4.23893e-008	0.00330051	0.0535377	0.0554209	4.94949e-005	0.000390153	0.083362	0.00252477	7.98519e-005	0.0113589	0.276955	0.0148326	0.000123626	3.18438e-007	2.28647e-010	2.67513e-015	4.25936e-016	2.32297e-014	9.20721e-012	2.0812e-010	1.15042e-010	8.76905e-013	2.78432e-012	7.36744e-014	1.08319e-015	1.05198e-014	2.32979e-013	2.45998e-014	1.17044e-016	6.12227e-016	
0	0	2.59641e-010	1.15763e-008	6.60098e-009	1.64759e-008	3.50744e-009	4.13424e-007	5.69911e-009	3.24567e-009	1.73287e-008	2.38958e-005	4.91843e-008	2.35471e-011	4.46649e-006	1.38454e-007	1.66854e-007	4.38823e-008	0.00429311	0.00318592	0.203392	0.511348	0.0483143	0.00834547	0.58443	0.00902943	0.000379906	0.0625031	0.153754	0.269174	0.0038621	9.24668e-006	1.07192e-008	6.64759e-011	8.55793e-014	8.69431e-011	3.76771e-012	1.14065e-011	9.23064e-013	1.48292e-013	6.24346e-013	5.75527e-014	9.9237e-015	2.36709e-013	3.59481e-014	1.49182e-012	6.23157e-015	
0	0	0	3.21733e-015	1.56004e-013	1.86202e-013	1.39715e-012	4.89954e-010	4.02158e-014	1.20339e-016	6.90136e-014	2.65387e-009	5.19456e-007	1.92814e-013	6.13952e-015	4.8629e-009	6.42714e-010	7.12879e-014	4.97901e-013	0.000345558	0.480108	0.0484756	0.00751476	0.0715289	0.070506	9.79169e-008	4.02603e-007	0.0161603	0.73534	0.651805	0.640737	0.832343	0.798177	0.00145459	1.17147e-009	9.80702e-015	5.57502e-016	5.41564e-015	7.5677e-015	1.63947e-017	1.27176e-016	9.04433e-016	9.98652e-019	2.93013e-019	1.41617e-014	2.3287e-015	1.39112e-013	
0	0	0	2.96887e-021	8.1931e-018	2.60861e-020	2.19004e-016	3.36949e-015	1.45693e-012	1.16374e-017	1.75293e-020	9.69761e-018	8.57633e-012	4.11226e-008	3.21352e-012	2.76945e-013	9.52771e-011	4.75965e-014	8.7757e-018	2.35385e-016	1.57861e-006	0.0335383	3.78616e-005	0.00438808	0.00777382	5.83363e-007	1.20581e-012	9.00341e-010	0.0206366	0.0105009	0.0128147	0.000522425	0.010093	0.300575	0.0566156	0.000475022	1.4032e-007	1.07442e-010	3.57208e-010	3.12057e-012	4.25195e-016	6.47449e-018	6.15069e-018	4.81432e-020	7.6324e-023	4.58261e-015	1.35424e-015	
0	0	0	0	2.17409e-018	2.87184e-017	2.48255e-016	4.51466e-016	2.34613e-013	5.03898e-014	1.55259e-012	2.99382e-012	3.24197e-012	2.23185e-010	1.16091e-008	5.84186e-009	3.11352e-009	8.68827e-011	4.3067e-012	2.01803e-013	1.78392e-006	0.00065324	0.0102121	0.0464902	0.0351631	0.000314923	1.96842e-006	1.01311e-006	5.92964e-005	0.0482245	0.342403	0.166968	0.191005	0.695576	0.94113	0.99548	0.99623	0.996692	0.999157	0.99984	0.999893	0.99988	0.999893	0.99988	0.999593	0.998965	0.995602	


1	0.992461	0.991353	0.811128	0.779342	0.914429	0.870955	0.97504	0.773128	0.932713	0.513896	0.804761	0.762861	0.33734	0.733106	0.937812	0.868197	0.584104	0.337036	0.39637	0.373863	0.343143	0.661255	0.823489	0.365903	0.548012	0.152736	0.403778	0.540114	0.889212	0.870708	0.61992	0.274224	0.180445	0.135349	0.0406721	0.0854377	0.0613743	0.073454	0.155891	0.157486	0.683715	0.945226	0.989307	0.990516	0.991046	0.994982	
0	0.00552244	0.000439627	0.177865	0.18112	0.00466222	0.0687906	0.0231834	0.00414573	0.0020226	0.0223554	0.168555	0.223071	0.178153	0.0259686	0.00135629	7.55806e-005	0.00262221	0.0108792	0.0714153	0.603931	0.623876	0.0228064	0.00193498	0.000185857	0.00119403	0.00838952	0.124455	0.440136	0.0635637	0.0103327	0.00063208	0.000218363	0.000684056	0.00152276	9.03994e-005	7.73605e-005	0.000187257	0.00462104	0.0552191	0.253269	0.14895	0.0213402	0.00237504	0.00171261	0.00591082	0.00336532	
0	0.00201627	0.00820522	0.010997	0.0394698	0.0805237	0.0518071	0.000826258	0.22268	0.0646401	0.463729	0.0264922	0.0139237	0.469709	0.0337292	0.000410627	0.000924632	0.404417	0.649549	0.523303	0.0209504	0.00806152	0.0162007	0.000211564	0.000713718	0.398168	0.835816	0.455283	0.0183078	0.00313807	0.000385238	2.13271e-005	2.89655e-005	0.000158138	0.00400932	0.00014496	0.000245216	0.000188264	0.000171012	0.00226873	0.00680335	0.00574716	0.015558	0.00804866	0.00038588	0.000217078	0.000258968	
0	0	8.87521e-007	2.18918e-006	6.64662e-005	0.000358944	0.00747948	0.000135497	3.17946e-005	0.000431148	1.44655e-005	0.000112693	0.000137141	0.0147675	0.131897	0.00226425	1.96956e-005	1.17372e-005	0.00225384	0.00400861	0.000952194	0.0241696	0.0297734	0.000717758	8.23795e-005	1.91415e-005	0.00196312	0.00992981	0.000530821	0.0282041	0.00154891	3.47394e-006	1.87403e-008	2.93355e-008	3.50096e-006	2.14136e-007	3.41782e-008	4.55916e-009	3.00176e-009	1.50432e-006	7.00369e-006	6.70859e-005	3.94837e-005	2.70237e-005	7.80616e-006	8.56104e-008	7.16842e-007	
0	0	1.49754e-006	7.60806e-006	1.06756e-006	2.56235e-005	0.000967047	0.000550924	1.13841e-005	0.000192465	4.74213e-006	7.91955e-005	7.08387e-006	3.08327e-005	0.0752983	0.0570837	0.0875683	0.00560064	0.000131846	0.00485569	0.000162445	0.000711985	0.269912	0.153079	0.574423	0.0463216	0.00100199	0.00317194	0.000140191	0.010091	0.0277359	0.0116303	0.00692543	0.00034967	3.63895e-005	1.42943e-006	1.56066e-007	5.45939e-008	1.06281e-009	1.47893e-009	1.34016e-007	8.41488e-007	1.19346e-005	2.77459e-005	0.00637108	0.000106835	1.41153e-005	
0	0	0	1.56017e-007	2.18427e-007	3.69765e-010	4.35176e-007	0.000259518	8.48752e-008	4.17666e-008	6.1612e-008	1.40296e-007	1.70136e-007	1.37799e-009	4.58538e-007	0.00107219	0.0427835	0.003011	8.56682e-005	2.44878e-005	0.000103159	7.56114e-007	4.51086e-006	0.0204603	0.0469546	0.00507573	8.12805e-005	0.00334551	7.27242e-005	8.28116e-007	0.000536337	0.00111251	0.00280071	0.000271671	1.0114e-005	3.17082e-007	8.9734e-010	1.60763e-008	3.37109e-008	1.79954e-009	9.26319e-011	5.68463e-010	2.86999e-010	1.15615e-009	2.48804e-006	0.00146627	0.00026018	
0	0	0	3.04731e-012	3.35037e-010	1.29405e-011	2.96207e-011	5.25076e-008	5.68195e-009	7.82388e-012	8.7858e-012	1.08517e-010	9.3259e-009	8.41755e-010	1.5513e-010	4.01142e-008	2.89556e-006	2.90521e-005	2.59401e-005	4.90057e-006	1.31121e-006	8.83265e-008	5.91739e-010	8.68734e-007	0.000222822	5.9197e-005	3.32425e-006	1.4409e-005	8.8566e-005	3.86925e-006	1.49251e-008	4.75504e-008	4.75632e-008	3.34494e-007	2.99302e-008	2.60578e-010	5.5115e-011	6.87882e-013	2.48844e-011	6.27347e-011	1.57752e-012	2.60728e-014	1.78142e-013	2.89524e-013	7.83428e-012	1.43089e-009	2.31517e-007	
0	0	0	0	1.35297e-008	5.08577e-009	9.0827e-009	4.76391e-006	3.64173e-006	5.11535e-007	3.85399e-009	2.42131e-008	1.4122e-007	4.59926e-008	7.02883e-008	4.27273e-007	0.00042847	0.000204379	3.84919e-005	1.75032e-005	3.68245e-005	3.68024e-005	4.79731e-005	0.000106876	0.0115146	0.00114994	8.70038e-006	2.2251e-005	0.000609952	0.0057861	0.0887531	0.36668	0.715802	0.818091	0.859069	0.959091	0.91424	0.93825	0.921754	0.786619	0.582434	0.16152	0.0178243	0.000214975	0.00100386	0.00125244	0.00111807	


1	0.92863	0.856862	0.887033	0.879034	0.977318	0.975336	0.668339	0.975179	0.967719	0.997231	0.92931	0.856599	0.977254	0.950583	0.842331	0.802998	0.911061	0.9963	0.983269	0.902748	0.9653	0.67326	0.687748	0.495911	0.811261	0.989957	0.912543	0.743331	0.872	0.679261	0.370162	0.166503	0.0972713	0.257391	0.179784	0.546429	0.434808	0.160723	0.347269	0.602898	0.816771	0.936811	0.983977	0.736834	0.715815	0.684591	
0	0.0387813	0.117853	0.0313661	0.0108653	0.0206301	0.0166929	0.0173217	0.0203453	0.0319659	0.00133144	0.00258682	0.00198952	0.0212557	0.0457594	0.124841	0.175658	0.087337	0.00296201	0.000937002	0.00168915	0.0304919	0.320609	0.18524	0.470429	0.18418	0.00543581	0.000518134	0.00255892	0.0755946	0.211255	0.0847343	0.109639	0.135919	0.657731	0.793127	0.395618	0.118929	0.00428519	0.000901282	0.00121934	0.00214572	0.0337075	0.0111651	0.20417	0.162835	0.11472	
0	0.0325884	0.023817	0.0768781	0.0742599	0.00180673	0.00792689	0.302869	0.00274576	0.000112129	0.00122046	0.0679017	0.132793	0.000583494	0.00239273	0.0316592	0.0208076	0.001173	0.000425247	0.0155381	0.0946039	0.00159129	0.00140505	0.113265	0.0319245	0.00236792	0.00170694	0.0854492	0.239024	0.0476072	0.107865	0.534356	0.684672	0.722999	0.0532986	0.00686538	0.0479747	0.303702	0.698398	0.549282	0.357032	0.170136	0.0281813	0.00456311	0.0584072	0.119307	0.192407	
0	0	0.00143548	0.00440176	0.0350095	5.34685e-005	2.11504e-005	0.0113757	1.29459e-005	1.28422e-008	1.85553e-006	5.96251e-005	0.00764711	2.43585e-006	7.58582e-007	0.000869976	0.000276882	8.20668e-006	4.33626e-007	1.7779e-005	0.000501259	4.44411e-007	1.17621e-006	0.0113913	0.000492219	2.22159e-005	8.58437e-006	0.000173196	0.0115771	0.000118347	0.00041771	0.0101097	0.0383817	0.0369955	0.000529817	2.11688e-005	0.00299807	0.141709	0.128395	0.0164275	0.00289873	0.00334935	0.000393459	9.19087e-005	0.000393342	0.000337029	0.00756352	
0	0	3.26406e-005	0.000320491	0.000825886	0.000171147	8.00237e-006	9.1499e-005	0.00169026	4.31642e-005	2.83389e-007	1.65043e-005	0.000926695	0.000498362	4.3537e-006	2.75421e-006	0.000203614	4.37264e-005	1.05738e-005	1.16056e-006	0.000251222	0.000953484	5.21642e-006	1.38364e-006	0.000737147	0.000124268	5.55492e-006	1.50734e-005	0.00300964	0.00310578	0.000225422	0.0003449	0.000734232	0.00680516	0.021402	0.00186442	0.000100213	0.00030074	0.00815746	0.0859704	0.0354177	0.00728438	0.000658219	2.48802e-005	3.92548e-006	0.00154497	0.000543847	
0	0	0	1.46515e-007	5.82078e-006	1.93332e-005	1.98133e-006	9.84451e-009	2.21183e-005	0.000107016	4.08821e-006	2.1879e-008	1.49008e-008	0.000218448	8.0327e-005	3.18088e-006	5.51974e-007	0.000357633	0.000153378	4.48471e-006	1.17876e-007	1.78949e-005	4.67752e-005	6.49066e-006	6.1051e-005	0.00182633	0.000187596	5.81875e-006	2.32675e-007	4.58505e-005	8.59255e-006	3.73483e-008	8.05753e-007	5.24628e-006	0.00963805	0.0174346	0.00243382	4.44841e-005	4.64187e-006	9.46468e-005	0.000376358	0.000167653	4.92979e-005	1.20263e-006	4.3738e-008	3.05297e-008	7.09352e-006	
0	0	0	5.86639e-016	7.60626e-014	2.03351e-012	1.52638e-011	2.71769e-016	3.64177e-010	4.80427e-011	1.40401e-012	1.21638e-016	3.45853e-014	1.34364e-007	5.31798e-011	4.30162e-012	1.22779e-011	2.03403e-008	6.82367e-008	6.90285e-011	1.55802e-014	1.94999e-008	1.54566e-009	2.89293e-011	2.03824e-010	5.04096e-007	1.45641e-007	9.26573e-011	7.11187e-013	7.55132e-008	4.60421e-012	7.34215e-014	2.38756e-014	5.69584e-014	1.48609e-008	1.00425e-008	3.26724e-008	1.60798e-014	2.71951e-015	8.86699e-010	1.07829e-011	6.81815e-010	1.83896e-011	1.47081e-011	1.22797e-015	1.83768e-014	2.79782e-012	
0	0	0	0	8.81375e-009	1.62334e-006	1.29118e-005	2.56224e-006	4.24018e-006	5.27824e-005	0.000210901	0.000125252	4.42052e-005	0.00018737	0.00117914	0.000293111	5.48518e-005	1.95041e-005	0.000148534	0.000232667	0.000206085	0.00164491	0.00467332	0.0023476	0.000445216	0.000217635	0.00269886	0.00129546	0.000499468	0.00152785	0.000967646	0.000292773	6.99596e-005	4.46008e-006	9.07906e-006	0.000903177	0.00444629	0.000506647	3.62034e-005	5.5657e-005	0.000157901	0.000145286	0.000199123	0.00017682	0.000191068	0.000161877	0.000167669	


1	0.7059	0.33985	0.598493	0.246253	0.038117	0.0617616	0.0299486	0.0096851	0.00336711	0.00371628	0.000211647	1.69094e-005	9.72208e-006	4.30927e-007	1.99161e-009	4.56419e-011	5.75944e-012	2.13262e-012	2.43486e-012	1.91004e-012	2.71046e-013	5.56333e-014	5.28547e-014	8.4108e-015	9.27181e-016	2.06242e-016	2.62538e-016	1.24656e-016	2.55877e-017	5.81218e-018	3.07788e-018	3.61082e-018	1.83464e-018	4.16553e-019	7.24291e-019	3.11901e-018	7.54018e-018	1.04787e-017	7.13165e-018	2.8582e-018	4.86984e-019	3.14441e-019	3.97458e-020	1.72429e-020	7.40382e-021	9.70311e-022	
0	0.214594	0.365271	0.247776	0.66856	0.371314	0.910999	0.416719	0.845932	0.130165	0.0610986	0.00234012	0.000213321	7.95282e-005	1.38292e-005	1.46126e-007	6.00955e-009	5.64253e-010	1.27391e-010	2.15724e-010	5.92049e-011	5.90093e-012	2.40646e-012	4.06822e-012	8.47294e-013	1.29772e-013	9.45782e-014	5.83337e-014	2.6838e-014	1.78933e-014	4.18299e-015	8.82362e-015	6.41174e-015	1.30181e-015	1.94818e-016	1.45139e-016	7.78572e-016	1.21628e-015	2.52992e-016	1.35519e-016	2.4768e-017	7.57628e-018	3.01174e-018	1.25077e-018	9.65596e-019	1.4513e-019	3.36712e-020	
0	0.0795058	0.230625	0.127362	0.072913	0.546582	0.0037737	0.125282	0.0461436	0.676033	0.727213	0.602558	0.112809	0.00469668	3.11677e-005	4.15087e-010	1.3983e-010	4.27461e-010	5.13996e-008	3.84921e-008	2.51553e-007	6.5719e-009	2.47037e-011	1.45435e-014	2.2033e-014	6.07096e-014	6.94994e-014	8.00181e-014	4.81472e-014	9.92111e-016	4.95915e-017	7.73439e-018	1.93127e-017	7.86217e-017	3.79269e-018	9.38414e-016	2.2963e-014	3.87001e-013	8.12482e-013	2.66716e-013	1.81076e-012	2.61111e-014	2.2278e-014	5.42279e-017	6.36524e-019	4.49093e-020	3.95719e-023	
0	0	0.0642373	0.0206307	0.00399677	0.0389188	0.00671201	0.423743	0.0118342	0.116743	0.00638198	0.0042677	0.0037312	0.00293349	0.000120466	1.38364e-006	1.82702e-007	3.34341e-009	1.12945e-009	7.22579e-010	1.3857e-009	1.03307e-010	1.5609e-010	1.1561e-010	2.60233e-010	6.13339e-012	4.63764e-014	2.55683e-015	9.57329e-016	1.65769e-016	9.06484e-017	2.40354e-016	7.09656e-016	3.59178e-017	1.49897e-017	2.58969e-014	4.53807e-012	3.6156e-010	4.0733e-011	8.72201e-013	1.91412e-014	1.46184e-015	2.80237e-015	2.20873e-017	7.47708e-018	1.45497e-019	1.19742e-021	
0	0	1.63838e-005	0.00573276	0.00821221	0.00392175	0.0134279	0.00392206	0.0855253	0.0605936	0.199724	0.390475	0.883135	0.0824097	0.000164617	1.55917e-008	1.22931e-009	8.81862e-009	1.64736e-007	3.01252e-006	3.48699e-005	4.10223e-006	3.49173e-008	4.87138e-010	8.59605e-012	2.00485e-011	1.19963e-010	1.40356e-009	4.047e-009	2.49124e-010	8.73279e-012	1.04345e-012	3.01447e-014	8.89553e-016	7.19567e-018	1.78602e-017	2.12059e-014	4.27666e-012	1.08403e-009	5.86529e-008	1.54263e-006	5.16598e-006	4.29859e-007	3.82901e-009	5.60657e-011	1.83663e-011	2.36091e-013	
0	0	0	5.17381e-006	5.76107e-005	0.00114034	0.00299993	0.000203005	0.000518294	0.0128327	0.00074411	4.44925e-006	8.09699e-005	0.908716	0.996399	0.999393	0.98756	0.230529	0.00386965	2.52052e-005	2.98682e-008	2.62708e-006	0.000106356	0.0108572	0.270151	0.0875071	0.000406618	5.0767e-007	1.02514e-009	3.02489e-009	3.05907e-009	5.43505e-009	1.59991e-008	2.22141e-008	8.10236e-008	7.54166e-007	1.506e-005	3.42526e-006	3.67946e-009	1.27408e-011	7.48503e-012	3.18952e-009	4.42158e-007	1.33274e-006	3.04673e-006	2.39791e-007	5.24546e-008	
0	0	0	6.51469e-010	6.71675e-006	4.17669e-006	7.38069e-005	2.49005e-007	8.25982e-005	2.65128e-005	4.72883e-005	2.9187e-007	3.67336e-006	0.00114323	9.57118e-005	4.65457e-005	0.0104981	0.738315	0.803428	0.118172	0.000122329	9.43357e-006	2.68306e-007	4.18985e-006	0.000272097	0.420072	0.434903	0.0522108	0.00014486	1.01528e-005	2.00785e-008	4.47351e-010	1.8318e-011	1.50664e-011	5.99398e-010	2.04413e-009	1.41187e-007	2.07107e-008	2.27827e-009	2.20769e-010	2.3127e-012	4.7171e-009	5.91908e-011	4.23021e-009	5.36287e-010	3.15312e-008	5.9485e-010	
0	0	0	0	5.23556e-007	2.49176e-006	0.0002524	0.000182239	0.000279159	0.000238521	0.00107469	0.000142066	9.05066e-006	1.2111e-005	0.00317523	0.000558719	0.00194166	0.0311556	0.192702	0.881799	0.999843	0.999984	0.999893	0.989139	0.729577	0.492421	0.564691	0.947789	0.999855	0.99999	1	1	1	1	1	0.999999	0.999985	0.999997	1	1	0.999998	0.999995	0.999999	0.999999	0.999997	1	1	


1	0.976098	0.274575	0.788943	0.915777	0.36498	0.861898	0.927675	0.764833	0.277099	0.17362	0.476975	0.421824	0.216483	0.180519	0.0902639	0.0139218	0.0090799	0.00756819	0.0141929	0.0604993	0.0348793	0.0075263	0.00087943	8.00485e-005	3.96906e-005	3.15876e-005	0.000105263	0.000223831	6.82446e-005	3.97657e-005	1.00893e-005	1.9461e-006	2.86129e-007	5.60272e-009	1.69965e-008	1.50284e-008	2.42836e-008	1.21602e-007	4.85813e-007	2.17014e-006	7.55841e-007	5.33074e-007	2.89719e-008	7.67908e-009	1.83994e-009	2.87825e-010	
0	0.0216328	0.710845	0.206567	0.0729819	0.605001	0.0867294	0.0166343	0.175822	0.612542	0.384642	0.0893014	0.0294782	0.662956	0.730566	0.186162	0.0158455	0.0503474	0.323543	0.0886286	0.0261819	0.00298554	0.00196667	9.62833e-005	1.49573e-005	5.92833e-005	0.000137518	1.74153e-005	1.92472e-005	1.23066e-006	1.4647e-007	2.12939e-008	1.71801e-008	6.26268e-009	1.1449e-009	2.03489e-008	3.8018e-007	1.3197e-006	8.48696e-007	2.80481e-007	7.59991e-008	1.34366e-008	4.73332e-006	5.85102e-007	9.77481e-009	4.25424e-011	3.25748e-012	
0	0.00226902	0.0145524	0.00106399	0.000363314	0.0250882	0.000556924	0.000201156	0.0259999	0.0816931	0.230104	0.192226	0.397634	0.0703999	0.00630615	0.000679837	0.00144964	0.00231319	0.130756	0.427558	0.373655	0.0691161	0.00334791	2.95771e-006	3.2948e-007	4.10305e-006	0.000205868	0.00028015	0.000648692	2.3456e-005	6.29273e-008	1.10261e-008	1.31505e-009	1.46807e-009	1.31416e-012	3.45455e-011	7.37109e-009	1.75256e-008	2.75236e-007	2.36212e-007	1.42291e-007	1.55423e-007	3.18465e-006	3.34753e-006	1.37906e-008	8.51537e-010	8.11641e-012	
0	0	1.80731e-005	0.00101339	2.72981e-005	0.00470168	0.0361109	3.82514e-006	0.000357378	0.0148105	0.207855	0.0465834	0.00412382	0.0310097	0.0752557	0.000349966	1.35752e-005	0.00248065	0.0196964	0.061839	0.0426124	0.090776	0.0229322	2.00167e-005	3.92111e-008	1.11997e-006	6.32898e-005	1.56035e-005	1.9587e-006	7.81587e-006	1.08529e-007	1.1856e-010	9.55854e-013	8.99117e-013	8.00822e-013	6.54451e-012	1.18641e-010	2.24617e-010	2.05688e-010	3.34533e-008	1.65877e-007	1.13954e-008	8.61101e-009	3.30973e-008	3.32775e-009	9.58582e-012	8.30022e-014	
0	0	9.37242e-006	0.00241221	0.0107261	0.000191732	0.00951069	0.0191789	0.000102395	7.24316e-006	0.000487602	0.192198	0.138559	0.0103365	0.000496037	0.012003	0.000274812	3.837e-005	0.000220651	0.0576481	0.180324	0.00349318	0.000277685	0.00152316	1.55846e-005	8.06412e-007	9.9188e-007	0.000204164	0.000203556	1.26683e-006	2.43291e-007	2.10786e-008	2.21415e-009	1.72678e-011	1.57986e-013	7.47555e-014	1.21097e-012	7.08962e-010	9.80894e-009	1.07139e-007	1.81012e-007	5.47242e-008	3.18788e-009	1.32617e-009	1.68624e-008	2.30771e-010	4.50784e-011	
0	0	0	1.03586e-007	9.22771e-005	9.98041e-006	0.00494664	0.0358139	0.0026371	1.91649e-006	3.03201e-008	7.07927e-005	0.007348	0.00545852	0.00039102	0.658548	0.242586	0.000313693	6.35841e-009	1.6964e-005	0.000302052	0.022699	0.0374577	0.40483	0.43803	0.000434924	1.26591e-007	2.11435e-008	3.15531e-005	0.000401937	0.00243437	0.0198126	0.0511003	0.0162032	0.000150435	4.73408e-007	1.15326e-009	1.26671e-011	9.88696e-012	7.35744e-011	4.78364e-011	7.7081e-009	8.85811e-010	4.44046e-010	2.00581e-008	5.0287e-009	2.95003e-008	
0	0	0	1.2115e-007	3.25963e-005	4.73217e-006	0.000122657	0.000305657	0.0256129	0.0010324	9.91754e-007	1.0618e-008	3.29594e-006	0.00189737	0.00235846	0.0345426	0.628592	0.248334	0.000104143	3.118e-007	1.45306e-006	0.00395732	0.0226596	0.082757	0.255326	0.0998165	0.000154129	1.61981e-006	6.40417e-008	3.47238e-005	0.00107759	0.00375544	0.0753946	0.368735	0.900874	0.255781	0.00140854	8.06209e-006	1.6753e-007	3.42081e-009	1.62869e-011	1.41718e-010	2.8542e-011	3.04735e-011	2.11651e-010	4.38052e-009	1.75585e-008	
0	0	0	0	6.38339e-008	2.23587e-005	0.000125191	0.000187636	0.00463509	0.0128139	0.00329132	0.0026458	0.00102925	0.00145877	0.00410709	0.0174502	0.0973174	0.687093	0.518112	0.350116	0.316424	0.772094	0.903832	0.509891	0.306534	0.899644	0.999406	0.999376	0.998871	0.999461	0.996448	0.976422	0.873503	0.615062	0.098976	0.744219	0.998591	0.999991	0.999999	0.999999	0.999997	0.999999	0.999992	0.999996	1	1	1	


1	0.593571	0.846852	0.87871	0.9406	0.948642	0.334482	0.219591	0.063623	0.0324915	0.0156045	0.00949677	0.00221741	0.00219711	7.80185e-005	4.10046e-007	4.0191e-008	8.8035e-010	5.55715e-013	3.47156e-015	3.78239e-016	1.9331e-016	1.83777e-017	2.75995e-020	2.2031e-023	4.18022e-025	1.44167e-027	3.24602e-030	4.93628e-031	3.8208e-032	9.30649e-034	1.32348e-035	4.35159e-037	1.38079e-038	2.59341e-038	4.1345e-038	2.30349e-037	5.24445e-037	3.30935e-037	2.09614e-036	8.632e-037	7.93652e-037	9.26677e-037	6.59964e-037	3.43142e-038	3.04833e-040	1.61081e-041	
0	0.406355	0.147679	0.120311	0.0504138	0.0232503	0.663364	0.778846	0.0836444	0.00864056	0.000148302	0.000123114	1.3874e-005	0.000383021	3.81961e-005	3.36506e-005	9.71963e-005	3.28922e-007	1.62072e-012	1.75841e-016	6.0192e-018	1.78311e-016	2.97857e-016	1.48346e-017	1.66769e-018	4.84914e-021	1.04202e-025	6.59563e-030	4.90835e-032	8.79076e-032	4.47069e-032	8.56987e-033	2.77498e-033	6.49839e-034	1.87468e-032	2.04083e-032	4.5709e-033	6.16434e-034	5.34504e-036	2.73718e-037	1.02218e-038	1.97813e-038	3.41557e-038	5.95272e-037	8.33111e-037	6.12745e-038	4.4602e-038	
0	7.37333e-005	0.00546801	0.000693543	0.00891132	0.0280059	0.000164003	0.00101104	0.852561	0.952892	0.879927	0.0269078	1.14236e-005	8.21859e-007	1.38036e-006	2.83854e-011	2.87725e-005	0.00138066	0.00677279	3.77681e-005	1.24083e-007	1.33412e-009	9.4498e-014	2.7912e-019	3.05678e-021	2.16497e-017	2.21752e-018	1.03685e-020	5.55544e-024	1.09466e-026	9.67746e-032	1.18556e-036	6.50967e-038	3.56722e-038	7.21245e-035	9.45016e-032	9.81725e-031	1.4352e-031	1.29575e-032	6.02616e-033	1.38719e-033	5.92323e-036	6.90379e-039	1.34414e-041	1.08601e-041	1.15097e-040	6.0422e-043	
0	0	3.73909e-007	0.00025539	1.08155e-005	5.94391e-005	0.00196333	0.000236352	1.27273e-005	0.00510385	0.0509193	0.222757	0.465816	0.488692	0.0706296	0.000287422	1.86052e-006	7.91324e-008	3.32995e-007	0.000442368	0.00126687	0.0125017	0.00423775	3.09281e-005	9.9916e-008	5.68368e-010	9.80202e-012	7.18989e-013	3.79814e-012	2.94355e-012	1.14281e-013	1.61515e-015	5.90692e-018	5.60513e-020	5.52373e-021	2.13609e-022	2.83454e-023	8.05623e-025	4.12036e-026	7.76002e-026	2.15941e-026	1.72599e-026	1.51158e-026	9.91005e-027	1.33659e-028	4.84306e-031	1.70854e-032	
0	0	3.48818e-007	2.95872e-005	6.36394e-005	4.19124e-005	2.44976e-005	0.000309593	0.000156	0.000871495	0.0533974	0.740325	0.53065	0.00249502	0.000307367	4.144e-007	6.49122e-005	3.08291e-005	6.96962e-005	0.00158506	0.00492811	0.000430579	3.79658e-006	2.15078e-007	1.8543e-008	3.37721e-008	3.12622e-008	6.82435e-008	8.44303e-008	5.58702e-009	4.41699e-012	3.01263e-014	1.40455e-016	1.96372e-019	4.5313e-021	2.08459e-021	1.06961e-020	1.64067e-020	6.8729e-020	3.06078e-019	1.28503e-018	6.01218e-019	1.32799e-020	1.798e-022	1.0457e-024	1.74369e-026	1.64783e-028	
0	0	0	8.06942e-008	7.16967e-008	8.56663e-008	2.50295e-006	5.59802e-006	1.06623e-007	7.68768e-007	2.92408e-007	1.21188e-005	0.000437721	0.506187	0.92835	0.999513	0.597721	0.00176837	8.86721e-009	1.632e-009	9.93274e-007	0.0143708	0.755977	0.998986	0.999014	0.00143524	2.01848e-008	5.05672e-013	1.06655e-010	4.9931e-008	2.1802e-008	1.39964e-009	2.71447e-010	2.77633e-011	1.80819e-010	1.57865e-010	2.13331e-011	2.59441e-013	4.8481e-017	1.16812e-019	6.43208e-023	6.37999e-022	4.72987e-020	4.24078e-020	2.37827e-020	4.14235e-023	7.37053e-024	
0	0	0	3.56317e-011	6.84002e-008	3.71883e-008	1.63494e-009	1.45102e-007	2.32089e-006	8.18207e-008	2.75703e-006	0.000377355	0.000737381	2.38634e-005	0.000548837	6.56613e-006	0.390693	0.996712	0.993141	0.996844	0.905532	0.103596	0.000205261	3.89001e-005	0.000865375	0.998546	0.999902	0.998819	0.788574	0.0621423	4.81194e-005	1.06266e-007	2.24747e-010	3.4577e-013	3.35189e-013	2.44064e-011	3.33948e-010	1.46325e-010	3.18656e-010	1.37884e-009	2.27273e-009	1.06855e-009	3.2755e-011	6.03552e-013	1.12182e-015	1.17412e-017	8.13928e-020	
0	0	0	0	2.86704e-010	3.77553e-010	5.76217e-010	2.1261e-007	5.17603e-008	9.75821e-009	1.51963e-009	9.82117e-007	0.000116674	2.13443e-005	4.70815e-005	0.000159	0.0113927	0.000107358	1.63781e-005	0.00109055	0.0882724	0.869101	0.239577	0.000944208	0.000120783	1.92028e-005	9.78905e-005	0.00118139	0.211426	0.937858	0.999952	1	1	1	1	1	1	1	1	1	1	1	1	1	1	1	1	


1	0.91783	0.779451	0.987317	0.903927	0.350792	0.678956	0.998516	0.33247	0.13327	0.0407063	0.363606	0.829408	0.800953	0.951405	0.992767	0.95249	0.267811	0.157091	0.0436017	0.490117	0.259162	0.193643	0.200807	0.0734778	0.048682	0.0045182	0.00823559	0.0110348	0.00400633	0.000956788	0.000372858	0.000120615	2.84568e-005	2.17754e-005	7.25256e-005	0.000360389	0.00196166	0.00201888	0.00271776	0.00143152	0.000514655	0.000265428	0.000120448	3.14696e-005	1.10877e-005	2.42689e-006	
0	0.0821696	0.22053	0.0126713	0.0960279	0.649183	0.307569	0.0010992	0.667322	0.866671	0.950019	0.630797	0.157377	0.19128	0.0466738	0.00342887	0.0181557	0.7205	0.667109	0.334789	0.165364	0.310928	0.0905284	0.00147079	0.000729003	0.224469	0.335978	0.177094	0.0135624	0.00149715	1.43769e-005	3.65152e-006	1.13688e-006	1.72074e-006	1.1106e-006	8.38211e-008	2.53491e-006	3.51363e-006	1.09721e-005	0.000181462	0.000129456	0.00118785	8.79174e-005	0.000599151	7.40704e-006	6.30402e-007	1.59441e-007	
0	7.54732e-007	1.86343e-005	9.60762e-006	4.47278e-005	2.51985e-005	0.0134692	8.32956e-006	0.000205606	5.84243e-005	0.00927476	0.00480551	0.0104527	0.00695049	8.55833e-006	2.44379e-007	1.13286e-006	0.00175917	0.149723	0.604256	0.0197998	0.000400509	2.33435e-005	8.10363e-007	1.52397e-008	0.000133383	0.641508	0.564362	0.00242529	2.0867e-006	5.93146e-009	1.4372e-010	6.80983e-011	2.86353e-012	7.89992e-011	1.85894e-012	7.40954e-010	9.45365e-010	1.95379e-008	1.85025e-007	2.71185e-007	1.10558e-007	1.42516e-007	7.22631e-008	1.13497e-008	7.25088e-011	1.43393e-011	
0	0	1.20631e-008	2.54245e-006	2.87759e-008	6.93193e-009	5.17099e-006	0.000375503	9.4451e-009	2.50866e-008	1.07628e-007	0.000791583	0.0027531	9.37134e-005	1.71209e-005	3.06131e-007	3.40578e-008	9.75171e-009	1.59796e-005	0.00441551	0.231631	0.000790035	3.9994e-006	1.05566e-006	1.75483e-007	7.67381e-010	2.77753e-007	0.0859861	0.00806776	5.63821e-005	2.38074e-007	1.11058e-009	3.30569e-012	6.17133e-013	2.63018e-013	1.27873e-012	2.16653e-013	4.30968e-011	5.50437e-012	2.97241e-011	1.0405e-009	2.18812e-011	4.33371e-010	2.56047e-011	2.47295e-009	3.58264e-012	2.70418e-013	
0	0	3.68232e-015	1.40414e-009	7.79799e-008	6.43461e-009	3.09449e-009	8.61023e-007	1.73791e-006	1.04642e-007	1.37362e-010	7.64584e-010	8.50216e-006	0.000722794	0.00189194	0.00379451	0.0243417	0.00626455	0.000185742	3.06033e-006	9.54831e-005	0.00821882	0.0310796	0.0978364	0.618546	0.362137	0.00124823	4.32618e-005	0.000259074	0.00174286	0.000201702	3.76531e-005	5.0834e-005	2.11928e-006	1.36249e-006	4.52219e-006	1.43547e-005	5.1942e-006	9.20972e-009	4.90244e-011	7.8144e-014	2.86563e-013	9.843e-014	8.26504e-013	7.40102e-012	2.76035e-012	2.39244e-013	
0	0	0	2.53339e-014	7.16148e-012	3.98138e-012	8.64872e-012	5.66166e-011	1.76908e-010	8.29228e-011	1.19733e-011	2.37894e-012	1.72916e-009	9.25315e-010	3.72938e-006	7.41085e-006	0.00475037	0.00364949	0.0258087	0.00803358	0.000637941	6.96583e-007	2.9141e-006	0.00333099	0.0724394	0.320559	0.0119248	0.0248165	8.61752e-005	5.61739e-007	9.02195e-008	2.18293e-007	3.6711e-009	5.91618e-010	2.52797e-010	3.44983e-008	4.06313e-007	1.34982e-007	4.3125e-009	6.63871e-011	8.76138e-014	2.72238e-016	1.72719e-018	7.20119e-017	1.24901e-016	2.1871e-015	2.65647e-016	
0	0	0	5.67587e-019	1.6948e-012	1.95101e-012	9.70796e-012	1.11263e-010	7.65657e-011	4.71513e-011	6.15748e-012	1.34429e-010	1.65827e-009	7.81015e-011	1.24867e-008	2.02004e-006	0.000261344	7.99326e-006	6.28171e-005	0.00486949	0.0686041	0.0106589	3.32488e-005	6.83199e-005	0.000246423	0.0005909	0.00245267	0.135652	0.861511	0.467283	0.052986	0.164391	0.0752009	0.00356306	1.12798e-006	8.98337e-010	2.69455e-009	1.17271e-008	1.94952e-007	7.21337e-008	1.68043e-008	2.85132e-008	6.00554e-011	2.34097e-012	3.0627e-013	3.90651e-012	5.87004e-012	
0	0	0	0	2.19627e-017	7.18312e-014	1.50067e-012	7.97614e-012	8.03612e-012	2.03169e-011	4.5612e-012	9.76161e-011	6.22499e-010	2.18904e-009	2.28399e-009	1.51803e-008	1.4482e-007	6.96024e-006	4.19102e-006	3.10338e-005	0.0237515	0.409841	0.684685	0.696485	0.234561	0.0434293	0.00237033	0.00381012	0.103054	0.525412	0.945841	0.835194	0.924627	0.996405	0.999975	0.999923	0.999622	0.998029	0.99797	0.997101	0.998439	0.998297	0.999647	0.99928	0.999961	0.999988	0.999997	


1	0.785006	0.782036	0.947683	0.940604	0.805113	0.966058	0.948146	0.804515	0.719999	0.452045	0.439643	0.0994014	0.0374503	0.339604	0.964364	0.868571	0.83705	0.356703	0.199051	0.202148	0.0970423	0.348807	0.831994	0.943828	0.788087	0.147388	0.0888805	0.0459859	0.0755971	0.450159	0.213367	0.347391	0.366121	0.961821	0.994757	0.875088	0.91591	0.634184	0.376087	0.411824	0.0364723	0.0289039	0.00151578	0.00637372	0.00151604	0.00113761	
0	0.214672	0.217903	0.0506757	0.0587637	0.194128	0.0333942	0.051853	0.181286	0.257564	0.364553	0.558611	0.900048	0.0602932	0.0269266	0.0350103	0.129852	0.0691008	0.256656	0.672638	0.769653	0.487661	0.412306	0.166354	0.0517847	0.0959479	0.355769	0.724248	0.923496	0.909345	0.544689	0.785406	0.652201	0.633284	0.0268821	0.00443825	0.124006	0.0839174	0.36566	0.595259	0.572325	0.961592	0.954598	0.996827	0.993593	0.998385	0.998399	
0	0.000322298	6.03939e-005	0.00164121	0.000632457	0.000759192	0.000548019	6.91008e-007	0.0141991	0.0224347	0.1834	0.0017229	0.000549718	0.902256	0.615747	0.000270936	8.38269e-006	0.0923904	0.384283	0.117784	0.0262544	0.413297	0.236452	0.000899489	0.000270503	0.110189	0.473662	0.15894	0.0295677	0.014081	0.000434045	5.50564e-006	3.04788e-005	0.000395272	0.0111537	0.000220808	3.88397e-005	2.83173e-006	0.000101399	0.0286033	0.0155645	0.00183708	0.0164473	0.00165554	3.28426e-005	9.87453e-005	0.000463269	
0	0	2.00275e-008	3.92756e-012	5.09016e-008	6.23555e-008	3.87786e-009	2.39448e-009	2.07806e-011	1.76637e-007	1.93159e-006	2.21912e-005	5.58797e-007	1.63946e-007	0.0123726	3.06551e-005	5.79608e-009	4.70877e-008	0.00118884	0.0102169	0.000841139	6.64845e-006	0.00117227	0.000218704	1.6221e-006	1.55055e-006	0.0228675	0.0274367	0.000206295	3.73694e-006	1.74497e-006	8.31195e-010	1.32896e-011	1.22198e-011	5.44107e-009	3.36787e-008	3.26242e-009	7.14037e-010	5.5796e-012	2.0009e-010	1.17814e-006	1.05087e-007	2.31387e-007	5.27617e-007	4.46473e-008	7.90495e-011	3.80109e-009	
0	0	8.76139e-009	3.80066e-011	5.74576e-011	2.59354e-008	3.29299e-010	2.6491e-009	9.7419e-014	1.40967e-006	1.56992e-008	3.86129e-007	2.42709e-007	2.40407e-008	0.00535003	3.32198e-005	4.91404e-006	2.30684e-007	0.000645451	5.64009e-005	1.47995e-005	1.21416e-006	0.000222353	4.53136e-005	0.000481607	2.24361e-005	4.75359e-006	4.26547e-005	8.00611e-006	1.08701e-005	1.71518e-007	9.14433e-010	9.78056e-012	1.99218e-010	5.35736e-010	9.87232e-008	1.5714e-008	1.17252e-009	1.71616e-012	1.63506e-011	2.8994e-008	3.90978e-010	4.6029e-008	1.17249e-008	4.64599e-008	9.67575e-012	3.7612e-011	
0	0	0	3.81296e-011	2.16097e-014	1.3075e-014	5.92807e-012	1.08517e-013	3.42374e-012	2.35182e-014	3.71346e-010	5.11326e-014	1.46257e-012	6.67107e-009	9.6625e-009	0.000290564	0.00144131	0.00138089	9.13622e-005	4.22994e-006	5.19443e-010	8.09688e-009	1.12585e-006	7.69661e-005	0.00272432	0.00476188	5.54771e-005	8.16398e-008	1.02944e-009	8.59018e-008	1.41908e-008	1.76094e-010	6.39287e-011	1.05907e-013	1.08624e-011	6.00533e-011	8.1016e-009	3.77482e-011	1.88881e-014	2.3222e-017	5.47841e-017	3.19984e-014	2.32772e-012	4.59007e-012	4.68961e-010	3.38707e-013	4.36654e-014	
0	0	0	4.95833e-019	2.57975e-014	5.25511e-017	2.45036e-018	5.6359e-015	4.37176e-017	1.57979e-015	2.03694e-017	2.05725e-013	6.38039e-016	2.97203e-016	6.2395e-011	7.96159e-011	0.000119054	4.84084e-005	0.000180361	1.2711e-006	2.074e-008	6.26261e-011	2.27074e-011	2.63499e-008	4.10525e-005	0.000169313	5.28538e-006	1.01924e-006	3.48995e-009	1.27773e-010	2.44629e-010	1.75584e-011	9.961e-014	3.1813e-014	3.29584e-016	9.49248e-013	2.86814e-012	1.60601e-011	2.26103e-014	2.60424e-016	7.63706e-019	2.60044e-019	1.3651e-018	2.47842e-017	2.58437e-015	3.63074e-013	4.10386e-016	
0	0	0	0	4.75291e-014	9.57893e-015	4.97129e-016	9.86241e-015	6.90546e-016	2.55684e-014	4.75382e-015	1.67198e-011	1.85883e-011	1.44497e-012	8.4148e-011	1.65191e-010	3.37305e-006	2.89766e-005	0.000251684	0.000247965	0.00108818	0.00199144	0.00103946	0.000411322	0.000867746	0.000820703	0.000247146	0.000451664	0.000735597	0.000961962	0.00471612	0.00122081	0.000377732	0.000199328	0.000143233	0.000584134	0.00086691	0.00016971	5.45461e-005	5.0185e-005	0.000285089	9.88936e-005	5.05795e-005	1.24321e-006	5.36955e-007	2.18375e-007	1.655e-007	


1	0.957916	0.431099	0.183618	0.0144465	0.0756798	0.0457607	0.0913024	0.0908554	0.0718239	0.0111876	0.00548259	0.00347537	0.00179774	0.0010985	0.0022647	0.00907737	0.00611742	0.000507496	0.000117229	0.000119942	0.00171541	0.0103168	0.00389862	0.0480262	0.0090506	0.00059207	2.331e-005	8.7476e-006	2.33984e-005	0.000191071	0.00060464	0.00274785	0.0288433	0.215516	0.251997	0.0674391	0.00497072	0.00111573	0.000322682	0.00010051	0.000142326	0.0007087	0.00104394	0.0115046	0.359173	0.664945	
0	0.00628988	0.0206704	0.077766	0.0121433	0.107734	0.0819607	0.3103	0.77759	0.925506	0.902831	0.970968	0.935862	0.975961	0.987917	0.479348	0.936083	0.700571	0.99468	0.539847	0.903878	0.927769	0.868179	0.148799	0.434874	0.0764846	0.0354639	0.00259816	0.000473885	8.52117e-005	7.03033e-005	2.90701e-005	2.90256e-005	9.79796e-005	0.00838526	0.445681	0.827085	0.938373	0.806724	0.853758	0.992658	0.126805	0.326423	0.0294953	0.0360631	0.198822	0.0160841	
0	0.035794	0.548171	0.737833	0.972875	0.719201	0.849508	0.538172	0.0871004	0.00118361	0.0857313	0.0235114	0.0606247	0.0198623	0.00858819	0.518303	0.0509567	0.18573	0.00100815	0.459228	0.0941654	0.00760045	0.0702889	0.834491	0.167532	0.0426933	0.00882915	0.00350488	0.00070134	5.36332e-006	9.26842e-006	3.25525e-005	0.000571493	0.00115518	0.0078813	0.000795733	0.0280348	0.0551911	0.191358	0.145382	0.00718315	0.872918	0.645223	0.905381	0.94452	0.188747	0.303612	
0	0	2.85225e-006	0.000188364	3.55064e-005	2.56037e-005	4.48736e-005	0.00961312	3.89558e-005	3.16715e-007	2.5427e-009	1.37822e-005	3.49377e-005	1.4206e-006	7.97474e-008	1.90243e-005	0.00297102	8.31115e-007	3.92644e-007	7.73399e-008	0.000205025	5.15585e-005	1.11432e-006	5.19639e-005	0.00930112	1.16967e-006	9.9484e-008	1.92287e-006	6.238e-006	2.83354e-007	4.32166e-008	3.78425e-007	5.21554e-007	2.20568e-005	6.8935e-007	6.50757e-007	1.8731e-008	1.01385e-006	0.000431386	0.000291139	5.23782e-006	5.34979e-005	0.000858129	0.000352308	0.000760377	0.246598	0.0121313	
0	0	5.68175e-005	0.000595195	0.000499299	0.0973587	0.0227131	1.92243e-005	0.04257	0.00134821	0.000227114	9.40285e-006	4.29979e-007	0.00237712	0.00238834	5.49048e-005	0.000904242	0.107542	0.0035133	0.000332433	0.000635539	0.0577729	0.0406214	0.000419444	0.0254627	0.125069	0.0485894	0.000356548	1.67135e-006	4.83014e-006	5.3732e-008	1.91307e-009	1.60083e-008	2.87962e-006	0.000340163	5.39474e-006	3.2e-007	1.17673e-007	9.6415e-007	0.000146173	3.9021e-005	6.00896e-005	0.0267557	0.0637061	0.00369603	0.00279317	0.000371881	
0	0	0	2.28527e-007	1.23549e-007	4.54654e-007	1.24189e-005	0.0505928	3.60083e-006	4.12205e-006	2.45958e-008	1.05601e-005	5.14384e-007	3.23403e-011	7.91919e-006	9.55317e-006	2.18248e-006	5.76333e-007	0.000245459	1.52573e-005	0.000221376	2.0741e-006	5.46241e-005	5.17264e-005	0.000382443	2.00986e-006	6.74825e-006	0.00025881	3.42029e-005	2.42091e-007	1.21182e-007	4.95634e-009	2.2389e-010	7.57942e-011	3.14105e-009	3.41094e-005	3.20268e-007	1.0691e-007	5.47527e-009	1.69613e-010	9.38567e-007	1.18051e-009	1.93157e-007	7.50735e-008	0.00342695	0.000612129	1.66665e-006	
0	0	0	6.87132e-040	2.57257e-014	4.79179e-013	8.1676e-013	3.91336e-011	9.56102e-008	2.88601e-012	3.10807e-012	2.8506e-014	7.88815e-011	5.49338e-012	3.15531e-014	6.22689e-010	4.54126e-009	5.16563e-009	6.44777e-010	9.87652e-008	1.72166e-009	1.44599e-007	1.05004e-009	7.05872e-008	2.88282e-006	2.81724e-007	5.8324e-010	6.17488e-010	2.67082e-009	2.8397e-009	5.76952e-012	1.78052e-012	2.19585e-014	8.92914e-016	8.69081e-015	3.83831e-012	8.71626e-009	7.59707e-013	3.97739e-014	6.08817e-015	1.46718e-016	1.95087e-012	4.74751e-015	3.16264e-013	7.78517e-013	1.26423e-007	1.06306e-009	
0	0	0	0	6.58054e-010	7.50204e-009	5.91718e-009	5.06734e-007	0.00184157	0.00013349	2.27118e-005	4.75814e-006	1.84001e-006	1.61087e-007	4.98421e-008	6.89937e-007	5.60593e-006	3.87095e-005	4.48272e-005	0.000459507	0.000775116	0.00508842	0.0105381	0.0122886	0.314418	0.746699	0.906519	0.993256	0.998774	0.999881	0.999729	0.999333	0.996651	0.969879	0.767876	0.301486	0.0774404	0.00146391	0.000369472	9.97193e-005	1.2809e-005	2.09695e-005	3.20468e-005	2.09403e-005	2.87185e-005	0.0032545	0.00285446	


1	0.0929871	0.0024592	0.00128437	0.00506706	0.000536279	0.00133763	0.0226704	0.0318781	0.00126318	0.00101912	0.00698712	0.0147572	0.0015008	6.42748e-005	5.5869e-006	1.97304e-006	6.79161e-008	1.11305e-008	2.89679e-008	6.65991e-008	2.06018e-008	4.88956e-009	2.99365e-010	4.67043e-011	4.40544e-012	1.61374e-012	3.41799e-012	5.1577e-012	3.3895e-011	5.82374e-012	2.63293e-012	3.21416e-013	3.61575e-014	3.81273e-015	1.54543e-015	4.4097e-016	6.64038e-017	3.00856e-017	3.79053e-017	4.26169e-017	2.64621e-018	3.59098e-019	1.17413e-020	4.7398e-021	5.00678e-021	6.39077e-022	
0	1.70995e-005	4.62039e-009	8.80726e-007	4.08895e-007	7.79823e-007	1.56125e-006	1.08989e-006	1.62838e-005	7.71235e-006	6.49912e-007	3.93227e-006	1.22969e-006	9.39589e-007	8.32309e-008	3.40347e-010	8.53785e-009	2.97801e-010	2.92215e-010	2.23236e-011	5.56323e-011	5.30801e-011	3.26902e-012	6.01933e-015	1.21724e-012	5.54483e-014	4.71013e-015	1.87011e-014	1.95387e-016	1.1699e-014	6.63626e-015	4.13831e-016	2.48341e-018	3.7632e-018	2.13543e-018	1.73512e-017	1.71198e-020	1.68439e-021	9.50808e-022	3.89685e-019	2.71308e-019	1.12105e-021	4.91482e-024	1.60258e-025	2.36464e-026	2.84186e-024	6.21294e-027	
0	0.906996	0.989895	0.899318	0.828844	0.991085	0.981535	0.940297	0.960728	0.994919	0.994674	0.991624	0.983634	0.978204	0.993499	0.995258	0.921924	0.515494	0.132917	0.19655	0.0705266	0.075697	0.682906	0.495692	0.820162	0.772369	0.820426	0.551428	0.124276	0.261144	0.205045	0.0979693	0.0866721	0.081649	0.102279	0.276274	0.300371	0.0744972	0.00245216	0.000128965	1.44535e-005	2.7206e-006	8.16882e-006	7.19302e-006	2.88795e-006	8.45045e-007	2.18912e-007	
0	0	0.00764609	0.0993797	0.16574	0.00747221	0.0170407	0.0368179	0.00713133	0.00378332	0.00427692	0.00115257	0.000489908	0.0197581	0.00589312	0.00408653	0.074615	0.482521	0.809062	0.407649	0.00154434	2.24918e-005	0.000332576	0.00467052	0.0162945	0.168204	0.129594	0.0504931	0.000270832	8.329e-005	5.12514e-005	2.15718e-005	0.000110102	2.79184e-005	0.000823827	0.0171395	0.0193384	0.011332	0.000669815	1.37126e-005	5.18915e-008	2.89587e-010	9.73926e-009	5.93758e-010	4.24211e-009	4.81828e-010	4.30032e-011	
0	0	1.67377e-007	1.74594e-005	0.000347996	0.00090588	3.49279e-005	7.94865e-005	0.000229256	1.99148e-005	1.2873e-005	1.38599e-005	1.62741e-005	1.51078e-006	3.16988e-005	2.69941e-005	0.00327788	0.00192843	0.0579411	0.0557227	0.00068259	1.09481e-005	5.358e-007	3.77143e-006	0.00261367	0.00421744	0.00569695	0.00562811	7.18676e-005	1.66456e-005	2.3765e-007	8.98569e-007	3.60987e-008	3.23709e-007	9.41174e-008	1.08984e-005	0.000331006	6.77457e-006	1.46248e-006	1.51507e-006	1.2016e-008	1.56737e-010	1.80955e-012	5.2376e-011	7.65791e-013	8.61372e-012	5.14738e-013	
0	0	0	3.73644e-009	9.23555e-007	2.08759e-007	4.96905e-005	6.05102e-005	4.75621e-007	2.68172e-007	2.97941e-007	1.66788e-005	5.60742e-005	1.40429e-007	9.79163e-010	6.96242e-008	5.44505e-007	2.11713e-005	7.35669e-005	0.34002	0.734495	0.0715767	0.000993778	2.52599e-005	6.55772e-007	1.51166e-005	0.00175599	0.288403	0.354197	0.0409157	0.00497086	0.00181605	0.000396168	1.74106e-005	5.81193e-008	7.29819e-010	1.64064e-008	2.20452e-006	5.12779e-006	3.91069e-006	1.76043e-006	1.09851e-006	3.35385e-008	3.08487e-010	1.19517e-011	1.9766e-011	2.74976e-012	
0	0	0	1.69579e-011	4.56083e-009	6.86683e-009	5.87044e-008	7.28471e-005	7.8857e-006	9.24032e-007	6.23778e-008	9.96827e-007	6.47683e-005	6.01964e-005	7.47956e-007	2.07075e-007	1.07306e-008	2.94832e-009	5.96146e-007	2.91656e-005	0.192405	0.837159	0.0524888	0.00639841	0.000475937	5.81563e-006	1.48346e-006	0.000644113	0.385482	0.284839	0.185036	0.0479808	0.00948666	0.00799239	0.00243637	0.000400384	2.7405e-005	1.9267e-006	7.5954e-006	1.24264e-005	8.38126e-006	1.2018e-005	1.61072e-005	4.80356e-006	1.41995e-007	4.37072e-007	2.52731e-007	
0	0	0	0	5.25476e-011	1.38167e-009	1.40039e-008	3.65039e-007	8.68095e-006	5.39217e-006	1.57274e-005	0.000201275	0.000980313	0.000474569	0.000511255	0.000623069	0.000180799	3.53417e-005	5.98344e-006	2.92932e-005	0.000346128	0.0155341	0.263278	0.49321	0.160453	0.0551884	0.0425262	0.103404	0.135702	0.413002	0.604897	0.852211	0.903335	0.910313	0.89446	0.706175	0.679932	0.91416	0.996864	0.999839	0.999975	0.999984	0.999976	0.999988	0.999997	0.999999	1	


1	0.975274	0.997557	0.399583	0.509382	0.991789	0.909131	0.00943603	0.729298	0.776105	0.195684	0.283544	0.20431	0.962839	0.952731	0.577239	0.941512	0.984167	0.608625	0.0831555	0.0708834	0.239864	0.63548	0.220749	0.382036	0.726291	0.0186353	0.00888238	0.0663687	0.245157	0.177272	0.019952	0.00187481	0.0312488	0.555442	0.183206	0.0806249	0.197524	0.160132	0.568388	0.543159	0.988073	0.992541	0.998668	0.072854	0.317684	0.174985	
0	0.0201827	0.00200696	0.596677	0.469201	0.00102488	0.0904373	0.988572	0.00916208	2.88419e-005	0.00206989	0.61116	0.778737	0.00526296	0.0419362	0.408007	0.0393841	4.72066e-005	0.000198866	0.0310632	0.753621	0.00710184	0.00909557	0.767082	0.103556	3.21158e-005	2.28776e-005	0.0137273	0.1495	0.0641121	0.424788	0.930287	0.975779	0.674207	0.0414317	0.00599281	0.00912486	0.532797	0.823023	0.412005	0.452969	0.00726449	0.0057524	0.000833321	0.925498	0.586996	0.781189	
0	0.00454302	0.00040392	0.00373843	0.0211517	0.000205236	0.000254925	0.0019911	0.0176649	2.65759e-005	4.03613e-006	0.000561065	0.0139879	0.0130745	0.000721455	0.0146201	0.010866	3.97456e-005	2.61616e-005	9.76289e-005	0.000880517	0.00656653	0.000987634	0.00568603	0.0360034	6.2842e-005	1.24826e-006	3.75716e-005	0.00555209	0.00686964	0.0040702	0.00876809	0.0213686	0.286831	0.0932946	0.00229671	0.000285377	0.00209086	0.00810647	0.00793802	0.000818981	0.00181303	0.00146342	0.000351228	0.0016478	0.0748205	0.0436827	
0	0	1.88877e-005	1.15948e-006	0.00026071	0.00283399	2.96505e-005	1.02441e-006	0.228011	0.091824	0.000166064	1.51425e-005	0.000778566	0.0133299	0.000404267	4.17357e-005	0.00291782	0.00189029	0.00400773	2.14265e-005	6.35105e-005	0.071745	0.00282683	2.48768e-005	0.00632085	0.00664186	1.30133e-005	1.64559e-007	9.77465e-005	0.00148921	0.000108396	3.36704e-005	2.92777e-005	0.0066987	0.307151	0.808237	0.902662	0.265475	0.00852984	0.0108682	0.00182406	0.00217718	3.69413e-005	3.292e-006	4.09056e-008	0.020498	0.000128773	
0	0	1.28397e-005	3.50441e-008	4.82111e-006	0.00414703	0.000146183	7.4688e-010	0.015864	0.131887	0.802057	0.104413	0.00206758	0.0051628	0.00275617	8.76114e-007	2.10768e-006	0.0125713	0.382434	0.876177	0.158128	0.571206	0.309603	0.000145134	1.61777e-006	0.0715126	0.972478	0.899411	0.223537	0.0352218	6.8822e-005	3.70447e-008	2.61332e-008	8.32318e-006	0.00163483	0.000150148	0.0072965	0.00209636	0.000208062	0.000800007	0.00122467	0.000660204	0.000201166	0.000143372	6.99853e-008	1.61416e-006	1.39945e-005	
0	0	0	3.6746e-010	1.7427e-012	8.63513e-008	1.35588e-006	7.03496e-010	4.59102e-012	0.000128428	1.90306e-005	0.00030641	0.000118706	0.000329455	0.00144619	1.70246e-005	1.25662e-007	1.34587e-007	0.0016783	0.00325068	0.00213642	0.00206092	0.0367602	0.00099913	0.000319849	6.54324e-005	0.000302582	0.00372806	0.00149083	0.000579589	1.90583e-005	1.75819e-009	5.8155e-013	5.54166e-012	1.53445e-008	2.65216e-007	6.26801e-007	1.51303e-005	9.11574e-009	7.65256e-009	4.76237e-008	7.80565e-008	5.25532e-006	2.93198e-007	1.55158e-008	8.34501e-013	5.1954e-011	
0	0	0	2.22028e-011	3.90234e-013	6.94465e-013	1.02677e-009	6.52973e-010	1.3447e-010	3.8295e-009	8.1503e-009	1.8194e-007	1.1163e-007	1.73912e-006	4.37952e-006	7.34462e-005	0.0053061	0.000912492	0.00021263	1.90147e-005	2.24066e-006	1.43573e-005	0.000187545	0.00516835	0.471238	0.150273	0.000156436	4.56728e-005	1.4428e-005	0.000100715	7.79638e-006	3.46454e-007	8.97909e-009	9.7772e-010	4.57606e-010	9.66923e-008	6.46982e-008	1.68348e-007	1.89294e-008	3.3939e-010	5.3056e-011	5.46555e-011	4.2635e-010	2.10236e-009	1.82023e-009	1.09762e-009	2.28925e-011	
0	0	0	0	2.40229e-013	5.36616e-015	5.80514e-015	3.2692e-013	5.66906e-010	2.93488e-011	1.11412e-011	8.04298e-009	3.72194e-008	2.61093e-009	4.84901e-009	1.94743e-008	1.18499e-005	0.000371421	0.00281798	0.0062154	0.0142852	0.101441	0.00505921	0.000146187	0.000524355	0.0451209	0.00839078	0.0741681	0.553439	0.64647	0.393666	0.0409585	0.000948303	0.00100648	0.00104508	0.000116795	6.02865e-006	1.06602e-006	7.97869e-007	9.19801e-007	3.81073e-006	1.15214e-005	2.66451e-007	1.30012e-008	2.7678e-010	2.05728e-008	1.07493e-008	


1	0.999222	0.992705	0.998529	0.999125	0.974843	0.950495	0.988799	0.965882	0.980967	0.996458	0.999404	0.998345	0.95501	0.971739	0.987293	0.89438	0.0558176	0.00421949	0.00631495	0.217777	0.125984	0.428102	0.703848	0.44986	0.218901	0.0497981	0.34702	0.222572	0.166098	0.10559	0.209028	0.387374	0.515663	0.504532	0.36816	0.583115	0.78624	0.678688	0.645508	0.441857	0.742554	0.662681	0.934156	0.932479	0.946166	0.953569	
0	0.000774932	0.00713126	0.000956999	0.000807773	0.025114	0.0482198	0.00014922	0.0340976	0.0188732	0.0035183	0.000560705	0.00165156	0.0449028	0.0128349	0.00076926	0.0262502	0.942141	0.900657	0.819443	0.0872824	0.013196	0.0043037	0.000349497	0.00582795	0.6542	0.921542	0.32634	0.00148292	0.00215089	4.61094e-005	7.3785e-006	3.04126e-005	0.000401966	0.00414241	0.000441836	0.00219199	0.00115993	0.000794268	0.000738528	0.000559515	0.000267018	0.00279491	0.00136579	0.00237952	0.00133236	2.51304e-005	
0	3.09048e-006	0.000163634	0.00048549	5.19409e-005	4.33273e-005	0.00128484	0.00771361	1.22588e-005	0.000160118	2.31875e-005	3.48459e-005	3.69069e-006	8.67628e-005	0.0154243	0.000969342	0.00566068	0.00184197	0.0950031	0.169858	0.152115	0.000503964	0.000939098	0.000468787	0.0170921	0.00926607	0.00578725	0.0868306	0.000291185	8.71894e-005	1.47587e-005	4.50478e-006	9.27114e-006	1.686e-006	0.000138015	0.000717099	0.000471571	0.000376532	1.46638e-005	4.87297e-006	9.61358e-006	8.83923e-008	9.51035e-006	7.72987e-007	0.000706876	8.69718e-007	6.88292e-006	
0	0	4.30269e-009	2.85489e-005	1.50852e-005	2.54186e-009	7.85512e-007	0.00333827	1.97443e-006	1.2948e-008	1.83237e-008	8.44802e-008	5.94332e-008	5.41455e-008	2.07486e-006	0.0109682	0.0719867	9.35041e-005	3.70823e-006	0.00341946	0.0234673	3.20813e-005	9.75064e-006	0.00263022	0.0206463	0.00013768	2.357e-006	0.00510334	0.00028351	2.58576e-006	1.54676e-006	2.57538e-006	6.2403e-006	6.0324e-008	4.49822e-008	0.000198049	0.00033358	0.000300642	3.21426e-005	4.57206e-007	3.40382e-009	9.27149e-010	1.34899e-009	7.24078e-010	7.43422e-007	1.88286e-006	3.56122e-007	
0	0	1.75037e-015	2.89759e-013	1.2402e-009	1.01101e-008	7.75163e-013	1.40974e-010	3.22255e-006	1.14279e-008	8.10406e-013	1.31072e-012	4.22738e-011	2.21727e-011	1.72987e-011	3.03168e-008	0.00166364	2.98098e-005	2.02344e-007	4.78537e-010	5.20641e-006	1.06766e-005	5.29529e-008	8.15811e-008	0.000468603	0.000166039	7.72427e-009	5.12175e-010	3.82776e-007	2.4953e-007	8.1893e-010	1.70703e-009	4.99976e-010	1.67525e-008	5.92785e-010	5.6692e-009	3.43105e-005	5.69881e-007	1.36968e-008	1.05147e-009	1.6052e-011	1.61487e-012	1.84451e-013	1.91297e-012	7.07927e-014	7.68344e-010	3.99399e-010	
0	0	0	1.03931e-013	4.01976e-009	4.60588e-009	1.07913e-010	2.70923e-010	2.75771e-006	1.73199e-008	9.4944e-010	4.75008e-010	3.28449e-010	5.52695e-013	1.68469e-012	1.91673e-011	5.89379e-005	7.59268e-005	0.000115095	0.000178566	0.00267952	6.21182e-005	7.92933e-008	4.71305e-010	5.73549e-007	0.000251511	0.000124413	0.00131489	5.42249e-005	3.58886e-006	3.86607e-009	1.71272e-009	1.45088e-010	1.27163e-010	2.02349e-012	1.57782e-011	8.88968e-007	1.5383e-007	1.05686e-006	1.39129e-006	6.58204e-007	4.65305e-008	9.48447e-012	5.76596e-014	1.32509e-013	3.86588e-009	1.3759e-010	
0	0	0	1.86106e-022	8.56743e-015	1.31933e-012	5.64773e-010	8.88754e-010	1.57864e-011	4.68158e-009	5.21837e-010	1.27442e-008	9.55852e-008	9.92049e-010	1.59596e-012	3.05769e-014	2.89605e-014	1.6479e-008	5.31417e-007	0.000768304	0.502797	0.612884	0.00870066	0.000168381	5.15369e-007	2.19013e-009	2.0208e-005	0.0131449	0.334052	0.120833	0.132666	0.121936	0.0426418	0.00338673	3.87135e-005	1.29465e-007	3.25695e-010	4.59577e-009	5.34601e-007	5.22047e-006	6.13149e-005	0.000487436	2.16037e-005	3.70075e-007	5.61399e-008	1.64883e-007	3.0024e-007	
0	0	0	0	1.06737e-015	1.3097e-011	7.88485e-011	4.15712e-010	1.04961e-010	4.20714e-008	7.92112e-009	1.78794e-008	3.27117e-008	7.8587e-008	4.67991e-008	2.79231e-008	2.15224e-008	6.76102e-008	6.23058e-007	1.78498e-005	0.0138764	0.247327	0.557944	0.292535	0.506104	0.117078	0.0227256	0.220246	0.441265	0.710825	0.761681	0.669021	0.569938	0.480547	0.491149	0.630483	0.413852	0.211922	0.32047	0.353742	0.557512	0.256691	0.334493	0.064477	0.064434	0.0524984	0.0463981	


1	0.757405	0.261052	0.41719	0.298271	0.0230921	0.00904141	0.0473952	0.0138325	0.000385823	0.000524258	0.0171086	0.0686155	0.00262162	0.000507421	0.000252613	7.96161e-005	3.77168e-007	2.19166e-008	1.52362e-008	3.20472e-006	3.36331e-006	3.29909e-006	5.94738e-006	8.05809e-008	1.54848e-009	4.06412e-010	5.37797e-010	1.60697e-009	2.98597e-009	2.15769e-009	2.84678e-009	1.49517e-008	4.04244e-008	7.90555e-008	7.44635e-008	5.25097e-007	1.24622e-006	3.10724e-007	7.93296e-008	3.83342e-008	2.36248e-008	2.55398e-007	2.43767e-006	1.08758e-005	4.07331e-006	4.6805e-006	
0	0.0627691	0.341553	0.452999	0.68847	0.204472	0.515324	0.949177	0.694309	0.181513	0.103047	0.814899	0.892972	0.263088	0.218844	0.583212	0.321261	0.00525048	0.000214898	7.78542e-005	0.0022067	0.00372526	0.00607848	0.0416187	0.00214774	0.000126514	2.2391e-005	7.21062e-006	2.66271e-006	1.78728e-006	1.08875e-006	9.07561e-007	1.76295e-006	2.08341e-006	1.62318e-005	4.3498e-005	0.000128526	0.000207526	3.5976e-005	2.69701e-005	4.0788e-006	6.29126e-006	1.95376e-005	0.000190729	0.000360929	0.000125203	0.000120991	
0	0.179826	0.39358	0.126515	0.0112991	0.76444	0.0154624	0.000458966	0.265904	0.813884	0.748359	0.100499	0.0368984	0.732931	0.677196	0.386812	0.225702	0.0214021	0.00124841	1.66636e-005	2.47166e-005	0.00497771	0.0827835	0.0312229	0.00272857	0.00112896	0.000132404	2.82758e-007	3.28076e-008	6.11331e-007	5.40456e-008	9.46975e-009	7.7233e-008	3.75466e-006	3.60617e-005	5.02597e-005	0.000533134	3.53254e-005	2.29587e-008	3.59877e-008	5.67431e-008	2.01662e-007	0.00014496	0.0674355	0.0258929	0.000472452	4.99527e-005	
0	0	0.00381369	0.00328949	0.00193166	0.00799054	0.459972	0.00103421	0.0255388	0.00421399	0.147947	0.065785	0.00134926	0.00135449	0.103417	0.0239309	0.413732	0.956475	0.983841	0.707146	0.313856	0.363076	0.480509	0.0614503	0.00583702	0.0475402	0.268409	0.0174201	4.47807e-005	5.54084e-005	2.08749e-006	1.21107e-008	4.22609e-010	4.41615e-009	4.44029e-006	1.16697e-006	2.25028e-005	2.06121e-006	1.7636e-009	1.83934e-009	4.11803e-009	1.6076e-009	3.34963e-008	0.000248515	0.00882015	7.07254e-005	1.56422e-006	
0	0	1.41954e-006	5.60096e-006	2.76064e-005	5.23596e-006	0.000195898	0.00181276	0.000370918	3.12519e-006	0.000123629	0.00155289	5.80246e-005	2.49339e-006	3.43043e-005	0.00550199	0.0077632	0.00672833	0.00888579	0.276851	0.0688087	0.0177711	0.345974	0.291631	0.010679	0.00227423	0.0538031	0.00987367	4.72338e-005	3.05669e-005	2.0853e-006	1.26657e-007	3.5303e-008	8.55653e-010	8.29224e-010	5.29951e-009	1.54233e-007	3.4427e-008	8.28963e-012	3.05996e-014	2.60104e-013	4.20776e-012	3.33855e-010	4.04593e-007	0.000264597	1.07975e-006	3.16809e-006	
0	0	0	6.60386e-007	7.14192e-007	1.02352e-007	4.63061e-006	0.000119253	4.32935e-005	6.59029e-007	3.22412e-007	0.000150615	2.09981e-005	5.24362e-007	4.78522e-007	0.000290558	0.0305817	0.0100346	0.00562614	0.0144858	0.135121	0.0756085	0.0456806	0.536873	0.964019	0.942553	0.662118	0.680007	0.0145225	0.00808113	0.00282607	0.000558842	0.000240811	6.41766e-005	0.000292929	0.000383384	0.000888615	0.000100246	3.49988e-007	3.75938e-009	4.16949e-011	1.84812e-012	1.1543e-012	2.1613e-010	7.22034e-007	4.42984e-006	1.07001e-006	
0	0	0	2.99765e-008	1.7202e-007	3.1741e-009	7.82905e-008	1.02471e-006	1.78842e-006	4.95117e-008	1.90967e-009	3.41389e-006	1.21871e-007	3.62442e-009	1.0191e-008	1.21238e-007	0.000859083	9.6692e-005	1.0612e-005	9.11691e-005	0.0216744	0.00777517	0.000665361	0.00369134	0.00751962	0.00467882	0.00165621	0.0327341	6.64457e-005	7.22792e-005	0.000293331	5.74218e-005	4.10514e-005	1.0646e-005	4.33215e-005	1.22862e-005	7.87868e-008	2.82051e-007	7.51426e-009	1.74464e-010	9.02854e-012	1.31021e-013	7.87408e-016	6.30116e-013	1.74589e-008	2.85618e-006	3.97421e-007	
0	0	0	0	2.21214e-008	1.97463e-009	1.78621e-009	2.00404e-006	4.85443e-007	5.35522e-008	7.4866e-009	1.38478e-006	8.60635e-005	1.78877e-006	1.24072e-007	5.26518e-008	2.2026e-005	1.21257e-005	0.000172869	0.00133182	0.458305	0.527063	0.0383054	0.0335073	0.00706872	0.00169814	0.0138586	0.259958	0.985316	0.991758	0.996875	0.999383	0.999716	0.999919	0.999607	0.999509	0.998426	0.999653	0.999963	0.999973	0.999996	0.999993	0.999835	0.932122	0.96465	0.999319	0.999818	


1	0.764198	0.63055	0.749625	0.214672	0.247154	0.141702	0.0173101	0.0215669	0.0160126	0.0106619	0.0767722	0.022405	0.00544212	0.00366637	0.000828063	6.07535e-006	1.09045e-006	2.68477e-006	1.57568e-005	8.21449e-006	8.03012e-007	2.41182e-006	2.57671e-007	1.09767e-008	2.14075e-008	6.26223e-008	2.29241e-008	5.93424e-009	4.91339e-010	3.33477e-011	1.56145e-012	8.03964e-014	1.0403e-014	4.95983e-015	5.5425e-015	4.66787e-015	2.07353e-015	1.78976e-015	5.12602e-015	4.18155e-015	9.18279e-015	2.98004e-014	6.24653e-014	1.87263e-015	5.55652e-016	4.64759e-017	
0	0.191663	0.00698442	0.150488	0.757153	0.0109065	0.464704	0.975515	0.265449	0.000449145	0.00101316	0.63558	0.969725	0.00444784	0.000117126	0.000115879	1.01774e-006	1.01337e-008	2.13239e-008	3.35164e-005	0.000443694	5.43379e-005	2.78636e-005	3.60502e-006	5.56379e-008	3.59697e-009	6.30254e-009	1.09391e-007	5.22396e-007	5.53055e-007	5.9372e-007	3.87516e-007	1.26311e-007	3.29534e-008	7.30589e-009	4.85742e-011	5.65857e-013	1.91392e-014	3.39979e-014	1.67935e-013	1.77258e-012	9.98539e-012	6.58409e-013	3.32124e-013	1.5591e-013	2.46465e-013	1.25485e-012	
0	0.0441389	0.361131	0.0885001	0.0272677	0.741561	0.177461	0.000466709	0.712135	0.978901	0.986928	0.285637	0.00785029	0.989667	0.283004	0.0424119	0.00036752	0.000810735	0.00153578	0.00172665	2.52821e-005	7.37543e-006	0.000110722	3.41862e-006	6.57893e-007	1.67294e-005	3.74293e-005	6.73231e-007	4.14421e-009	1.3739e-009	6.07005e-010	1.30577e-010	4.6842e-010	3.65855e-009	3.65501e-008	1.25252e-008	2.5515e-009	1.38048e-010	1.67789e-012	8.74411e-014	7.55314e-015	1.35961e-013	1.21531e-011	1.18708e-010	8.15169e-013	1.6513e-014	2.17397e-015	
0	0	0.00133519	0.0113862	0.000900125	0.000379045	0.216133	0.00639639	0.000838233	0.00463676	0.00139642	0.00200159	1.46894e-005	0.000443368	0.713212	0.952969	0.80878	0.99135	0.948498	0.273167	0.000150857	4.28573e-007	1.51394e-005	3.48161e-005	0.000284802	0.00301818	0.00103391	3.70317e-006	1.47319e-009	1.42859e-010	4.80077e-012	4.19078e-013	8.95966e-013	4.16245e-013	4.11309e-009	1.649e-008	8.60389e-009	2.21369e-010	7.24361e-014	4.90296e-016	1.52293e-017	4.54781e-019	3.17066e-015	1.02357e-013	2.1681e-012	5.7791e-016	6.61917e-017	
0	0	1.60078e-023	1.4822e-006	7.01779e-006	1.26049e-007	3.36785e-007	0.000305511	1.0286e-005	4.76123e-009	3.20778e-008	6.4509e-007	1.92086e-008	1.05339e-010	1.71531e-007	0.00367521	0.190781	0.0074613	0.0452249	0.0111068	8.10465e-006	7.83957e-010	4.07938e-010	7.47048e-008	5.44419e-006	2.83567e-005	3.70647e-006	1.5707e-006	2.98881e-011	5.36699e-013	1.10255e-014	2.34711e-015	2.43323e-017	2.50521e-017	2.39114e-016	2.68664e-010	8.07999e-010	1.04507e-011	7.90611e-015	3.76628e-017	2.57573e-020	1.60845e-022	9.44059e-025	6.94209e-020	1.63843e-017	9.40371e-016	6.11513e-020	
0	0	0	2.16133e-009	7.03287e-008	7.92979e-010	4.4789e-009	6.01782e-006	9.17141e-008	2.9589e-011	1.36693e-009	8.05513e-006	8.33117e-007	1.68336e-013	7.81291e-012	3.51866e-007	6.48664e-005	0.000376292	0.00462127	0.668696	0.218133	2.62357e-005	6.62095e-009	2.82207e-011	6.41289e-010	2.57463e-007	1.40076e-005	0.000361173	1.52619e-005	4.86059e-008	1.20666e-010	1.02428e-011	2.82963e-014	1.90672e-017	1.9877e-020	2.98537e-015	4.60372e-013	1.64067e-012	5.79274e-013	2.10434e-013	7.98447e-014	3.56318e-014	1.03502e-018	1.92069e-021	8.49339e-020	2.72218e-016	2.50049e-018	
0	0	0	1.16612e-029	9.96374e-011	5.81407e-011	7.44828e-011	8.40344e-011	3.8246e-007	1.73842e-009	6.71146e-011	2.59971e-008	4.57986e-006	1.1145e-007	2.58582e-010	2.36643e-012	6.44819e-011	1.5853e-007	0.000115967	0.0444372	0.765196	0.988476	0.120597	0.000420167	3.3335e-006	3.37665e-007	1.16218e-006	1.09154e-005	0.000473104	0.000209971	9.75326e-005	4.93723e-006	1.45914e-007	4.97966e-008	8.29063e-009	1.21366e-010	3.97685e-013	1.62737e-015	5.54162e-013	2.50769e-012	3.39665e-011	2.74683e-010	9.92148e-011	3.19047e-011	3.55345e-013	5.46919e-013	2.91041e-013	
0	0	0	0	2.27701e-011	7.89949e-011	1.92153e-010	1.14462e-009	4.38633e-008	2.30525e-009	1.6047e-010	4.15292e-009	6.48006e-008	5.68766e-008	1.84827e-008	4.24031e-008	7.21748e-009	3.22922e-008	1.57458e-006	0.000817576	0.0160343	0.011435	0.879247	0.999538	0.999706	0.996936	0.99891	0.999622	0.999511	0.999789	0.999902	0.999995	1	1	1	1	1	1	1	1	1	1	1	1	1	1	1	


1	0.652695	0.585215	0.604652	0.719932	0.343559	0.682576	0.970391	0.755497	0.429346	0.114605	0.0846446	0.0202938	0.041092	0.141926	0.67461	0.425167	0.132948	0.0100252	0.00364279	0.0494652	0.132395	0.253842	0.803336	0.768851	0.264419	0.0356885	0.017392	0.0415517	0.361948	0.263526	0.0823021	0.0798822	0.112656	0.576143	0.797707	0.854482	0.66844	0.543332	0.315448	0.114188	0.0174392	0.0287673	0.0111815	0.279605	0.625876	0.930562	
0	0.34065	0.327225	0.394207	0.27873	0.587704	0.14145	0.0263501	0.158903	0.48089	0.861197	0.913655	0.978314	0.612015	0.508779	0.141063	0.0276839	0.0947527	0.0380836	0.0364617	0.670315	0.439497	0.146991	0.0659853	0.0374869	0.205774	0.274186	0.778532	0.892399	0.278128	0.0607668	0.0116743	0.00569378	0.0293126	0.0282051	0.124259	0.135452	0.329428	0.452357	0.679641	0.883709	0.975674	0.761542	0.313494	0.17298	0.251955	0.0668424	
0	0.00665572	0.0815786	0.000767771	0.000547793	0.0643409	0.0512796	6.31803e-005	0.0855547	0.0881407	0.0238733	0.000387853	0.000910057	0.34518	0.24097	0.0937662	0.0163984	0.669671	0.0569013	0.0108676	0.000883227	0.197079	0.568472	0.0491296	0.0148737	0.4865	0.34242	0.0197376	0.00419167	0.117488	0.0029	4.60787e-005	5.08767e-005	0.00170242	0.00646648	0.000293331	0.00262856	0.000542734	0.000627344	0.000682718	0.000220809	0.00498165	0.209215	0.675001	0.522329	0.120812	0.00118117	
0	0	0.00598067	0.000351838	0.000789216	0.00439336	0.124498	0.00277769	4.11971e-005	0.0016117	0.000324385	0.00131195	0.000482105	0.00168894	0.101279	0.00503815	0.00596717	0.0479294	0.883774	0.923698	0.17721	0.00832439	0.000777174	0.0101713	0.00176034	0.0148137	0.34598	0.170016	0.00273223	0.0109017	0.000374606	8.44359e-006	7.45953e-007	6.17809e-007	7.36547e-005	6.64295e-006	0.000472316	0.000478581	0.00126572	0.00146568	0.000428902	0.000230833	0.000270979	0.00030693	0.0248168	0.000577757	2.35836e-005	
0	0	4.45008e-007	1.55481e-005	3.86571e-007	2.78525e-006	0.000193669	0.000110533	7.73967e-007	1.19164e-005	5.91952e-007	7.949e-007	8.51442e-008	2.31855e-006	0.00695137	8.65275e-005	3.26527e-005	0.000689887	0.00980306	0.0172427	0.0231475	0.00228862	3.5086e-005	3.80706e-005	0.00112939	0.000628298	0.000205869	0.00168876	6.44708e-005	0.000105013	1.51347e-005	2.1245e-008	1.48546e-010	2.47763e-010	6.99035e-007	5.98367e-007	1.29675e-008	9.22643e-008	9.77225e-008	2.45637e-006	1.19754e-006	1.36688e-008	2.44071e-008	4.69038e-008	3.31067e-005	2.67505e-007	1.05582e-007	
0	0	0	5.1712e-006	1.9534e-007	4.35876e-007	2.27683e-006	0.000307577	2.73984e-006	4.49053e-008	1.10603e-007	2.60837e-009	1.25081e-008	2.10748e-005	9.44954e-005	0.0854161	0.0953413	0.0298126	0.000198741	0.00543943	0.000287823	0.000355385	0.00246103	0.00888867	0.0724711	0.0190931	0.000401111	0.000373167	3.4318e-005	2.19416e-005	8.40068e-006	2.47521e-007	1.94128e-007	2.57444e-009	1.56961e-008	5.33559e-007	8.18626e-007	8.79171e-007	1.31014e-008	3.97033e-009	1.01797e-009	3.38656e-009	1.45376e-005	3.01989e-006	0.000158788	2.02537e-006	3.47159e-006	
0	0	0	7.79632e-023	1.23473e-009	5.61861e-012	4.26903e-010	5.25973e-009	6.50726e-008	6.54625e-011	3.89802e-013	5.30027e-012	1.28921e-013	3.76321e-012	6.85199e-008	2.02529e-005	0.429362	0.0136358	0.000117638	1.17931e-006	4.16385e-006	7.83387e-008	1.9865e-007	0.000641428	0.0518017	0.00313893	1.6882e-006	2.07618e-006	5.11157e-008	3.40249e-007	2.45989e-008	1.15832e-008	7.6925e-011	2.57269e-010	2.00866e-011	7.79013e-010	7.77895e-009	1.81095e-009	5.23469e-010	5.124e-012	7.81382e-014	7.20275e-015	6.94089e-014	8.84481e-010	6.39322e-008	2.9139e-006	5.23315e-009	
0	0	0	0	1.14587e-009	4.4937e-011	3.3722e-010	3.56594e-009	1.20902e-008	1.81112e-009	3.13668e-011	1.68773e-010	3.08088e-010	4.74521e-011	5.93855e-009	2.24327e-007	4.68859e-005	0.0105604	0.00109656	0.00264663	0.078687	0.220061	0.0274212	0.0618096	0.0516264	0.00563423	0.00111684	0.012259	0.0590268	0.231408	0.672409	0.905969	0.914372	0.856328	0.389111	0.0777334	0.0069644	0.00110938	0.0024177	0.00276018	0.0014519	0.00167408	0.000190773	1.33451e-005	7.66569e-005	0.000773906	0.00138743	


1	0.914214	0.213726	0.98383	0.994402	0.366392	0.85921	0.986357	0.664054	0.501074	0.725628	0.996549	0.990529	0.816752	0.659892	0.553226	0.465122	0.0334992	0.00259076	0.00253717	0.217191	0.386357	0.191615	0.362956	0.142966	0.012716	0.00142212	0.00137323	0.12027	0.690624	0.659365	0.815218	0.816817	0.554849	0.498213	0.850233	0.871058	0.955036	0.772095	0.574751	0.318549	0.19985	0.124187	0.0363578	0.104958	0.0646588	0.0276179	
0	0.0857853	0.785269	0.0128707	0.00536042	0.633522	0.0868942	0.000736402	0.335498	0.495528	0.245857	0.00293732	0.00946796	0.183069	0.331033	0.445515	0.362682	0.201034	0.000619622	9.45233e-005	0.000359803	0.0379169	0.791634	0.611893	0.836834	0.618393	0.0154699	0.000125552	0.000732901	0.0841691	0.0666384	0.0146504	0.0451919	0.389181	0.440541	0.0410062	0.0674071	0.00991065	0.000229012	0.000243748	0.000319984	0.0218622	0.122288	0.801784	0.497858	0.00545351	0.00225297	
0	5.29236e-007	0.00100499	0.0031674	0.000138529	8.50543e-005	0.0538947	0.00239973	0.000371786	0.0033973	0.0285123	0.00034775	1.72393e-006	0.000178427	0.00907473	0.00108685	0.168844	0.761959	0.923467	0.879768	0.219394	0.00180948	0.000627273	0.00998956	0.0147156	0.367953	0.98219	0.212947	0.0504097	0.0130695	0.000111416	3.20393e-005	4.7778e-005	3.07308e-006	0.00274161	0.022133	0.0310193	0.00600383	4.57981e-005	1.14598e-006	5.49873e-007	2.86235e-008	0.0002088	2.45316e-005	0.0889994	8.77201e-005	7.15149e-007	
0	0	5.61098e-011	0.000132022	9.91937e-005	1.65713e-008	1.35057e-006	0.0105064	1.78875e-005	2.21966e-007	2.27909e-006	0.000166082	1.70704e-006	1.66665e-008	2.67722e-007	0.000172178	0.00332622	0.00314513	0.0700626	0.114385	0.442026	0.00107337	2.09371e-007	7.16178e-005	0.00220799	0.000227726	0.000814838	0.785272	0.723279	0.00778783	7.45566e-005	1.77909e-006	1.68799e-007	1.29964e-008	6.4227e-009	0.00107956	0.000461975	0.000622441	0.002301	0.00041341	3.2245e-006	2.6559e-009	6.92754e-012	9.30546e-010	1.29309e-007	0.0007827	1.85052e-006	
0	0	3.35551e-019	1.08598e-014	1.43709e-008	7.24357e-008	6.59944e-011	7.04086e-011	5.79947e-005	1.71695e-007	1.51339e-009	2.56894e-010	4.4186e-008	4.1618e-009	5.09277e-012	2.208e-010	2.49804e-005	0.000362296	0.00325964	0.00214965	0.00092473	0.000343699	2.32764e-007	1.68585e-009	3.5217e-006	0.000523178	5.69564e-005	6.45127e-006	0.00809622	0.00125197	4.79577e-007	2.02124e-009	1.8386e-011	4.44666e-012	4.15072e-012	1.32995e-010	0.000136262	1.76963e-007	3.19964e-008	3.91206e-007	3.02544e-008	4.45856e-010	2.10322e-012	3.8423e-015	3.43246e-014	2.39937e-012	5.21249e-009	
0	0	0	8.24881e-020	1.37198e-013	6.76885e-013	9.16119e-011	1.21084e-013	3.81668e-013	1.42196e-009	6.73602e-010	6.35517e-011	4.58015e-012	1.04722e-013	8.99093e-013	1.2656e-014	8.10661e-011	2.65834e-008	3.13108e-007	0.00106387	0.00518739	8.63187e-006	6.32462e-008	9.05435e-009	1.37538e-009	7.41413e-009	1.91123e-006	7.83788e-005	3.8907e-005	4.42439e-005	5.0825e-006	6.95061e-007	1.28629e-008	6.33148e-011	4.72128e-015	7.83462e-016	7.18706e-013	5.58412e-008	2.02997e-010	4.65905e-011	2.06527e-009	3.35498e-010	3.35115e-014	8.41491e-016	1.20435e-016	8.01577e-016	1.0678e-011	
0	0	0	6.76585e-027	3.46684e-021	9.7962e-017	3.31567e-014	2.54151e-012	1.47436e-013	2.53408e-013	8.51584e-011	2.07218e-009	1.24185e-008	4.40416e-010	5.63285e-013	1.29474e-014	4.60135e-016	6.17511e-013	8.81078e-010	1.95524e-006	0.114872	0.525204	0.00220833	7.13972e-005	5.05894e-007	6.46055e-009	8.43421e-009	2.49223e-005	0.0481852	0.0312823	0.0226805	0.00457388	0.000990115	0.000196296	5.38969e-006	5.4e-008	3.16822e-010	6.30856e-012	1.08212e-007	1.13857e-007	2.91952e-007	4.02661e-006	9.63025e-007	9.50509e-008	1.83393e-008	1.10573e-007	9.97118e-008	
0	0	0	0	2.71634e-025	3.7003e-020	2.44756e-017	9.07362e-015	1.22518e-013	1.28572e-013	2.17576e-013	3.4959e-011	5.24624e-010	2.8446e-009	7.27771e-010	4.00284e-010	2.07269e-010	1.42526e-011	3.25806e-012	2.534e-010	4.56259e-005	0.0472876	0.0139148	0.0150186	0.00327245	0.000186913	4.43564e-005	0.000172581	0.0489883	0.171771	0.251125	0.165523	0.136953	0.0557705	0.0584991	0.085548	0.0299178	0.0284269	0.225329	0.42459	0.681127	0.778283	0.753316	0.161834	0.308185	0.929017	0.970126	


1	0.964526	0.122406	0.799503	0.991584	0.33827	0.891776	0.998989	0.937599	0.196054	0.785909	0.999726	0.999398	0.122498	0.0376438	0.00492372	0.00582912	3.94398e-005	4.09348e-007	6.73473e-007	9.98105e-005	0.000167662	0.000426888	0.0363749	0.010071	0.000114549	6.0961e-006	2.71044e-007	5.45897e-008	3.36175e-007	5.95044e-007	1.03152e-006	2.92312e-006	6.74824e-006	0.000135315	0.00111876	0.00619773	0.0178318	0.0013363	8.57909e-005	1.04907e-005	1.41643e-006	6.29307e-006	2.04124e-005	0.000173344	6.15937e-005	5.43447e-005	
0	0.0354736	0.87754	0.185708	0.00284688	0.661119	0.0914779	0.000270286	0.0622579	0.803804	0.0889022	8.51879e-005	0.000597858	0.877501	0.961637	0.995047	0.469605	0.0279122	8.11442e-006	2.28504e-008	7.73549e-009	1.73977e-005	0.00173566	0.212166	0.495077	0.0258052	9.61812e-006	4.89358e-011	1.02223e-011	3.54666e-009	1.47104e-008	7.80559e-010	3.62293e-008	2.85147e-006	0.000680691	0.00428456	0.0114513	0.00128749	1.88741e-007	7.85008e-009	6.85116e-010	5.33523e-009	8.71373e-006	0.000161787	6.57206e-005	9.24894e-008	2.94088e-007	
0	3.30933e-009	5.48808e-005	0.0147888	0.00554768	0.000607514	0.0167419	0.000323651	0.000134831	0.000141487	0.125182	3.97508e-005	3.93338e-009	1.53726e-006	0.000718854	2.94376e-005	0.524511	0.971788	0.864572	0.219255	0.00587185	2.63097e-006	5.95567e-008	3.44143e-005	0.00229657	0.723444	0.162887	0.000118819	3.45712e-009	5.58937e-011	2.89792e-014	1.32599e-013	8.71597e-014	8.97255e-013	3.95996e-007	0.000145144	0.0180376	0.00154782	2.83002e-007	1.02887e-010	5.38012e-013	1.05382e-015	1.55887e-011	3.3251e-009	1.30726e-006	4.49862e-010	4.94354e-013	
0	0	1.56398e-010	2.84827e-007	2.04717e-005	3.17493e-006	3.82434e-006	0.000390127	6.0266e-006	8.20588e-009	6.4692e-006	0.000101883	8.53508e-008	1.04208e-011	6.44135e-008	2.63468e-008	4.87147e-005	0.000256951	0.135385	0.751013	0.158751	7.22043e-006	4.88239e-009	6.28683e-008	2.66223e-007	3.5098e-006	0.0850174	0.00448834	1.4265e-007	5.64544e-010	5.09605e-014	4.83993e-015	3.93953e-017	9.69574e-018	4.52124e-014	9.09333e-009	0.00017706	0.000450066	5.13439e-007	6.03843e-010	6.20049e-014	3.20116e-018	1.57103e-016	1.77941e-013	4.51541e-011	2.89314e-011	3.58206e-015	
0	0	1.47049e-015	5.2415e-008	9.12569e-007	4.79557e-008	1.73923e-007	2.6531e-005	2.51483e-008	2.08636e-009	1.42546e-008	4.7485e-005	2.3621e-006	3.25332e-011	5.85239e-011	1.25963e-007	6.36601e-006	2.37699e-006	3.33241e-005	0.0296969	0.820952	0.0025145	7.75213e-006	7.24279e-005	2.91091e-005	3.82287e-008	1.51815e-005	0.00404743	4.03478e-006	1.93833e-007	5.34164e-009	4.16793e-009	2.61688e-010	1.97658e-012	1.26971e-015	7.23513e-010	1.68181e-007	4.75264e-006	3.31631e-007	2.91184e-009	1.79214e-012	4.3514e-015	1.03056e-018	1.37384e-015	9.27054e-012	1.42583e-009	1.22572e-011	
0	0	0	4.02081e-016	1.68346e-011	1.87042e-008	7.18732e-011	5.99399e-012	2.26894e-006	1.09649e-007	1.06526e-008	6.61542e-011	2.85598e-007	8.55818e-009	8.50979e-012	2.89955e-013	1.0037e-007	7.89081e-007	5.53631e-008	1.70799e-005	0.00585546	0.987303	0.993849	0.524439	0.474582	0.243319	0.0117868	2.45522e-005	3.52443e-006	3.77618e-006	2.66285e-007	2.52851e-009	2.34671e-010	3.23433e-010	2.65372e-010	1.85491e-010	1.63531e-010	1.30998e-010	6.07403e-011	1.01045e-011	1.21718e-012	7.27879e-014	9.26028e-014	2.74968e-013	2.53387e-014	1.77846e-013	1.41599e-011	
0	0	0	1.60661e-021	1.62162e-014	7.83564e-013	2.5001e-010	1.62804e-013	3.9139e-010	2.17589e-009	4.96087e-008	2.5921e-009	8.55775e-010	2.15117e-011	1.49186e-012	8.57891e-016	2.13521e-011	3.0681e-009	2.77469e-007	1.49788e-005	0.000177795	0.000145129	0.00320933	0.182994	0.00277311	0.00711291	0.739408	0.283457	0.000878283	2.06315e-005	5.77287e-008	7.97491e-010	6.33699e-012	1.558e-013	9.14441e-013	9.2354e-013	6.96678e-012	4.86658e-012	2.3538e-011	2.14016e-013	4.27891e-014	3.30513e-015	2.7069e-015	7.52413e-015	6.82462e-015	7.15537e-016	2.44422e-015	
0	0	0	0	5.07312e-019	6.04864e-016	1.14538e-011	1.04794e-010	5.32846e-012	5.8009e-011	2.02723e-009	1.34785e-007	1.13091e-006	2.18826e-008	1.31457e-010	2.86423e-012	2.61097e-012	6.64728e-013	1.59873e-010	2.98332e-006	0.00829236	0.00984295	0.000771281	0.0439188	0.0151718	0.00020016	0.000870146	0.707863	0.999114	0.999975	0.999999	0.999999	0.999997	0.99999	0.999184	0.994452	0.964136	0.978878	0.998662	0.999914	0.99999	0.999999	0.999985	0.999818	0.99976	0.999938	0.999945	


1	0.996994	0.63641	0.983858	0.994329	0.550007	0.976449	0.998894	0.855123	0.61326	0.783349	0.884932	0.826065	0.870958	0.813206	0.960364	0.583572	0.00413874	6.42991e-005	3.63926e-006	3.07871e-006	9.7219e-006	0.00169187	0.018977	0.022441	0.00162757	0.00027799	1.19517e-005	6.64174e-006	2.32114e-005	3.15475e-005	3.12298e-005	0.000193672	0.000775638	0.0420695	0.465501	0.449391	0.879126	0.950143	0.903629	0.396947	0.0534971	0.431407	0.815956	0.979584	0.754967	0.822499	
0	0.00300562	0.363588	0.0153089	0.00559428	0.449896	0.0219974	0.000432207	0.144818	0.386391	0.0893641	0.000286056	0.000160495	0.122744	0.186269	0.0395668	0.408492	0.993778	0.11835	0.000280439	1.66789e-007	3.99657e-008	6.31382e-005	0.000200508	0.0168057	0.354843	0.0165977	2.14611e-006	2.78013e-009	8.47596e-008	9.45196e-009	1.26909e-009	9.00158e-008	5.523e-006	0.00816173	0.162745	0.474583	0.105008	0.000855194	0.000217008	0.000128204	1.23578e-005	0.0171398	0.0131827	0.00405197	0.000171764	0.000131978	
0	3.41594e-008	1.52713e-006	0.000832228	7.06809e-005	9.73376e-005	0.0015509	0.000324447	3.77719e-005	0.000348252	0.127285	0.011309	0.000228344	1.12309e-006	0.000467424	6.219e-005	0.00792223	0.00206955	0.881557	0.903545	0.0683789	0.000344281	0.000235602	9.80527e-006	1.59284e-005	0.00246356	0.916405	0.455971	0.00168304	6.00519e-005	4.56e-008	4.76963e-010	1.33622e-011	2.11453e-011	9.89801e-009	0.00044969	0.0598162	0.0139879	0.000705596	0.000108228	8.79053e-006	4.17682e-008	1.91795e-007	5.11189e-005	2.45245e-005	2.15674e-006	4.23572e-008	
0	0	1.26654e-011	6.6971e-007	5.77474e-006	4.72729e-009	2.21613e-006	0.000349017	1.41554e-006	8.37139e-008	2.00691e-006	0.103472	0.173502	0.00208047	1.03041e-005	6.90161e-006	1.18291e-005	1.06352e-006	1.26621e-005	0.0961116	0.931599	0.997419	0.875414	0.951583	0.591769	0.00121332	9.61241e-005	0.503837	0.748069	0.213763	0.204863	0.10968	0.336878	0.169049	0.116188	0.207339	0.00193635	0.00149217	0.0441211	0.0410978	0.0352072	0.00142741	0.00025391	1.00543e-006	1.9932e-006	4.76238e-005	2.72953e-005	
0	0	1.28498e-011	9.57848e-011	6.0325e-008	9.41928e-008	9.0063e-009	4.32216e-008	2.02075e-005	4.66865e-007	7.26554e-008	1.48224e-006	4.26828e-005	0.00421622	2.72697e-005	4.03731e-007	1.43671e-006	1.24256e-005	1.52555e-005	5.7944e-005	1.5231e-005	0.00220543	0.121034	0.0141676	0.360927	0.637608	0.0277682	1.51321e-005	0.000129758	0.00217692	2.12831e-005	4.11661e-006	8.02898e-006	0.000548663	0.0272076	0.0340346	0.0109582	6.40186e-005	1.75795e-006	3.54999e-005	3.56118e-006	1.06613e-006	3.99264e-005	1.14488e-006	3.03063e-010	1.92908e-010	9.15835e-010	
0	0	0	1.22099e-014	1.34842e-014	2.86736e-011	3.4736e-010	6.59763e-012	8.97377e-012	1.10441e-008	1.52255e-008	2.78312e-009	1.60174e-008	1.16395e-009	2.01019e-005	1.24547e-007	1.51033e-007	6.97942e-010	5.36851e-008	1.06388e-006	1.45328e-006	1.40772e-007	0.00152353	0.0150139	0.00760538	0.00191094	0.0382403	0.0150949	7.17232e-005	9.72993e-006	1.56611e-005	3.98856e-006	5.43595e-007	5.1764e-008	7.94362e-007	0.000142014	7.81427e-005	2.31956e-005	2.13572e-007	1.0982e-008	3.40086e-007	5.45274e-009	1.99783e-009	1.91436e-007	2.47015e-008	7.61486e-010	1.15607e-011	
0	0	0	4.65286e-018	1.14514e-016	3.96977e-015	2.72995e-014	3.657e-013	5.10164e-015	1.7297e-012	1.05049e-011	2.28368e-010	6.62694e-011	1.69667e-012	2.83162e-011	5.28482e-009	5.62264e-009	9.9526e-010	3.04021e-010	1.26181e-009	1.07627e-008	2.62283e-009	1.59545e-009	4.7516e-006	0.000227117	0.000317798	0.000169722	0.00296941	0.000370115	1.32255e-006	9.46356e-009	4.46472e-009	1.19035e-008	2.94106e-009	1.7591e-009	9.55112e-008	1.77537e-007	2.57406e-007	1.40892e-006	1.48158e-007	7.10567e-009	1.12295e-009	3.50067e-011	2.75398e-012	1.86e-011	9.56568e-011	7.46453e-013	
0	0	0	0	3.97459e-016	2.70529e-017	1.86254e-012	4.45255e-011	1.17464e-011	3.94167e-013	5.04646e-010	4.89706e-008	8.23002e-007	2.96195e-008	1.2459e-010	4.10832e-008	9.89251e-009	3.38673e-011	4.46434e-011	1.14891e-008	2.27432e-006	2.13024e-005	3.73635e-005	4.29398e-005	0.000208144	1.55247e-005	0.000445028	0.0220978	0.24967	0.783965	0.795069	0.890281	0.66292	0.829621	0.806372	0.129788	0.00323697	0.000298256	0.00417194	0.0549125	0.567705	0.945062	0.551159	0.170808	0.0163373	0.244812	0.177341	


