E:\Google Drive\Progetti\MSR Action3D\Real\a16_s01_e03_skeleton3D.txt
16
TRUE
-1135.52
-1134.46
-1137.88
-1168.51
-1155.19
-1131.76
-1119.83
-1065.12
-1142.19
-1146.13
-1147.27
-1135.81
-1159.28
-1131.88
-1151.52
-1135.95
-1147.79
-1132.89
-1151.51
-1136.75

48
20
1	0.452483	0.0893127	0.156414	0.0415441	0.0576136	0.0299702	0.00764513	0.00325863	8.8453e-005	7.33612e-006	6.70154e-006	2.54208e-005	4.1764e-005	0.000199573	0.000915581	0.00435206	0.0115708	0.0065905	0.000631365	0.000232654	0.00012636	0.000563054	0.00132967	0.000180158	9.56756e-005	0.000361989	0.000357584	3.26284e-005	9.13382e-006	4.36767e-006	5.70987e-005	7.35467e-005	0.000127684	0.000252897	0.000476437	0.000522296	0.000291629	0.000188784	0.00068277	0.000669766	4.85425e-005	0.000458118	0.000471667	1.60861e-005	3.23594e-005	1.27651e-005	1.77739e-006	6.12367e-007	
0	0.39821	0.567281	0.596745	0.210846	0.382702	0.0569449	0.0276425	0.0272121	0.00336597	0.00039784	0.00029275	0.000857281	0.000701871	0.00358631	0.0606877	0.106826	0.0964748	0.275292	0.162178	0.128022	0.0959344	0.286602	0.400715	0.0944869	0.0736851	0.204771	0.196052	0.0448457	0.02213	0.0130125	0.117897	0.127597	0.0928542	0.0991884	0.0943515	0.099851	0.0610943	0.0237785	0.125776	0.0995689	0.0948326	0.452423	0.554021	0.290132	0.805809	0.507817	0.556583	0.61756	
0	0.149307	0.0304483	0.0661593	0.020163	0.506655	0.606613	0.741273	0.36063	0.00972173	0.000108864	2.01271e-005	9.425e-005	5.53369e-005	0.000315644	0.0105191	0.0669875	0.447729	0.275096	0.0224299	0.00122573	0.00211092	0.0116746	0.0907993	0.0192725	0.0289787	0.487157	0.725198	0.120866	0.00346627	0.000393542	0.00580377	0.00742471	0.0447207	0.0923153	0.428165	0.561343	0.0698814	0.0205341	0.421912	0.0883744	0.00135557	0.0423231	0.080257	0.00343851	0.120291	0.481933	0.100889	0.170012	
0	0	0.294599	0.170483	0.133735	0.0328139	0.0241957	0.0541261	0.502032	0.271259	0.117726	0.00966112	0.000616288	8.76089e-005	0.0255738	0.171581	0.0859044	0.00847725	0.292748	0.520839	0.0459826	0.00207028	0.0026624	0.225056	0.811414	0.646332	0.291787	0.0599058	0.283966	0.260386	0.0121063	0.00394414	0.00823758	0.00749052	0.00970389	0.0221009	0.0681858	0.811052	0.94394	0.411956	0.604427	0.884108	0.488342	0.322627	0.656744	0.0723647	0.00413066	0.331187	0.184073	
0	0	0.0183594	0.00743968	0.593011	0.0166457	0.282244	0.168752	0.105317	0.113472	0.00519662	0.00041098	1.08489e-005	2.48066e-006	0.000239553	0.0523547	0.0438979	0.00453715	0.0591592	0.0720858	0.0168398	6.83291e-005	3.56305e-006	0.0558666	0.0688754	0.224232	0.00417008	0.0176192	0.466838	0.366493	0.000950997	3.70584e-005	0.000165471	0.0011286	0.0049152	0.00108082	0.0161085	0.00291266	0.000937307	0.00810979	0.203257	0.00360932	0.00771293	0.0370167	0.0470934	0.000155611	0.00584657	0.0112213	0.0279174	
0	0	0	0.00275847	0.000698835	0.00354837	2.62877e-005	0.000561123	0.00154956	0.60209	0.784233	0.706143	0.00350138	2.10076e-006	5.35728e-006	0.0315133	0.000445662	0.000155836	0.000153287	0.184987	0.754631	0.668063	0.00309186	0.000103741	0.000547422	0.0263501	0.0100571	0.000251427	0.0833934	0.344837	0.912607	0.0106756	2.65756e-006	2.5379e-006	1.55989e-006	3.47571e-006	6.33449e-005	0.000279616	5.302e-005	0.0135038	0.00153691	0.0159142	0.0057165	0.000237444	0.00247575	0.000681053	0.000202874	0.000116161	0.000435713	
0	0	0	4.04405e-012	5.39053e-008	1.68494e-007	1.03832e-007	2.009e-009	3.87512e-008	3.83286e-007	0.0859771	0.0671228	0.00149376	5.73521e-006	2.45551e-008	1.02258e-008	1.70535e-005	7.76447e-008	4.07157e-008	5.25926e-007	0.0090824	0.0388421	0.00149469	2.92973e-006	2.277e-009	1.81682e-007	1.80216e-005	1.58869e-006	5.21657e-007	0.000946643	0.00798414	0.00557665	1.6679e-005	3.90088e-009	2.15242e-010	1.46355e-010	8.2459e-011	8.39634e-010	2.44672e-008	2.91594e-008	1.92843e-006	9.29499e-008	1.90707e-005	6.50263e-007	5.03411e-009	9.81726e-006	1.12749e-007	1.52363e-007	4.81217e-008	
0	0	0	0	2.76588e-006	2.11754e-005	5.45012e-006	3.07647e-007	1.1435e-006	2.20674e-006	0.00635322	0.216343	0.993401	0.999103	0.97008	0.672429	0.69157	0.431055	0.0909608	0.0368474	0.0439837	0.192784	0.693908	0.226127	0.00522341	0.000326241	0.00167793	0.000614694	5.83166e-005	0.00173228	0.0529411	0.856009	0.856482	0.853676	0.793623	0.453821	0.253927	0.0544879	0.0105678	0.0180601	0.00216408	0.000131916	0.00300574	0.00536905	0.000100834	0.000656815	5.71028e-005	2.11122e-006	1.21294e-006	


1	0.999988	0.933822	0.99834	0.00791985	0.995373	0.997253	0.999683	0.993979	0.639671	0.369878	0.99184	0.999961	0.999869	0.984905	0.716885	0.996575	0.999975	0.999539	0.0542475	0.0870699	0.556606	0.970973	0.987843	0.502575	0.948806	0.999322	0.999946	0.901935	0.0394252	0.834363	0.999854	0.999618	0.996794	0.998808	0.99995	0.984031	0.99962	0.999991	0.999943	0.994005	0.861505	0.999446	0.999762	0.788232	0.999975	0.999455	0.999357	0.872841	
0	1.04484e-005	0.0591842	0.000347573	0.991739	0.000649161	0.00273429	0.000304395	0.0060136	0.355377	0.628354	0.000705538	3.42098e-005	0.000120624	0.00625661	0.278996	0.0031218	2.42139e-006	3.82165e-005	0.945707	0.0454975	4.0901e-005	3.45002e-005	0.00338062	0.49667	0.00427923	1.8659e-007	4.33387e-005	0.0975433	0.959009	0.00463616	1.16311e-005	0.000374185	0.00317813	0.00114998	4.91775e-005	0.0159543	0.000306589	8.86638e-006	5.6808e-005	0.000374093	0.134456	0.00014245	0.000191473	0.15707	1.26254e-006	0.000544894	0.000638338	0.127156	
0	1.4855e-006	0.00699417	9.81683e-005	0.000340732	0.003926	1.20136e-005	1.24918e-005	7.81481e-006	0.0049509	0.00173493	0.00569413	1.02256e-006	1.02234e-005	0.00871105	0.00407338	0.000295766	7.46588e-006	0.000418637	4.53412e-005	0.867387	0.0122875	3.54883e-005	0.00279899	0.000289514	0.0467531	8.30541e-007	5.65601e-006	0.000521164	0.00156611	0.0638539	7.78137e-006	6.24284e-006	2.78958e-005	4.16675e-005	3.05606e-008	1.44723e-005	7.31445e-005	5.65739e-007	2.48761e-007	0.00562106	0.0040135	0.000406711	4.54018e-005	0.0546984	2.04465e-007	2.66832e-007	4.36754e-006	2.94841e-006	
0	0	4.06485e-009	0.00121473	1.79042e-010	5.14268e-005	5.8045e-007	3.52658e-010	2.47052e-011	4.44562e-007	3.29173e-005	0.00175789	4.03577e-007	2.11674e-010	0.000127263	3.95576e-005	1.4068e-007	5.21514e-007	1.08226e-008	4.60375e-008	4.57826e-005	0.431059	0.00260249	0.00367914	6.10592e-005	9.60864e-005	0.000653046	5.36047e-009	1.26404e-007	7.45499e-009	0.0971467	4.00398e-005	2.02244e-010	1.009e-010	1.65997e-010	7.68172e-011	1.11027e-013	1.11939e-007	1.50859e-009	4.2646e-012	1.94917e-010	2.55848e-005	4.88362e-006	1.22887e-006	2.41981e-007	2.3505e-005	4.95804e-010	2.20094e-011	7.37659e-013	
0	0	7.75325e-023	3.81853e-012	1.92302e-008	1.72924e-009	2.33285e-008	3.46321e-010	1.71091e-012	7.05353e-013	2.68353e-008	2.07636e-006	3.50522e-006	8.61282e-009	5.46532e-010	5.78246e-006	4.35064e-006	1.51256e-007	2.48063e-010	3.80193e-011	8.76653e-010	7.06596e-006	0.026354	0.00225656	0.000403811	6.40951e-005	5.36442e-006	6.55745e-007	8.02674e-008	1.07331e-009	3.17291e-009	8.70423e-005	7.74797e-007	3.7796e-009	8.55146e-012	5.12439e-014	4.34404e-014	5.30837e-017	1.35284e-010	1.47086e-012	2.60123e-015	1.03101e-013	9.34407e-009	3.07712e-009	1.45015e-010	4.71527e-010	8.83374e-008	1.6515e-010	3.99604e-013	
0	0	0	7.74601e-020	3.30522e-016	5.56779e-008	1.50096e-010	1.35914e-010	1.92143e-012	1.15693e-014	8.10151e-016	7.77909e-010	1.72013e-008	1.142e-008	2.42007e-012	2.90924e-012	2.87304e-006	1.46025e-005	8.26153e-009	3.04675e-010	1.64473e-011	3.36852e-010	3.66785e-007	4.12692e-005	7.1263e-007	1.51151e-006	1.84458e-005	2.05061e-006	1.30236e-007	1.28274e-009	5.39792e-009	1.80503e-010	1.24304e-006	3.2026e-007	2.71433e-007	2.11686e-007	6.22447e-008	7.54905e-011	2.19247e-013	1.37283e-011	1.33262e-015	6.06323e-019	1.28179e-016	4.42586e-012	6.8773e-014	4.16236e-012	6.13248e-012	2.34913e-010	1.10793e-011	
0	0	0	2.29342e-040	1.50705e-026	4.40544e-016	1.00309e-010	1.08987e-011	5.93508e-012	8.40977e-015	6.11405e-017	1.03425e-018	1.32098e-012	7.31115e-010	3.31566e-011	5.89183e-016	8.03675e-015	2.4389e-007	3.86623e-006	3.78992e-009	1.64039e-012	5.65661e-013	1.06191e-011	2.52983e-010	6.13087e-007	9.6817e-010	3.12096e-007	1.99281e-006	2.38055e-008	1.10432e-012	2.14554e-011	5.53627e-011	1.51397e-010	2.07392e-008	9.98619e-008	2.43219e-007	7.09779e-009	4.91689e-008	9.43453e-009	8.60938e-010	4.56018e-012	2.09423e-014	6.5646e-017	2.13225e-019	1.66075e-014	2.47122e-014	5.97357e-013	1.59098e-012	1.06482e-013	
0	0	0	0	2.27818e-025	1.89177e-019	1.0165e-012	4.6983e-012	2.63382e-012	1.49902e-012	1.70696e-012	8.0625e-013	2.08753e-013	4.96425e-013	3.64035e-010	1.71698e-010	1.21184e-010	1.7411e-011	6.78011e-008	6.70041e-009	2.8591e-009	1.73661e-009	6.3571e-010	3.40167e-010	7.87141e-009	4.88333e-007	1.51105e-008	2.18645e-008	2.47668e-007	7.0416e-009	1.10648e-008	2.34081e-009	2.10341e-009	7.56996e-010	1.07423e-009	3.37379e-010	1.7252e-008	5.22336e-009	9.33848e-009	6.91838e-010	6.09307e-009	5.87554e-009	8.88577e-009	6.71143e-009	7.78703e-009	2.22641e-009	8.6577e-010	1.74479e-010	8.65456e-011	


1	0.999865	0.857026	0.990691	0.00498596	0.886687	0.998273	0.999913	0.994055	0.47929	0.0748304	0.0926113	0.995405	0.999624	0.561673	0.503947	0.993679	0.992862	0.996801	0.151818	0.0696129	0.0754365	0.458386	0.23452	0.211244	0.307031	0.833536	0.996522	0.759897	0.017999	0.00635683	0.792891	0.961758	0.933855	0.942305	0.981469	0.980643	0.975268	0.984253	0.991941	0.92545	0.558154	0.559659	0.443762	0.344556	0.155304	0.126105	0.178412	0.314823	
0	4.27524e-006	0.141844	0.000704109	0.995013	0.000621225	0.00149785	8.10981e-005	0.0059419	0.499316	0.897837	0.00110978	2.99295e-005	0.000334438	0.110615	0.375468	0.00298616	2.81655e-006	0.000238495	0.846415	0.0249163	2.08661e-005	0.000102946	0.0110949	0.30856	0.00390612	2.11363e-007	1.2359e-005	0.226045	0.981168	0.000211821	2.25921e-005	0.000499332	0.00913113	0.00244612	6.03565e-006	0.00650314	0.0013517	7.84833e-006	1.01624e-005	0.0358683	0.314171	0.00177307	0.000187721	0.0773162	3.85176e-007	1.156e-005	2.0191e-005	0.00418084	
0	0.000130838	0.0011296	0.008602	6.95502e-007	0.112692	0.000228542	6.14456e-006	3.56053e-006	0.0213936	0.0273114	0.901177	0.0029054	3.74968e-005	0.327711	0.11903	0.00258937	0.00112002	0.000173187	0.00167542	0.905386	0.888143	0.505012	0.750715	0.473507	0.662702	0.134752	2.27625e-005	0.0103874	0.000736235	0.993258	0.171643	2.40137e-005	1.21959e-005	2.49146e-005	1.89961e-006	8.49929e-006	0.00164137	3.67756e-006	2.2102e-006	0.000639524	0.00207481	0.00223354	3.42022e-005	0.000670808	1.05633e-005	4.40128e-007	2.57138e-006	1.99311e-007	
0	0	2.79369e-009	2.59712e-006	4.20181e-012	4.18611e-009	2.8236e-007	4.8978e-010	4.36054e-013	7.70479e-010	3.21651e-006	0.00505336	0.00121679	2.48772e-008	2.60163e-007	0.00118265	3.36962e-005	1.96018e-006	8.38329e-009	7.72165e-010	1.45985e-005	0.0340008	0.0070051	0.000569299	0.00106508	0.020598	0.0132419	2.07708e-007	4.98973e-009	3.18598e-009	5.32402e-005	0.00769228	1.11081e-007	1.78943e-012	1.40222e-012	7.13484e-012	2.16525e-013	1.51393e-011	4.7046e-008	9.97512e-012	1.26601e-011	8.59603e-009	1.8477e-007	2.97788e-008	3.32495e-011	1.67847e-007	4.99122e-010	1.34756e-011	1.61583e-012	
0	0	1.56073e-009	1.64812e-008	4.35333e-009	4.48938e-010	8.15206e-007	1.75288e-009	1.52828e-010	2.48866e-009	1.79365e-005	4.85831e-005	0.000413669	1.32196e-006	6.54068e-008	0.000371502	0.000423573	9.19331e-006	9.77255e-009	8.85828e-008	1.09552e-006	0.00220429	0.0244519	0.000984363	0.00181697	0.00065371	0.000804625	3.34097e-006	1.92281e-007	2.24354e-006	3.9357e-007	0.00317975	2.51271e-005	4.28881e-008	2.52548e-010	2.64027e-010	3.4067e-011	7.76749e-011	4.74269e-008	6.36511e-011	5.03703e-011	2.35148e-008	3.41138e-008	2.39085e-008	3.4037e-010	6.57916e-009	1.57022e-010	9.86999e-012	1.2163e-010	
0	0	0	3.87582e-014	1.10465e-015	2.36792e-008	8.00367e-012	3.44852e-010	3.11353e-014	7.66553e-016	2.88568e-014	3.19426e-007	2.96991e-005	2.10497e-007	3.71082e-012	8.05904e-011	0.000287614	0.0059937	1.18705e-007	2.44491e-011	1.21575e-010	1.87066e-007	0.00244927	3.82305e-006	5.53318e-009	5.02537e-006	0.0094254	0.000135428	4.58456e-008	5.98023e-012	2.28358e-008	3.24303e-006	1.53024e-006	1.66596e-008	3.50179e-010	2.1586e-011	2.49898e-013	1.0408e-016	1.25977e-014	5.04001e-010	1.21432e-015	4.01442e-018	1.52578e-012	1.41474e-012	2.06981e-015	2.14193e-012	3.40427e-012	7.24508e-015	5.63015e-015	
0	0	0	1.09723e-021	3.83199e-022	2.64148e-016	9.58976e-012	3.20846e-014	5.16005e-012	1.66158e-015	1.94089e-018	1.04254e-017	4.58984e-009	2.04123e-006	2.68474e-008	2.88405e-014	2.23339e-014	1.00907e-005	0.00278289	6.03943e-007	7.6549e-012	3.65091e-013	3.87674e-008	1.14779e-006	5.15489e-008	2.26252e-012	1.52151e-006	8.49774e-005	6.41619e-007	4.89504e-013	1.64441e-015	1.12298e-008	2.70058e-006	9.29726e-007	1.70619e-006	3.70103e-007	2.38349e-009	4.43701e-009	1.12697e-010	1.50193e-012	6.37339e-012	2.29799e-014	5.41728e-017	6.25813e-016	3.55372e-016	4.33772e-016	7.85516e-014	8.12622e-014	2.22361e-017	
0	0	0	0	3.1124e-020	1.39488e-017	1.60185e-012	8.99504e-013	4.95662e-013	9.77313e-013	3.57856e-013	1.27172e-012	8.15899e-010	1.11494e-008	1.09309e-006	7.01846e-007	4.42905e-007	2.01588e-007	4.05485e-006	9.067e-005	6.93264e-005	0.00019472	0.00259248	0.00211158	0.0038069	0.00510464	0.00823793	0.00321931	0.00366921	9.48252e-005	0.000119509	0.0245688	0.0376894	0.0570008	0.0552219	0.0185228	0.0128457	0.0217387	0.0157354	0.00804631	0.0380423	0.1256	0.436335	0.556016	0.577457	0.844685	0.873883	0.821566	0.680996	


1	0.964023	0.924334	0.880975	0.919411	0.984419	0.986308	0.991772	0.994066	0.816996	0.886576	0.806227	0.712793	0.674931	0.12204	0.0583011	0.0375129	0.0116743	0.122896	0.128137	0.343274	0.609631	0.553595	0.28832	0.0415935	0.0369154	0.0202313	0.00738057	0.00249725	0.0148364	0.0774997	0.328793	0.487813	0.25338	0.101108	0.178652	0.020658	0.0127501	0.0392843	0.000716562	0.00583472	0.0449016	0.0397722	0.323683	0.393831	0.225716	0.00514738	0.0120724	0.009958	
0	0.033695	0.0135308	0.0700676	0.00270904	0.00523586	0.00245753	0.00109856	0.000448721	0.0033093	0.000997704	0.0360161	0.271924	0.305313	0.21051	0.0270979	0.00271544	0.000185759	0.00110929	0.000612803	0.0122706	0.0389506	0.393529	0.208462	0.0726776	0.00251905	0.000223604	9.38639e-006	1.18405e-006	1.57832e-005	0.010936	0.110195	0.0544082	0.0137724	0.00100449	0.00122708	0.000193503	0.000206221	0.000354064	7.09212e-006	7.76595e-006	0.00438593	0.00711449	0.0693325	0.0207519	0.0327962	3.48867e-005	1.41242e-005	2.46773e-005	
0	0.00228174	0.062132	0.047678	0.0749955	0.000670453	0.0059408	0.000450105	0.00213143	0.163455	0.107785	0.157057	0.0152274	0.0197479	0.652442	0.214752	0.00269088	5.13896e-006	0.000904793	0.00544176	0.408132	0.243725	0.0335022	0.478161	0.2231	0.00791557	6.06899e-006	9.09715e-007	8.52074e-005	0.00185767	0.0252098	0.0102186	0.00299382	0.00132121	5.78201e-005	8.15025e-005	3.32596e-005	0.000112733	0.000111035	1.97115e-007	0.000179884	0.0181726	0.00355546	0.00777728	0.0817719	0.000640732	2.6896e-006	1.61985e-005	1.7518e-005	
0	0	3.3458e-006	0.00125588	0.00165498	9.0084e-005	1.89699e-005	1.43456e-005	1.21187e-007	0.000729226	0.00326441	0.000309537	2.90231e-005	3.28945e-006	0.0150062	0.570236	0.0365424	5.82073e-005	2.61515e-007	0.000365646	6.8881e-005	0.000927895	3.98078e-005	0.0249315	0.660749	0.124136	0.000197927	4.84662e-008	3.80393e-007	8.50395e-006	3.53372e-005	6.52584e-006	3.61253e-006	2.49665e-005	1.66859e-006	2.07838e-007	2.59203e-007	1.60679e-008	5.82969e-008	1.03724e-008	5.77764e-010	9.36057e-007	1.41371e-005	1.63724e-005	3.90122e-005	1.09111e-005	2.10014e-006	4.52104e-009	1.1711e-008	
0	0	1.36555e-007	2.35199e-005	0.00122976	0.00768247	0.00510241	0.00533923	0.00036798	0.0107424	0.000820255	0.000318773	7.1647e-006	1.33425e-007	1.98142e-006	0.129613	0.915548	0.832059	0.1916	0.144955	0.048055	0.00481773	8.4065e-006	6.29039e-005	0.00187705	0.828468	0.185095	0.0257007	0.171516	0.495975	0.132505	0.000205486	1.29457e-006	7.08323e-006	3.91006e-006	8.01414e-007	1.67229e-006	6.16517e-008	6.4657e-008	1.43349e-007	2.82503e-009	3.31416e-008	4.72561e-006	1.34247e-006	1.09226e-005	9.4785e-007	1.59186e-007	6.31581e-008	4.6864e-008	
0	0	0	1.07921e-010	1.34893e-009	0.00190218	3.03334e-005	0.000281109	0.000137074	0.000109754	0.000125407	3.84459e-005	3.60367e-006	2.55568e-008	2.15643e-011	4.78142e-009	0.00498757	0.155273	0.116481	0.0240723	0.00573809	0.0542354	0.002775	1.87116e-006	1.19246e-008	4.34756e-005	0.794219	0.108255	0.0248053	0.0333934	0.502418	0.0885717	0.000814933	8.39607e-006	8.21066e-008	3.88066e-006	3.60934e-007	1.19885e-007	2.63453e-007	3.23773e-008	1.08306e-009	2.31887e-011	1.40604e-010	1.89667e-007	3.05734e-009	5.85029e-007	3.55643e-011	5.23913e-009	9.22063e-010	
0	0	0	4.01462e-014	1.23801e-012	4.30112e-009	4.39763e-008	1.16433e-008	5.85592e-008	3.27701e-007	4.8441e-008	5.01358e-008	4.00686e-008	4.25088e-010	1.96133e-011	9.67942e-011	2.69546e-006	3.14931e-006	0.000836155	0.00022383	2.23549e-005	1.40049e-005	0.000170525	1.65897e-006	1.11351e-007	6.24717e-009	3.38437e-006	0.00033941	0.000104677	1.77349e-005	0.000177658	0.000769891	4.26583e-005	2.60716e-007	3.5904e-010	1.57903e-011	5.25412e-010	2.91976e-011	9.64038e-011	4.2899e-011	5.05289e-012	2.22878e-012	2.03417e-014	1.05657e-011	5.25156e-011	1.25704e-010	1.10405e-010	2.65224e-013	1.42693e-012	
0	0	0	0	1.07119e-011	6.20179e-009	0.000141521	0.00104507	0.00284822	0.00465828	0.000431421	3.2809e-005	1.57394e-005	3.93975e-006	9.42596e-009	2.78353e-008	1.21154e-007	0.000741949	0.566172	0.696192	0.182439	0.0476986	0.0163798	5.96764e-005	2.62741e-006	2.68845e-006	2.4071e-005	0.858314	0.80099	0.453896	0.251218	0.461239	0.453922	0.731486	0.897824	0.820034	0.979113	0.986931	0.96025	0.999276	0.993978	0.932539	0.949539	0.599189	0.503595	0.740835	0.994813	0.987897	0.99	


1	0.912985	0.99112	0.992349	0.897688	0.585976	0.614506	0.177632	0.0628127	0.0201651	0.269304	0.876477	0.772898	0.849145	0.983364	0.916004	0.862741	0.519956	0.515734	0.734604	0.952698	0.945926	0.886961	0.965303	0.870506	0.640583	0.434175	0.268848	0.22536	0.459606	0.520484	0.654237	0.861646	0.780875	0.575049	0.432333	0.383868	0.441327	0.814167	0.338509	0.612817	0.963777	0.902678	0.973542	0.949542	0.686496	0.536769	0.843791	0.890059	
0	0.00991833	0.00766376	0.0052037	0.102016	0.182761	0.322762	0.781876	0.910063	0.978716	0.719442	0.0279978	0.000595497	0.00152495	0.00836358	0.0642553	0.075345	0.0572186	0.117283	0.250547	0.00823835	0.00177536	0.000797453	0.0118726	0.0248798	0.0982757	0.0803263	0.093984	0.740891	0.274671	0.00578579	0.000632029	0.00358046	0.0556939	0.0861448	0.0793983	0.279102	0.490103	0.085705	0.141747	0.213937	0.0302089	0.00959874	0.00766041	0.0499813	0.0026689	0.0544277	0.125004	0.0963856	
0	0.0770966	0.000992705	0.00243323	0.000284755	0.20627	0.0613406	0.0377065	0.0262619	0.00109169	0.0111471	0.0944757	0.218301	0.138504	0.000740474	0.00168013	0.0403497	0.386553	0.232334	0.00229641	0.00249906	0.0281231	0.0972196	0.00179714	0.000155914	0.00216039	0.354972	0.482321	0.0111126	0.00160146	0.0183628	0.0851849	0.054242	0.144938	0.320786	0.480819	0.329394	0.0613908	0.0911249	0.494161	0.159909	0.00314829	0.087079	0.0174772	0.000150955	0.294366	0.398067	0.0285033	0.0130362	
0	0	2.82367e-006	9.0589e-006	9.43715e-009	0.0249918	0.000898025	0.00273257	0.000660623	1.58468e-006	6.74719e-006	0.000828334	0.00745938	0.00741118	7.97414e-006	1.67998e-007	0.000557898	0.0266858	0.129817	5.45746e-007	1.15208e-005	5.57305e-005	0.00125023	2.32449e-005	2.02972e-008	1.71871e-005	0.0380373	0.131202	6.37842e-005	2.46068e-007	0.000177261	0.00230726	0.00700676	0.00795127	0.015672	0.00536676	0.00230051	0.00181212	0.00759374	0.0251494	0.00655421	7.95107e-006	0.000359766	0.000473202	1.52285e-007	0.0164279	0.00907375	0.000900213	8.678e-006	
0	0	0.000220537	3.82044e-006	9.80325e-006	7.61529e-007	0.000478513	5.13182e-005	0.000201425	2.20006e-005	3.57445e-005	5.22429e-005	0.000676458	0.00338357	0.000871105	1.31428e-005	6.19891e-006	5.1968e-005	0.00357563	0.00290357	1.84825e-005	5.43323e-006	0.000441532	0.000270186	1.33718e-005	1.43535e-007	5.98116e-006	0.00143602	0.00135485	0.000110183	3.27052e-006	0.000176815	0.00360133	0.00249953	0.00152147	0.00160889	0.00494722	0.00496901	0.000922336	0.000344904	0.00668009	0.00266573	0.000221693	0.000808408	9.73259e-005	6.05414e-006	0.0016511	0.00176383	0.00037697	
0	0	0	9.77291e-007	3.09389e-007	3.44024e-008	1.47549e-005	5.19084e-007	3.47943e-007	3.10657e-006	3.38306e-005	1.07731e-006	4.94277e-008	1.99555e-006	0.00657903	0.00514405	0.000456663	1.32187e-005	1.90904e-006	0.000355799	7.23981e-006	1.33592e-007	9.62469e-008	0.000471825	0.0027847	0.000364626	1.1054e-005	1.05749e-006	0.000182112	9.19641e-005	9.56565e-007	2.42763e-008	2.88757e-007	1.00753e-005	2.1404e-006	2.26779e-005	1.53996e-005	0.000131825	6.15014e-005	1.50806e-006	7.51707e-005	8.2111e-005	2.5795e-005	4.94871e-006	5.83135e-005	1.44148e-007	1.43353e-006	6.35576e-006	1.00358e-005	
0	0	0	3.10196e-012	2.19936e-012	3.58214e-017	1.76555e-013	8.09737e-015	3.93872e-014	2.99519e-010	1.47128e-007	2.2874e-011	1.03665e-015	8.57453e-013	1.4397e-005	2.10482e-007	2.90119e-009	2.4312e-012	5.63706e-016	5.53891e-007	5.89963e-011	4.91691e-014	1.11118e-014	5.23379e-007	4.43679e-006	2.57718e-011	2.15189e-012	2.10311e-016	1.19709e-008	5.84589e-008	1.78796e-011	1.78616e-016	3.17104e-014	1.09997e-011	1.83537e-012	6.71903e-012	3.50772e-012	3.18539e-010	8.7461e-013	8.83544e-015	4.52489e-013	7.93899e-011	2.21289e-013	7.57204e-013	2.32165e-012	1.07451e-015	1.39045e-015	1.46318e-012	5.48038e-012	
0	0	0	0	7.9796e-007	2.72169e-007	2.63653e-007	9.91894e-007	1.37463e-007	1.41732e-007	3.01816e-005	0.000168358	6.98439e-005	2.88563e-005	5.91433e-005	0.0129029	0.0205434	0.00952188	0.00125426	0.00929202	0.0365276	0.0241143	0.0133301	0.0202613	0.101656	0.258599	0.0924728	0.0222079	0.0210355	0.263919	0.455186	0.257462	0.0699236	0.00803245	0.000824376	0.000451679	0.000373682	0.000265895	0.000425613	8.66308e-005	2.78622e-005	0.000110276	3.66034e-005	3.35904e-005	0.000170338	3.50318e-005	9.82064e-006	3.10667e-005	0.000123158	


1	0.306985	0.118557	0.270802	0.0333003	0.0784382	0.0208617	0.000442572	8.20113e-005	9.00781e-006	8.37653e-007	1.0669e-006	1.43439e-006	8.39362e-007	6.02501e-008	4.14689e-008	7.282e-009	4.53567e-009	2.88365e-009	2.67057e-009	3.19692e-009	1.83925e-009	1.36683e-009	5.57265e-011	7.31058e-012	7.50136e-013	8.9643e-013	6.49211e-013	2.60266e-013	4.65595e-014	4.37911e-014	2.95053e-014	6.02038e-015	1.40277e-015	5.89704e-016	1.90986e-016	1.22992e-016	1.08012e-016	1.15367e-017	2.06047e-017	5.31766e-018	7.30749e-018	1.7662e-018	5.28304e-019	4.06968e-019	7.70166e-019	7.77941e-019	8.5011e-019	9.51713e-019	
0	0.0134532	0.021379	0.429593	0.287001	0.3062	0.167187	0.00788045	0.000841462	3.72243e-005	9.21957e-006	1.99876e-005	1.75362e-005	8.96235e-006	5.37841e-007	5.15744e-007	7.98508e-007	4.58002e-007	1.97073e-007	4.28273e-008	6.26941e-008	2.60357e-008	7.21234e-009	5.22978e-010	5.7306e-011	4.3604e-011	4.1266e-011	6.21673e-011	1.39968e-011	4.12553e-012	2.81218e-012	1.46046e-012	5.9382e-013	8.55659e-014	2.81594e-014	1.23652e-015	3.05373e-016	2.21734e-016	5.12814e-017	1.67846e-017	1.27128e-017	2.70797e-018	2.49951e-018	1.96547e-018	6.8526e-019	5.99525e-019	1.70257e-018	2.73216e-018	2.26512e-018	
0	0.679561	0.784323	0.150636	0.525311	0.0119015	2.97055e-005	3.4027e-005	0.000128332	3.48029e-005	6.4566e-006	9.19791e-006	2.3517e-005	3.7985e-006	3.19043e-008	3.037e-007	8.14223e-010	6.57443e-011	6.18658e-008	5.97263e-007	4.99079e-006	6.82179e-006	3.57093e-006	4.32787e-009	6.46167e-011	8.49863e-013	1.56381e-014	3.26719e-013	1.8072e-012	5.2156e-012	3.78695e-012	2.71297e-012	7.40683e-013	1.99668e-014	5.32873e-016	1.29492e-017	2.17082e-017	1.09999e-018	7.44453e-019	1.25535e-018	1.60761e-017	5.14819e-015	1.20609e-015	2.50078e-016	4.16267e-015	3.75235e-015	1.35618e-014	7.39556e-015	1.30888e-014	
0	0	0.0739	0.00737287	0.0160883	0.455897	0.0122199	0.0131754	0.00472257	0.000111552	3.00185e-006	1.7663e-007	2.20656e-007	2.66953e-007	2.2304e-009	3.40166e-007	3.1669e-008	5.00811e-009	2.17028e-007	8.7939e-008	3.90932e-008	3.83754e-008	2.54624e-008	4.98931e-010	8.30977e-012	1.51664e-011	5.43925e-012	2.20374e-011	8.80128e-012	3.16058e-013	2.10934e-014	3.86745e-014	3.0445e-014	1.07662e-015	2.10726e-016	6.39695e-017	6.86529e-018	1.79837e-018	7.79807e-019	1.00481e-017	9.41842e-019	2.01652e-018	1.86054e-017	1.24299e-017	5.53212e-016	3.20799e-016	1.26119e-014	3.08895e-013	1.12368e-012	
0	0	0.00184151	0.141106	0.128351	0.0249162	0.00190268	6.82544e-006	2.81294e-005	4.24393e-006	5.22486e-005	0.00105598	0.00759253	0.286364	0.0275417	0.00204758	0.000100516	4.7993e-007	2.24579e-008	1.50597e-007	7.81574e-006	3.93363e-005	0.000454493	1.38918e-005	9.97248e-008	2.96284e-009	3.71838e-011	1.46286e-012	1.34546e-013	1.21228e-011	1.24026e-010	1.18221e-009	3.9013e-009	1.26557e-009	1.31488e-010	1.19298e-012	1.98233e-014	1.8595e-015	9.96577e-017	2.31668e-018	2.91921e-018	3.7844e-017	1.23732e-016	5.77425e-016	1.83621e-015	1.71546e-014	1.52322e-015	1.33859e-015	8.73388e-014	
0	0	0	0.000398089	0.00985111	0.120689	0.790738	0.975841	0.980589	0.983314	0.105688	0.00148652	3.22157e-006	5.82551e-006	0.0115504	0.0760631	0.312235	0.525033	0.794783	0.525795	0.0113131	1.35069e-005	1.41505e-008	1.00316e-005	3.42863e-005	0.000205054	0.000659055	0.00395149	0.0629865	0.00241633	7.71565e-006	7.24637e-009	1.52231e-010	5.67961e-011	2.41918e-010	3.38966e-011	2.62712e-011	3.64885e-011	3.01965e-012	4.57392e-012	2.9352e-013	3.96574e-015	1.12195e-017	8.03098e-019	4.41007e-017	4.24593e-018	5.17603e-015	5.4708e-014	4.61367e-014	
0	0	0	9.26163e-005	4.65722e-005	7.78661e-006	0.000948395	1.52846e-005	0.00113429	0.00357555	0.856025	0.19256	0.000295254	1.14985e-005	0.0295817	0.000329921	0.00141132	0.000486564	5.23259e-005	0.0371466	0.0124915	0.000342066	4.03043e-006	2.80651e-005	3.58783e-006	6.91457e-008	1.19254e-006	2.76499e-007	9.88262e-005	0.0102662	0.00110161	3.23745e-006	2.09724e-008	2.28502e-010	3.62197e-012	4.32597e-013	1.92496e-014	2.84361e-012	1.49219e-013	3.41302e-016	7.61936e-015	5.85078e-016	1.75758e-018	9.67514e-020	1.15482e-020	3.36882e-020	1.62083e-020	1.01447e-017	6.36294e-018	
0	0	0	0	5.09098e-005	0.00195027	0.00611312	0.00260448	0.0124737	0.012914	0.038216	0.804868	0.992066	0.713605	0.931325	0.921558	0.686252	0.474479	0.205164	0.437057	0.976183	0.999598	0.999538	0.999948	0.999962	0.999795	0.99934	0.996048	0.936915	0.987318	0.998891	0.999997	1	1	1	1	1	1	1	1	1	1	1	1	1	1	1	1	1	


1	0.827822	0.1734	0.0796392	0.0232357	0.00517045	0.000146253	2.33726e-006	2.4322e-007	2.24045e-008	1.73982e-008	5.12161e-008	1.73247e-007	4.32797e-007	4.53532e-008	2.71385e-008	4.93496e-009	1.79121e-009	5.22212e-010	2.79193e-010	5.5659e-010	1.55428e-009	6.88558e-009	4.34931e-010	5.10138e-011	1.00116e-011	3.33694e-012	5.88423e-013	1.01572e-013	3.61501e-014	1.12788e-013	3.76433e-013	1.77831e-013	5.4723e-014	1.38604e-014	4.91971e-015	1.70515e-015	2.17747e-016	3.60119e-017	2.66884e-017	3.61357e-017	5.94561e-017	3.05583e-016	2.46703e-016	2.83782e-016	1.88739e-015	5.22321e-015	1.49867e-015	3.25511e-015	
0	0.150455	0.714504	0.747865	0.205977	0.00132752	6.90546e-006	5.40704e-007	9.81304e-008	4.15639e-008	3.70543e-008	1.40802e-008	3.77033e-009	6.25335e-009	4.78128e-008	5.32e-008	9.37364e-011	5.06322e-012	1.20155e-009	3.02734e-009	7.33687e-009	3.83248e-009	5.3953e-010	4.1092e-010	1.87467e-010	3.28199e-011	2.79469e-013	1.61128e-014	9.06016e-014	2.15203e-014	1.22467e-014	5.85866e-015	9.5107e-015	8.00367e-016	2.5982e-016	2.83993e-017	1.20725e-017	3.25159e-018	2.71923e-019	2.16922e-019	6.46226e-018	3.59765e-016	5.01585e-017	3.91323e-017	2.55908e-015	2.18716e-015	1.26898e-014	3.59614e-014	4.8869e-014	
0	0.0217234	0.100507	0.0967335	0.112814	3.24179e-005	4.66048e-007	1.70647e-009	3.02704e-009	2.67808e-010	2.33697e-008	9.8419e-008	4.39265e-008	6.1253e-008	1.49256e-008	8.31897e-010	1.46935e-011	1.65219e-013	3.45853e-012	5.23271e-010	1.22506e-008	3.92912e-008	2.85879e-008	2.485e-008	6.36774e-010	2.74884e-012	4.44602e-015	1.68309e-016	1.32363e-015	1.59326e-013	2.36592e-013	1.23939e-013	1.6045e-013	6.83165e-015	4.31788e-016	1.0896e-017	3.2687e-019	1.65726e-020	1.11911e-020	7.15977e-022	2.10218e-018	4.92168e-017	8.47008e-018	8.45718e-018	2.71868e-017	2.78105e-016	1.53394e-016	2.13574e-015	2.14131e-014	
0	0	0.0115778	0.0516336	0.657629	9.08165e-005	6.88353e-007	2.46922e-010	5.70684e-012	2.19125e-010	7.51991e-009	4.7368e-008	7.89069e-009	6.42842e-009	1.14014e-008	1.80512e-008	1.23669e-010	5.36238e-014	4.65987e-016	1.23891e-010	4.51104e-008	2.13702e-008	5.09217e-009	3.09443e-009	1.26453e-009	1.13696e-010	6.03207e-015	1.44595e-018	1.66272e-017	5.58362e-014	4.21046e-013	5.10146e-014	4.69084e-016	4.26055e-016	9.18191e-018	3.35951e-020	1.06576e-020	3.9133e-022	1.96671e-023	2.9166e-024	1.93485e-022	2.79598e-018	1.19813e-017	2.21124e-018	9.77907e-018	1.30776e-018	1.75216e-019	2.16484e-018	8.03785e-016	
0	0	1.07983e-005	0.0233933	3.3151e-005	0.281307	0.000893537	9.10495e-006	3.69821e-008	1.53551e-010	1.51178e-011	2.03478e-008	6.47973e-008	8.50264e-008	9.90036e-009	2.43806e-010	7.96034e-010	2.27861e-010	4.13607e-011	4.8785e-013	1.12305e-010	9.23177e-008	2.1483e-007	9.13993e-009	6.33506e-011	9.86686e-011	1.50893e-010	2.57933e-011	1.5378e-013	9.51232e-016	2.23306e-013	9.78019e-013	1.7714e-013	1.40298e-014	7.56995e-016	6.90387e-017	8.46713e-019	3.88847e-020	4.81684e-021	1.6845e-021	5.00168e-023	6.59403e-021	6.68157e-018	8.24205e-018	6.96635e-019	6.64838e-017	5.80579e-018	6.27463e-019	2.09003e-018	
0	0	0	0.00073572	0.000240239	0.711909	0.623012	0.911297	0.0824474	0.000328835	1.53339e-006	3.04229e-009	1.36345e-010	2.23356e-009	4.94249e-010	2.90563e-011	1.50714e-009	3.49529e-008	3.74442e-009	7.62605e-012	3.76488e-015	9.13055e-012	3.90109e-010	6.74231e-009	2.427e-010	8.65115e-010	1.08904e-008	5.69649e-008	9.88959e-009	5.04892e-012	8.62968e-015	1.49392e-015	1.95494e-013	2.74496e-012	1.13335e-011	1.14388e-011	3.42012e-012	2.74578e-013	2.18613e-014	1.17813e-013	9.06758e-016	2.93531e-020	5.03651e-021	4.01782e-020	9.9733e-021	4.41705e-019	2.24515e-016	2.11867e-017	1.59817e-019	
0	0	0	9.79345e-009	4.3569e-005	0.000148899	0.370544	0.0745615	0.832138	0.793505	0.0632213	0.000405042	3.20647e-006	6.90902e-008	1.44549e-008	1.01994e-009	3.37703e-009	7.76234e-008	1.7857e-008	6.34239e-010	2.52162e-013	6.27881e-015	1.48128e-011	3.51143e-010	2.2231e-009	6.7013e-010	1.27885e-008	6.0014e-008	1.81675e-007	2.82486e-009	1.48011e-011	1.51597e-013	9.21621e-015	1.29864e-013	3.23054e-012	3.62448e-011	4.95913e-010	1.75477e-008	1.55484e-008	7.2791e-008	2.19408e-008	2.75845e-011	4.50083e-012	1.53162e-013	1.56826e-015	2.23285e-017	8.23448e-018	2.36219e-018	2.04237e-019	
0	0	0	0	2.73838e-005	1.41842e-005	0.00539704	0.014129	0.0854142	0.206166	0.936777	0.999595	0.999996	0.999999	1	1	1	1	1	1	1	1	1	1	1	1	1	1	1	1	1	1	1	1	1	1	1	1	1	1	1	1	1	1	1	1	1	1	1	


1	0.997168	0.995102	0.901037	0.669332	0.127052	0.00199949	4.15362e-005	2.50623e-006	1.80194e-007	1.00231e-010	3.23161e-011	4.66981e-012	1.17019e-012	2.78738e-012	1.00327e-013	2.22064e-016	8.81936e-019	9.57113e-019	1.329e-018	7.67772e-020	1.4799e-021	2.28747e-023	2.15521e-022	1.18553e-021	5.63814e-023	8.40793e-025	1.05529e-025	1.83838e-026	8.66166e-028	6.59855e-029	7.37341e-030	3.20969e-030	2.10294e-031	6.29935e-033	2.41642e-034	5.17148e-036	3.88885e-036	2.77445e-036	1.72893e-037	1.85776e-037	2.84903e-036	1.97888e-036	7.48565e-036	2.13678e-034	1.99312e-034	4.88788e-035	7.75471e-035	1.73956e-035	
0	0.00276727	0.00390572	0.0988245	0.216511	0.871796	0.997968	0.999945	0.991881	0.719882	6.53134e-005	1.53273e-007	8.25074e-010	5.94309e-012	4.54233e-012	2.3015e-013	7.30425e-015	7.50165e-016	6.20869e-016	2.97961e-016	1.57518e-019	4.69357e-023	2.05537e-025	4.88075e-023	3.59571e-021	1.08189e-021	1.79899e-022	2.63032e-022	4.01654e-022	2.49396e-024	1.23523e-027	3.26667e-030	3.5852e-031	3.08201e-031	2.68795e-032	2.98115e-032	1.32016e-032	3.43319e-032	7.9339e-032	1.90258e-031	3.99979e-033	2.81613e-034	1.21791e-035	1.35382e-036	5.74557e-036	1.25389e-036	6.68599e-036	2.36462e-035	5.9026e-036	
0	6.43896e-005	0.000990447	6.38249e-005	0.114136	1.87722e-006	5.13954e-006	6.83092e-007	0.00811596	0.280095	0.999471	0.286542	0.00261594	1.59672e-005	1.15179e-006	3.70589e-008	2.5223e-013	2.66718e-019	2.53465e-019	4.00505e-015	9.37641e-016	6.83723e-017	5.86721e-019	1.65773e-020	1.40108e-020	1.57966e-024	3.29194e-027	1.22897e-026	1.14996e-023	2.75295e-021	2.33186e-022	3.06547e-024	1.22512e-027	2.45045e-032	2.85497e-037	6.11825e-037	5.66284e-036	1.00179e-033	4.03023e-034	3.90013e-036	4.81547e-032	5.37766e-030	4.97691e-031	6.80586e-033	6.34546e-032	1.07249e-034	1.61032e-037	2.44679e-038	8.54031e-038	
0	0	1.7749e-006	7.17959e-005	1.50859e-005	0.00112422	1.54509e-005	4.79703e-008	1.18783e-009	1.45043e-005	1.25291e-005	0.249788	0.203468	0.0466452	0.336994	0.117762	0.00772434	0.000369337	1.39627e-005	4.77862e-006	2.2731e-007	3.74165e-009	5.18889e-010	6.66983e-008	8.26387e-006	3.05572e-007	6.50232e-009	6.32809e-011	5.18873e-013	5.86922e-015	8.34448e-016	1.00351e-016	2.81364e-017	1.31737e-018	2.84118e-020	5.39973e-022	4.01547e-024	6.24558e-026	4.55466e-027	5.38851e-029	1.28581e-030	8.57525e-031	1.12889e-030	2.57282e-030	2.69127e-030	2.22795e-030	3.52339e-031	2.04413e-032	4.06655e-033	
0	0	1.73524e-007	3.1275e-006	5.47341e-006	2.21306e-005	7.99318e-008	3.1713e-010	1.32264e-009	8.16404e-006	0.000450935	0.463662	0.79287	0.951292	0.0422659	0.00174151	5.93601e-005	3.27175e-006	2.31739e-006	5.24654e-006	1.31478e-005	2.65642e-005	7.63543e-005	3.21642e-005	3.88908e-006	5.75753e-009	3.19812e-010	2.88601e-011	5.58909e-013	1.27839e-012	2.04958e-012	4.72135e-012	1.07277e-012	4.50982e-015	6.31764e-018	2.56735e-020	7.07116e-023	6.80681e-024	9.16903e-025	4.97253e-027	3.96171e-027	3.45418e-026	6.01115e-026	9.4426e-027	6.8347e-027	4.67922e-027	1.25924e-028	5.33109e-030	2.12908e-031	
0	0	0	2.00964e-009	1.08682e-007	3.31329e-006	1.19029e-005	1.25221e-005	3.22653e-007	7.72542e-008	1.74376e-011	1.08239e-007	2.29228e-005	1.8103e-005	0.620095	0.877499	0.990851	0.997084	0.967428	0.148968	1.75055e-005	2.73877e-010	2.78328e-010	0.000345956	0.241179	0.993554	0.997326	0.975561	0.984344	0.000242262	2.80785e-008	1.26157e-012	1.71734e-014	3.41542e-015	2.32669e-016	1.91151e-017	3.65968e-018	5.26635e-019	4.86374e-020	3.25943e-020	6.5009e-023	2.37454e-025	8.06337e-028	4.41638e-028	2.85688e-027	1.33769e-029	1.50637e-028	2.23807e-028	5.9594e-029	
0	0	0	2.97832e-011	6.07466e-009	4.0163e-011	2.00112e-010	1.06548e-010	6.68565e-008	3.86626e-009	5.58241e-009	8.0443e-006	0.00102239	0.00196587	0.000623401	0.00285391	0.000172476	0.000166943	0.00383745	0.833286	0.998198	0.997192	0.990449	0.746554	0.228402	0.000156247	0.000442092	0.00146288	0.00999501	0.999192	0.995428	0.958488	0.121399	0.000308234	3.90778e-007	1.24699e-009	3.30842e-012	3.98884e-013	4.49567e-014	7.53743e-017	1.16963e-016	1.495e-015	1.4296e-015	2.21948e-016	1.55768e-016	5.20009e-017	1.42176e-018	4.07316e-020	1.62172e-021	
0	0	0	0	1.97336e-011	1.13959e-009	1.84693e-009	8.42218e-009	7.43605e-008	2.75422e-009	2.79019e-013	9.77601e-011	5.2072e-007	6.25113e-005	2.12367e-005	0.000143692	0.00119278	0.00237613	0.0287186	0.017736	0.00177125	0.00278107	0.00947444	0.253068	0.530408	0.00628962	0.00223157	0.0229764	0.005661	0.000565552	0.00457211	0.0415125	0.878601	0.999692	1	1	1	1	1	1	1	1	1	1	1	1	1	1	1	


1	0.994109	0.863829	0.270185	0.0925048	0.917326	0.845925	0.992544	0.984833	0.858346	0.259311	0.0526687	0.417585	0.386181	0.00874556	0.170525	0.392093	0.390336	0.551958	0.577962	0.234139	0.081312	0.534936	0.0148449	0.00845291	0.0251943	0.279435	0.0809654	0.0203353	0.0378185	0.00699076	0.0287679	0.00570097	0.000882302	0.000128328	4.34414e-005	1.27318e-005	6.83592e-006	3.15372e-006	1.0548e-006	9.35114e-007	6.88351e-007	4.4949e-007	1.95878e-007	4.51469e-008	2.28624e-008	4.12888e-009	2.89409e-009	3.92557e-009	
0	0.00580833	0.136166	0.688045	0.907304	0.0821683	0.153988	0.00708998	0.0147195	0.133386	0.724178	0.626409	0.540761	0.60773	0.969078	0.77547	0.348296	0.0102123	0.00270859	0.0780387	0.388726	0.154895	0.311457	0.960936	0.975816	0.943225	0.0815954	0.000716115	0.00172575	0.319143	0.118007	0.094135	0.0139509	0.0009865	2.19658e-005	1.68504e-006	1.27157e-007	6.87422e-007	8.00339e-007	1.02973e-009	6.00646e-007	3.87006e-007	7.6027e-008	1.54306e-007	1.79117e-008	1.2977e-010	1.83948e-012	4.5301e-011	1.98026e-011	
0	8.26131e-005	4.83562e-006	0.0417705	0.000188655	0.000111458	3.03788e-006	3.1582e-007	7.43556e-008	0.000526142	0.0115074	0.320148	0.0285673	0.000821501	0.0220803	0.014293	0.000226038	8.18133e-006	2.99534e-007	0.000770216	0.351706	0.750084	0.045244	0.0214842	0.0116429	0.0011278	7.45464e-005	3.06177e-008	1.65487e-006	0.00191566	0.717418	0.029153	9.69194e-006	6.75191e-007	5.83304e-009	1.74086e-010	1.31765e-011	4.08941e-011	3.36443e-011	4.42017e-013	2.83234e-012	8.47314e-009	1.06847e-010	2.71494e-011	1.8417e-011	2.1325e-012	4.12398e-016	2.83137e-015	2.40951e-016	
0	0	7.21108e-009	9.57744e-008	2.08367e-006	0.000372213	3.91285e-007	9.0297e-007	7.44501e-010	8.30944e-008	1.56593e-007	4.88642e-005	0.00890911	1.6135e-005	2.18428e-007	0.0389522	0.0819426	0.00206743	5.3465e-006	3.38625e-008	5.24561e-006	0.00320312	0.0142477	1.81306e-005	0.000242203	0.000672989	0.000236168	6.96649e-007	2.6493e-009	8.59297e-009	9.07993e-006	0.00417386	1.05753e-005	2.9311e-008	5.27758e-010	7.38056e-012	2.19585e-012	3.59314e-015	1.58741e-013	7.63706e-012	1.03738e-015	7.28485e-014	2.0018e-011	5.25542e-014	1.45512e-014	2.06901e-013	2.30108e-015	1.90445e-018	1.42366e-016	
0	0	1.51402e-013	3.58905e-012	1.60078e-009	2.22638e-005	8.3859e-005	0.000364449	0.000447002	0.00774034	0.000209036	1.05681e-006	1.30221e-007	3.57579e-006	1.68304e-008	1.94649e-005	0.174517	0.581097	0.418179	0.293395	0.00307511	1.37145e-005	1.14621e-005	5.63668e-006	5.80525e-006	0.00092411	0.0636918	0.15212	0.772225	0.132375	0.000553539	3.23727e-006	9.44096e-007	2.74463e-008	5.19097e-010	1.86013e-011	1.066e-011	1.17858e-011	2.79294e-013	3.64162e-013	1.36626e-013	4.94088e-016	1.67708e-016	3.59704e-014	6.02955e-015	1.54711e-017	1.87058e-014	4.5004e-015	5.52898e-016	
0	0	0	2.73697e-015	9.34314e-015	7.55552e-011	3.56129e-009	1.62748e-008	3.07427e-008	8.58767e-007	0.00468075	0.00040372	9.6622e-006	2.10257e-008	1.8209e-011	4.69532e-010	3.54378e-006	0.00044645	1.73642e-005	0.00158928	0.00291903	0.000302384	2.79011e-005	9.17281e-010	7.21703e-010	1.09509e-007	5.82018e-005	1.31291e-005	0.000197638	0.0648871	0.00313958	5.44537e-005	8.77416e-009	4.67739e-012	1.9893e-013	2.63927e-014	6.60966e-016	6.21099e-016	6.39424e-015	5.03066e-017	3.96251e-017	2.46649e-018	2.82281e-019	2.20477e-018	2.30918e-019	3.17862e-018	1.47424e-020	5.24026e-018	3.2973e-018	
0	0	0	1.41302e-016	5.427e-016	1.05119e-010	1.41298e-008	2.86723e-008	4.36825e-007	1.19656e-007	0.000113792	0.000311027	0.00326941	0.00227904	9.26346e-008	1.03089e-009	1.05363e-006	0.00611663	3.6682e-005	0.00175638	0.00091921	0.00181027	0.01139	6.03639e-006	2.71839e-009	1.86807e-009	0.000146219	0.000247384	4.60707e-005	0.0966776	0.049336	0.221634	0.0706433	0.0245895	0.00378745	0.0026719	0.000386972	9.80615e-006	2.04831e-006	1.30729e-007	1.42838e-009	1.40129e-012	3.61393e-014	1.26463e-015	9.33916e-020	8.32788e-017	1.88353e-019	1.91015e-018	4.74219e-018	
0	0	0	0	2.13177e-017	8.39622e-015	2.4418e-011	7.53542e-009	8.46828e-009	1.07219e-007	2.33888e-008	9.97959e-006	0.000898792	0.00296891	9.54274e-005	0.000740766	0.00292056	0.00971643	0.0270941	0.0464878	0.0185096	0.00837898	0.0826865	0.00270562	0.0038406	0.0288558	0.574763	0.765937	0.205469	0.347184	0.104546	0.622079	0.909684	0.973541	0.996062	0.997283	0.9996	0.999983	0.999994	0.999999	0.999998	0.999999	0.999999	1	1	1	1	1	1	


1	0.598818	0.453417	0.192361	0.574666	0.935582	0.910927	0.961021	0.919379	0.977984	0.681136	0.174694	0.116177	0.0384977	0.0001057	0.000219801	0.00308374	0.280513	0.834055	0.871129	0.492203	0.201746	0.133988	0.00100449	1.13044e-005	0.00140711	0.134598	0.629486	0.326035	0.391854	0.175808	0.125094	0.011341	0.00942432	0.00704928	0.00673037	0.106828	0.609877	0.464795	0.952234	0.762413	0.618576	0.895834	0.549325	0.878204	0.762053	0.980079	0.573039	0.729671	
0	0.401157	0.429943	0.803184	0.405722	0.0644127	0.0883641	0.0389768	0.080608	0.0207012	0.310646	0.798955	0.880904	0.957504	0.0111275	0.000602196	0.00468932	0.100976	0.0953837	0.107303	0.487887	0.793318	0.821814	0.105859	0.000292509	0.00570552	0.117464	0.122425	0.0181451	0.496357	0.781993	0.851698	0.983228	0.988151	0.991707	0.99117	0.884328	0.375534	0.533462	0.047571	0.234081	0.338084	0.0975054	0.428188	0.0809861	0.237895	0.0199115	0.426888	0.263664	
0	2.53453e-005	0.11664	0.00443197	0.0196111	5.43436e-006	0.000708966	1.74807e-006	1.31744e-005	0.00131456	0.00821753	0.0263492	0.00291688	0.00399798	0.988766	0.723116	0.48071	0.0800405	0.000261791	0.00468069	0.0106012	0.00137467	0.0408661	0.892926	0.997053	0.713769	0.0418181	6.17981e-006	0.00011052	0.00970993	0.0197461	0.00231126	0.000474528	0.000402383	0.000195062	0.00149932	0.00474866	0.0124222	0.000855113	3.16221e-006	0.00346232	0.0433161	0.00663648	0.0224481	0.0407809	3.67887e-005	3.28136e-006	7.27645e-005	0.00666295	
0	0	8.7048e-011	2.2886e-005	3.00081e-007	9.09363e-009	2.72311e-011	7.94969e-009	3.75402e-012	8.4569e-010	6.89094e-007	1.90748e-006	2.15741e-006	1.13421e-008	8.9686e-007	0.161117	0.362229	0.0202865	1.0959e-006	1.71811e-007	8.86183e-006	1.09176e-005	1.28785e-006	0.000201699	0.00257106	0.12888	0.00913318	3.45484e-007	1.80097e-010	9.88048e-008	5.24054e-006	1.96239e-006	2.31495e-009	1.25016e-010	3.49521e-010	3.44746e-009	1.94612e-008	1.34339e-008	1.04684e-006	7.45963e-010	5.93637e-012	1.02361e-007	3.60372e-007	6.38041e-007	2.01859e-007	1.21666e-006	1.05087e-009	5.77409e-011	1.88956e-009	
0	0	6.94298e-010	2.22981e-007	4.58861e-007	1.67748e-007	6.73774e-012	2.55165e-008	2.70826e-011	6.76952e-009	4.05624e-007	2.80486e-008	6.16175e-009	7.69765e-011	7.10489e-009	0.114945	0.118114	0.00421209	1.8345e-005	6.01986e-006	3.28051e-007	7.76185e-008	1.82496e-009	1.22848e-007	7.17921e-005	0.149812	0.0077684	3.71956e-005	2.55857e-006	2.08479e-007	2.25983e-008	1.726e-009	2.99551e-010	7.51787e-010	5.15418e-010	5.18097e-011	4.5442e-008	2.97651e-010	2.06571e-009	2.66387e-008	2.77601e-012	4.66298e-008	1.07207e-008	7.68959e-010	1.33237e-006	1.74509e-007	1.21234e-008	1.0311e-010	9.01196e-009	
0	0	0	9.61909e-015	2.77725e-010	8.24503e-009	4.33263e-009	1.79407e-010	3.76669e-010	9.44527e-010	3.29419e-010	1.28586e-009	3.96397e-014	1.51689e-014	1.24052e-015	9.27347e-010	0.0311738	0.509245	0.0678632	0.00690918	0.000130686	1.31727e-007	5.04272e-012	5.97159e-014	1.59317e-011	0.000426128	0.689152	0.238441	0.654205	0.0586336	0.000116821	1.05933e-009	2.15845e-014	5.05039e-015	1.67186e-013	6.60116e-013	1.08356e-012	8.18689e-010	4.44283e-013	6.86621e-012	1.70593e-010	2.3007e-014	5.41964e-012	1.57182e-013	2.88568e-011	3.4678e-012	1.29262e-009	6.42741e-010	2.19397e-011	
0	0	0	1.79625e-021	4.20095e-017	3.40904e-014	1.98983e-012	8.89449e-013	1.19873e-013	7.2279e-013	8.67312e-011	3.53133e-013	3.36784e-013	1.9399e-016	7.68271e-020	2.27126e-017	6.03839e-009	0.00107692	9.0894e-005	0.000480223	4.1504e-006	5.73196e-008	2.10877e-010	5.76562e-015	2.95936e-018	1.48643e-012	3.6165e-005	0.00108039	0.000648462	0.00858665	5.56297e-005	5.47501e-008	1.2728e-011	8.22349e-015	4.76438e-018	6.03699e-017	7.28108e-015	2.60883e-015	6.1708e-013	1.51994e-015	1.35451e-015	2.06742e-014	2.04076e-017	3.9877e-015	1.79269e-017	1.07675e-014	5.08329e-016	5.12972e-013	4.31404e-012	
0	0	0	0	2.45036e-016	3.99285e-013	1.0455e-011	5.92984e-012	7.75634e-013	9.04206e-013	4.98034e-011	4.67561e-011	6.87905e-011	3.39811e-011	2.61204e-014	1.70788e-014	1.28226e-010	0.00364974	0.00232581	0.00949197	0.00916436	0.00355054	0.00333036	8.6123e-006	4.65414e-008	2.77023e-007	3.01863e-005	0.0085241	0.000853506	0.0348585	0.0222751	0.0208949	0.00495599	0.00202197	0.00104825	0.000599977	0.0040947	0.00216654	0.000886675	0.000191805	4.40901e-005	2.41933e-005	2.39454e-005	3.76168e-005	2.7101e-005	1.32064e-005	6.00754e-006	4.5473e-007	1.57872e-006	


1	0.681868	0.218356	0.157395	0.529565	0.349566	0.403739	0.733305	0.916177	0.915923	0.681454	0.231979	0.110168	0.0270356	0.005613	0.0467763	0.419867	0.167927	0.0975639	0.588318	0.0866897	0.0274732	0.00900315	0.00350915	0.00147816	0.0489895	0.0765751	0.176682	0.868921	0.807313	0.235097	0.0608037	0.102489	0.457625	0.577511	0.810163	0.987223	0.769451	0.547843	0.896824	0.731365	0.269906	0.161239	0.140019	0.0292511	0.00494858	0.00946348	0.0020669	0.00067134	
0	0.198741	0.759121	0.221488	0.455737	0.0551188	0.00953155	0.0452063	0.0688555	0.0809045	0.314078	0.275834	0.308014	0.165075	0.00642147	0.0982084	0.225175	0.00816427	0.0333884	0.310028	0.871944	0.703566	0.532044	0.0090855	0.00106519	0.0390929	0.0122468	0.00988149	0.0464862	0.173196	0.304388	0.224354	0.168157	0.0254165	0.00327732	0.00333785	0.00973939	0.0368691	0.0417217	0.034648	0.0629216	0.724151	0.583182	0.464631	0.968845	0.70337	0.962652	0.990724	0.999172	
0	0.119391	0.0221759	0.619837	0.00155378	0.595078	0.559231	0.22076	0.0145614	0.00129024	0.00402129	0.491917	0.580865	0.807019	0.230334	0.00923867	0.0835898	0.683239	0.860274	0.00292554	0.0323403	0.257176	0.436077	0.363188	0.00135061	0.0172505	0.780728	0.781723	0.0298553	0.000579641	0.427238	0.700109	0.711084	0.501708	0.410102	0.176763	0.00283108	0.193643	0.410064	0.0676684	0.205522	0.00527651	0.255555	0.392566	0.0017396	0.291677	0.0273107	0.00720355	0.000155492	
0	0	2.55143e-006	9.78369e-007	3.11878e-006	9.99254e-007	0.000481024	0.000357609	0.000357938	1.46293e-007	2.76655e-008	4.9447e-007	0.000297419	0.00060484	1.20417e-005	3.96478e-006	2.74041e-005	0.000129629	0.000531809	0.000105056	4.67062e-009	4.57013e-006	0.000203668	2.23822e-005	1.88836e-006	2.39846e-007	0.000450421	0.00244141	0.000239893	2.36129e-007	2.84074e-008	0.000167193	0.00789843	0.00972077	0.00783769	0.00810695	4.64247e-005	2.14127e-006	0.000150889	0.000785669	3.40083e-005	1.81079e-006	1.71887e-006	6.43273e-005	1.53795e-007	2.81969e-006	0.000549433	3.64923e-006	3.60421e-007	
0	0	0.000344621	0.00127979	0.0131403	1.56619e-006	0.0270112	0.000164048	4.4099e-005	0.00188183	0.000446175	0.000266315	0.000649239	0.00026444	0.757619	0.613774	0.0241553	0.000288004	8.93549e-005	0.0847766	0.00287122	0.000392518	0.000623248	0.61306	0.994596	0.724103	0.00565147	3.9501e-005	0.0374563	0.00462997	0.000841534	0.000196625	0.000112736	0.00119929	0.000191402	0.000923209	0.000100465	2.45929e-005	0.000215568	3.07753e-005	0.000154786	0.000664201	2.03294e-005	0.0027204	0.000162907	3.08848e-008	2.21281e-005	1.37879e-006	3.87194e-007	
0	0	0	2.95565e-009	5.54928e-007	0.000234503	2.41639e-008	0.000206528	2.35698e-006	9.21058e-008	1.15784e-007	1.50852e-007	3.2549e-006	3.35755e-008	1.39725e-010	0.231998	0.067823	0.0011669	3.45372e-005	7.97126e-007	1.69932e-005	1.4565e-005	2.38521e-006	8.11913e-010	2.18134e-005	0.158871	0.0456955	0.00540966	6.30767e-005	2.13188e-006	3.68746e-006	1.54215e-006	1.7123e-007	2.12743e-007	2.00845e-007	1.14685e-007	6.0303e-006	7.20493e-009	1.98289e-008	4.24132e-005	4.78113e-008	9.77894e-008	2.50243e-006	1.87837e-008	1.06181e-006	1.57616e-006	2.68311e-006	8.30001e-009	3.47808e-009	
0	0	0	1.24705e-039	4.42555e-015	2.00306e-013	6.16269e-010	5.54103e-014	6.76095e-011	1.12272e-011	2.75963e-011	4.41382e-012	5.10312e-013	2.28674e-012	1.13327e-012	1.24514e-012	0.00297919	5.92112e-006	4.06408e-010	1.94275e-009	5.24969e-012	2.87619e-010	7.67792e-010	1.36227e-010	6.87195e-013	2.82523e-008	3.09595e-005	9.46223e-008	7.68007e-008	6.61606e-010	5.19048e-011	5.36237e-012	1.43971e-012	8.88078e-014	1.64026e-013	3.31527e-013	6.59947e-014	4.56074e-012	8.59469e-015	2.80985e-014	2.06622e-011	1.70842e-014	3.02494e-013	4.03535e-012	1.92323e-015	7.18666e-013	6.32211e-012	1.20344e-012	9.77221e-015	
0	0	0	0	5.97164e-011	5.19115e-009	5.93863e-006	5.34141e-007	2.12356e-006	3.10602e-007	1.13343e-006	3.98231e-006	2.58926e-006	1.03462e-006	1.97448e-007	4.22143e-007	0.176383	0.13908	0.00811812	0.0138463	0.0061381	0.0113729	0.0220467	0.0111353	0.0014865	0.0116926	0.0786219	0.0238229	0.0169785	0.0142798	0.0324319	0.0143681	0.0102597	0.00432998	0.00108092	0.000706011	5.32277e-005	9.97862e-006	4.47056e-006	4.95518e-007	2.62741e-006	2.13494e-007	8.29247e-008	1.37509e-007	2.43825e-009	1.69225e-008	6.24551e-008	1.54552e-008	7.88309e-010	


1	0.937591	0.100795	0.0819007	0.0371938	0.0156354	0.00334449	0.000238037	0.000130716	1.25787e-005	5.57642e-006	1.88899e-006	2.77305e-006	2.18085e-006	3.14068e-007	2.70097e-007	3.22856e-008	2.98349e-009	1.61165e-010	1.51913e-010	5.34338e-011	2.30874e-011	1.43461e-011	5.21769e-013	5.25979e-014	1.68132e-015	1.16638e-016	9.27462e-018	7.98384e-018	8.82568e-018	4.67478e-018	1.14929e-018	1.62578e-019	1.30365e-019	8.73841e-021	2.4247e-021	3.23703e-021	1.52352e-021	6.86425e-023	4.39516e-023	9.55625e-024	3.61849e-024	1.24744e-024	1.39758e-025	3.02387e-026	2.92069e-027	1.09979e-027	1.08675e-028	9.44791e-029	
0	1.87158e-005	0.00108794	1.09368e-006	0.000275521	2.89455e-007	3.46266e-006	2.68056e-008	1.12385e-008	2.62737e-007	3.28381e-007	2.72484e-008	6.30501e-010	1.15308e-009	2.15368e-010	1.00854e-009	1.68729e-011	1.76319e-014	1.45336e-015	4.01185e-011	4.34576e-012	2.6137e-014	2.33985e-015	4.98551e-017	7.41582e-017	1.64817e-019	6.54451e-022	6.7171e-023	9.08658e-020	1.66925e-018	6.33134e-020	1.50838e-022	1.26457e-023	1.23123e-023	3.83297e-025	1.895e-025	9.20289e-025	2.76382e-025	1.28708e-026	1.96351e-027	4.57983e-028	3.69531e-027	1.26294e-027	2.17691e-028	2.86087e-029	1.03751e-031	7.69877e-033	6.64907e-033	2.57123e-030	
0	0.0623901	0.897569	0.911306	0.962354	0.974527	0.996438	0.997547	0.995533	0.840222	0.699072	0.574038	0.139475	0.0183761	0.027617	0.0922614	0.0522895	0.0196312	0.02372	0.142288	0.187889	0.0531446	0.0030185	0.00210801	0.00305629	0.00106838	0.000167726	5.27056e-005	0.000452797	0.00155159	0.000784367	3.51214e-005	8.27973e-006	3.01985e-006	1.86211e-006	7.21938e-007	7.91921e-007	3.78784e-007	3.10557e-008	6.24843e-009	4.59831e-009	3.30841e-009	4.34177e-010	2.10286e-010	5.47528e-010	1.28399e-011	8.9263e-012	8.37539e-012	2.17122e-011	
0	0	0.000547918	0.00679018	0.000152653	0.00983485	0.000185778	0.00221403	0.004327	0.159736	0.162366	0.0724271	0.000482776	2.06106e-005	0.00025029	0.000260264	1.12246e-005	2.38081e-005	0.000667647	0.00641129	0.00823834	0.0105079	2.30463e-005	1.47639e-006	7.44561e-006	8.9566e-006	3.24386e-006	1.39997e-007	5.40327e-005	1.56706e-005	0.000150697	2.12457e-007	4.63828e-009	1.73922e-009	5.34427e-010	4.98727e-010	1.08241e-009	1.27698e-008	1.50908e-010	6.79286e-011	2.04027e-011	1.7122e-010	1.67196e-012	4.33493e-013	1.25984e-011	3.87122e-013	3.88035e-014	2.1856e-013	1.18139e-014	
0	0	4.8484e-007	2.12691e-006	2.42171e-005	5.03764e-007	2.77804e-005	6.52552e-007	9.13868e-006	2.86696e-005	0.138552	0.0316657	0.000220183	2.00026e-006	1.54775e-007	1.32229e-006	1.11154e-006	9.37321e-009	1.86942e-008	9.52543e-005	0.00021962	2.68836e-005	3.3447e-006	2.17444e-008	7.09608e-009	3.87852e-009	1.59449e-009	3.05377e-009	2.74248e-008	2.19738e-005	7.49417e-007	2.4319e-008	7.89407e-010	1.23466e-011	3.5253e-012	4.74533e-013	9.52978e-013	1.03032e-012	6.34699e-012	4.40154e-014	1.36869e-013	2.41987e-014	7.13833e-014	1.44453e-015	6.43441e-016	1.35956e-015	3.54592e-016	7.21814e-017	4.04706e-015	
0	0	0	5.73905e-008	1.0248e-009	1.42968e-006	1.08221e-008	3.71003e-008	1.30785e-009	1.92928e-008	3.82517e-006	0.321864	0.673834	0.361035	0.016377	9.52678e-005	2.23586e-006	3.17792e-007	1.64722e-009	9.02407e-009	3.23407e-005	0.00138575	0.00083848	3.08109e-005	1.128e-007	1.46775e-010	1.0106e-010	4.83443e-012	8.46546e-011	1.21976e-008	0.000133706	5.98462e-005	8.3383e-006	2.32875e-006	4.28816e-007	2.57177e-007	2.72144e-008	1.56571e-009	5.35064e-011	3.16553e-012	2.81486e-014	3.36091e-015	5.38539e-016	3.43633e-015	1.80297e-017	6.34478e-017	1.86027e-018	8.98904e-019	7.67043e-019	
0	0	0	1.85431e-010	2.06424e-010	1.51818e-009	6.8369e-009	2.21087e-009	2.75458e-009	5.59457e-011	6.73056e-010	3.12357e-006	0.185754	0.593663	0.641134	0.0159285	0.000616324	5.86277e-005	0.000124323	0.000189502	2.033e-005	9.06331e-006	0.000171192	4.01318e-005	3.0846e-005	3.01514e-007	5.07575e-008	2.03092e-008	3.72849e-009	2.84901e-010	1.54378e-009	1.23741e-005	0.00028213	0.00064859	0.00176273	0.00145564	0.000443256	0.000324199	0.000159702	4.38439e-005	3.7457e-006	1.09551e-005	1.1169e-006	1.42562e-006	1.22786e-006	3.17067e-006	8.5762e-006	5.96815e-006	1.22331e-006	
0	0	0	0	1.35749e-011	2.55792e-010	4.47072e-010	1.53018e-009	1.42567e-009	1.2334e-010	9.53207e-011	1.22027e-009	0.000231819	0.0269014	0.314621	0.891453	0.94708	0.980286	0.975488	0.851016	0.803601	0.934926	0.995945	0.99782	0.996905	0.998922	0.999829	0.999947	0.999493	0.998411	0.99893	0.999892	0.999701	0.999346	0.998235	0.998543	0.999556	0.999675	0.99984	0.999956	0.999996	0.999989	0.999999	0.999999	0.999999	0.999997	0.999991	0.999994	0.999999	


1	0.317813	0.981679	0.993445	0.99511	0.0230711	0.251412	0.204305	0.880143	0.995188	0.970347	0.425622	0.2185	0.758844	0.808586	0.572365	0.261745	0.00282888	0.0155991	0.11511	0.00156086	0.00018939	0.000874191	6.22998e-005	3.86171e-005	4.65053e-005	0.000206814	0.000638972	0.000228827	0.000205924	1.23133e-005	2.76071e-006	1.77304e-006	9.63107e-006	2.90299e-005	5.43692e-005	0.000252591	0.00167946	0.00160882	0.00753536	0.352365	0.727463	0.73655	0.960612	0.996432	0.0956436	0.0202892	0.171699	0.509337	
0	0.68114	0.00604221	0.00204773	4.26441e-005	0.97586	0.697823	0.748726	0.0602134	0.0012078	6.36111e-005	0.037691	0.738929	0.215766	1.24842e-005	0.0914511	0.715422	0.992628	0.665515	0.0027471	3.21268e-005	6.31387e-005	0.000797315	7.71071e-009	5.30472e-009	4.74553e-006	0.0109914	0.385589	0.000422504	6.03638e-008	3.06017e-006	5.73667e-006	7.63326e-008	1.08252e-007	1.15825e-006	3.24969e-005	0.000348451	7.06371e-005	0.000166598	0.658312	0.0571759	0.000195481	0.205872	0.0114242	0.00038087	0.903534	0.912453	0.47443	0.463634	
0	0.00104689	0.000575723	6.97102e-005	9.2981e-006	0.00106886	0.049671	0.0465782	0.0565476	0.000844336	9.46291e-006	0.000171244	0.000732605	0.00618524	0.000106834	0.000589034	0.0147515	0.00451774	0.314879	0.0026078	6.5414e-008	1.75223e-007	2.58386e-006	4.94968e-008	1.44464e-008	6.19778e-008	8.70034e-005	0.0113087	0.000306247	2.64667e-008	5.95587e-009	7.58887e-009	5.68046e-008	2.46287e-008	1.5177e-007	1.14498e-006	6.62e-006	4.88606e-005	1.72956e-005	0.000798399	0.0575897	0.000112162	0.000460205	0.00373538	0.000141367	0.000773361	0.0666698	0.298874	0.0193517	
0	0	0.0115592	0.000416398	6.36717e-005	7.42005e-009	0.00108973	0.000390031	0.00308985	0.00100426	0.0015786	3.31699e-005	1.62412e-005	0.00479781	0.000815723	1.41701e-005	1.56127e-005	7.83327e-007	0.00400433	0.516289	0.000467897	2.70852e-006	6.39838e-007	4.63793e-008	2.52124e-009	1.17826e-010	5.45144e-009	1.86304e-005	0.000296912	7.53902e-005	2.61572e-007	1.53806e-009	1.32084e-008	2.1583e-009	6.80222e-010	9.65516e-010	5.9384e-008	3.66094e-006	3.04775e-007	2.94337e-007	0.0216829	0.0450371	0.000389099	0.000583956	0.000605252	1.55239e-006	0.000587333	0.0540123	0.00599947	
0	0	0.000143731	0.00402007	0.00477099	2.35258e-008	4.54489e-006	9.39768e-007	5.77841e-006	0.00175456	0.0279743	0.535722	0.041796	0.0144054	0.18991	0.0586699	0.000293516	1.67207e-008	7.34672e-007	0.36323	0.997152	0.996943	0.998172	0.996748	0.826495	0.148962	0.000304749	1.09762e-007	1.4857e-005	0.00471435	0.0137634	0.000445403	4.01795e-006	3.41283e-008	9.80394e-011	4.47964e-011	2.96139e-010	8.13997e-009	9.69837e-008	3.35688e-010	0.000216368	0.0849801	0.00406112	0.00213596	0.00166749	8.43526e-007	9.32767e-009	0.000984055	0.00167574	
0	0	0	9.75522e-007	3.22921e-006	2.57673e-007	7.76969e-010	1.03947e-008	3.22084e-011	7.68378e-007	2.73662e-005	0.00076047	2.59899e-005	2.27221e-007	0.000569077	0.276904	0.00255587	6.60549e-008	5.97941e-010	1.52899e-006	0.000786488	0.00279415	0.00011261	0.00318953	0.173465	0.849048	0.0150578	7.23041e-005	8.11523e-006	6.08092e-007	1.1048e-005	7.91692e-008	3.17781e-009	1.85079e-010	3.57206e-012	4.36977e-015	7.15902e-015	1.78505e-015	3.50341e-013	1.3571e-010	7.7246e-013	9.49895e-007	4.91873e-006	1.5786e-006	3.00866e-005	6.57367e-008	7.77184e-009	9.52465e-010	1.56353e-006	
0	0	0	2.76669e-012	2.90782e-010	2.6998e-009	1.14906e-008	1.07381e-009	8.99409e-010	2.37791e-009	1.27332e-007	5.01692e-007	1.09738e-007	2.65771e-008	4.41004e-010	7.11828e-006	0.00521561	2.17934e-005	2.32707e-006	8.97547e-006	3.58538e-008	5.80266e-006	5.59776e-006	2.96206e-009	2.26404e-006	0.00193862	0.973221	0.537755	0.997123	0.0612101	0.000477238	1.07249e-007	1.27637e-010	4.00953e-012	8.56463e-013	2.04204e-013	3.97642e-014	1.21013e-014	7.57394e-015	1.77605e-011	5.61295e-012	2.00277e-011	6.89577e-009	1.17935e-009	1.94946e-009	4.28742e-009	4.99765e-010	1.05704e-008	3.20678e-008	
0	0	0	0	4.62219e-014	5.68832e-014	5.55247e-011	2.65281e-011	1.68707e-011	1.2028e-011	4.10513e-009	1.07967e-007	2.98891e-007	1.73203e-006	2.19466e-008	2.58325e-010	2.75796e-007	2.28301e-006	2.87743e-007	4.90996e-006	5.10203e-007	1.3843e-006	3.51788e-005	8.46876e-008	1.48326e-009	7.99376e-009	0.000131077	0.0646177	0.00159998	0.933794	0.985733	0.999546	0.999994	0.99999	0.99997	0.999912	0.999392	0.998197	0.998207	0.333354	0.51097	0.142211	0.0526623	0.0215068	0.000742803	4.62016e-005	4.63556e-007	1.81646e-007	3.94072e-008	


1	0.99602	0.998589	0.723342	0.738923	0.911671	0.998949	0.998552	0.998783	0.204022	0.0410196	0.250036	0.991812	0.995435	0.70456	0.36115	0.933157	0.927933	0.989965	0.198658	0.0840023	0.0835352	0.904771	0.848444	0.753638	0.784076	0.552058	0.574266	0.42462	0.159582	0.0718285	0.0234206	0.00710886	0.00214286	0.00177035	0.00139193	0.00142655	0.00315633	0.00775268	0.00400484	0.011117	0.00695567	0.00540025	0.0101201	0.0021186	0.00109567	0.000110888	0.000151052	0.000122132	
0	0.00362461	0.0013785	0.276603	0.255573	0.000321687	0.000234025	0.000864695	0.00115279	0.786263	0.910142	0.454992	0.00387428	0.000881966	0.295264	0.0402981	0.000364759	9.6146e-005	0.00244447	0.799495	0.84489	0.850403	0.0318677	0.148559	0.242489	0.0255993	5.34899e-005	3.11672e-005	0.438103	0.786304	0.682315	0.000390653	2.80621e-006	6.14391e-005	3.74406e-006	6.23471e-008	3.05754e-006	2.32965e-005	3.50071e-007	1.91101e-006	5.00854e-006	0.00178269	3.88883e-006	8.41977e-006	5.11366e-005	8.59222e-007	2.94364e-008	1.54455e-007	4.72306e-009	
0	0.000355567	3.2464e-005	5.48219e-005	0.00550469	0.0746781	0.000159012	0.000375727	5.43596e-005	0.00971343	0.0488211	0.289927	0.00162649	3.64506e-007	1.01349e-005	0.598475	0.0203826	0.0002549	0.000106719	0.00168571	0.0709812	0.0625951	0.00504692	9.97133e-006	0.00252771	0.189445	0.00575215	0.000855469	0.00816348	0.0119791	0.0132137	8.46384e-005	1.1341e-008	1.43929e-008	3.35618e-008	2.90704e-009	1.57748e-007	3.74871e-008	4.828e-008	6.95979e-006	1.08898e-007	2.88686e-007	1.95383e-005	4.49055e-009	1.16104e-006	6.96288e-008	4.86614e-007	8.54578e-009	3.86757e-009	
0	0	1.57826e-007	2.08849e-009	1.66074e-008	0.0133295	0.000654093	0.000207213	9.43277e-006	1.20739e-006	1.65056e-005	0.00503058	0.00190665	2.16897e-006	1.90189e-010	5.70314e-006	0.0460193	0.0716756	0.00733345	2.91926e-005	2.67288e-006	0.00288725	0.00102426	1.69678e-007	1.72812e-007	5.19057e-005	0.441858	0.423485	0.128094	3.57087e-005	0.000151014	8.11718e-006	1.31765e-008	8.75385e-012	3.51059e-010	1.72006e-009	3.06237e-010	7.97575e-009	1.79102e-009	4.33824e-008	1.55091e-008	5.69642e-012	2.11085e-008	3.2771e-008	5.62192e-011	2.35756e-008	6.16092e-009	3.41287e-008	1.38342e-009	
0	0	4.04743e-013	5.604e-012	5.91412e-012	1.46015e-012	3.69553e-006	6.32482e-007	6.99623e-007	1.00413e-009	6.47049e-009	2.50013e-009	9.90334e-007	5.21898e-007	1.53901e-010	7.02992e-014	1.24702e-008	2.20155e-006	8.59556e-005	1.259e-006	6.06237e-010	7.06878e-011	1.74948e-006	4.21991e-008	2.11474e-010	2.97948e-011	1.89947e-009	0.000873916	0.000346661	3.03794e-005	4.35289e-010	2.45054e-009	7.65707e-009	5.43399e-012	2.26897e-014	1.63697e-014	2.87272e-013	1.52678e-013	6.76728e-012	1.27053e-013	8.45043e-011	1.70084e-012	4.57597e-016	2.69318e-012	3.12371e-012	3.30433e-015	1.48598e-011	1.09555e-011	1.35839e-011	
0	0	0	2.63481e-010	2.86091e-011	2.59788e-013	2.33449e-007	1.32454e-009	5.57392e-009	1.62368e-009	3.4481e-007	7.54827e-006	0.000113116	1.52545e-005	4.08727e-008	1.29112e-010	1.03012e-009	5.42496e-007	4.10291e-008	5.83523e-005	5.14268e-005	8.53893e-005	0.00050366	2.18644e-006	9.222e-010	5.22257e-012	3.40367e-010	2.7361e-006	0.000124279	0.0418673	0.0518526	0.00188458	2.02771e-006	8.81409e-009	7.73906e-012	3.06003e-014	4.25458e-013	4.29028e-014	1.05707e-012	4.97365e-014	8.43747e-012	3.11787e-011	5.10743e-013	6.85841e-012	2.6212e-013	2.96388e-014	1.18116e-014	8.60914e-014	6.96314e-012	
0	0	0	2.14995e-019	2.47255e-012	6.01602e-012	4.62986e-014	4.20342e-010	1.98627e-012	2.47971e-012	2.83711e-011	7.0121e-006	0.000659609	0.00356557	4.97205e-005	6.59807e-008	1.02334e-008	4.32581e-009	1.05543e-009	5.44495e-010	7.04433e-006	0.000368926	0.0548156	0.00185458	1.83598e-005	8.62298e-008	9.1811e-009	5.12177e-010	2.81077e-009	3.41354e-006	0.179438	0.963046	0.883418	0.87997	0.700711	0.843834	0.422641	0.0959202	0.111332	0.012427	0.00108746	9.13369e-005	0.000224267	0.000549124	1.88901e-006	1.02983e-005	2.65265e-007	9.15431e-010	1.92633e-011	
0	0	0	0	6.45612e-012	1.6305e-011	2.97878e-012	5.56901e-009	2.19049e-009	1.0955e-009	3.08213e-010	1.04512e-007	7.08567e-006	9.89168e-005	0.00011545	7.11282e-005	7.6408e-005	3.77552e-005	6.39658e-005	7.3015e-005	6.55489e-005	0.000125631	0.00196895	0.00113004	0.0013261	0.000827657	0.000277783	0.000485869	0.000548219	0.000198178	0.00120106	0.0111655	0.109468	0.117826	0.297515	0.154774	0.575929	0.9009	0.880915	0.983559	0.98779	0.99117	0.994352	0.989322	0.997827	0.998893	0.999888	0.999849	0.999878	


1	0.837313	0.0638316	0.0172664	0.000732432	0.0183496	0.00518858	0.000905294	0.000753976	2.31069e-005	1.18863e-007	9.35222e-008	2.4528e-005	5.76509e-005	1.04597e-005	5.96177e-006	9.48449e-006	6.36462e-005	4.81621e-005	1.5337e-006	7.58079e-008	1.0139e-007	8.83096e-006	8.15744e-006	1.90746e-007	4.45457e-008	9.38446e-007	1.01771e-006	1.00155e-007	1.09569e-009	6.76435e-010	1.07317e-007	2.63047e-007	3.9736e-007	6.74157e-007	1.44297e-006	5.08603e-006	3.89081e-006	9.95842e-007	1.33395e-006	2.72759e-006	3.27217e-006	7.24725e-006	3.51096e-006	3.84784e-007	7.20591e-007	4.89141e-007	2.33033e-007	3.12833e-007	
0	0.161904	0.122425	0.201061	0.0176377	0.715293	0.728954	0.837254	0.614615	0.0221226	0.000819791	0.00040238	0.0191092	0.102765	0.234069	0.0912182	0.253445	0.858684	0.453549	0.0413362	0.000921681	0.000613694	0.0205834	0.0731078	0.011073	0.0237701	0.777083	0.933175	0.206098	0.00439608	0.00129989	0.0740008	0.149783	0.110857	0.0778482	0.134426	0.0726684	0.239388	0.319239	0.187724	0.289657	0.219271	0.31141	0.556693	0.3287	0.605627	0.200852	0.510651	0.409463	
0	0.000783308	0.813683	0.163165	0.0928678	0.0233779	0.22132	0.158019	0.381402	0.228049	0.00193341	8.28325e-005	0.000131776	0.000758788	0.708915	0.654391	0.655971	0.0737911	0.541631	0.0996484	0.0015986	2.30335e-005	6.46404e-005	0.327685	0.929765	0.782601	0.147953	0.0541727	0.494127	0.0151981	0.000170792	0.000233354	0.0188257	0.0126299	0.0188521	0.00538317	0.015714	0.0138133	0.00423376	0.00148745	0.227031	0.46699	0.0119565	0.0869785	0.635207	0.00180667	0.00735511	0.240809	0.427153	
0	0	6.08278e-005	0.61848	0.886357	0.0594944	0.0125436	0.00219878	0.0030849	0.749323	0.990711	0.449322	0.249895	0.0136579	0.0136877	0.247816	0.0562281	0.00889223	0.000505296	0.857757	0.936171	0.607601	0.253904	0.366461	0.0547861	0.17707	0.0135472	0.000546991	0.286009	0.974926	0.76928	0.480481	0.00469982	0.00239802	0.000535083	2.88212e-005	0.000647842	0.00152174	1.23102e-005	4.23638e-005	0.000163317	0.029278	0.0162794	0.000247898	0.00169052	0.00053458	2.24691e-005	4.32169e-005	0.00122131	
0	0	2.67925e-011	2.81074e-005	0.00239124	0.177324	0.0253341	0.000431817	6.76512e-006	0.000421171	0.00569335	0.544352	0.17846	0.000344711	0.000274178	0.000296704	0.0230532	0.0348302	0.000299318	7.26114e-006	0.0610605	0.339193	0.0322939	0.152411	0.00191782	0.0159419	0.0362867	0.00108975	0.00115414	0.00409638	0.223428	0.107808	0.00180424	4.6564e-005	2.60988e-005	4.06719e-006	1.32726e-006	1.8009e-006	1.26344e-006	3.5167e-008	8.29452e-007	1.36155e-007	0.000318734	1.70115e-005	1.5386e-007	2.30072e-007	1.71843e-006	9.2996e-008	1.69203e-007	
0	0	0	1.73686e-008	1.34399e-005	0.00569186	0.00555927	0.00106635	8.68296e-005	5.58293e-005	0.000840473	0.00548552	0.394024	0.0465023	0.00337006	0.000343553	0.00073362	0.0066212	0.00042016	0.000216843	0.000175337	0.0464701	0.199762	0.0458413	0.00178507	0.000533778	0.0158357	0.00393034	0.0112003	0.00128777	0.00543804	0.195115	0.0172112	0.00198398	0.000380123	9.95832e-005	4.48576e-005	2.01009e-005	1.49521e-006	2.90853e-007	2.40311e-008	8.46868e-009	6.36527e-006	2.93131e-006	4.64041e-008	1.62838e-007	3.80416e-008	2.96485e-008	5.39113e-009	
0	0	0	6.66726e-015	4.10995e-009	0.000458455	0.00108946	4.4269e-005	3.39061e-006	3.75454e-006	9.74944e-007	0.00028816	0.067805	0.00136669	6.53232e-005	7.02632e-006	0.000105331	0.00306826	5.04022e-006	2.75039e-006	4.98507e-008	0.00562481	0.0398885	0.00111269	0.000112851	1.0748e-005	0.00818631	0.00070382	0.000341918	2.85971e-005	0.000210021	0.0328154	0.000188862	2.97098e-005	3.15472e-006	3.94147e-005	8.64209e-005	0.000184518	6.92017e-005	1.66203e-005	3.40925e-007	3.48554e-010	5.16337e-009	1.10368e-006	1.06167e-009	4.80746e-011	1.34745e-011	1.97592e-010	1.35476e-010	
0	0	0	0	1.79639e-011	1.07064e-005	1.12268e-005	7.9974e-005	4.71982e-005	1.3472e-006	3.92554e-007	6.65565e-005	0.0905508	0.834547	0.0396086	0.00592136	0.0104541	0.0140498	0.00354159	0.00103019	7.32669e-005	0.000474599	0.453495	0.0333728	0.000559494	7.25878e-005	0.0011073	0.00638089	0.00106889	6.73212e-005	0.0001735	0.109547	0.807487	0.872055	0.902355	0.860017	0.910832	0.745066	0.676442	0.810728	0.483145	0.284457	0.660022	0.356056	0.0344015	0.392031	0.791768	0.248497	0.162162	


1	0.852636	0.815384	0.346959	0.298573	0.0712337	0.0213773	0.0240938	0.0259143	0.000230497	8.28528e-005	0.00217121	0.00268948	0.000590644	0.000824294	0.000191313	0.000329907	3.48947e-005	6.82613e-006	3.20149e-005	6.08957e-005	3.70526e-005	2.06596e-005	9.46739e-005	5.0948e-005	1.35681e-005	8.95305e-006	3.21758e-007	6.75753e-008	1.55212e-007	6.06841e-007	2.87401e-007	6.03804e-008	3.10991e-009	2.12902e-010	8.91499e-011	5.39735e-012	1.59568e-012	1.4566e-012	4.07809e-014	5.8141e-014	1.33511e-012	3.43318e-013	1.29372e-012	1.05268e-011	5.04333e-012	5.12618e-013	1.06464e-012	2.28338e-012	
0	0.144943	0.000988565	0.35018	0.0994102	0.814552	0.666647	0.209538	0.0508339	2.41767e-005	4.34135e-006	0.000625172	0.0330538	0.0366009	0.00195634	7.99357e-005	0.00195951	0.00751622	7.07105e-005	7.24767e-006	1.4105e-005	4.54523e-005	0.000892164	0.000785267	2.26861e-005	2.22781e-006	1.86401e-005	4.28414e-006	3.87442e-008	3.1776e-008	3.70123e-007	8.18381e-006	5.24315e-006	6.55897e-006	3.25725e-006	1.06263e-005	1.41042e-005	5.05325e-006	8.09877e-006	4.52225e-006	4.99005e-007	7.25533e-008	2.94198e-007	1.56133e-007	4.74103e-009	1.03832e-008	3.18785e-010	2.6102e-012	6.69091e-013	
0	0.00242047	0.183624	0.301259	0.574462	0.0145717	0.276801	0.446351	0.626493	0.0475471	0.0154662	0.0350329	0.00149972	0.000352206	0.842046	0.292609	0.185385	0.00176855	0.000858824	0.00252038	0.00323732	0.000263225	1.02271e-005	0.0646807	0.877139	0.269843	0.00730816	2.80264e-005	1.94387e-005	4.2497e-005	1.39088e-005	2.91975e-007	9.86373e-008	2.77224e-008	1.45176e-008	1.35555e-007	5.00862e-008	8.67953e-007	8.28264e-007	1.10335e-008	9.56533e-007	1.12286e-005	1.77692e-007	2.17163e-007	4.58064e-006	1.9582e-008	4.73154e-011	1.74817e-010	3.94343e-011	
0	0	3.02476e-006	0.0016025	0.0275543	0.099638	0.0351426	0.319963	0.295798	0.952066	0.948435	0.533294	0.000321432	1.16356e-008	3.81129e-006	0.696977	0.463083	0.0366778	0.00199633	0.0226712	0.00708607	0.000123848	4.68355e-008	2.25248e-007	0.0109112	0.648102	0.250775	0.0167968	0.436331	0.627886	0.0468579	1.02199e-005	6.30361e-010	1.68032e-011	6.04813e-012	2.29022e-011	3.44081e-009	8.32234e-010	1.15345e-009	1.58407e-008	1.57281e-010	1.05012e-008	1.45622e-008	9.50412e-011	1.16411e-007	4.88603e-010	5.20526e-010	4.33318e-011	1.19201e-011	
0	0	2.57739e-024	2.44051e-011	1.83374e-007	4.39992e-006	3.2503e-005	5.44066e-005	0.000960333	0.000132013	0.035656	0.0142474	3.81484e-005	4.44592e-009	1.08057e-013	1.01327e-009	0.0125614	7.70065e-005	5.88605e-007	1.8297e-005	2.69375e-005	7.68137e-006	3.63932e-009	6.99816e-013	3.7213e-012	1.89591e-006	0.00133559	2.74485e-005	0.000259855	0.00347126	0.00261707	1.43253e-006	8.12483e-011	6.91314e-015	1.21969e-016	2.58338e-016	3.60781e-015	3.25055e-012	1.78367e-013	2.86335e-013	3.84675e-013	7.63055e-015	1.88269e-013	3.67546e-013	1.82516e-015	3.16338e-012	6.55252e-015	3.05017e-013	1.23523e-014	
0	0	0	8.26582e-012	1.32092e-009	1.02503e-007	5.32232e-008	3.07022e-008	5.71528e-007	9.26832e-009	0.000356004	0.409469	0.243864	0.010603	4.37873e-007	2.22617e-011	8.48528e-005	1.81977e-005	1.00305e-009	7.24757e-008	2.84529e-005	0.000151159	5.71004e-005	6.87662e-008	1.23313e-013	7.21552e-010	8.2518e-006	3.72024e-007	1.07231e-008	0.000781356	0.0219519	0.00870656	8.07272e-005	8.0858e-007	2.7582e-009	1.61472e-011	1.90739e-014	3.06239e-015	1.52901e-014	8.36332e-016	4.45111e-015	4.43686e-016	2.04839e-013	7.06988e-014	3.18042e-018	3.02944e-012	4.42205e-017	2.41616e-017	1.27645e-016	
0	0	0	1.14011e-030	5.10539e-013	2.50271e-011	8.69616e-010	4.98878e-010	3.59367e-010	7.68811e-011	2.36325e-010	0.00513429	0.711488	0.920753	0.13834	0.000320457	0.000475237	4.50837e-005	1.36688e-006	1.51417e-006	3.26797e-006	1.72995e-005	0.000311885	0.000290091	2.12546e-005	7.77597e-008	5.31715e-009	3.44171e-008	1.01824e-009	4.97095e-009	0.00192634	0.0269712	0.15655	0.24782	0.300299	0.162152	0.0441682	0.00695626	0.00175816	2.22987e-005	5.79451e-006	1.61601e-005	4.02903e-005	8.9139e-005	2.3815e-005	1.54096e-005	5.37226e-007	4.83655e-009	7.81772e-010	
0	0	0	0	3.2553e-014	5.18297e-011	8.07581e-010	1.30046e-008	6.82453e-008	1.23016e-009	1.53346e-010	2.65111e-005	0.00704519	0.0311007	0.0168289	0.0098225	0.336122	0.953862	0.997065	0.974749	0.989543	0.999354	0.998708	0.934149	0.111855	0.0820371	0.740545	0.983143	0.563389	0.367819	0.926632	0.964302	0.843364	0.752172	0.699697	0.837837	0.955818	0.993038	0.998233	0.999973	0.999993	0.999973	0.999959	0.99991	0.999971	0.999985	0.999999	1	1	


1	0.895414	0.318304	0.163399	0.348229	0.949722	0.928405	0.968505	0.967934	0.642848	0.0794933	0.021012	0.0400756	0.00822675	0.000949709	0.00830836	0.0279541	0.205044	0.432071	0.167434	0.0202905	0.00274183	0.0155905	0.00100495	0.000288473	0.00131104	0.0365057	0.231304	0.0316819	0.120214	0.0177535	0.0336176	0.0121183	0.0270654	0.0206797	0.0158113	0.0446198	0.127774	0.0730813	0.143843	0.361915	0.186593	0.123938	0.0155019	0.0295283	0.0278684	0.507583	0.673065	0.572029	
0	0.103618	0.676378	0.0649076	0.0762994	0.0287172	0.0612741	0.0292552	0.0294516	0.0194553	0.0302052	0.185844	0.939513	0.989864	0.272744	0.283734	0.952054	0.778666	0.554502	0.087355	0.149858	0.0635961	0.944851	0.13626	0.0106564	0.00585039	0.0129963	0.00968155	0.000965523	0.119606	0.155987	0.806698	0.859719	0.42455	0.151548	0.026698	0.0046593	0.00812276	0.0432242	0.00233838	0.388745	0.730321	0.864292	0.980941	0.944634	0.946027	0.41101	0.263169	0.427329	
0	0.00096797	0.00529166	0.21	0.47891	0.0023714	0.00974997	0.00202027	0.00260734	0.334464	0.172515	0.0230524	0.00115372	0.00182785	0.722822	0.502108	0.0167014	0.0131385	0.0114484	0.386986	0.087133	0.0158098	0.00137493	0.862295	0.985047	0.401963	0.0358219	0.000156649	0.0180865	0.479959	0.15109	0.00259836	0.00197163	0.185291	0.0394693	0.00170042	0.000319463	0.000662581	6.05013e-005	4.9596e-005	0.0026966	0.0566416	0.000397374	0.0016181	0.0236926	0.00142089	0.00584697	0.0148517	0.000333751	
0	0	2.71452e-005	0.561692	0.0600129	0.00725057	2.35547e-006	5.2844e-005	1.8939e-006	0.0032132	0.714973	0.738245	0.0188751	6.78881e-005	0.00348342	0.157937	0.00111732	0.000498038	0.000460413	0.357887	0.735923	0.914439	0.0357144	0.000425095	0.00385374	0.581223	0.0541542	0.000642189	0.000214395	0.202996	0.649105	0.0162577	8.22515e-005	0.00341315	0.000753085	2.40376e-006	6.09443e-006	1.73844e-006	1.12845e-006	3.30744e-005	4.59177e-007	0.0104954	0.00109514	2.51151e-005	0.00204383	0.0239232	0.0182171	0.000219371	4.90825e-006	
0	0	4.0349e-008	1.40091e-006	0.0364174	0.000897244	7.30852e-007	8.96028e-008	1.38413e-009	3.43446e-006	0.00280868	0.0278953	0.000324103	1.49437e-007	1.78134e-007	0.0477815	0.000612129	8.9461e-007	1.16353e-007	0.000217034	0.00639101	0.0022949	0.00238925	1.69688e-006	0.00015378	0.00872425	0.00175162	0.000119044	5.18297e-006	0.00116233	0.000682876	0.000311525	2.69175e-007	5.62946e-008	1.6597e-006	3.75371e-009	1.67852e-008	8.15934e-010	4.16999e-010	1.75668e-009	2.66825e-008	1.49922e-007	0.000317034	1.25874e-008	7.86101e-007	2.93479e-006	0.00428135	7.25403e-007	2.51437e-007	
0	0	0	1.17917e-008	0.000131717	0.0110411	0.000560128	0.000164899	4.88186e-006	1.63772e-005	4.28382e-006	0.003951	3.33453e-005	4.11983e-008	1.3607e-008	0.000130867	0.0015579	0.00261032	0.0015128	0.000114511	0.00040477	0.00111642	5.1762e-005	1.26819e-005	9.04459e-007	0.000927515	0.858669	0.750233	0.943327	0.0517124	0.00078482	2.02408e-005	8.72031e-007	1.42906e-008	2.62963e-006	1.44246e-006	1.52745e-008	1.25717e-008	8.1225e-010	6.96384e-009	1.52877e-007	1.36341e-010	2.24337e-007	4.64313e-008	2.53685e-007	2.17575e-007	0.0457758	0.0476591	0.000117364	
0	0	0	3.25063e-025	9.85547e-013	1.10227e-007	7.03639e-006	9.03829e-007	1.57836e-007	1.99936e-008	5.02473e-007	2.53613e-009	1.26233e-006	4.16121e-009	9.66665e-014	1.80958e-011	1.81259e-006	1.53658e-005	6.5915e-007	3.9357e-006	1.02393e-008	3.20628e-007	1.20126e-006	3.12533e-011	6.16767e-010	1.19236e-009	7.37907e-005	0.00517956	0.00558935	0.0124968	3.75751e-005	2.9578e-007	1.58422e-009	3.95614e-010	4.43969e-012	1.44913e-009	2.14241e-009	5.74526e-011	7.13073e-012	6.26387e-012	1.04215e-012	6.00829e-013	5.15446e-015	9.78307e-013	4.44908e-013	5.99008e-010	1.54906e-009	0.000109083	3.02986e-005	
0	0	0	0	1.4114e-012	2.15724e-007	1.01554e-006	5.80183e-007	4.93804e-008	6.54621e-009	9.10649e-009	3.39159e-007	2.33801e-005	1.35937e-005	1.80606e-007	7.16204e-008	1.09133e-006	2.71102e-005	4.29498e-006	3.05852e-006	5.85785e-007	1.18525e-006	2.69304e-005	2.89073e-007	1.02971e-008	3.8305e-009	2.73853e-005	0.00268469	0.000129671	0.0118538	0.0245597	0.140496	0.126108	0.35968	0.787546	0.955786	0.950395	0.863439	0.883633	0.853736	0.246643	0.0159489	0.00995959	0.00191346	9.98696e-005	0.00075727	0.00728583	0.000926363	0.000155958	


1	0.998973	0.865044	0.86363	0.193309	0.82451	0.264554	0.292547	0.469186	0.0397873	0.00307242	0.00313832	0.229177	0.895986	0.64565	0.710743	0.897991	0.93805	0.89725	0.451756	0.116871	0.0267999	0.614366	0.271219	0.172446	0.182908	0.852068	0.921665	0.241115	0.0627081	0.0114312	0.371595	0.36373	0.362368	0.350832	0.121179	0.117924	0.0746713	0.0183639	0.0119269	0.0165035	0.00415225	0.00437652	0.00257734	0.00139829	0.000199551	7.75833e-005	4.7147e-005	5.90927e-005	
0	0.000955711	0.134951	0.131762	0.804983	0.164979	0.735373	0.705774	0.526314	0.0841388	0.00337329	0.000141261	0.000453122	0.0143544	0.340098	0.195262	0.100822	0.0610235	0.102006	0.138687	0.0110744	0.000292566	0.00159816	0.711866	0.804307	0.75812	0.0752568	0.0397474	0.605621	0.214988	0.000553927	0.00109898	0.0113615	0.0538464	0.116439	0.00682988	0.00449362	0.00149856	0.000160682	7.78061e-005	0.0101038	0.00013436	4.39984e-005	9.29795e-005	0.000167694	3.91451e-007	7.70577e-006	2.71857e-006	2.62739e-006	
0	7.16941e-005	5.50266e-006	0.00460834	0.00170808	0.0104167	7.24012e-005	0.00167858	0.0044925	0.87605	0.910098	0.848898	0.0962195	0.000117446	8.89806e-005	0.0916615	0.000123776	0.000150302	0.000104077	0.408188	0.870428	0.848516	0.0318032	0.000231353	0.00403527	0.0518878	0.0109856	5.87072e-005	0.143294	0.718326	0.933302	0.0519746	2.52067e-006	6.50584e-006	8.47834e-006	1.86242e-005	4.94377e-005	9.02306e-006	3.45361e-008	7.61692e-007	6.30541e-007	0.000174253	1.23733e-006	1.19908e-008	2.08907e-006	2.69107e-008	5.14891e-009	2.74372e-008	6.46769e-009	
0	0	3.79496e-008	2.75883e-009	3.91137e-008	9.42678e-005	7.74821e-007	1.22356e-007	7.73882e-006	2.39005e-005	0.0834486	0.144975	0.669966	0.0287522	1.62173e-005	1.45241e-007	0.000141039	3.29541e-006	2.23945e-007	5.96758e-006	0.00110805	0.12376	0.300188	1.57179e-005	1.21804e-007	2.52194e-006	0.0193712	0.000397736	2.51574e-005	0.000477359	0.0522584	0.292248	0.000528235	5.75429e-007	2.86505e-009	3.60874e-008	6.74841e-008	9.60456e-007	4.09375e-008	5.11425e-009	9.03792e-010	4.07957e-010	7.58513e-007	4.33144e-009	1.59984e-011	3.29526e-008	5.63299e-010	3.37573e-011	7.83959e-011	
0	0	1.79956e-015	3.11823e-011	1.62341e-012	7.81588e-013	2.69337e-009	2.99318e-011	2.61947e-011	1.77788e-008	7.80185e-006	0.0028439	0.00114547	0.000949466	2.08666e-005	2.25681e-008	3.87239e-012	6.80892e-010	7.67888e-010	1.84245e-008	2.1415e-007	3.62559e-006	0.000399172	5.75182e-005	1.08786e-007	5.10569e-011	6.11405e-011	4.11881e-007	4.18488e-006	1.2881e-006	1.70795e-006	0.00020646	0.000103369	5.40609e-008	6.91474e-011	9.41232e-015	4.28588e-013	1.81404e-012	4.71672e-012	1.43451e-013	5.72597e-012	1.49777e-012	5.56212e-014	5.59391e-011	3.79924e-012	4.562e-016	1.38501e-011	1.90659e-013	7.55839e-015	
0	0	0	2.46479e-017	7.6855e-016	1.1395e-014	1.83248e-013	5.11129e-013	1.16907e-015	1.03064e-015	1.74521e-010	3.03782e-006	0.00251417	0.000252801	9.42892e-008	3.15893e-009	2.21992e-009	1.52629e-010	4.03197e-015	3.8005e-013	3.48934e-010	1.6902e-008	1.30206e-006	1.39786e-007	7.39153e-010	4.57555e-011	2.33075e-012	2.3644e-011	9.42086e-011	1.24277e-007	7.57082e-008	1.14071e-006	1.12831e-007	8.81908e-008	3.76846e-010	4.70747e-012	2.98449e-014	2.58434e-017	1.80831e-015	3.58748e-015	5.05743e-017	2.89969e-018	1.13136e-014	2.1579e-015	4.15213e-017	1.22878e-015	1.31617e-019	1.09748e-016	5.6434e-016	
0	0	0	7.32374e-022	1.13152e-019	3.61708e-017	1.58816e-017	4.35889e-016	2.84168e-015	7.77033e-018	4.60543e-016	5.7856e-010	0.000524012	0.0590754	0.00834237	8.63133e-006	3.16691e-007	6.92546e-008	1.74463e-009	1.19585e-009	8.67324e-010	1.24304e-008	4.96781e-006	1.69757e-006	6.1965e-008	1.3747e-010	4.91704e-011	1.48872e-012	6.28076e-014	1.14629e-011	2.49437e-007	0.000127187	0.00100599	0.00274814	0.00710437	0.00869478	0.00132786	0.000184479	2.71835e-005	6.98837e-007	1.21823e-007	2.0739e-008	1.3568e-008	2.34949e-008	3.64371e-010	3.33988e-010	1.03967e-011	1.25148e-013	2.97265e-015	
0	0	0	0	1.1924e-023	5.81233e-020	2.86653e-019	1.56933e-018	7.11598e-017	3.05324e-017	6.26469e-018	1.1143e-015	1.47144e-008	0.000512734	0.0057839	0.00232434	0.000921883	0.000772735	0.000639853	0.00136311	0.000518121	0.000627771	0.0516395	0.0166087	0.0192114	0.00708199	0.0423186	0.0381309	0.00994152	0.00349849	0.00245291	0.282748	0.623269	0.58103	0.525616	0.863277	0.876205	0.923636	0.981448	0.987994	0.973392	0.995539	0.995577	0.99733	0.998432	0.9998	0.999915	0.99995	0.999938	


1	0.999024	0.403886	0.734823	0.581467	0.922806	0.617178	0.13102	0.221044	0.00504301	0.000438861	0.000234011	0.031884	0.219267	0.202695	0.493468	0.962954	0.98322	0.303644	0.129597	0.0442673	0.0324102	0.353404	0.417935	0.0453018	0.0141188	0.394356	0.791902	0.0667735	0.0984715	0.0584864	0.832014	0.577442	0.496634	0.484226	0.323601	0.660966	0.792209	0.614614	0.786219	0.854133	0.830128	0.914665	0.681252	0.183466	0.536236	0.674616	0.406597	0.93953	
0	0.000975305	0.596106	0.2543	0.414046	0.0770637	0.382812	0.868965	0.741333	0.132884	0.00109537	7.547e-007	2.28824e-006	0.000274598	0.392897	0.37031	0.0248451	0.0127613	0.696157	0.386731	0.00130561	1.49462e-005	3.04316e-005	0.277639	0.951051	0.984368	0.600961	0.207588	0.823983	0.0303186	3.48284e-005	5.9275e-005	0.00360425	0.0115544	0.0345338	0.0028166	0.00639864	0.0422148	0.00471128	0.012332	0.0877516	0.0677462	0.000622597	0.0135492	0.805583	0.0053065	0.254377	0.584874	0.0556361	
0	6.58335e-007	7.33357e-006	0.0108761	0.00448534	0.000122956	9.61248e-006	1.42888e-005	0.0376233	0.862048	0.674398	0.0269972	0.000518821	6.95446e-007	7.47478e-006	0.11501	9.9116e-006	3.27232e-007	1.19377e-005	0.483522	0.58494	0.0580791	0.000237755	7.4759e-007	0.000124517	0.00146744	0.00380561	0.000160082	0.109235	0.800032	0.184475	0.000482802	6.34284e-009	4.00504e-007	7.52226e-008	2.57979e-007	2.11941e-006	0.000152601	4.06679e-006	4.2391e-006	6.89338e-005	0.0400224	2.94038e-005	1.36155e-008	0.000311899	0.000102804	5.6619e-006	0.000498372	5.31351e-005	
0	0	9.88631e-010	3.43036e-007	1.48476e-006	6.42028e-007	3.49737e-009	7.21066e-010	1.99775e-008	2.45773e-005	0.321101	0.902189	0.143495	0.000249121	5.82092e-008	5.31913e-007	1.56412e-005	1.22418e-009	2.6949e-011	6.54657e-006	0.369012	0.862049	0.00982531	1.16361e-006	1.84111e-010	1.55991e-007	2.07885e-005	3.26072e-007	9.26372e-007	0.0701847	0.739547	0.0153082	3.5621e-007	2.95303e-012	1.04335e-011	3.36419e-011	7.76168e-012	5.40103e-011	5.7425e-009	6.33343e-010	8.6443e-010	4.11743e-007	1.98117e-005	8.10178e-010	7.03188e-011	3.43892e-006	1.13516e-007	1.5661e-007	8.05297e-007	
0	0	1.39695e-011	1.0065e-010	4.37773e-008	6.93067e-006	2.98957e-008	2.32593e-010	5.86707e-010	1.79851e-007	0.00296664	0.0703177	0.803518	0.0473305	1.03297e-005	3.22256e-008	0.00107106	2.77833e-005	2.7454e-010	9.56426e-009	0.000132153	0.0406027	0.0350265	1.76621e-005	3.42208e-010	3.23576e-009	0.000135003	4.34234e-006	3.13775e-008	0.000956623	0.015405	0.0394658	6.87903e-005	9.54492e-008	3.04402e-010	8.44506e-011	8.47197e-011	1.23806e-010	1.05574e-007	8.11899e-009	8.97137e-011	1.30733e-010	3.95478e-006	6.69542e-008	4.4976e-013	1.45284e-006	5.04481e-009	6.05946e-010	1.20664e-006	
0	0	0	5.53313e-014	1.38421e-010	1.54785e-011	1.95149e-007	2.39506e-010	2.25818e-011	1.62684e-011	3.97281e-008	0.000232697	0.00984553	0.11544	0.025046	0.000317801	1.00989e-005	2.45308e-006	6.15218e-008	9.58117e-008	2.1297e-008	1.16349e-005	0.000747935	0.0185402	0.000218973	1.39167e-007	1.44864e-009	3.15906e-007	4.92542e-007	5.08437e-006	6.00754e-005	0.000265481	0.0018462	0.000332507	8.4906e-005	2.57789e-006	1.98637e-007	9.13306e-009	4.93297e-011	3.29912e-011	1.58867e-009	8.80207e-011	8.18947e-013	1.46695e-007	3.33519e-009	1.38199e-012	2.82776e-009	3.76954e-011	1.56472e-011	
0	0	0	2.28278e-014	9.31542e-016	3.09259e-014	1.78319e-012	3.62497e-012	3.97391e-014	2.1558e-014	9.85967e-010	2.84691e-005	0.00139348	0.00176218	0.0030224	1.59182e-005	1.20008e-007	7.76363e-009	6.79434e-011	3.27798e-008	2.33458e-006	0.000273129	0.000381874	0.000226975	3.46184e-006	1.1459e-007	2.44629e-009	1.00976e-011	9.78702e-010	1.51513e-005	0.00143811	0.00190674	1.12601e-005	5.1724e-006	4.78767e-007	2.12607e-007	1.54839e-009	3.13004e-011	5.15905e-012	3.29823e-014	3.68862e-014	1.14141e-010	6.81392e-013	1.11664e-011	3.35309e-011	1.14152e-010	7.58456e-014	4.07724e-012	5.21529e-014	
0	0	0	0	1.36691e-016	9.00641e-014	4.49503e-015	2.20168e-012	3.83087e-013	1.85723e-015	6.60291e-015	5.34878e-009	0.00934244	0.615675	0.376321	0.0208781	0.0110938	0.00398858	0.00018771	0.000142809	0.000340318	0.00655946	0.600346	0.285639	0.00330068	4.53267e-005	0.000721862	0.000344906	7.36685e-006	1.63274e-005	0.000553484	0.110497	0.417027	0.491473	0.481155	0.673579	0.332633	0.165424	0.38067	0.201444	0.0580462	0.0621027	0.0846594	0.305198	0.0106393	0.45835	0.0710009	0.00802967	0.00477903	


1	0.998783	0.892095	0.972998	0.67338	0.995967	0.994188	0.986143	0.883667	0.0881158	0.00709028	0.000218982	0.000251003	0.000242478	0.0299898	0.626169	0.971898	0.995829	0.907399	0.519154	0.0263014	0.00140789	0.00103029	0.219085	0.797894	0.915044	0.999274	0.996671	0.238732	0.0458047	0.00167387	0.00165105	0.00299664	0.0117961	0.0260003	0.0173519	0.0302889	0.170576	0.586674	0.677199	0.914782	0.752325	0.996082	0.99915	0.573192	0.995923	0.976001	0.971594	0.998308	
0	0.00120385	0.107847	0.0264765	0.326503	0.00392176	0.00580976	0.013856	0.116327	0.910262	0.342882	0.000108552	1.45582e-007	1.5132e-007	0.00282089	0.178475	0.000776645	0.000311787	0.092521	0.457784	0.00773025	2.39931e-005	4.02352e-007	0.00467354	0.156775	0.0842271	0.000628216	0.0033192	0.761187	0.120731	8.37947e-005	4.90526e-007	1.62831e-006	3.30349e-005	2.89404e-005	2.91301e-006	0.000101323	0.00447861	0.000559774	0.00167921	0.0758405	0.244036	0.00183037	0.000675988	0.426803	0.00127312	0.0239161	0.0282569	0.00145607	
0	1.30467e-005	5.88465e-005	0.00052575	0.000115586	9.50578e-005	2.20115e-006	5.93995e-007	5.5219e-006	0.00162234	0.649975	0.978338	0.0733786	0.00116567	0.000813015	0.00337735	0.000242453	2.65631e-007	6.66488e-008	0.0230042	0.965686	0.794187	0.025712	0.0327958	0.000141726	0.000491061	2.61838e-005	1.19157e-007	8.03487e-005	0.833461	0.90007	0.0448674	0.000162077	2.01775e-007	5.42999e-009	3.21851e-009	1.63927e-009	5.04772e-008	8.70699e-006	2.29879e-007	8.15024e-006	0.00246174	0.00170187	4.95454e-006	8.75118e-007	0.00277459	6.93506e-006	0.000146252	0.000224777	
0	0	3.47099e-008	1.80783e-007	4.29121e-007	1.6146e-005	3.7474e-007	1.49852e-008	3.47616e-009	1.07473e-008	3.75755e-005	0.0213209	0.926348	0.99756	0.185762	0.0243342	0.00410548	0.00258325	4.47812e-005	2.80104e-005	0.000268103	0.204343	0.972889	0.529071	0.011601	2.1103e-005	6.90619e-005	9.27253e-006	1.17288e-007	2.99718e-006	0.0981619	0.953449	0.992321	0.984773	0.970628	0.981262	0.96882	0.821369	0.410928	0.320866	0.00444111	0.000179038	0.000317679	0.000114536	1.13682e-006	1.77588e-005	7.11302e-005	2.0094e-006	1.10674e-005	
0	0	2.85678e-008	1.47098e-008	7.01907e-007	7.55991e-010	6.75075e-009	2.33846e-010	1.75471e-010	4.9877e-009	1.53416e-005	1.24147e-005	1.81794e-005	0.000953427	0.77937	0.0873795	1.42771e-005	3.82744e-008	2.09402e-005	1.119e-005	4.49493e-006	2.156e-005	5.46431e-005	0.200147	0.0311225	0.000126898	1.12585e-008	1.21654e-008	3.45883e-007	8.79222e-008	9.96101e-006	3.11233e-005	0.0044942	0.00284959	0.000941145	6.59124e-006	9.00977e-005	0.00281828	0.000341112	1.93405e-005	0.0049033	0.000968082	2.69219e-006	1.01392e-007	1.96211e-006	7.38284e-009	4.1103e-006	3.23243e-007	6.15716e-009	
0	0	0	3.14856e-011	1.74253e-011	1.60082e-009	1.51723e-011	1.63709e-012	1.55956e-014	9.87664e-014	5.28723e-010	1.14023e-006	4.58188e-007	8.1387e-008	3.17986e-005	0.0799935	0.0213113	0.000812488	2.16079e-008	4.97671e-007	1.22793e-006	6.12667e-007	2.73946e-007	2.76398e-005	0.000105103	7.56423e-005	7.0757e-007	8.69347e-010	3.2345e-011	2.25609e-007	6.23601e-008	1.90809e-007	3.6902e-008	1.8562e-005	9.17003e-006	2.68952e-006	9.34313e-008	3.20747e-008	9.0965e-006	6.61485e-007	8.16456e-009	4.91604e-007	6.4956e-006	2.6367e-008	2.88065e-012	1.12991e-008	5.70237e-013	8.566e-010	7.19666e-009	
0	0	0	7.82849e-015	5.5741e-015	8.56909e-014	4.10677e-014	6.42443e-016	4.58245e-016	3.50082e-017	4.89032e-014	3.51394e-011	2.58192e-008	1.19554e-008	2.92551e-008	1.53359e-007	1.5345e-005	5.3785e-006	3.6051e-007	5.9934e-008	5.25361e-009	5.65025e-008	1.68555e-008	4.6129e-008	1.9304e-008	2.36444e-009	2.80053e-008	2.27329e-010	2.02398e-012	1.74948e-012	6.66164e-009	2.57486e-009	3.95445e-009	2.6595e-008	1.12242e-007	5.77388e-009	2.75432e-009	1.83913e-009	6.10615e-009	2.92684e-009	1.57877e-009	8.19856e-009	2.91667e-009	5.71813e-008	8.37227e-011	3.33378e-011	1.8605e-012	7.22511e-014	8.61787e-014	
0	0	0	0	4.35159e-013	2.01943e-013	6.14383e-012	8.87006e-014	1.25207e-014	1.09253e-016	4.08537e-015	3.15885e-011	3.43063e-006	7.85465e-005	0.00121302	0.000271037	0.00163634	0.000457766	1.35996e-005	1.81116e-005	8.47913e-006	1.60257e-005	0.00031334	0.0142011	0.00236065	1.3986e-005	1.53632e-006	9.79785e-008	1.3948e-009	1.8925e-009	3.34679e-008	9.31654e-007	2.47707e-005	0.000529492	0.00239222	0.00137405	0.000699682	0.000758072	0.00147896	0.000235531	2.52044e-005	3.01085e-005	5.91165e-005	5.47792e-005	8.12609e-007	1.18775e-005	8.85696e-007	3.06229e-008	3.9988e-009	


