E:\Google Drive\Progetti\MSR Action3D\Real\a18_s05_e01_skeleton3D.txt
18
TRUE
-922.982
-961.285
-958.03
-955.71
-975.102
-950.404
-962.842
-922.328
-873.366
-842.491
-939.167
-920.498
-887.636
-866.785
-927.283
-853.692
-870.465
-891.668
-929.421
-918.25

37
20
1	0.651291	0.210972	0.0580148	0.0284456	0.00329634	0.00132209	0.00110179	0.00241457	0.000202408	0.000130894	1.97076e-005	0.000102741	0.000210972	2.05158e-005	3.4903e-006	6.85092e-006	7.2063e-007	1.32078e-006	4.91755e-007	5.00994e-008	2.86552e-009	2.93913e-010	1.68018e-015	4.45728e-017	3.90676e-019	4.5244e-021	4.14583e-023	1.18547e-025	2.32831e-027	1.76014e-029	3.42562e-029	4.80227e-029	6.97454e-029	6.91135e-029	8.86136e-029	1.01634e-028	1.45018e-028	
0	0.116872	0.176635	0.25964	0.459938	0.714956	0.85595	0.918232	0.839518	0.626071	0.88063	0.850144	0.766052	0.771163	0.0856499	0.0177697	0.0323035	0.00422652	0.00691106	0.0039536	0.000837888	0.000132694	4.72422e-005	9.50501e-010	3.40427e-011	6.94573e-013	1.73469e-014	1.69515e-016	3.39356e-019	1.95875e-021	1.04314e-023	1.65689e-023	1.01621e-023	4.41344e-024	1.97001e-024	7.95445e-025	5.9732e-025	1.02942e-024	
0	0.231837	0.042288	0.0240256	0.0164844	0.0511132	0.0336674	0.0628794	0.121993	0.0201874	0.0928502	0.0211124	0.0991946	0.0137642	0.00765924	0.000498269	0.000862154	0.00063944	0.00573422	0.00550347	0.00194837	0.00070427	0.000118179	1.57812e-009	7.73492e-011	2.9508e-013	2.30634e-015	1.27068e-017	1.00588e-019	3.69808e-022	1.286e-024	5.76695e-025	5.59539e-025	1.96178e-025	6.60119e-025	9.29707e-026	1.68342e-025	4.61475e-025	
0	0	0.55788	0.629509	0.47425	0.211364	0.105432	0.0170292	0.0359034	0.350567	0.0168702	0.128566	0.123015	0.214684	0.905352	0.711979	0.304377	0.00547264	0.00125403	0.00031181	5.76243e-005	5.15794e-006	1.58492e-005	3.40918e-008	8.12251e-010	6.18779e-012	2.28102e-013	8.86853e-015	1.71298e-018	1.16639e-020	5.89338e-024	1.241e-023	6.78916e-024	8.41261e-024	7.44541e-025	9.30526e-025	1.50738e-025	5.2681e-026	
0	0	0.0122254	0.00137438	0.00522407	0.00350205	0.00262547	0.000203213	8.93335e-005	0.00281838	0.00906135	0.000109426	0.0111532	1.2538e-005	0.00128616	0.154423	0.00396754	0.16887	0.00706458	0.00311665	0.00637427	0.0426266	0.00503234	3.89534e-005	5.25502e-007	5.42957e-011	2.21933e-013	1.20946e-016	6.52871e-021	4.80598e-023	3.34799e-025	3.35727e-025	1.39742e-025	1.80459e-025	1.04763e-025	3.79054e-028	8.07604e-027	7.52795e-029	
0	0	0	0.0274364	0.0154952	0.0156993	0.000868037	0.000497788	2.72109e-006	0.000150121	0.000454752	4.50546e-005	0.000480016	0.000135256	3.03332e-005	0.115326	0.606664	0.808195	0.486437	0.654232	0.958956	0.949618	0.975537	0.993077	0.939768	0.213468	0.0305221	0.00252335	2.04419e-006	7.44962e-009	7.9902e-012	1.83575e-014	6.88139e-018	1.91127e-021	6.84856e-025	6.74661e-028	3.90413e-029	1.04946e-028	
0	0	0	3.74194e-013	3.71017e-006	1.39513e-006	1.84127e-005	3.30615e-007	3.47698e-007	1.32278e-010	1.19077e-007	2.02024e-007	9.62253e-008	2.28407e-007	1.30766e-009	1.14133e-007	0.00598931	0.00124327	0.0466883	0.0108024	0.00173969	0.0037694	0.0109675	0.00537449	0.0544059	0.777361	0.930955	0.964767	0.979575	0.880271	0.920145	0.00477322	6.63001e-007	1.39163e-010	1.23857e-014	2.71822e-018	1.32135e-021	8.70609e-024	
0	0	0	0	0.000159078	6.81293e-005	0.000116565	5.62521e-005	7.87089e-005	4.05914e-006	2.26117e-006	3.41595e-006	1.94924e-006	2.95749e-005	1.51547e-006	5.61197e-007	0.0458295	0.0113526	0.44591	0.32208	0.0300858	0.00314401	0.00828187	0.00150906	0.0058255	0.00917083	0.0385226	0.0327094	0.0204231	0.119729	0.0798552	0.995227	0.999999	1	1	1	1	1	


1	0.999362	0.967011	0.966412	0.998046	0.998095	0.99985	0.986212	0.999949	0.919156	0.999719	0.999602	0.999179	0.999977	0.997939	0.953463	0.76188	0.228419	0.013729	0.00105229	5.1382e-005	0.000124741	0.000400404	5.36062e-006	1.67934e-006	1.20479e-006	2.44008e-007	3.54062e-008	7.1103e-009	4.0756e-010	8.253e-012	6.88754e-010	3.37795e-008	1.71306e-007	1.4468e-006	6.67344e-006	2.5715e-005	4.23328e-006	
0	0.000473153	0.00280628	8.35418e-005	0.000837511	0.00154505	0.000141749	0.0137866	5.11741e-005	0.00186381	0.000261348	0.000386853	0.000810685	1.95159e-005	0.00146281	0.0289851	0.00011582	0.213015	4.99526e-006	3.73986e-006	3.56288e-005	3.57354e-006	2.36162e-007	8.61888e-010	3.51408e-009	1.94951e-009	2.75304e-009	8.15116e-012	2.28333e-012	1.00631e-011	1.23149e-013	3.86724e-010	1.36183e-009	1.90036e-008	5.14036e-009	1.23692e-009	2.76335e-008	2.13754e-013	
0	0.000164356	0.030181	0.00182086	1.86177e-005	0.000352266	8.04804e-006	9.29972e-007	6.72881e-008	0.0789802	1.92951e-005	1.10609e-005	1.04629e-005	3.79925e-006	0.000596035	0.0143111	0.000495379	0.0219456	9.74405e-006	1.00411e-005	1.69e-007	5.16416e-007	1.79554e-007	1.85688e-006	4.69468e-010	1.76399e-011	2.98194e-011	2.64611e-012	3.27055e-016	4.16428e-014	1.05466e-015	1.70271e-012	3.12152e-011	1.27202e-010	2.06833e-011	1.21607e-009	1.53526e-011	2.39804e-013	
0	0	1.6336e-006	0.0316838	0.00106866	7.29547e-006	1.94378e-007	7.35225e-010	8.93557e-011	5.18634e-010	4.46514e-007	1.0963e-009	3.66072e-009	6.86779e-008	2.43498e-006	0.00323478	0.230648	0.00213036	2.81848e-005	1.52477e-008	2.96507e-009	2.96755e-010	3.15278e-010	1.07282e-006	1.72455e-007	1.13107e-009	5.21017e-012	2.69774e-012	3.73648e-017	3.32606e-020	1.59508e-020	6.50864e-019	6.25339e-015	2.01799e-015	6.30022e-015	2.33829e-013	1.84085e-015	2.28035e-015	
0	0	9.55313e-021	3.06924e-010	2.91937e-005	1.6887e-007	1.92303e-008	2.66464e-010	1.58313e-012	1.23778e-014	3.20808e-013	2.98283e-010	2.07405e-012	1.33235e-012	6.56997e-009	5.50135e-006	0.00686093	0.529386	0.802364	0.892659	0.529692	0.0935328	0.00638451	0.00237092	0.000134736	0.0027743	0.0114724	0.0385951	0.914559	0.996334	0.970137	0.158101	0.0265892	0.000742134	9.00575e-006	1.67104e-008	2.95953e-010	4.5643e-014	
0	0	0	4.83711e-019	1.89918e-013	7.00233e-009	1.3693e-010	6.26261e-010	1.64519e-011	8.517e-017	1.51895e-015	1.18705e-015	9.80279e-013	1.69867e-015	7.97124e-017	9.4973e-012	5.20041e-008	0.00510403	0.183839	0.106264	0.470171	0.906162	0.984309	0.0319085	0.000105372	1.92888e-006	8.90994e-007	1.96751e-007	0.0622938	0.00258332	0.0298562	0.836752	0.772474	0.0240915	0.181205	0.00205825	0.0528835	7.38237e-005	
0	0	0	2.88317e-040	1.43193e-021	9.73169e-017	5.57766e-011	1.73419e-012	1.95408e-010	1.41178e-013	8.4857e-016	2.78781e-016	1.70931e-017	3.66347e-014	6.18627e-016	9.17242e-018	2.08812e-014	7.0288e-013	2.56815e-005	8.68677e-006	4.9264e-005	0.000162647	0.00887615	0.965672	0.46433	0.00734941	0.000500958	8.6964e-006	3.34295e-007	3.31935e-006	1.10492e-008	0.00487234	0.154162	0.064777	0.194854	0.273628	0.824757	0.992333	
0	0	0	0	1.58842e-023	6.53097e-018	4.81525e-013	1.32758e-012	1.24796e-013	2.57651e-010	2.72918e-011	4.97354e-012	1.35831e-012	2.84496e-013	7.87624e-013	1.19862e-012	5.59854e-013	1.82901e-012	8.80505e-009	1.90587e-006	9.8883e-008	1.36274e-005	2.96769e-005	4.06996e-005	0.535428	0.989873	0.988026	0.961396	0.023147	0.00107923	6.65992e-006	0.000274247	0.0467745	0.910389	0.623931	0.724307	0.122333	0.00758916	


1	0.990341	0.758247	0.964428	0.998356	0.997754	0.999949	0.998673	0.999968	0.918519	0.999847	0.999219	0.998799	0.99945	0.897558	0.0653068	0.000838574	0.000100995	2.12005e-006	7.08945e-007	2.53656e-007	3.71918e-006	2.08732e-005	1.32658e-008	1.08049e-009	4.00384e-009	1.8271e-009	6.70049e-010	1.2856e-009	9.6747e-010	2.43148e-009	3.19309e-009	1.60351e-009	6.88414e-010	9.59094e-010	3.86164e-010	8.01046e-010	5.2009e-010	
0	0.00801694	0.23907	0.00214215	0.000885233	0.00181098	4.10553e-005	0.00127922	2.045e-005	0.0799213	0.00013892	0.000759932	0.00111622	8.27062e-005	0.0556087	0.0257935	2.03303e-006	0.000259344	1.34032e-009	1.22089e-008	7.60038e-008	1.31194e-008	2.1491e-008	2.66944e-009	2.88237e-012	2.82223e-012	9.45653e-011	1.1477e-012	2.79284e-014	6.6087e-011	1.74242e-011	2.87378e-009	4.40391e-010	6.43734e-010	1.90762e-012	3.04477e-013	9.30058e-014	3.04475e-017	
0	0.0016417	0.00268328	0.0334272	0.000754286	0.000435165	1.00226e-005	4.76056e-005	1.12662e-005	0.00155944	1.42816e-005	2.11428e-005	8.47631e-005	0.000467225	0.0468313	0.905721	0.598406	0.460699	0.00507994	0.00236478	0.00339302	0.00125977	0.000269279	0.000609819	1.93259e-005	1.18506e-006	7.42209e-008	6.28943e-009	4.89949e-012	1.35324e-012	1.63782e-013	1.57428e-013	3.76893e-012	2.36627e-013	3.23438e-013	5.48361e-013	8.59079e-016	1.08133e-014	
0	0	5.22278e-009	2.92825e-006	3.62072e-006	3.09662e-008	3.6326e-008	1.64332e-009	1.13377e-009	9.13689e-011	6.45964e-009	1.69708e-011	7.16543e-010	1.42933e-008	8.45271e-007	0.00222703	0.396582	0.0053657	0.000627262	2.85516e-005	1.85245e-006	1.36623e-005	5.57182e-008	2.46452e-006	1.24207e-006	9.12448e-007	6.88489e-010	4.43905e-010	6.71265e-011	8.03242e-014	3.88665e-016	1.94281e-021	8.03386e-020	1.99058e-019	2.24856e-019	1.56795e-018	1.71675e-019	5.15903e-019	
0	0	4.02633e-008	2.11958e-008	3.93631e-007	3.59996e-009	7.55714e-009	2.48994e-010	9.65075e-010	1.41774e-010	2.05201e-008	6.32304e-010	7.69589e-010	2.23727e-009	6.84978e-007	0.000951812	0.00416987	0.529123	0.117445	0.277508	0.505131	0.172384	0.0286605	0.0032046	6.94921e-006	5.31901e-006	4.39307e-007	2.97335e-008	2.18422e-008	8.84858e-009	1.68604e-008	4.53201e-011	6.54562e-014	3.28405e-016	5.72926e-018	2.30886e-018	3.67938e-017	7.71005e-021	
0	0	0	6.05198e-014	1.0336e-012	3.91599e-011	2.52144e-013	8.77622e-012	1.61542e-013	1.63509e-016	4.48662e-013	1.2731e-012	3.91468e-014	4.34755e-014	4.06979e-014	7.22673e-012	1.96694e-006	0.0044516	0.876845	0.719722	0.490849	0.825393	0.963142	9.86772e-005	6.10836e-008	3.52472e-008	1.4511e-010	6.28486e-012	1.23704e-007	8.12372e-009	1.06346e-007	3.3911e-011	1.03375e-014	5.2607e-019	1.34871e-018	8.94358e-022	6.23072e-020	5.39499e-020	
0	0	0	6.83379e-021	2.79586e-017	4.43581e-017	2.64322e-014	1.10738e-016	5.09088e-012	4.06428e-015	6.9627e-018	3.5095e-014	4.65818e-015	4.51187e-015	1.12161e-015	8.15868e-017	1.52234e-016	6.17271e-013	1.23084e-006	0.000329172	0.00058103	0.000111934	0.00607734	0.996081	0.952828	0.11973	0.274579	0.310173	0.159782	0.00116598	1.25458e-006	1.0932e-008	1.09844e-010	2.20789e-012	1.40237e-013	4.34976e-015	1.83684e-015	3.3326e-015	
0	0	0	0	1.16727e-017	1.36908e-016	5.53109e-015	1.50994e-014	2.84207e-014	2.47148e-012	1.98534e-012	3.47539e-012	7.89228e-012	3.48252e-011	1.19384e-010	2.85003e-011	1.02007e-012	2.53793e-011	7.06844e-009	4.6788e-005	4.41528e-005	0.000833732	0.0018301	3.26052e-006	0.0471442	0.880263	0.725421	0.689827	0.840218	0.998834	0.999999	1	1	1	1	1	1	1	


1	0.942566	0.836716	0.470389	0.64051	0.947268	0.993158	0.945405	0.883484	0.773706	0.996379	0.977103	0.979658	0.663467	0.47189	0.00712755	2.31765e-005	1.7329e-008	8.64615e-011	2.40879e-011	3.00214e-013	2.94044e-015	4.79108e-016	4.75753e-016	8.14769e-017	4.52542e-017	2.51056e-017	1.45356e-017	1.40065e-017	2.84155e-016	1.3037e-015	1.02907e-014	8.25651e-014	1.2289e-012	2.99145e-012	4.70436e-011	1.61466e-010	1.19659e-010	
0	0.0373498	0.017587	0.16811	0.0595504	0.019793	0.00471804	0.0483966	0.112835	0.083245	0.00245732	0.016111	0.00328311	0.272592	0.382045	0.0850541	0.179423	5.61312e-005	2.66271e-007	9.10373e-010	1.7906e-013	5.61551e-018	6.20732e-020	1.16115e-020	1.80994e-019	9.02391e-020	1.50292e-020	5.60771e-020	4.96569e-020	2.44634e-018	3.78844e-018	5.21758e-016	1.55923e-014	2.92674e-013	7.40776e-013	1.09091e-010	5.3217e-011	4.34871e-011	
0	0.0200839	0.145686	0.36115	0.296617	0.0213589	0.00189235	0.00614078	0.00367457	0.143015	0.00110215	0.00678507	0.0170537	0.0639405	0.143227	0.876506	0.419373	0.000757857	2.01366e-008	1.52629e-010	2.71343e-013	2.3555e-016	2.3821e-018	5.39199e-018	3.16373e-019	9.41e-020	1.04783e-019	4.77668e-019	2.66076e-021	2.61698e-018	1.29097e-018	1.81698e-016	5.06047e-015	7.34585e-014	8.35883e-015	2.63682e-012	1.96395e-013	1.53991e-013	
0	0	9.48702e-006	0.000217588	0.00264679	0.0019009	5.48307e-006	1.36827e-005	2.22973e-006	2.76441e-005	3.98182e-006	2.79052e-008	4.34164e-006	3.91566e-007	0.00283488	0.0311065	0.400689	0.827848	0.384512	0.0314989	0.00715802	2.42562e-006	1.29468e-010	3.35228e-013	1.29131e-014	2.38792e-017	1.53386e-020	4.01419e-023	5.39956e-022	7.01799e-022	4.16562e-021	2.04366e-021	1.55829e-018	3.12354e-017	6.1062e-016	5.57049e-015	3.19085e-014	3.15198e-015	
0	0	1.77432e-006	0.000133108	0.000674573	0.0095971	7.81888e-005	6.7793e-006	1.37963e-007	1.18849e-006	5.58374e-005	1.66289e-008	1.14911e-006	1.32918e-007	2.91131e-006	0.000205879	0.000490925	0.171338	0.592882	0.899862	0.984362	0.999087	0.819707	0.93255	0.9333	0.0755859	0.000746259	1.19612e-005	1.38303e-007	7.29735e-009	2.29786e-010	9.05594e-013	3.99064e-015	1.65101e-017	1.07542e-016	5.27628e-017	4.0094e-015	4.76401e-017	
0	0	0	3.16165e-008	5.88807e-007	7.96846e-005	0.000137826	9.4236e-007	2.66369e-008	2.12279e-009	8.79293e-009	5.78766e-007	5.35401e-010	1.03817e-008	1.43011e-009	2.34825e-010	4.78357e-007	3.41129e-008	0.0225255	0.0625334	0.000202926	0.000192694	0.179767	0.0573211	0.0244057	0.711534	0.0654821	0.0166403	0.0362378	0.164207	0.428237	0.00473958	0.000123838	2.28758e-006	5.27104e-008	1.03789e-007	1.71379e-008	2.39315e-008	
0	0	0	2.47808e-012	3.74864e-010	3.0891e-009	6.74242e-008	5.84504e-008	7.85975e-011	8.23686e-012	5.39483e-013	2.35418e-011	3.93157e-012	9.3371e-014	5.98086e-012	5.23006e-011	3.21805e-008	1.06969e-008	8.06749e-005	0.00204481	0.000687595	1.04857e-007	9.4325e-008	8.8492e-005	0.000324236	0.000130446	0.00102679	9.35117e-005	8.59378e-005	7.47112e-005	0.000151642	8.29694e-005	3.52491e-006	8.29314e-008	1.07611e-009	3.18227e-011	2.60649e-011	5.05651e-011	
0	0	0	0	2.61256e-008	2.61545e-006	1.0039e-005	3.57637e-005	4.17704e-006	5.24983e-006	1.78628e-006	6.98822e-007	3.64125e-009	1.0704e-010	1.77285e-011	9.65624e-014	4.76538e-014	5.16524e-010	6.26475e-009	0.00406096	0.00758975	0.000717692	0.000525885	0.0100407	0.0419698	0.212749	0.932745	0.983254	0.963676	0.835718	0.571611	0.995177	0.999873	0.999998	1	1	1	1	


1	0.968924	0.967349	0.975186	0.965676	0.869304	0.968976	0.985666	0.956544	0.947493	0.930041	0.9469	0.989012	0.988614	0.992174	0.995799	0.989792	0.846404	0.429067	0.290053	0.128419	0.0336028	0.0124689	0.0116907	0.0165899	0.0592801	0.0978445	0.393611	0.398555	0.770901	0.874317	0.984614	0.992659	0.994345	0.945446	0.972901	0.912289	0.434898	
0	0.0178608	0.0281352	0.0157995	0.0317173	0.119385	0.027007	0.00831867	0.00161244	0.0419661	0.0207715	0.0140837	0.00367081	0.000471899	0.00648408	0.00335971	0.00110483	0.14877	0.287709	0.282472	0.830231	0.945926	0.878901	0.959566	0.944922	0.683423	0.817849	0.465505	0.014115	0.00229673	0.00102109	0.00441459	0.00133396	0.00222543	0.0112222	0.00277354	0.00948247	0.00461507	
0	0.0132152	0.00435786	0.00875642	0.0025219	0.0112873	0.00377421	0.00598492	0.0415763	0.00992259	0.0488437	0.0365751	0.00710599	0.0107053	0.0010998	0.000353226	0.00897779	0.00455169	0.27333	0.416579	0.0401662	0.0202603	0.10766	0.0287135	0.0369495	0.249932	0.0622183	0.0730556	0.563267	0.174614	0.112614	0.00536849	0.00485823	0.00273434	0.042956	0.0233688	0.0770831	0.42702	
0	0	3.14928e-005	0.000220152	1.63545e-005	1.11178e-005	0.000195056	9.7638e-007	0.000186038	0.000121386	0.000303621	0.000942953	0.000109741	5.97794e-005	2.77306e-006	5.90325e-008	3.44251e-006	7.9727e-007	0.00979841	0.00918088	8.23284e-005	0.000192201	0.00092721	2.46647e-005	0.00133031	0.00512082	0.000492232	0.00607667	0.0172725	0.000270334	0.000661078	1.35338e-005	3.81287e-006	1.99138e-006	2.25479e-005	0.000134789	0.000785807	0.133157	
0	0	0.000126304	3.74621e-005	6.78771e-005	1.08797e-005	4.58454e-005	1.74452e-005	7.76436e-005	0.000492733	3.79115e-005	0.00149784	9.79681e-005	0.000148077	0.000163195	7.78534e-006	1.67224e-006	1.13078e-005	3.72949e-005	0.0016982	0.00101905	8.4547e-006	4.12348e-005	3.74093e-006	0.000206559	0.00217472	0.0181221	0.0201494	0.00433272	0.0446491	0.00824023	0.00414676	0.000388394	0.000186857	3.0326e-005	0.000518933	0.000264533	0.000299698	
0	0	0	6.94054e-007	6.62966e-007	9.69882e-007	6.2126e-008	2.37614e-007	1.60045e-008	2.84998e-006	7.47462e-007	5.48527e-008	2.75341e-006	2.47058e-007	7.57666e-005	8.4239e-005	2.54139e-005	1.74688e-005	8.81396e-007	7.91463e-006	7.61845e-005	1.00382e-006	2.9828e-008	1.46012e-006	1.48812e-006	6.8905e-005	0.00346713	0.0408736	0.000759551	0.00612665	0.00230718	0.000530347	4.67312e-005	2.97834e-006	3.28876e-007	3.54785e-007	1.98962e-007	2.95958e-007	
0	0	0	2.50618e-014	3.65183e-013	6.09766e-015	3.68802e-015	4.40627e-012	7.18552e-013	6.20349e-016	2.83431e-014	4.91179e-015	2.01453e-010	1.93666e-012	2.79897e-010	0.000359769	2.89717e-006	1.30772e-007	1.66436e-010	1.32262e-011	3.80892e-007	1.39646e-012	1.57244e-014	1.65637e-011	1.14547e-009	5.65732e-010	2.94629e-007	2.98881e-006	9.28265e-008	3.00269e-006	1.39079e-008	8.54977e-009	1.32207e-010	3.05096e-011	3.30386e-013	1.81106e-013	5.45671e-013	2.09957e-016	
0	0	0	0	1.76911e-007	7.06867e-007	1.9877e-006	1.14932e-005	3.52566e-006	1.25353e-006	1.35589e-006	5.83667e-007	4.57919e-007	8.83583e-007	8.36198e-007	3.59792e-005	9.19967e-005	0.0002451	5.67791e-005	9.25308e-006	5.55361e-006	9.64448e-006	2.22283e-006	1.56273e-007	2.24689e-007	7.17778e-007	6.35953e-006	0.000725567	0.00169776	0.00113898	0.000839952	0.000912305	0.000709486	0.000503441	0.000322802	0.000302477	9.52839e-005	1.08762e-005	


1	0.71106	0.390779	0.504165	0.137498	0.0321381	0.00609693	0.0114496	0.00587137	0.00190364	0.00194066	8.16524e-005	2.41903e-005	1.41346e-006	9.36032e-007	9.06676e-008	1.59036e-008	2.5399e-009	4.47682e-010	3.30257e-010	2.75221e-010	5.08924e-010	1.81837e-009	5.13103e-009	9.41319e-011	1.04423e-011	1.28199e-012	2.40474e-014	1.20311e-015	1.05438e-018	1.67715e-020	4.05213e-021	1.21954e-021	1.62503e-022	2.79581e-023	1.5186e-024	3.9832e-025	1.85998e-025	
0	0.285321	0.278889	0.19499	0.191931	0.0212994	0.0283771	0.0521573	0.0183152	0.00246641	0.0012644	2.83024e-005	6.02335e-005	3.69812e-006	1.21035e-006	1.56484e-007	4.62488e-008	5.6315e-008	3.23733e-008	1.18566e-008	2.59532e-009	7.24037e-009	2.04069e-008	1.16972e-007	5.78796e-009	1.32329e-009	3.03495e-010	2.58476e-011	8.26668e-013	1.1885e-015	3.40345e-017	4.21932e-018	6.49253e-019	1.91442e-019	2.16595e-020	6.75092e-022	1.15404e-022	1.83636e-023	
0	0.00361937	0.326792	0.277166	0.578882	0.236212	0.0419954	0.105131	0.00105523	0.0644689	0.357325	0.106308	0.00108862	4.76584e-006	3.53013e-007	3.3064e-008	1.36669e-008	3.01525e-008	3.81263e-010	1.94252e-008	4.05161e-008	8.14905e-008	6.73671e-008	8.42963e-009	4.91149e-011	6.45243e-011	3.6687e-011	1.09457e-013	7.79299e-014	1.09126e-016	1.62354e-017	2.74127e-017	4.91129e-018	2.48832e-019	1.11853e-020	1.57472e-023	5.0457e-024	1.54832e-024	
0	0	0.00353516	0.0223792	0.0853119	0.70908	0.751926	0.058318	0.000327895	0.00709652	0.0291548	0.0157262	6.83266e-005	2.31917e-008	9.40831e-009	4.10912e-010	3.92056e-011	4.70003e-009	7.99754e-009	1.90634e-008	7.66662e-008	9.68546e-006	0.000872261	0.00204832	6.7269e-005	5.76781e-005	6.55989e-005	2.0282e-006	1.78069e-008	3.07411e-013	2.14664e-015	1.17404e-017	4.41925e-021	5.16954e-022	1.38916e-022	1.2339e-025	8.84234e-025	2.1793e-024	
0	0	4.44342e-006	0.00129852	0.00634922	0.000999064	0.171461	0.769692	0.966173	0.914405	0.587561	0.877707	0.88615	0.983329	0.705911	0.0196457	0.0104148	0.00373939	0.00066206	5.97021e-005	4.97849e-006	7.30514e-007	4.67581e-006	4.631e-006	8.23531e-007	3.24729e-006	7.14177e-006	2.40316e-006	2.4932e-007	3.11876e-008	5.53457e-008	1.38704e-006	3.06913e-006	2.56245e-005	3.73559e-006	9.86698e-007	2.24194e-007	1.27377e-008	
0	0	0	2.27355e-007	2.70586e-005	0.000271001	0.000137387	0.00320024	0.00497481	0.00914615	0.021866	9.23444e-005	0.0192668	3.90184e-005	0.0890801	0.0211173	4.66642e-005	0.0010568	0.000571973	0.000580962	0.00113064	0.0168031	0.0408939	0.510401	0.98704	0.8286	0.592703	0.0706725	0.00315156	1.90486e-007	2.47566e-010	1.35328e-010	9.73883e-010	3.20317e-009	1.00013e-007	8.57592e-010	2.13993e-008	3.04746e-009	
0	0	0	3.91943e-010	3.33613e-007	1.60606e-009	5.94398e-007	2.17204e-005	0.00313324	3.16141e-006	2.49326e-005	4.943e-006	0.0930701	0.0121698	0.126809	0.924861	0.57609	0.0750427	0.00465733	0.00015215	4.06872e-006	9.61875e-008	4.80464e-005	0.152516	0.00393725	0.16769	0.401673	0.926327	0.966978	0.995549	0.977035	0.440263	0.0182661	0.003821	6.7472e-006	3.07153e-007	1.32443e-008	7.6248e-012	
0	0	0	0	9.10267e-009	9.67193e-008	5.44961e-006	3.04423e-005	0.000149256	0.00050998	0.000862978	5.20756e-005	0.0002716	0.00445262	0.0781966	0.0343759	0.413448	0.920161	0.994109	0.999207	0.99886	0.983186	0.958181	0.33503	0.00895499	0.0036484	0.00555116	0.00299573	0.0298698	0.00445028	0.0229645	0.559735	0.981731	0.996153	0.999989	0.999999	1	1	


1	0.933316	0.695996	0.668365	0.558373	0.36799	0.405951	0.777704	0.924051	0.531568	0.196408	0.0501225	0.00259695	0.01218	0.0222119	0.00442954	0.00167114	0.000276864	5.07471e-006	1.58234e-005	2.03745e-005	4.53443e-005	0.000127515	6.64634e-005	1.77436e-005	1.40381e-005	8.1519e-006	1.20279e-006	9.76773e-007	7.41551e-007	3.68998e-007	1.66423e-007	1.01063e-007	3.06647e-008	1.54363e-008	6.95779e-009	9.62579e-010	1.3928e-009	
0	0.0664178	0.299842	0.32677	0.439007	0.630691	0.537548	0.155732	0.0150641	0.461436	0.266196	0.211071	0.00521523	0.000358416	0.00654577	0.010112	0.000987649	0.000236953	1.3721e-007	3.08396e-006	3.41028e-005	0.000403436	0.000613705	0.00253885	0.000424713	1.21332e-005	2.32045e-006	2.70857e-008	9.90765e-009	2.548e-009	2.00248e-009	3.13895e-009	1.21697e-009	3.3988e-010	5.6051e-010	1.80543e-011	2.14963e-011	9.8962e-011	
0	0.00026615	0.0032648	0.000767316	0.0017829	0.000614246	0.0558228	0.0586672	0.0538535	0.00208237	0.53724	0.731307	0.979202	0.491502	0.282447	0.670144	0.0173707	0.00165759	7.65268e-008	5.22033e-007	1.66691e-006	2.64755e-005	0.000285356	0.00882925	3.49454e-005	2.30416e-007	5.48356e-008	4.91531e-010	6.59616e-009	1.45066e-008	1.86284e-008	9.33257e-009	3.35784e-009	1.58103e-009	2.65377e-010	9.53956e-012	3.85672e-011	1.46687e-012	
0	0	0.000895307	0.00327534	0.000391261	0.00067529	0.000187217	0.00780272	0.000529075	0.00407528	4.97345e-005	0.00412146	0.0115061	0.124561	0.216558	0.276712	0.537193	0.962196	0.000294637	3.16477e-005	1.47242e-005	5.48913e-006	2.68874e-006	7.73396e-005	4.58338e-006	1.71735e-007	3.11522e-009	1.48972e-010	4.48943e-012	2.74175e-009	2.03261e-009	7.07578e-009	2.57935e-009	2.48736e-009	1.29195e-010	4.03633e-011	9.09993e-014	3.81802e-015	
0	0	1.46948e-006	0.000822276	0.00040881	2.87174e-005	0.000466065	9.0978e-005	0.00645066	0.000835191	0.000105452	0.00337814	0.00134078	0.371319	0.432049	0.0279462	0.437613	0.00896446	0.205829	0.5415	0.0470135	0.00438889	0.00142561	0.0496593	0.00388623	0.00146658	4.0125e-005	3.78772e-006	9.06803e-006	3.61875e-006	1.95445e-006	1.3744e-007	4.96698e-009	2.3422e-010	3.60172e-010	5.95447e-010	6.98847e-011	7.13462e-010	
0	0	0	4.19402e-007	3.38737e-005	4.7211e-007	2.38765e-005	1.14504e-006	4.92594e-005	1.05875e-006	5.21556e-007	1.14613e-007	0.000138466	1.82083e-005	0.0140347	4.45438e-005	4.00192e-005	0.0246858	0.793326	0.18526	0.674392	0.553603	0.0532668	0.0603567	0.187058	0.00406548	4.57792e-005	4.05859e-006	1.40769e-006	2.08189e-008	7.26098e-009	1.89299e-009	1.23671e-010	1.46556e-011	1.76588e-011	7.51605e-012	7.8504e-011	5.50156e-011	
0	0	0	1.28602e-009	2.97187e-006	4.67287e-007	1.40576e-007	2.51448e-007	5.14906e-007	5.91713e-007	1.32775e-008	3.18565e-010	7.11345e-007	3.00801e-005	0.0255892	0.0023077	1.8032e-005	7.37684e-005	0.000432346	0.128149	0.0404135	0.0139973	0.0528989	0.276563	0.595144	0.611342	0.700841	0.836324	0.0926973	0.00550663	2.82092e-005	7.00093e-007	7.05153e-008	5.71936e-009	5.45003e-010	3.26548e-010	5.80622e-011	1.53082e-011	
0	0	0	0	2.89781e-008	4.18342e-007	1.57283e-006	1.17788e-006	1.85172e-006	1.10352e-006	2.37063e-007	4.42219e-008	2.46795e-008	3.11435e-005	0.000564286	0.00830448	0.00510603	0.00190888	0.000112622	0.145039	0.23811	0.42753	0.891379	0.601909	0.21343	0.3831	0.299062	0.163667	0.907291	0.994489	0.999969	0.999999	1	1	1	1	1	1	


1	0.447444	0.322069	0.769801	0.747184	0.836288	0.934493	0.952222	0.90598	0.9605	0.9915	0.992195	0.891656	0.94262	0.807483	0.474679	0.00452042	6.30964e-005	2.54177e-006	4.3743e-007	3.97918e-008	7.19658e-009	2.3195e-009	1.12236e-010	2.46124e-012	1.91457e-013	1.72487e-015	1.27026e-016	2.62211e-018	6.15797e-021	1.57338e-023	2.35909e-024	6.44983e-025	3.44044e-025	1.1446e-025	7.31292e-026	2.62091e-027	1.08247e-027	
0	0.552493	0.0903054	0.157337	0.194514	0.151496	0.0614439	0.0256751	0.0793097	0.0331217	0.00604971	0.00643418	0.106462	0.0178417	0.181909	0.0550274	0.000803658	3.77479e-005	3.70883e-005	2.5666e-006	7.94696e-007	2.99743e-007	7.8763e-008	1.0555e-007	7.19145e-009	1.22485e-009	2.74249e-012	2.95531e-013	1.31569e-014	5.58261e-018	3.05265e-021	7.16025e-023	1.18518e-024	5.70917e-026	2.09264e-026	2.48849e-026	2.29882e-027	7.41304e-028	
0	6.30819e-005	0.587625	0.0290134	0.0505122	0.00575863	0.00330916	0.0161213	0.000143617	0.00561365	0.000764556	0.000398459	0.000720399	0.0268225	0.00254804	0.2836	0.00353764	7.65487e-005	6.11141e-009	2.08333e-006	2.28781e-007	1.14477e-009	2.21397e-008	2.56947e-008	4.58746e-010	5.17343e-008	4.08179e-007	2.07054e-006	3.80317e-008	1.44141e-008	1.238e-009	2.99549e-010	2.20006e-011	3.39744e-012	5.26506e-016	3.43138e-018	2.6776e-023	4.44354e-027	
0	0	2.54236e-007	0.0400374	0.0010944	0.00256387	0.000155521	0.00416918	0.0103445	0.000383316	0.000211346	2.70543e-005	2.04707e-005	8.02318e-005	0.00664891	0.170402	0.94886	0.937668	0.54014	0.0783221	0.02624	0.00615494	0.000235451	9.33677e-006	1.71067e-007	1.42714e-009	1.45218e-011	1.80547e-009	2.13668e-008	1.39066e-010	2.15653e-011	4.20064e-011	6.04318e-011	3.84629e-011	5.82906e-011	4.43594e-011	1.24703e-012	1.09107e-013	
0	0	6.47589e-007	0.00381123	0.00666353	0.000410505	0.000388623	0.00129137	0.0031645	0.00025886	0.00111479	0.000769014	0.000977296	0.012231	0.000509234	0.0119017	0.0414543	0.0409508	0.0218978	0.404849	0.328271	0.0259938	0.140186	0.0847849	0.000290085	0.000846917	0.000161913	9.20228e-005	5.45859e-005	1.35123e-005	1.11146e-005	6.03219e-006	2.52758e-006	1.83837e-006	3.85803e-008	7.1889e-009	3.41769e-011	1.44103e-012	
0	0	0	3.86221e-008	2.41449e-005	0.00348168	9.36014e-005	6.74451e-006	7.20348e-006	4.08126e-005	1.65304e-006	2.42048e-007	4.89815e-007	1.08683e-007	0.000867154	0.00247065	0.000153328	0.0210734	0.437708	0.299925	0.354156	0.914987	0.220914	0.550023	0.992094	0.0669449	4.72237e-005	9.89454e-007	2.60636e-007	1.82124e-010	6.48108e-011	1.85588e-009	5.49382e-010	4.21548e-010	5.15331e-008	1.71538e-009	3.60684e-011	6.64233e-012	
0	0	0	9.32707e-011	7.83831e-006	1.48197e-006	0.00010348	0.000421473	0.000212446	7.01608e-006	2.5833e-005	8.18758e-006	1.37425e-005	0.000130009	1.82211e-005	0.00190685	0.000666502	0.000125741	0.000102518	0.212955	0.276069	0.0134294	0.491263	0.320727	0.00287927	0.925993	0.997747	0.991519	0.934289	0.998888	0.997607	0.923889	0.898802	0.81874	0.0203247	0.00258352	7.77155e-006	1.6386e-007	
0	0	0	0	2.2784e-010	5.72751e-007	1.27414e-005	9.31047e-005	0.000837927	7.45096e-005	0.000332205	0.000168066	0.000149471	0.000274911	1.68382e-005	1.23218e-005	4.57139e-006	5.12808e-006	0.000112022	0.00394381	0.0152636	0.0394349	0.147401	0.0444553	0.00473629	0.00621486	0.00204348	0.00838545	0.0656559	0.00109856	0.00238194	0.0761047	0.101195	0.181258	0.979675	0.997416	0.999992	1	


1	0.926673	0.575594	0.91536	0.970132	0.999595	0.820066	0.978502	0.833906	0.966869	0.974447	0.980576	0.0737199	0.0196601	0.00201465	4.02569e-005	2.41377e-008	8.10187e-010	6.94657e-013	3.6908e-014	6.43317e-016	1.951e-017	2.60656e-018	3.07561e-021	9.02731e-023	3.77469e-026	6.3529e-029	2.84358e-032	5.17307e-036	1.8348e-039	4.79382e-043	2.57409e-043	1.18283e-043	3.99177e-044	7.49076e-045	1.66298e-045	2.54039e-046	1.19461e-046	
0	0.0733215	0.424379	0.0835728	0.0297365	0.000403442	0.179923	0.0211882	0.166056	0.0331267	0.0255516	0.019415	0.925084	0.962073	0.997597	0.479921	0.000382573	6.37825e-006	8.65258e-011	3.42706e-013	7.72507e-017	1.27139e-019	1.28071e-020	1.96615e-021	1.59002e-024	2.16833e-028	5.91197e-031	2.66526e-033	5.97518e-038	2.33466e-039	7.3569e-043	1.60927e-042	2.92668e-042	2.08709e-041	6.65217e-043	9.13546e-043	5.65368e-044	1.96531e-046	
0	5.17009e-006	2.71709e-005	0.00106347	0.000130718	1.53947e-007	1.01759e-005	0.000309142	3.78105e-005	3.98266e-006	1.7644e-006	9.08901e-006	0.00119593	0.0182671	0.00038795	0.52003	0.9906	0.287116	4.61065e-006	1.73027e-010	2.256e-014	2.10142e-019	3.36789e-024	1.00229e-023	1.47714e-026	7.15735e-032	2.28369e-035	6.52665e-037	4.74165e-040	3.11091e-042	3.4868e-045	9.03059e-046	6.98665e-045	5.09601e-045	2.4831e-045	1.30105e-044	3.87813e-047	7.44949e-049	
0	0	1.77685e-009	4.15519e-006	3.15514e-007	4.01437e-007	1.89452e-009	5.03537e-007	8.99909e-008	3.68251e-007	4.1329e-008	1.12337e-008	3.01101e-010	1.38687e-007	3.29397e-007	8.79602e-006	0.00901715	0.712042	0.993401	0.537586	0.0457349	0.000205991	3.60272e-007	1.06233e-010	1.03726e-012	1.47606e-018	2.26074e-025	4.6026e-032	9.12305e-038	2.22014e-044	2.37587e-048	4.0085e-049	1.67123e-049	2.72459e-049	8.73557e-048	1.13453e-048	1.71762e-048	6.67766e-049	
0	0	5.09761e-015	9.88602e-011	3.98773e-007	1.3731e-006	8.39852e-007	4.22851e-008	4.1747e-010	2.57345e-009	4.93076e-009	3.99626e-011	2.85217e-013	2.81395e-014	4.21929e-011	7.27076e-010	3.24156e-011	0.000835483	0.00659376	0.462366	0.954201	0.999668	0.995283	0.998522	0.891477	0.00489029	0.000102867	2.36605e-007	2.12262e-012	4.46249e-018	1.54671e-023	4.22253e-026	3.07e-029	1.76505e-032	3.28069e-035	1.18137e-038	1.83193e-041	2.61686e-043	
0	0	0	1.70317e-015	1.69494e-012	9.51026e-011	3.65354e-009	7.45615e-010	1.52844e-011	3.85206e-014	1.4356e-012	5.73919e-013	4.20227e-015	4.75265e-016	1.51328e-014	1.54604e-013	5.67096e-013	3.41016e-008	7.03946e-007	4.26125e-005	4.42282e-005	0.0001103	0.00408588	0.00145387	0.108395	0.994989	0.999428	0.999773	0.916235	0.9043	0.82699	0.00167895	2.25483e-007	4.26857e-011	7.72925e-016	3.73485e-019	2.51703e-023	4.21285e-026	
0	0	0	1.81068e-019	1.75372e-014	2.3348e-012	3.32515e-009	1.02443e-008	9.87698e-009	4.72875e-013	3.9467e-011	1.00309e-011	2.27218e-012	1.05198e-012	6.25178e-016	4.70367e-016	3.26309e-015	9.84015e-015	6.5595e-008	5.11235e-006	2.03092e-005	1.55824e-005	0.000630975	2.40786e-005	0.000127762	0.00012087	0.000468265	0.000226907	0.0837646	0.0956985	0.173008	0.927712	0.679378	0.519242	0.192259	0.0521966	0.100292	0.00375147	
0	0	0	0	2.51985e-018	4.76148e-015	2.06687e-012	1.5075e-009	5.82816e-009	8.50846e-009	1.29922e-008	9.72386e-009	7.35676e-010	1.86956e-010	2.18036e-011	1.86838e-013	5.5654e-017	5.45511e-017	2.28531e-013	1.23524e-009	4.37724e-008	1.8157e-007	1.53378e-007	1.47055e-007	5.83699e-007	1.9107e-008	5.55357e-007	2.21177e-007	1.25451e-007	1.62457e-006	2.05106e-006	0.0706089	0.320622	0.480758	0.807741	0.947803	0.899708	0.996249	


1	0.961426	0.947475	0.971193	0.982829	0.998372	0.46785	0.740117	0.100777	0.793397	0.257216	0.0834086	0.00101576	0.000111522	8.71662e-007	3.06729e-011	4.48631e-015	1.54129e-018	1.13348e-020	1.35857e-023	1.16561e-026	4.72906e-028	2.60427e-030	2.10564e-034	3.25242e-036	1.1591e-039	2.44548e-043	8.20395e-047	1.63813e-050	4.40398e-054	1.58168e-057	1.11307e-058	2.11181e-059	3.49178e-060	4.03701e-061	3.40616e-061	1.00111e-061	3.43837e-061	
0	0.0345908	0.0494367	0.0260348	0.0170313	0.00156154	0.532061	0.237022	0.894294	0.159669	0.742533	0.916285	0.998611	0.907889	0.011502	2.78843e-006	2.83376e-010	1.15038e-014	1.29956e-017	1.05212e-020	3.46824e-025	1.23751e-027	1.93481e-030	1.7957e-037	5.66308e-038	3.70911e-041	2.97753e-045	4.82183e-048	6.46099e-050	9.18462e-053	3.97279e-055	5.03501e-056	1.31847e-056	1.00234e-056	1.22474e-057	2.56198e-057	1.62412e-056	2.18843e-056	
0	0.00398361	0.00308794	0.002772	0.000139089	6.6292e-005	8.97818e-005	0.0228608	0.00492836	0.0469335	0.000248629	0.000306238	0.000373383	0.0919997	0.988494	0.995759	0.0274506	1.17805e-006	5.2086e-012	2.56412e-017	2.62487e-023	3.88688e-028	3.53837e-033	1.41719e-037	2.99586e-040	3.58361e-044	5.27085e-047	6.82436e-050	4.86404e-055	4.40053e-054	7.10138e-059	3.70969e-057	3.02103e-057	1.47317e-057	1.22197e-059	5.96144e-058	2.13229e-060	1.50339e-059	
0	0	3.37533e-008	1.33782e-009	3.29486e-007	6.30981e-010	3.7145e-010	2.29904e-008	4.24679e-008	6.12779e-008	9.65452e-007	4.5049e-010	6.07546e-010	2.96834e-010	2.64588e-006	0.0042367	0.972547	0.643655	0.00480654	6.53072e-008	6.57816e-012	1.46323e-016	9.59573e-024	1.36417e-031	1.86171e-038	3.29766e-046	9.71772e-053	5.41493e-056	8.20783e-057	4.65704e-062	2.18529e-060	4.35801e-065	7.85032e-062	7.61244e-063	4.47324e-062	5.06519e-065	1.11167e-062	3.73392e-064	
0	0	1.62149e-009	2.5324e-009	1.11422e-009	2.31009e-009	3.07784e-010	1.31156e-010	1.2042e-010	2.60908e-007	7.9115e-007	1.62299e-009	7.79021e-012	9.56649e-014	4.82422e-009	1.76426e-006	2.32414e-006	0.356344	0.994317	0.98937	0.993176	0.0216138	2.59495e-006	1.30859e-011	1.06799e-014	3.96071e-021	3.1141e-028	3.04533e-036	1.35432e-041	8.28236e-049	1.16533e-054	2.30273e-060	4.70837e-065	5.19844e-065	2.40323e-064	2.01071e-067	4.53028e-064	1.08034e-065	
0	0	0	1.7111e-012	1.24398e-012	4.11984e-011	9.36279e-012	2.03266e-013	1.90734e-015	9.64269e-013	5.71831e-010	1.28206e-011	3.75374e-015	2.3139e-017	1.88632e-019	5.56422e-013	1.48809e-013	6.18481e-010	0.00087647	0.0106303	0.00682358	0.978385	0.999946	0.999999	0.987945	0.000596231	3.8691e-007	1.82547e-010	2.85025e-016	2.18731e-022	9.08516e-029	2.55252e-034	2.21432e-040	1.81808e-046	7.37742e-052	4.03326e-056	7.72798e-061	3.26504e-063	
0	0	0	3.30513e-020	4.76184e-016	2.79364e-016	2.90337e-014	1.33136e-014	4.79859e-017	1.28738e-018	2.47981e-016	1.28707e-013	3.98734e-017	4.65589e-019	2.88066e-022	1.76148e-021	2.33214e-018	4.70801e-018	2.18757e-011	4.54812e-008	6.19916e-008	2.39025e-007	2.76398e-005	4.73149e-007	0.0115352	0.999243	0.997791	0.999242	0.989326	0.959464	0.935937	0.00195797	4.05682e-007	2.50642e-010	1.35513e-014	3.39553e-018	2.62996e-021	5.05519e-024	
0	0	0	0	2.77722e-015	3.3114e-015	6.90991e-014	6.30094e-013	1.03956e-013	1.56547e-013	1.05031e-013	1.36483e-012	4.48375e-015	3.64733e-016	1.17185e-018	5.54202e-023	1.27032e-018	6.96768e-019	3.81388e-014	1.95755e-008	1.04954e-007	1.36445e-006	2.3701e-005	1.38433e-007	0.000520168	0.000160696	0.00220877	0.000758451	0.0106735	0.0405356	0.064063	0.998042	1	1	1	1	1	1	


1	0.762542	0.62953	0.204808	0.0521484	0.00522532	0.0021297	0.00119276	0.000627704	0.000304199	0.000586777	4.93089e-005	6.98807e-005	7.94553e-006	4.14328e-006	8.09994e-009	6.94829e-011	7.62905e-011	4.05693e-012	4.45961e-012	7.29675e-012	1.33102e-011	2.11031e-011	6.11999e-014	3.11989e-014	1.19969e-015	3.16693e-017	5.39546e-019	7.93583e-021	5.88885e-023	6.40861e-025	7.02968e-025	7.87443e-025	1.27657e-024	2.90968e-024	3.51344e-024	1.01529e-023	2.01577e-023	
0	0.0249035	0.137164	0.435731	0.919429	0.993137	0.946415	0.995956	0.21141	0.902603	0.897595	0.990438	0.2073	0.0415975	0.00443422	2.21128e-006	2.61226e-008	7.39774e-009	3.17578e-011	4.63007e-012	3.36391e-012	1.12819e-011	6.0894e-011	5.03912e-013	1.66078e-013	1.09828e-013	2.91394e-014	5.05699e-015	4.57662e-017	1.77398e-019	2.04091e-021	5.10491e-022	1.23351e-022	5.94057e-023	1.17908e-023	1.48048e-024	2.84829e-025	2.27224e-024	
0	0.212554	0.224377	0.358212	0.0283088	0.00163383	0.0514546	0.00266501	0.787822	0.0961494	0.101527	0.00947443	0.792277	0.954697	0.422034	0.000224659	1.75499e-006	2.63094e-009	4.95706e-011	4.85335e-012	4.99421e-014	1.86159e-013	1.53637e-012	1.10627e-013	1.44854e-014	4.64114e-016	9.8495e-017	5.07434e-016	8.82584e-018	2.35924e-020	1.30958e-022	1.49637e-023	6.58807e-023	2.56484e-023	1.11413e-023	4.86433e-023	3.01039e-023	5.56168e-022	
0	0	1.04003e-005	4.05355e-006	6.92223e-006	8.77144e-008	1.13718e-007	2.20211e-006	0.000122354	1.00429e-005	0.000266613	3.82393e-005	1.7913e-005	0.000423754	0.000164112	1.12158e-007	7.54908e-011	2.27275e-012	1.32865e-013	6.79141e-014	1.03232e-015	6.53334e-018	8.64807e-016	1.6828e-017	2.02773e-017	1.94197e-018	8.88902e-020	1.19471e-020	1.12203e-018	9.03041e-022	1.61798e-024	1.37217e-026	4.27142e-027	3.27011e-026	5.35036e-026	9.55228e-027	2.00171e-024	1.12976e-024	
0	0	0.00891937	0.00122348	0.00010513	1.56185e-006	1.70727e-007	0.000183769	1.74533e-005	0.000932694	2.06504e-005	4.59743e-007	0.000335895	0.00327398	0.573363	0.999773	0.996842	0.404452	0.000212189	1.346e-006	1.17694e-008	5.7996e-011	4.89906e-014	1.72797e-014	3.3989e-016	7.62339e-019	2.61757e-020	2.82355e-020	3.83087e-021	5.08665e-021	1.18789e-024	4.26988e-025	5.95126e-025	2.01282e-024	1.98374e-025	1.45997e-024	5.74392e-026	2.1786e-026	
0	0	0	2.12947e-005	2.12902e-006	1.98531e-006	4.64858e-009	2.85841e-010	2.50972e-009	3.72094e-007	4.39109e-006	2.51456e-008	5.77435e-013	1.85123e-009	4.45055e-008	3.61514e-007	0.00315624	0.595433	0.997637	0.744221	0.548832	0.573138	0.163338	0.0020896	5.54448e-005	2.13662e-006	6.16315e-009	5.25537e-012	1.69905e-014	4.83409e-019	7.45493e-022	7.56845e-025	4.34331e-028	1.11866e-029	3.36548e-027	6.75833e-030	6.08662e-028	2.54049e-027	
0	0	0	1.83813e-038	5.26741e-012	1.15786e-012	1.54303e-012	3.1369e-014	1.35512e-015	1.0926e-015	1.30736e-012	2.73391e-013	2.31362e-014	4.65609e-019	1.30851e-014	1.56138e-012	1.15428e-010	1.65774e-005	0.000627097	0.00823371	0.00499568	1.80239e-005	1.78734e-005	2.40856e-006	8.37361e-006	4.79498e-006	4.46028e-007	2.4334e-008	1.41515e-009	2.87376e-011	1.05799e-012	1.20828e-016	2.41343e-021	6.00284e-026	3.22735e-030	7.31505e-033	2.08159e-035	3.69668e-033	
0	0	0	0	6.43414e-008	2.44849e-009	2.44607e-008	1.11257e-008	1.03781e-008	3.83366e-010	5.03583e-008	1.35357e-008	2.13334e-008	5.99286e-009	2.2849e-009	4.68397e-011	8.13523e-010	9.77635e-005	0.00152416	0.247544	0.446172	0.426844	0.836644	0.997908	0.999936	0.999993	1	1	1	1	1	1	1	1	1	1	1	1	


1	0.260459	0.0705106	0.086898	0.102623	0.00968507	0.00676125	0.0289203	0.0632326	0.00866701	0.00172238	0.0030734	0.00628421	0.103095	0.0139503	0.000873281	0.000685842	6.98387e-005	2.70442e-005	2.64052e-006	4.22305e-007	1.2879e-008	1.68904e-009	2.5592e-011	1.05802e-012	8.81521e-015	2.24959e-017	8.778e-020	1.35851e-022	6.26675e-025	1.52356e-027	3.3613e-027	5.02721e-028	1.22832e-028	1.22791e-030	2.02299e-031	1.60746e-033	3.52318e-035	
0	0.000833235	5.08259e-005	0.000112349	7.54257e-005	4.57616e-005	2.7828e-007	4.13912e-005	3.55101e-005	4.5778e-005	2.84145e-008	1.5558e-006	4.86146e-008	7.64847e-005	5.10917e-005	9.4987e-006	8.00301e-006	3.50221e-007	2.56435e-009	8.497e-011	4.50322e-011	2.45159e-011	1.13665e-011	2.57594e-015	9.58408e-016	1.66086e-013	1.39097e-013	1.26687e-013	4.59005e-015	4.44833e-014	2.21542e-014	5.78676e-015	2.59741e-017	4.85675e-019	1.39171e-023	3.14601e-026	2.85986e-031	8.31809e-037	
0	0.738708	0.914939	0.759579	0.82945	0.939782	0.965682	0.968834	0.934968	0.957648	0.996603	0.968983	0.988447	0.828523	0.798181	0.953759	0.875538	0.984206	0.949085	0.964738	0.989511	0.99344	0.967007	0.358283	0.0543342	0.000239457	1.09831e-006	1.92973e-009	1.86791e-012	2.38221e-015	2.71988e-017	6.0882e-015	1.43985e-015	1.80746e-016	1.13729e-017	9.87107e-019	3.97912e-020	8.9527e-022	
0	0	0.0144989	0.153395	0.0676352	0.0504633	0.0270027	0.00205925	0.00117053	0.0335511	0.00149001	0.027075	0.000856366	0.0109389	0.00632957	0.0288118	0.0946214	0.00873792	0.0356337	0.0267833	0.00939863	0.00648408	0.0328357	0.641625	0.909038	0.370037	0.071599	0.017239	6.65637e-005	8.80907e-008	9.05764e-011	3.24011e-013	1.36872e-016	6.04671e-020	1.62688e-021	1.8264e-021	8.54497e-024	3.33716e-023	
0	0	4.82901e-007	1.54985e-005	0.000217123	2.3493e-005	0.000553131	8.34718e-005	4.50599e-005	9.84904e-007	7.26948e-005	1.12569e-005	0.000411246	4.01669e-005	3.45573e-005	0.000298683	0.00021627	0.000685318	0.000245084	0.00158141	0.000339987	5.24532e-005	0.000154566	9.17475e-005	0.0366279	0.629672	0.92819	0.982317	0.938764	0.879524	0.792472	0.0849033	0.000250684	2.38677e-006	3.69676e-010	2.93732e-013	1.25133e-016	1.10962e-020	
0	0	0	4.19886e-009	6.01431e-008	2.61082e-007	3.79075e-007	6.12198e-005	0.000305336	1.44347e-006	3.06505e-007	1.98189e-005	2.4122e-005	0.00223337	0.000227845	1.23193e-005	0.000604919	4.36438e-005	0.000532152	8.20304e-005	7.36304e-006	2.78236e-007	1.14494e-006	1.81967e-007	1.42268e-007	5.06057e-005	0.000210112	0.000443561	0.0611685	0.120472	0.207512	0.625981	0.242102	0.0457246	0.00416281	0.00526889	0.000777092	3.12271e-005	
0	0	0	8.47882e-012	2.13092e-009	1.44115e-009	1.29339e-007	2.48902e-007	0.000242125	5.45246e-005	3.49693e-005	0.000531301	0.000616232	0.00732423	0.0173442	0.00160939	0.0019236	1.72327e-005	3.35998e-005	9.75801e-006	1.71735e-006	8.40169e-009	2.60526e-010	3.78934e-009	1.70654e-009	5.81624e-010	1.72679e-008	2.14207e-008	8.49705e-007	3.9543e-006	1.5722e-005	0.289002	0.727447	0.893039	0.977368	0.828887	0.968425	0.918509	
0	0	0	0	4.04575e-012	1.62059e-010	2.68295e-009	4.65669e-008	4.45641e-007	3.10561e-005	7.61739e-005	0.000304236	0.00336037	0.0477685	0.163881	0.014626	0.0264015	0.00623933	0.0144431	0.00680319	0.000741008	2.34866e-005	1.5656e-006	8.94007e-009	3.91507e-010	7.6954e-013	3.77979e-012	1.98726e-011	1.54999e-010	1.57005e-008	5.81141e-008	0.000114092	0.030201	0.0612339	0.0184694	0.165844	0.0307978	0.08146	


1	0.984887	0.999777	0.890474	0.979764	0.301705	0.688899	0.387399	0.787939	0.987005	0.719725	0.983337	0.998141	0.98093	0.999224	0.913256	0.154637	0.000255153	1.6553e-006	2.58956e-008	9.65361e-011	5.53767e-012	2.7472e-013	6.56867e-018	2.12842e-020	3.96395e-024	4.29017e-027	1.45145e-029	2.95791e-032	2.68271e-035	4.29208e-039	1.86038e-040	4.59409e-041	1.23135e-041	4.15792e-042	9.94706e-043	3.17325e-043	1.54353e-042	
0	0.0149088	0.000146764	0.108995	0.0176888	0.697073	0.245725	0.606439	0.186064	0.0117823	0.276255	0.0121144	0.00024871	0.0177422	3.4707e-005	5.45191e-005	0.0157493	4.90182e-006	1.58526e-005	1.37642e-007	5.97529e-011	1.30032e-011	7.13442e-013	2.68095e-019	3.63881e-021	6.3764e-024	1.48576e-028	2.01908e-031	5.51668e-032	3.53396e-037	2.99771e-040	1.0372e-043	7.68658e-044	1.29845e-045	2.62615e-043	1.42338e-044	1.07268e-044	3.35389e-041	
0	0.000204685	5.97952e-005	0.000530734	0.00190013	0.0012099	0.0525067	0.00213416	0.0238666	0.000620169	0.00398636	0.00145704	3.43947e-005	0.000361655	7.54148e-005	0.000591883	0.000235121	2.36252e-007	3.89365e-007	2.15813e-008	1.22029e-011	3.13356e-013	1.73927e-014	2.99332e-017	5.52291e-020	5.50928e-024	1.1614e-027	8.82169e-031	1.17586e-033	2.25589e-038	2.97712e-042	1.3084e-044	3.50376e-045	4.44457e-046	1.04659e-044	1.75813e-046	2.13642e-045	1.32424e-043	
0	0	1.52348e-005	2.04061e-007	0.000645537	1.24225e-005	0.0128537	0.00112443	0.00184722	0.000540122	2.25349e-005	0.00308612	4.57227e-005	1.3239e-006	2.37358e-005	1.11313e-006	2.76821e-007	9.69929e-008	1.39504e-010	4.1197e-010	3.8616e-012	4.98534e-015	2.18275e-016	1.71637e-019	2.87335e-020	1.05626e-022	3.04955e-024	1.17878e-025	3.76576e-027	4.08119e-029	1.61828e-031	6.17421e-033	6.56344e-035	1.29331e-036	1.50527e-038	5.26883e-041	1.10683e-042	2.68691e-044	
0	0	9.26629e-007	1.84583e-007	1.59399e-006	3.57289e-007	1.63032e-005	0.00290306	0.000283176	5.21182e-005	1.10264e-005	5.0219e-006	0.00153051	0.000965226	0.000641602	0.0857411	0.766241	0.00914719	3.09194e-007	1.5095e-010	3.01293e-013	7.27874e-015	5.43227e-018	1.20443e-019	3.71514e-023	2.90479e-026	3.37082e-028	1.21326e-028	1.45444e-030	2.56912e-030	2.83618e-033	7.26479e-034	4.97102e-034	7.71744e-035	1.15304e-036	8.30671e-038	3.31472e-040	1.41159e-042	
0	0	0	1.90556e-010	8.47282e-011	8.46695e-009	1.91632e-009	9.0561e-009	1.17452e-008	3.06669e-007	9.25854e-008	3.94659e-010	1.32873e-010	2.73454e-010	3.87262e-007	0.000355045	0.0631364	0.990589	0.995908	0.978022	0.995856	0.706231	0.000193157	1.45629e-007	1.89073e-010	6.41778e-017	1.73532e-023	4.47884e-030	7.26674e-034	6.93671e-038	4.55075e-037	8.56254e-040	2.13132e-039	1.26309e-040	1.89336e-038	2.52124e-042	2.28869e-042	6.71208e-043	
0	0	0	2.42896e-013	3.8216e-013	9.98505e-012	2.96102e-010	5.86744e-011	6.06591e-009	4.87625e-011	4.40337e-009	1.18798e-010	2.97258e-013	1.53368e-010	2.23223e-011	1.57625e-008	1.50648e-007	3.33231e-006	0.00407361	0.0219758	0.00414141	0.293767	0.999474	0.999945	0.999363	0.997344	0.994652	0.979073	0.579555	0.00112144	1.46668e-006	1.59464e-011	1.72571e-016	1.46412e-021	2.63376e-025	6.73777e-030	9.46975e-033	2.29174e-033	
0	0	0	0	3.66484e-015	2.57773e-016	8.19155e-013	5.78622e-011	1.23209e-010	1.11826e-011	3.16632e-012	1.51749e-010	5.29828e-011	2.03037e-010	5.65699e-012	1.51167e-012	2.90472e-009	4.33501e-011	9.61402e-009	2.12464e-006	2.22792e-006	1.93803e-006	0.000333195	5.51962e-005	0.000637236	0.00265616	0.00534795	0.0209268	0.420445	0.998879	0.999999	1	1	1	1	1	1	1	


1	0.994999	0.919917	0.955174	0.992112	0.983681	0.999079	0.998921	0.999909	0.992577	0.999944	0.98889	0.98186	0.998311	0.983327	0.325551	0.00543071	1.92228e-005	2.78117e-007	7.59249e-009	3.34388e-011	2.60747e-012	2.15081e-013	1.00059e-015	1.61675e-018	6.49246e-022	6.80521e-025	2.0598e-027	3.40214e-030	2.93826e-035	6.90201e-040	5.12294e-041	3.54871e-042	5.0145e-043	1.28451e-044	2.44393e-046	5.3984e-047	3.17331e-047	
0	0.00482014	0.0800611	0.0393885	0.0064507	0.000494071	0.000201586	0.000958001	8.54177e-005	0.00670819	2.60866e-005	0.0111045	0.0181379	0.00168809	0.0166702	0.674322	0.991326	0.880406	0.00994219	2.07321e-005	2.65512e-007	5.38396e-010	1.72465e-013	4.86597e-015	2.67298e-018	2.59556e-023	8.46116e-027	5.32537e-029	2.62452e-032	1.93115e-036	1.9742e-041	9.23495e-043	1.78846e-044	7.92326e-045	3.03952e-047	1.74842e-048	4.7833e-050	2.08143e-051	
0	0.000181239	2.20728e-005	0.00543343	0.00138476	0.0143871	0.000139761	9.23958e-005	9.71188e-008	0.000712686	2.0587e-005	4.47317e-006	1.63265e-006	1.0938e-006	2.4179e-006	0.000126681	0.0032425	0.119575	0.974216	0.988037	0.999051	0.789685	0.0675283	0.0686253	0.00198169	6.2561e-007	6.98714e-011	1.11328e-014	1.60158e-018	1.81315e-025	6.80628e-032	2.76058e-036	1.67428e-041	6.44967e-047	1.2901e-049	1.85608e-051	2.53732e-053	2.40709e-051	
0	0	1.62049e-008	4.27272e-006	5.27599e-005	0.00143784	0.000578206	2.25189e-005	2.98715e-007	4.96256e-009	8.32545e-006	5.55495e-008	3.66956e-010	2.84946e-008	3.93135e-010	2.93921e-008	3.12722e-007	2.94515e-007	0.0158418	0.0119412	0.000948411	0.210315	0.932457	0.93135	0.997032	0.965614	0.477107	0.400632	0.0236711	7.65192e-008	1.3711e-012	1.48939e-017	2.76647e-023	3.23871e-029	8.79462e-034	8.20743e-039	2.32458e-042	2.0848e-042	
0	0	4.64761e-014	1.82777e-013	1.41074e-009	3.39733e-009	1.6456e-006	4.36816e-008	4.23227e-009	4.55769e-011	1.8052e-012	3.2589e-009	8.52058e-012	5.67166e-015	1.38953e-012	3.15223e-014	4.49767e-015	6.88428e-013	3.95598e-012	6.83739e-007	1.89712e-007	8.62492e-008	8.16176e-006	2.47569e-005	0.000984668	0.0324967	0.521421	0.58171	0.162846	2.48286e-005	3.75847e-008	8.54911e-011	3.04986e-015	1.12822e-018	1.31782e-023	6.01194e-030	2.38053e-033	2.4821e-037	
0	0	0	2.24794e-012	6.60334e-010	6.09568e-010	1.49514e-007	5.49431e-006	8.48062e-008	2.97515e-011	1.53379e-012	1.26254e-008	5.33821e-009	3.64165e-009	1.25496e-011	1.39604e-013	9.24907e-012	1.36732e-011	1.78852e-012	1.98721e-007	3.5115e-008	2.33083e-009	6.74459e-006	2.07002e-007	1.38684e-006	0.00188824	0.0014716	0.017657	0.813364	0.999825	0.999818	0.388078	0.00381857	0.000170985	3.00257e-008	1.00438e-010	1.92773e-013	2.36748e-017	
0	0	0	1.828e-021	6.84875e-014	2.25533e-012	8.30512e-012	3.03941e-007	4.79233e-006	4.04843e-008	4.76119e-009	8.97029e-010	1.44154e-009	4.79669e-008	2.64888e-009	1.82311e-011	3.25386e-012	5.11018e-015	2.15395e-013	5.38581e-016	1.55772e-011	5.85416e-012	5.16125e-013	1.79385e-010	1.46939e-011	1.68178e-011	5.87966e-008	2.76971e-007	0.000115532	0.000149561	0.00018024	0.606913	0.987664	0.977197	0.981129	0.995333	0.969956	0.728792	
0	0	0	0	6.05881e-014	5.36168e-011	5.243e-011	1.39381e-008	7.38274e-008	1.90548e-006	1.21424e-006	1.26282e-006	8.99218e-008	3.30108e-008	8.23726e-009	1.70275e-009	5.43119e-011	6.07824e-013	1.30844e-013	1.49345e-014	2.24649e-010	3.84823e-010	5.25718e-011	4.81856e-008	1.07497e-009	6.64776e-011	3.65488e-007	3.83755e-007	3.74736e-006	5.02726e-007	1.4782e-006	0.00500873	0.00851726	0.0226321	0.0188713	0.00466709	0.030044	0.271208	


1	0.388201	0.112784	0.157763	0.106832	0.113193	0.0135864	0.060319	0.0473322	0.0165156	0.0804336	0.0545827	0.0344339	0.0637522	0.00524855	0.000101333	1.65065e-005	6.41271e-008	3.10973e-008	2.86237e-008	7.9673e-009	3.09775e-009	4.16817e-009	7.32414e-013	2.74122e-015	2.70458e-018	4.17503e-021	3.78465e-024	1.35039e-026	2.40162e-029	1.04561e-031	2.69441e-031	5.68719e-031	1.70988e-031	1.13091e-031	1.50798e-031	1.33485e-031	7.23958e-032	
0	0.456392	0.533905	0.645457	0.843378	0.839509	0.928068	0.911224	0.926549	0.756901	0.456319	0.887886	0.762149	0.923712	0.673246	0.0075241	0.000554835	2.24977e-006	5.21331e-006	1.7606e-006	1.91861e-007	2.73022e-008	1.9358e-008	8.80265e-012	8.48541e-014	2.83284e-016	2.6589e-018	3.45298e-020	6.46812e-023	2.33901e-025	1.11902e-027	1.93966e-027	1.44683e-027	1.0893e-027	2.47695e-028	4.19729e-028	2.24256e-028	1.01969e-028	
0	0.155407	0.32931	0.150999	0.0289141	0.0462325	0.0582725	0.0234182	0.0259878	0.225571	0.462884	0.0563212	0.180534	0.00835858	0.320261	0.946354	0.00958135	4.49579e-005	3.13976e-007	1.17201e-006	1.74374e-007	1.67758e-007	3.29785e-008	2.21931e-009	1.18282e-011	1.96425e-015	2.58988e-018	1.68358e-021	7.35847e-025	2.29732e-027	1.36517e-029	4.60797e-028	1.88213e-028	1.94125e-028	5.2327e-029	7.04558e-030	3.9229e-029	8.68752e-031	
0	0	0.0240012	0.0456233	0.0205205	0.00101022	7.1384e-005	0.00503525	0.000126622	0.00101192	0.000352267	0.00120997	0.0227129	0.00410873	0.00124023	0.0458888	0.968959	0.892837	0.277908	0.0640975	0.155193	0.0348411	0.00322779	0.000298809	3.67795e-006	1.36142e-008	1.15194e-010	8.10995e-013	9.81694e-016	3.20669e-017	4.47503e-019	5.1267e-019	1.06097e-019	2.21572e-020	2.13427e-022	3.4372e-023	2.07897e-025	4.5042e-029	
0	0	4.28306e-008	0.000155053	0.000346364	4.66038e-005	1.5721e-006	2.05576e-006	3.7895e-006	4.62719e-008	1.08633e-005	9.50426e-009	0.000170568	5.74035e-005	3.12275e-006	0.000131199	0.0207443	0.106639	0.379902	0.224596	0.0948623	0.490199	0.176686	0.369623	0.0209316	9.2475e-006	1.13684e-009	5.37983e-013	3.69168e-016	5.03783e-019	1.15583e-020	1.12401e-021	9.28419e-022	2.78936e-023	4.39114e-023	5.97854e-024	9.95455e-026	3.65431e-028	
0	0	0	2.68691e-006	8.58266e-006	7.37791e-006	3.26981e-007	2.45363e-007	4.78484e-007	2.1933e-008	7.23684e-008	3.15807e-008	1.9842e-007	6.73124e-006	5.44173e-007	2.1439e-007	0.000129426	0.000467424	0.28818	0.604678	0.640192	0.443723	0.743558	0.616781	0.97694	0.986171	0.992855	0.993042	0.992738	0.976816	0.987101	0.631331	0.0605699	0.00256437	0.000114189	3.54275e-005	2.51457e-006	1.20425e-007	
0	0	0	1.41476e-010	3.28655e-007	1.17349e-006	1.15291e-008	1.4711e-008	5.29838e-009	5.26874e-009	2.84735e-011	2.63998e-010	6.24699e-012	4.65522e-006	4.41593e-007	7.91804e-009	1.41891e-005	8.92245e-006	0.0535771	0.0405532	0.000704304	0.000322568	0.0186634	0.00494205	0.00096561	0.0125711	0.00308339	0.00571494	0.00110812	0.0206556	0.00586674	0.012776	0.0045961	0.000241046	6.78435e-006	3.5382e-005	6.28952e-007	1.62096e-008	
0	0	0	0	7.91963e-008	1.97983e-007	2.14502e-007	8.14166e-007	4.98566e-007	1.03845e-007	1.27574e-007	2.19586e-007	2.69763e-008	3.74291e-008	5.05082e-008	9.71774e-010	4.94842e-009	1.71698e-007	0.000427669	0.0660722	0.109048	0.0309143	0.0578656	0.00835468	0.00115942	0.00124904	0.0040615	0.00124333	0.00615381	0.0025287	0.00703261	0.355893	0.934834	0.997195	0.999879	0.999929	0.999997	1	


1	0.591391	0.329925	0.231265	0.35384	0.185536	0.773991	0.373496	0.147194	0.213685	0.809993	0.958464	0.455926	0.0358286	0.0134941	0.000289535	3.84431e-005	8.69144e-007	3.54573e-008	8.50395e-009	6.97097e-011	8.65123e-013	6.79993e-014	1.37106e-018	2.56424e-021	2.27495e-027	1.62723e-032	3.1049e-038	3.51859e-043	1.91651e-048	1.8285e-054	1.09886e-055	4.21203e-057	1.79054e-058	5.338e-060	4.15613e-062	3.78635e-063	1.3445e-063	
0	0.188288	0.00966907	0.0429282	0.101728	0.00779556	0.0413943	0.622342	0.841471	0.0300677	0.0636512	0.00751003	0.40962	0.960395	0.0592207	2.80899e-005	0.000176656	3.04996e-006	2.85086e-006	1.00704e-007	2.36308e-010	1.05317e-013	2.21107e-015	7.94869e-021	1.81897e-022	6.69624e-028	7.79076e-034	4.55057e-039	1.79407e-042	2.05272e-046	2.12637e-051	8.98379e-052	4.80977e-052	8.70104e-053	8.54809e-054	6.73787e-054	1.37956e-054	3.42449e-054	
0	0.220321	0.659383	0.664923	0.366743	0.0230252	0.0633204	0.00254305	0.011331	0.755724	0.124211	0.034016	0.13444	0.00377551	0.927282	0.997141	0.967083	0.0404631	0.000115977	4.84923e-006	1.47724e-008	1.14974e-010	1.59951e-012	2.578e-014	1.6431e-017	2.79725e-024	4.04502e-030	6.45794e-036	3.46137e-042	4.82977e-048	8.97048e-054	1.58922e-053	2.53763e-054	2.72512e-054	5.86138e-056	1.12184e-056	1.57687e-056	2.34475e-056	
0	0	0.00102298	0.0608842	0.177588	0.783608	0.11876	0.00160151	1.06399e-007	0.00052261	0.00214335	9.24292e-006	1.44906e-005	5.67221e-007	3.60397e-006	0.00254108	0.0327005	0.959527	0.997547	0.999228	0.999982	0.999909	0.996755	0.999878	0.968103	3.02583e-005	2.25449e-009	2.71878e-014	6.15746e-020	1.86753e-026	5.60495e-034	2.56415e-038	2.57724e-043	1.23204e-048	5.18629e-053	1.11237e-057	1.14692e-061	3.85568e-059	
0	0	4.75791e-022	2.98663e-007	0.000100784	3.52336e-005	0.00253058	1.4299e-005	9.37741e-008	1.36854e-011	2.89118e-008	4.58018e-008	1.24482e-010	2.36544e-010	1.22177e-012	3.8759e-011	7.67825e-007	5.78056e-006	0.00210745	0.000737065	1.78313e-005	9.07198e-005	0.00323166	0.00012243	0.0318966	0.999952	0.999893	0.99978	0.384211	0.0038351	1.55599e-005	4.82782e-010	3.64045e-016	9.64807e-022	1.45289e-028	4.85835e-035	5.47153e-040	8.75215e-044	
0	0	0	6.73571e-010	2.33974e-007	5.86613e-009	3.91673e-006	2.82373e-006	3.1144e-007	2.69487e-011	3.38699e-009	1.5212e-008	2.17155e-009	1.40526e-009	1.79682e-013	8.81545e-014	6.0831e-007	1.33665e-007	0.00022629	2.79642e-005	8.20148e-008	2.05366e-008	1.34382e-005	5.29262e-009	4.99933e-008	1.77257e-005	0.000107433	0.000220362	0.615789	0.996142	0.999983	0.0917059	0.000295645	1.97233e-006	8.30542e-010	2.7692e-012	4.14583e-014	8.13239e-017	
0	0	0	4.58096e-029	8.21231e-011	5.42559e-010	3.76499e-010	8.91495e-007	3.17735e-006	2.65481e-007	1.45098e-007	1.81446e-008	9.80644e-009	1.5494e-008	1.5421e-009	2.02098e-011	9.77067e-011	3.31161e-009	6.50683e-009	1.10675e-006	1.38776e-008	8.66992e-012	1.66439e-011	6.62955e-010	2.53587e-012	9.18161e-015	7.95928e-012	1.43245e-011	3.62781e-009	2.24141e-005	1.66058e-006	0.90798	0.997255	0.997218	0.995104	0.99834	0.968912	0.591759	
0	0	0	0	2.37618e-011	1.0317e-009	7.24153e-009	1.35104e-008	7.79643e-008	4.55006e-007	1.31434e-006	4.50404e-007	1.33666e-007	1.05916e-008	4.83366e-010	4.12706e-012	3.75925e-012	6.89518e-010	7.22456e-009	1.12007e-006	7.781e-008	7.45259e-009	4.31018e-009	2.58859e-009	1.25684e-010	2.00332e-014	1.01755e-011	3.09605e-011	3.58138e-010	6.09526e-008	4.38376e-008	0.000313913	0.00244952	0.00277998	0.0048961	0.00165984	0.0310876	0.408241	


1	0.88246	0.507589	0.652171	0.852121	0.913966	0.824553	0.90232	0.37941	0.224992	0.151741	0.0539447	0.0274579	0.0137023	0.00545757	0.00021377	2.01847e-005	3.44471e-007	5.40782e-009	1.26477e-010	1.91937e-012	1.51786e-014	3.96266e-015	1.99641e-021	1.77758e-023	6.52521e-028	4.98774e-032	2.8825e-036	1.8323e-040	2.74727e-043	3.36555e-046	4.00346e-046	1.22734e-046	4.29939e-047	6.35246e-048	2.69984e-048	2.94354e-049	2.75256e-049	
0	0.1056	0.447464	0.334125	0.144817	0.0857497	0.175006	0.0964644	0.618688	0.772449	0.84733	0.937355	0.451712	0.970631	0.842745	0.332127	0.151175	0.00115861	1.68329e-006	1.58393e-008	7.03547e-012	1.27509e-014	3.50905e-015	4.54556e-020	1.86109e-023	4.94541e-028	3.63524e-032	3.23246e-036	2.49284e-040	2.58893e-042	2.86051e-044	8.19563e-044	1.13533e-043	2.52588e-043	4.40232e-044	2.83631e-044	5.52204e-045	1.11578e-045	
0	0.01194	0.0445901	0.0107256	0.00154087	0.000116862	0.000335528	0.00109811	0.00189747	0.00205494	0.000852935	0.00735323	0.508581	0.0150289	0.149567	0.667211	0.332775	0.0417516	1.41774e-005	2.85658e-008	2.20093e-010	2.40649e-013	9.88328e-016	4.68911e-019	4.13302e-022	9.14915e-029	4.8317e-034	6.65381e-038	6.20044e-042	8.39421e-044	2.09713e-046	8.05623e-046	1.59287e-045	4.35653e-045	7.04926e-046	6.23975e-046	1.3899e-046	1.70963e-048	
0	0	0.000356964	0.00297457	0.00151222	0.000108087	0.00010116	0.000116727	3.88327e-006	0.000502636	7.24487e-005	0.00134712	0.0122485	0.000637779	0.0022287	0.000425807	0.515803	0.860139	0.341701	0.0199352	0.00148975	1.46249e-007	9.27218e-011	6.62317e-015	1.71525e-017	3.94055e-023	3.01608e-029	3.83998e-035	1.37818e-038	4.32497e-041	2.23815e-043	1.84026e-045	5.09955e-047	5.40559e-047	5.54646e-047	1.40694e-046	4.14969e-048	3.23515e-048	
0	0	1.16322e-007	4.14928e-006	5.69771e-006	4.76053e-005	1.23656e-007	2.47978e-007	6.88888e-010	7.30276e-007	4.46493e-008	2.09103e-009	6.22559e-008	3.86528e-007	1.07583e-006	9.86772e-007	0.000227389	0.0963466	0.648866	0.766981	0.651074	0.000113695	1.29262e-007	3.22538e-013	1.70224e-015	1.32649e-021	1.28698e-027	1.84369e-034	2.5861e-040	2.22515e-042	1.36295e-045	1.52186e-046	2.57136e-049	7.37641e-051	6.11094e-051	9.58099e-050	2.11403e-052	1.59762e-051	
0	0	0	1.74094e-007	3.77643e-006	1.17511e-005	3.6624e-006	3.59796e-008	7.10291e-009	9.10622e-010	2.88035e-006	2.10651e-009	2.06926e-007	2.5673e-008	4.99234e-008	2.12469e-005	1.19029e-007	0.000603926	0.00941606	0.213081	0.347414	0.999869	0.993449	0.999968	0.603737	7.74976e-006	2.16928e-010	3.53324e-015	2.0461e-020	1.71215e-026	6.44572e-032	1.46367e-036	1.47684e-041	3.80931e-047	8.69429e-051	1.90107e-052	5.41555e-051	1.63951e-050	
0	0	0	3.22651e-024	1.07385e-011	5.02126e-010	5.00184e-009	1.32401e-009	1.98921e-011	8.82585e-014	4.89218e-014	4.04905e-010	2.16294e-013	2.02642e-011	3.47109e-013	2.17181e-012	3.78266e-009	8.17776e-012	9.31143e-007	3.16542e-006	2.12155e-005	1.643e-005	0.00646582	3.16951e-005	0.396242	0.999912	0.99965	0.999769	0.992726	0.925128	0.847663	0.000585571	1.53958e-008	2.34154e-012	2.77447e-017	1.11943e-021	1.17049e-025	4.45987e-028	
0	0	0	0	2.28012e-011	2.4701e-010	3.01685e-009	6.20233e-009	9.30156e-009	2.18398e-010	7.29665e-011	5.03723e-010	1.0971e-010	1.92335e-010	1.71282e-011	7.77819e-013	8.17449e-009	3.83719e-010	1.35678e-007	2.57253e-007	1.3749e-006	4.73409e-007	8.5521e-005	3.93235e-007	2.02552e-005	8.07345e-005	0.000349621	0.000231403	0.00727424	0.0748723	0.152337	0.999414	1	1	1	1	1	1	


1	0.923217	0.859559	0.989599	0.982674	0.985633	0.985333	0.994807	0.993663	0.958786	0.938398	0.994838	0.754156	0.999073	0.874509	0.61196	0.717087	0.0267192	0.0358835	0.0528192	0.00209635	0.000212205	0.000107004	3.4734e-009	1.8011e-010	2.35033e-014	4.95723e-018	1.50932e-021	1.32961e-024	2.18631e-027	6.06401e-032	7.81033e-033	1.83419e-034	9.38928e-036	1.87803e-037	7.53214e-039	2.62459e-040	1.24515e-040	
0	0.0767782	0.13971	0.00628588	0.0165368	0.0131526	0.0146207	0.00473045	0.00633307	0.0411724	0.0614236	0.00505704	0.245798	0.00078284	0.125489	0.367457	0.0111861	0.0631183	0.00520504	0.0229389	0.010789	0.00900474	0.00149006	3.35053e-005	5.26785e-007	7.70036e-013	3.76979e-017	5.41042e-022	7.46689e-027	3.37998e-029	9.02797e-034	1.78215e-034	8.50126e-036	6.01179e-037	7.32852e-039	2.61555e-041	7.47164e-042	2.64876e-043	
0	5.08791e-006	0.000731382	0.00411152	0.000761613	0.00119811	3.00608e-005	0.000461753	3.16927e-007	4.18963e-005	0.0001783	0.000102542	4.62943e-005	0.000143001	2.04715e-006	0.020583	0.269525	0.910092	0.260703	0.56423	0.983455	0.989693	0.884434	0.976541	0.320476	2.97609e-005	4.57949e-009	2.75712e-013	1.44702e-017	4.05234e-021	7.93182e-027	9.25404e-031	1.48749e-035	1.56738e-040	4.241e-042	8.45017e-044	8.20965e-047	1.9753e-045	
0	0	6.27221e-009	4.03581e-006	2.72208e-005	1.58122e-005	1.5707e-005	9.49279e-007	3.55184e-006	2.04653e-008	8.73502e-008	2.32549e-006	1.18582e-008	9.3443e-007	1.18837e-007	1.4054e-008	0.00220212	6.85025e-005	0.698208	0.351256	0.00182626	0.00106353	0.113966	0.0231596	0.678224	0.997474	0.967352	0.988044	0.976539	0.284717	0.00077389	5.60209e-007	1.43377e-011	6.26903e-016	2.04344e-020	3.94449e-024	3.62645e-028	4.29438e-029	
0	0	4.69581e-018	6.52613e-013	5.61415e-009	2.98056e-009	6.5104e-009	7.75238e-009	3.01177e-010	6.77885e-010	9.79698e-012	4.26783e-011	2.01922e-009	3.09072e-012	1.86429e-010	1.35122e-008	6.65444e-010	2.4678e-006	6.82004e-008	0.0087553	0.00183284	2.54937e-005	3.07887e-006	0.000265652	0.00129886	0.00248649	0.032646	0.0118843	0.0152365	0.0366538	0.000185751	8.98767e-007	2.21742e-011	1.31497e-015	7.24801e-021	3.63789e-026	1.0832e-029	3.93584e-033	
0	0	0	7.64938e-019	4.36735e-017	2.30945e-013	7.20872e-013	6.6896e-012	3.39602e-011	7.87995e-015	1.75867e-012	8.53719e-016	2.12035e-013	1.73284e-011	1.43642e-014	3.93288e-013	2.0332e-009	2.52379e-011	3.89402e-007	1.89306e-007	1.59693e-007	7.99686e-007	7.02049e-007	2.88623e-011	2.54487e-007	9.47003e-006	1.54629e-006	7.21167e-005	0.00822314	0.677543	0.997988	0.00673849	1.70996e-006	1.61869e-009	2.30037e-013	7.40473e-016	4.0641e-019	1.09717e-021	
0	0	0	8.63426e-027	2.60108e-020	2.7574e-018	3.18284e-015	2.66479e-013	1.67699e-011	2.21767e-013	1.22721e-013	5.18929e-013	1.33272e-012	2.19522e-011	1.15484e-011	5.8397e-012	1.69783e-010	9.74251e-012	1.25003e-011	1.0202e-008	3.1543e-010	4.76984e-011	2.12304e-009	1.08113e-010	5.12305e-013	2.12073e-012	5.23434e-010	7.0637e-011	1.3391e-006	0.00108549	0.0010528	0.993225	0.991215	0.989251	0.987218	0.986783	0.986241	0.644461	
0	0	0	0	3.63496e-024	1.8819e-021	1.14291e-018	1.09198e-015	6.6763e-014	1.0931e-012	2.0241e-012	6.71939e-012	7.34006e-012	2.68751e-011	4.89554e-011	3.74463e-011	1.88909e-010	6.47594e-012	1.48194e-011	1.96853e-011	7.95676e-011	4.19993e-012	2.09964e-012	1.01123e-012	6.74341e-013	1.61539e-016	7.20058e-015	1.41592e-014	7.82207e-013	6.2904e-010	6.23673e-009	3.53373e-005	0.00878283	0.0107492	0.0127819	0.0132172	0.0137586	0.355539	


1	0.827489	0.715688	0.884007	0.94843	0.891551	0.958038	0.999597	0.999127	0.617319	0.982667	0.988455	0.993799	0.999974	0.745893	0.522894	0.898249	0.758484	0.950808	0.770349	0.152091	0.0315174	0.236902	3.87887e-005	1.99745e-005	7.41026e-008	2.91425e-010	7.41711e-013	5.995e-017	2.04312e-020	3.28601e-024	4.44556e-025	8.27892e-025	7.31997e-025	6.4701e-025	9.1702e-026	1.14719e-026	2.20489e-027	
0	0.172511	0.272949	0.0405283	0.0210946	0.108112	0.0417294	0.000344729	0.000872684	0.382672	0.0172448	0.0114911	0.00616082	1.1294e-005	0.254107	0.248544	0.00149765	0.22342	0.0369327	0.220834	0.729096	0.943193	0.307126	0.39166	0.732684	3.84615e-005	4.58691e-008	7.22933e-012	6.35249e-019	2.21939e-024	5.58375e-028	9.55983e-028	1.10264e-027	2.29156e-027	7.10018e-027	2.51136e-029	8.24377e-029	1.24937e-029	
0	4.69918e-008	0.0113626	0.075449	0.0301116	0.000286425	0.000228824	5.66544e-005	1.20356e-008	9.029e-006	8.83218e-005	5.38126e-005	3.98261e-005	1.4528e-005	1.14611e-007	0.228561	0.0685347	0.00987023	0.000365666	0.00314815	0.11822	0.0229282	0.401031	0.573015	0.175753	0.052142	0.00671904	0.00171893	3.04752e-008	5.05567e-012	7.92509e-017	1.91408e-020	1.13651e-023	2.00894e-027	1.85162e-032	5.89367e-032	7.03382e-036	5.67484e-034	
0	0	4.63719e-010	1.53015e-005	0.000363706	4.88583e-005	3.20534e-006	1.50837e-006	4.64403e-008	9.00181e-012	2.343e-007	2.62195e-007	3.24646e-007	8.40322e-008	2.7716e-010	7.90349e-007	0.0315763	0.00776784	0.000524475	6.23938e-005	5.60314e-005	0.00218418	0.0458318	0.0351047	0.05944	0.126163	0.00352489	0.000240211	1.03509e-005	2.53676e-008	7.08261e-011	1.34341e-016	1.83704e-021	8.1425e-027	2.20513e-032	2.38771e-036	1.71122e-037	4.76999e-037	
0	0	1.20958e-013	1.56967e-007	2.56017e-007	1.51847e-006	8.00201e-007	8.76554e-008	1.24516e-007	5.69042e-012	8.22509e-009	1.16341e-008	4.4635e-009	1.58821e-008	2.75888e-010	1.81817e-011	0.000141181	0.000396911	0.0113595	0.00468175	6.74731e-006	3.95574e-005	0.00882281	3.00493e-005	0.0320369	0.821377	0.752427	0.932921	0.999403	0.952344	0.987193	0.000747011	1.08501e-006	1.91486e-009	1.86079e-012	6.40256e-016	1.35571e-018	1.35411e-021	
0	0	0	2.45814e-016	3.55061e-010	1.31417e-010	1.8494e-009	3.8886e-009	1.7494e-009	2.9423e-010	1.6503e-011	3.22878e-011	5.5324e-010	2.81263e-011	3.93767e-010	8.85635e-009	7.31448e-010	5.78868e-005	1.85788e-006	0.000917452	0.000523144	0.000136494	0.00026474	0.000147874	6.32875e-005	0.000279898	0.237329	0.0650815	0.000440815	0.047463	0.0109326	0.99822	0.948264	0.833428	0.183024	0.000547546	1.62641e-005	5.03144e-010	
0	0	0	1.96863e-019	7.72953e-014	2.14577e-014	1.94985e-012	2.50141e-011	4.46699e-011	1.79036e-013	2.26076e-012	1.33903e-012	2.03242e-010	1.22931e-010	1.67571e-012	3.15613e-010	4.91702e-007	2.81576e-006	2.69175e-006	5.3134e-007	6.22363e-006	9.02477e-007	1.92263e-005	3.59733e-006	2.02014e-006	3.30759e-008	8.23044e-008	3.26184e-005	0.000144548	0.000190329	0.00187149	0.000206819	0.0317701	0.0208601	0.0111139	0.00593013	6.9573e-005	3.85268e-008	
0	0	0	0	5.68944e-020	1.70802e-014	9.75302e-014	1.88838e-012	1.22637e-010	1.46141e-011	3.4242e-011	1.15236e-010	1.34936e-010	2.90265e-009	3.20846e-009	5.31671e-009	1.52317e-007	6.28856e-008	4.69219e-006	7.13183e-006	4.36415e-007	7.10955e-008	1.22802e-006	2.71391e-007	9.85007e-007	6.4784e-008	6.6512e-009	5.64762e-006	1.56574e-006	2.83272e-006	2.69413e-006	0.000826165	0.0199643	0.145712	0.805862	0.993522	0.999914	1	


1	0.986943	0.676824	0.889897	0.948961	0.970186	0.993015	0.998306	0.999557	0.808614	0.990773	0.992746	0.99638	0.999625	0.981561	0.759479	0.767915	0.62145	0.655983	0.732801	0.183465	0.0941612	0.0900609	0.000215647	0.000110763	1.06577e-006	2.22623e-008	1.53081e-010	1.62916e-013	1.33673e-017	8.72522e-022	8.5311e-023	3.13133e-024	9.70594e-026	1.487e-026	7.1014e-028	5.24076e-029	9.14895e-029	
0	0.0130568	0.323172	0.107162	0.0502618	0.0296423	0.00646421	0.000947624	6.14722e-005	0.191378	0.00312846	0.00647343	0.00340798	0.000129038	0.0184364	0.224146	0.00955515	0.225602	0.00562129	0.147112	0.78997	0.674134	0.104007	0.789229	0.804769	0.0179132	0.0133716	0.000947579	4.82677e-008	4.76463e-013	2.70898e-018	7.3141e-021	2.34784e-024	9.54348e-028	3.25426e-030	9.47281e-032	4.39662e-033	2.89802e-032	
0	1.73454e-007	4.15956e-006	0.00294082	0.000754871	0.000140573	0.000518317	0.000484133	1.68845e-005	3.17657e-007	0.00609765	0.000148353	0.000204909	0.00014972	2.9272e-007	0.0163741	0.20862	0.141568	0.00954575	0.0100442	0.00656943	0.229447	0.679285	0.11995	0.0584412	0.930642	0.369607	0.151261	0.0412905	0.000958899	3.87443e-005	3.63423e-008	4.67882e-012	3.01434e-016	8.98224e-021	8.46464e-025	5.0335e-029	1.05142e-031	
0	0	3.45608e-010	6.06869e-008	1.90617e-005	3.12211e-005	2.78911e-006	0.000262118	0.000364425	4.4721e-006	1.31861e-006	0.000628846	5.87475e-006	9.41351e-005	1.28277e-006	7.07832e-008	0.013881	0.0105331	0.32865	0.103009	0.00703259	0.000582584	0.125663	0.0414934	0.0626654	0.0215464	0.138015	0.0156047	0.0149564	0.000311761	7.43491e-006	3.81032e-006	1.15166e-007	1.16495e-009	2.22023e-010	1.42041e-011	1.09042e-012	1.87837e-012	
0	0	4.67834e-011	8.13151e-010	3.06812e-006	8.10258e-008	7.1433e-008	2.05556e-008	8.58525e-008	2.72477e-006	5.24257e-009	3.21266e-006	8.37017e-007	5.3965e-009	2.01933e-007	2.35872e-007	7.09536e-006	0.000835723	6.91582e-005	0.00697478	0.0129511	0.00134892	0.000200247	0.0491074	0.0732827	0.0202057	0.445771	0.630476	0.00229451	2.62822e-006	1.25803e-008	3.78415e-009	8.89223e-011	4.54848e-012	1.4309e-014	4.28471e-016	6.26522e-017	1.70505e-016	
0	0	0	2.72058e-014	1.66001e-014	1.8365e-009	5.22651e-011	1.17432e-009	9.14976e-011	5.57005e-012	2.79846e-008	4.30493e-011	5.36363e-008	1.44897e-008	1.39854e-011	4.54378e-009	1.01116e-007	3.40467e-006	0.000114736	5.16031e-005	1.11604e-005	0.000326223	0.000778172	2.13717e-006	0.000731074	0.00945224	0.000479298	0.00379531	0.158578	0.0647762	0.043109	0.000241772	1.51112e-007	7.9846e-011	7.0644e-014	2.78508e-016	4.49145e-019	5.22538e-020	
0	0	0	9.34659e-018	2.01977e-016	6.91399e-014	7.24522e-013	5.76599e-014	4.33405e-012	1.01427e-013	8.16835e-013	3.06262e-010	3.78476e-012	1.46446e-009	5.77719e-011	8.88138e-012	1.22922e-009	1.02688e-009	4.42326e-008	1.15944e-006	3.34612e-008	5.6173e-009	2.00196e-006	1.40989e-006	2.31023e-007	0.000237549	0.032716	0.197744	0.767685	0.924663	0.949513	0.181828	0.00339578	3.4522e-005	3.91995e-007	1.57587e-009	6.76875e-012	1.18454e-013	
0	0	0	0	8.83894e-016	2.4076e-017	3.48965e-011	1.36919e-010	4.52672e-009	9.22362e-011	4.30464e-011	9.33788e-009	4.01047e-008	2.50148e-006	8.52834e-007	6.79622e-007	2.16606e-005	7.81638e-006	1.54402e-005	5.44429e-006	7.60144e-007	2.21617e-008	3.31511e-006	7.70992e-007	6.51771e-008	2.24753e-006	3.9881e-005	0.000170997	0.0151947	0.00928718	0.00733208	0.817926	0.996604	0.999965	1	1	1	1	


