E:\Google Drive\Progetti\MSR Action3D\Real\a19_s03_e03_skeleton3D.txt
19
TRUE
-1564.54
-1566.22
-1556.36
-1535.47
-1473.59
-1520.37
-1596.97
-1526.7
-1434.97
-1417.34
-1287.21
-1520.75
-1510.94
-1442.67
-1548.48
-1524.38
-1517.85
-1472.24
-1532.92
-1520.33

54
20
1	0.834916	0.584259	0.137998	0.0210292	0.00260075	0.0400116	0.129123	0.0508155	0.115318	0.0357589	0.00219829	0.00163772	0.00054692	0.000886731	0.000348808	8.39529e-005	9.62357e-006	1.60721e-006	2.68507e-006	2.21164e-006	3.74956e-007	1.47535e-008	3.04877e-010	1.08644e-012	1.71408e-014	3.90559e-016	1.79725e-018	3.9807e-020	2.23468e-022	3.12744e-024	2.67044e-026	3.26735e-028	6.65406e-028	6.47724e-028	7.64612e-028	4.14405e-027	2.10761e-026	2.04685e-025	1.60804e-024	2.65547e-024	3.28037e-024	4.73727e-024	1.07692e-023	1.69614e-023	5.02524e-023	8.03979e-023	8.83739e-023	6.86243e-023	3.03506e-022	1.75067e-022	2.20064e-022	1.32599e-022	1.89298e-022	1.48084e-021	
0	0.126592	0.159382	0.0934889	0.0116773	0.00184475	0.00544355	0.0182831	0.00696748	0.0233105	0.00979746	0.00307586	0.00860848	0.0145948	0.128569	0.318016	0.455172	0.770628	0.601564	0.684215	0.606099	0.208907	0.00189758	8.07201e-006	3.05189e-008	1.66491e-010	2.00106e-012	5.14367e-014	3.74375e-015	9.02615e-017	1.24534e-018	1.80158e-020	5.11233e-022	1.33311e-021	2.19645e-021	1.24283e-021	3.3751e-021	1.27117e-020	3.97571e-020	1.2317e-019	4.1196e-020	2.63315e-020	2.79739e-019	4.36345e-018	8.66445e-017	9.67499e-016	1.58719e-014	1.29473e-013	3.06853e-013	6.88352e-012	7.17787e-012	5.05253e-012	7.20889e-012	9.67264e-012	3.00819e-011	
0	0.0384914	0.0399474	0.00508943	0.00215538	0.000170192	0.001386	0.0445965	0.00332074	0.00724106	0.00198313	0.000219326	0.00594604	0.00894673	0.110126	0.160266	0.286268	0.0477826	0.00420909	0.0155979	0.0175166	0.00325138	0.000653404	5.68568e-006	1.29077e-008	4.88225e-011	8.52439e-013	6.76138e-015	1.2912e-015	6.41065e-017	2.53174e-018	3.51315e-020	4.82153e-021	7.70726e-021	3.55596e-021	4.88446e-021	5.85029e-021	1.40381e-021	3.0061e-021	6.02965e-020	1.2158e-019	8.98499e-020	2.04689e-019	7.26355e-019	1.74613e-018	2.55529e-017	5.25465e-015	1.07201e-014	7.1024e-014	3.54664e-013	4.85649e-013	5.70544e-013	8.93096e-013	3.63567e-012	4.77394e-012	
0	0	0.196585	0.761354	0.943412	0.985996	0.879439	0.667324	0.74712	0.598861	0.424611	0.274217	0.0242829	0.00290149	0.00269013	0.0163926	0.00739785	0.134329	0.382624	0.250525	0.348985	0.198023	0.00187238	5.67086e-006	1.90782e-009	2.11904e-010	3.9189e-013	2.91538e-014	2.23647e-015	5.49938e-018	1.21886e-020	4.5349e-021	1.22305e-022	4.40945e-022	1.47664e-020	9.28789e-022	4.39376e-020	2.31176e-018	6.51933e-018	1.40877e-018	2.51144e-020	1.38817e-020	3.7527e-020	7.48151e-019	7.97583e-017	1.86187e-016	4.38513e-016	1.28777e-014	7.80216e-015	2.60052e-013	8.77488e-014	8.68164e-013	3.57385e-013	3.81148e-012	1.25731e-011	
0	0	0.0198261	0.000167769	0.0215324	0.00775683	0.0713725	0.139697	0.190868	0.239547	0.420408	0.139821	0.0274358	0.0108096	0.000762268	0.000517406	0.000633762	0.00861967	0.000462237	0.0373632	0.00714697	0.00180412	8.62213e-005	2.44158e-005	3.48271e-009	2.1162e-011	3.12139e-012	1.0909e-014	1.9296e-016	2.45683e-017	4.19047e-020	1.05325e-021	9.95193e-023	1.16712e-022	3.6479e-021	9.65032e-021	4.62212e-020	2.11068e-019	1.53613e-018	3.07095e-019	7.58798e-022	1.607e-023	5.16612e-021	1.263e-020	8.91896e-019	1.91379e-017	6.29451e-017	9.61022e-016	6.4512e-016	1.81758e-013	6.06837e-016	1.5834e-015	2.31933e-016	1.62788e-013	3.36882e-011	
0	0	0	0.00190281	0.000192212	0.0016316	0.00215534	0.000830444	0.000902508	0.0157106	0.107158	0.579929	0.790267	0.496089	0.0470001	0.00303762	0.000174562	0.00589371	0.00578399	0.00614939	0.0128304	0.105743	0.000962916	9.98545e-006	3.52227e-007	7.06508e-009	1.97146e-010	5.10868e-011	8.6436e-012	1.48893e-013	2.07893e-015	2.20011e-017	9.90229e-019	6.67014e-020	5.47678e-022	4.8983e-024	9.71543e-022	7.73635e-021	1.06243e-019	1.87736e-019	1.93544e-022	1.51215e-023	1.35056e-022	5.56598e-021	1.25647e-019	1.7703e-017	5.49692e-017	1.185e-016	1.46321e-016	1.21696e-014	2.72629e-016	5.2282e-018	6.80507e-016	8.7181e-016	1.73933e-014	
0	0	0	5.45027e-013	1.12412e-007	3.43834e-009	2.09647e-006	5.53418e-007	3.09854e-008	1.53043e-007	2.72431e-005	0.000139681	0.0521086	0.0401857	0.00106421	5.15138e-006	1.5796e-006	2.37428e-006	0.000826052	0.00296713	0.00575294	0.479126	0.972861	0.992392	0.996601	0.988869	0.988643	0.986989	0.870206	0.983364	0.962884	0.961593	0.935639	0.239896	0.0239186	0.00508878	5.2413e-005	4.67745e-007	3.06674e-008	2.8591e-010	2.98247e-013	1.10174e-016	6.32641e-019	3.64522e-021	1.44849e-023	5.43698e-022	2.39494e-019	1.05713e-019	7.21046e-019	9.11745e-018	1.01165e-016	9.51905e-019	8.11165e-020	1.08325e-018	8.99684e-018	
0	0	0	0	1.12001e-006	1.14e-007	0.000189647	0.000145032	5.5604e-006	1.12064e-005	0.00025668	0.000400601	0.0897134	0.425926	0.708901	0.501417	0.250268	0.0327346	0.00452912	0.00318039	0.00166702	0.00314505	0.0216665	0.00755448	0.00339827	0.0111312	0.0113573	0.0130106	0.129794	0.0166357	0.037116	0.0384066	0.064361	0.760104	0.976081	0.994911	0.999948	1	1	1	1	1	1	1	1	1	1	1	1	1	1	1	1	1	1	


1	0.971522	0.854932	0.935474	0.974517	0.988363	0.989111	0.999779	0.878035	0.974756	0.126461	0.000658646	0.0545728	0.00667637	0.478768	0.771563	0.662336	0.331788	0.335586	0.688008	0.131847	0.173293	0.0199658	4.07179e-005	2.38591e-007	1.12521e-009	3.50362e-012	1.22307e-014	4.93218e-017	2.33478e-019	4.32064e-021	1.14853e-023	7.35864e-026	8.11729e-027	2.19206e-026	2.03226e-025	8.01174e-024	7.15002e-024	2.40355e-023	3.88285e-022	5.81079e-021	1.50251e-019	8.16959e-020	1.29185e-019	1.52943e-019	6.36156e-020	1.88143e-018	2.95198e-018	1.10283e-017	6.52566e-017	2.38954e-015	5.86224e-014	2.83262e-013	1.05979e-012	7.54868e-013	
0	3.73803e-005	0.000494897	0.000229684	0.000975758	0.00815325	0.0108323	0.000219309	0.121638	0.0238442	0.872846	0.000152856	6.71734e-007	1.98146e-007	1.62943e-006	0.000234416	0.000239653	0.6559	0.656245	0.237054	0.843153	0.201707	5.96802e-006	5.41701e-006	1.15568e-009	5.89124e-010	4.2979e-012	2.30653e-011	5.6764e-013	9.65032e-016	2.30965e-021	4.38248e-026	1.59613e-027	4.6322e-026	8.42849e-025	3.10143e-026	3.28696e-026	1.60265e-025	1.25604e-026	2.83602e-025	3.31595e-025	8.0725e-023	1.21232e-021	2.83114e-021	6.36755e-022	6.86496e-023	7.43925e-023	2.1506e-018	3.68223e-021	4.57671e-018	4.72974e-019	4.35244e-016	9.53816e-021	3.30213e-013	4.18707e-013	
0	0.0284407	0.105985	0.00499434	0.00289484	0.000280507	2.89681e-005	1.87525e-006	0.00032677	0.00139787	0.000667662	0.999014	0.111429	0.000187633	5.90589e-006	8.08019e-007	1.92676e-007	7.04015e-005	0.000479279	0.0119644	4.11015e-005	0.068816	0.00410332	3.39113e-008	8.86697e-011	3.61631e-011	1.19164e-014	2.80001e-015	9.31176e-015	4.83634e-019	9.90676e-020	9.29437e-023	5.14108e-027	1.69469e-030	9.84782e-025	1.01017e-025	3.04981e-026	2.39036e-025	2.77046e-026	2.56447e-028	3.37034e-029	6.78168e-028	2.98272e-025	1.49314e-023	1.49868e-020	7.26541e-023	3.63678e-024	1.23848e-022	9.20802e-023	6.217e-021	4.1902e-022	1.38378e-019	3.5785e-019	3.83626e-019	5.00364e-015	
0	0	0.0385884	0.0592952	0.0215527	0.00319042	1.89814e-006	5.78342e-009	6.58317e-009	1.67086e-006	2.36069e-005	0.000173777	0.743294	0.00206993	1.14779e-005	2.70541e-009	5.61583e-012	1.14311e-010	2.25004e-006	0.000324273	6.56888e-005	0.00212879	0.0748915	1.08336e-005	2.20852e-008	2.87845e-011	2.93645e-015	5.44297e-019	1.1789e-019	1.04119e-020	1.38291e-021	5.19858e-024	8.76591e-028	1.30096e-033	2.66963e-033	4.80731e-030	3.16694e-025	3.15846e-026	2.82851e-026	8.61222e-029	1.06657e-032	2.36358e-033	1.00693e-033	4.24351e-030	8.43331e-026	2.5267e-023	6.15086e-025	6.13782e-028	8.23354e-026	2.56763e-025	3.31664e-025	2.09663e-026	9.17039e-022	5.84067e-024	7.36569e-022	
0	0	9.20146e-019	6.94008e-006	5.97085e-005	1.29412e-005	2.55616e-005	6.43922e-008	1.68194e-010	4.53084e-012	1.13486e-006	2.85387e-007	0.0906942	0.985518	0.149394	0.00069575	2.18438e-005	4.2102e-007	1.11943e-006	8.87248e-006	5.74345e-005	0.0207958	0.30042	0.996661	0.996305	0.999878	0.958663	0.997137	0.998309	0.923483	0.971064	0.997994	0.901951	0.569815	0.930605	0.818625	0.254075	0.00240276	0.000117558	5.19937e-006	7.33957e-007	7.81497e-008	1.08227e-010	2.52561e-013	8.37385e-017	1.60552e-019	5.48279e-020	7.23344e-021	1.3772e-021	4.6278e-022	1.23932e-021	1.73095e-021	1.16718e-022	2.59257e-022	1.30781e-023	
0	0	0	9.57049e-015	2.49925e-011	1.94048e-009	1.24683e-008	3.21324e-008	2.61413e-011	6.9417e-014	1.72363e-013	1.3226e-012	9.66551e-006	0.00554811	0.369819	0.148676	0.11826	0.000164313	2.20545e-006	2.35538e-008	1.0199e-008	1.47547e-007	6.16951e-006	0.000270431	0.00367541	0.000120072	0.0413366	0.00286225	0.00169115	0.0765172	0.0288866	0.00200503	0.0980484	0.430118	0.0659144	0.112146	0.0199599	5.7063e-006	1.03992e-006	0.000107544	0.0048971	0.379827	0.113531	0.00323812	1.23537e-007	4.38612e-011	5.6374e-011	2.70995e-013	8.4211e-014	4.54251e-015	9.09417e-013	8.38626e-012	2.17676e-013	8.86876e-014	1.82189e-016	
0	0	0	2.0439e-037	5.53865e-018	1.66367e-013	9.94514e-013	6.94719e-012	2.22874e-011	5.07616e-014	2.93597e-015	9.62376e-020	1.81755e-013	1.93389e-008	0.00198728	0.0787845	0.218737	0.00095118	0.000476189	6.62441e-005	5.59952e-006	8.47478e-006	8.78073e-008	7.53886e-011	3.31261e-007	2.05034e-007	5.16581e-009	6.89978e-007	2.46236e-008	2.5061e-008	4.88395e-005	2.02274e-007	4.81533e-007	6.60908e-005	0.00214281	5.97292e-005	0.0076142	4.7485e-005	2.94085e-007	1.93231e-007	9.38949e-005	0.0114847	0.85255	0.789682	0.00811874	8.96607e-007	4.49916e-007	1.1678e-008	7.40523e-010	1.72285e-010	5.99748e-010	2.48713e-009	2.98316e-009	5.63898e-009	1.88654e-011	
0	0	0	0	4.30552e-018	1.17669e-015	6.47446e-013	1.06633e-013	3.48793e-012	9.90538e-012	6.46691e-013	6.7084e-014	2.54135e-012	2.60159e-010	1.23966e-005	4.55274e-005	0.000406175	0.0111255	0.00720837	0.0625748	0.0248303	0.533251	0.600607	0.00301159	1.8745e-005	1.43819e-006	1.05133e-009	2.61861e-008	7.96932e-009	8.7316e-011	1.3477e-007	2.97691e-007	2.08581e-009	2.74389e-007	0.00133789	0.0691693	0.718351	0.997544	0.999881	0.999887	0.995008	0.608688	0.0339186	0.20708	0.991881	0.999999	1	1	1	1	1	1	1	1	1	


1	0.976743	0.872545	0.869268	0.947443	0.954138	0.988008	0.999933	0.742567	0.969556	0.136038	0.000196859	0.000574992	9.05919e-005	0.00957504	0.0379494	0.0465448	0.0795601	0.0491864	0.0288032	0.0158436	0.00285492	0.000499895	3.34045e-005	8.52175e-007	1.00404e-008	2.38867e-010	3.52628e-012	1.24844e-013	4.27068e-015	4.44902e-017	1.4345e-018	1.1117e-020	2.29735e-020	1.45079e-018	3.86173e-017	1.92679e-017	6.15768e-018	3.55032e-018	3.03448e-018	3.08795e-018	4.57846e-018	6.23458e-018	3.71136e-018	2.88793e-018	1.41813e-018	4.21779e-018	3.09812e-018	4.27032e-018	3.68923e-018	8.22114e-018	1.10813e-017	6.52216e-018	7.25823e-018	3.42526e-018	
0	0.0064485	0.0382712	0.00618602	0.0140432	0.0256845	0.0118423	5.32436e-005	0.256605	0.024367	0.648109	0.00628992	2.17608e-006	3.66988e-008	3.78365e-008	6.56026e-006	1.33074e-006	0.066374	0.0187302	0.00143981	0.00222578	0.000137581	8.15832e-007	2.57019e-006	6.27055e-010	1.31152e-008	1.37109e-010	1.96428e-010	2.56603e-011	5.56754e-015	2.95592e-020	2.84459e-020	7.19642e-023	6.54156e-021	2.06072e-017	1.90097e-017	6.93238e-019	1.61641e-018	1.3432e-020	2.37045e-022	2.02277e-023	9.94497e-023	4.1542e-021	4.08988e-020	9.72002e-020	6.66285e-021	5.95577e-023	7.22694e-019	2.40432e-022	8.57752e-020	2.51371e-022	3.63415e-020	1.53322e-024	1.6804e-019	3.31287e-018	
0	0.0168085	0.0891777	0.124392	0.0381964	0.0201715	0.000135194	1.39683e-005	0.000827946	0.00607621	0.215257	0.992863	0.482922	0.0288665	0.000685457	2.08906e-006	1.57573e-007	3.46308e-005	0.0125568	0.0160814	0.00537102	0.102981	0.46474	0.019464	0.00213712	0.000544347	2.9531e-005	2.90764e-006	1.8516e-007	1.05605e-010	3.39723e-012	1.08152e-013	1.89879e-016	8.69721e-019	1.48422e-017	2.91922e-020	8.6864e-019	2.12997e-019	3.3424e-020	1.11339e-022	1.90065e-024	8.18857e-024	2.42349e-023	2.45693e-022	5.28022e-021	4.0687e-022	5.41372e-023	1.39849e-022	1.75218e-022	5.0499e-022	7.95934e-024	7.06526e-023	2.0543e-022	3.40732e-023	8.36313e-022	
0	0	5.99421e-006	0.000151271	0.000312685	4.8802e-006	1.12755e-005	4.82708e-009	1.77322e-010	5.25651e-007	1.3472e-005	0.000539725	0.161171	0.00225872	3.3046e-005	4.45833e-010	8.30539e-013	3.77886e-012	1.2775e-007	0.00108	0.000166989	0.240675	0.242007	0.0522634	0.247491	0.0183474	9.30387e-005	2.78234e-007	7.7723e-010	1.95841e-011	1.03945e-012	5.58611e-015	7.97039e-019	2.75392e-022	6.86058e-023	8.7938e-023	5.08442e-025	7.58536e-024	1.11406e-023	2.02209e-023	1.04555e-026	4.40076e-029	2.37508e-030	3.77179e-029	2.65677e-028	3.02932e-025	1.24205e-026	9.74466e-029	3.21437e-027	8.96482e-028	7.35671e-028	2.04935e-030	1.548e-026	1.85768e-028	5.05731e-029	
0	0	1.81627e-007	2.18324e-006	4.94391e-006	1.23518e-006	3.32216e-006	8.80096e-009	6.02719e-010	3.96272e-008	0.00058305	0.000110962	0.348358	0.774955	0.0662698	0.000195582	2.57851e-007	1.20448e-009	8.74339e-008	2.64899e-005	7.66247e-005	0.00101262	0.0768374	0.913526	0.722016	0.980813	0.972722	0.998613	0.980438	0.514949	0.0416244	0.0554785	0.00270249	0.00191855	0.0347937	0.00332789	2.64558e-006	3.94652e-009	4.33637e-012	4.69384e-015	8.73898e-018	2.54969e-020	4.30659e-023	3.57982e-026	2.20975e-027	4.73093e-026	1.03946e-026	2.35798e-027	2.74756e-027	6.18949e-027	8.57524e-026	1.59837e-027	9.22314e-028	1.96092e-026	3.1894e-027	
0	0	0	3.02853e-013	6.3876e-012	3.41802e-012	4.98162e-011	7.07137e-010	2.18548e-015	2.81783e-015	5.50317e-011	3.13283e-010	0.00697158	0.193802	0.910172	0.00857273	7.21463e-005	2.36782e-010	6.57405e-014	1.50206e-011	9.42521e-009	1.79691e-008	0.000758842	0.000694863	0.0278235	0.000272037	0.0271547	0.00138333	0.0195616	0.485051	0.956129	0.943789	0.996848	0.994154	0.801273	0.234159	9.69691e-007	1.43026e-013	9.99499e-015	8.41933e-015	4.19273e-015	8.28732e-016	1.18455e-018	7.32947e-023	1.41049e-028	1.27023e-032	2.4585e-028	1.31713e-032	3.47116e-030	7.84876e-033	1.44106e-027	1.34392e-028	3.12439e-030	1.07857e-031	3.24581e-032	
0	0	0	3.62754e-020	1.56556e-016	4.93686e-014	2.26181e-016	3.65117e-015	4.63106e-013	3.22632e-017	6.41022e-018	1.11645e-017	8.88233e-013	2.70876e-005	0.0114297	0.935449	0.81688	0.00699589	0.000937995	9.57575e-006	2.24778e-006	6.69796e-007	1.77662e-007	5.12904e-007	6.15896e-006	5.83032e-006	1.61162e-007	1.46325e-007	8.26117e-008	5.26628e-007	0.00224605	0.000715902	0.000449038	0.00381284	0.131466	0.00484386	0.000303141	2.99664e-007	1.0556e-010	1.26912e-013	6.55978e-015	2.46577e-016	3.59318e-016	1.63571e-017	3.93541e-020	1.00058e-024	6.43113e-027	2.71008e-029	1.8417e-031	5.30145e-033	2.55015e-034	5.48554e-029	1.13466e-029	1.18845e-030	9.65301e-034	
0	0	0	0	1.6748e-016	3.73154e-015	4.49316e-014	2.02351e-014	2.27584e-013	6.69497e-013	1.33845e-013	7.74735e-016	6.11906e-014	1.28809e-007	0.00183512	0.0178243	0.136501	0.847035	0.918588	0.95256	0.976314	0.652338	0.215156	0.0140155	0.000526053	1.70631e-005	2.55928e-007	4.24179e-008	5.20211e-009	8.24277e-009	6.0596e-007	1.63904e-005	6.36105e-007	0.0001143	0.0324674	0.757669	0.999693	1	1	1	1	1	1	1	1	1	1	1	1	1	1	1	1	1	1	


1	0.851707	0.749789	0.466178	0.213892	0.0929595	0.117571	0.251358	0.252312	0.134949	0.00109322	9.81927e-006	4.97752e-007	8.84924e-009	2.63057e-010	2.78327e-012	2.66832e-014	8.30702e-015	6.49594e-014	1.9599e-012	6.99838e-011	8.26898e-010	5.53649e-010	1.46311e-008	3.36817e-008	1.23801e-011	4.40553e-014	9.97709e-019	1.86753e-022	2.3363e-024	3.57615e-026	3.23007e-028	8.99697e-030	3.77219e-030	2.21498e-030	3.80573e-030	1.53035e-027	1.89892e-024	1.57161e-021	3.27261e-020	7.62872e-020	1.17902e-019	4.35052e-021	6.71964e-023	1.36905e-023	3.32319e-024	2.40898e-025	1.04945e-026	6.04314e-028	2.17253e-028	1.31254e-028	1.45891e-027	5.13963e-027	5.36428e-027	5.99805e-025	
0	0.0686668	0.00759717	0.0258699	0.0383541	0.0283335	0.258498	0.628117	0.267744	0.531086	0.0440751	0.00163711	4.53547e-005	1.17059e-007	6.85202e-010	6.89587e-013	3.07343e-016	2.83563e-017	3.42076e-016	3.54886e-014	6.78633e-013	1.21042e-010	1.64031e-010	8.65938e-009	4.60491e-007	2.07935e-009	4.8622e-012	5.88115e-016	3.37279e-019	1.6233e-021	7.68797e-023	8.9028e-025	5.59524e-028	4.80312e-030	7.53957e-032	8.78115e-034	1.43736e-029	5.21904e-026	9.99794e-024	1.49239e-021	1.11514e-020	1.56671e-020	8.80227e-023	5.52572e-025	1.89327e-025	3.97624e-027	1.25392e-028	1.6946e-028	2.44355e-031	9.64624e-032	1.82538e-031	2.20523e-029	5.96865e-029	3.3178e-029	3.08888e-027	
0	0.0796259	0.242399	0.507865	0.7411	0.876475	0.336681	0.095473	0.476157	0.275518	0.0112642	0.00144866	1.42625e-006	1.97487e-009	2.494e-012	1.68119e-014	3.64799e-018	6.32589e-017	2.55039e-016	3.84232e-014	4.15313e-013	5.54633e-011	5.19977e-011	7.73181e-009	2.5989e-008	2.57064e-010	1.4905e-012	2.16362e-017	1.45627e-021	7.4303e-023	4.2252e-025	8.3537e-027	1.8354e-030	2.05713e-032	7.17012e-033	3.75881e-034	3.49099e-028	3.26389e-024	1.82793e-021	1.8947e-021	4.10772e-023	9.32057e-023	2.29299e-024	9.77735e-026	9.53977e-025	1.84648e-026	7.95287e-029	1.84383e-028	5.28376e-032	5.79231e-031	2.18994e-032	1.52089e-030	3.02607e-030	1.35511e-029	3.25844e-026	
0	0	0.000182772	7.55113e-005	0.00656211	0.00215906	0.285942	0.0178569	0.00362624	0.055718	0.928702	0.89571	0.113592	0.00101484	2.24333e-007	1.25046e-012	7.85344e-018	2.13993e-019	9.60307e-019	9.18625e-016	7.40738e-014	2.04081e-011	6.86766e-010	5.04111e-005	0.237671	0.999684	0.997105	0.999509	0.988857	0.897001	0.863379	0.502498	0.0293192	0.00020127	7.55313e-007	1.15726e-010	7.14062e-011	4.87978e-011	1.03865e-011	9.96307e-012	3.19689e-013	4.0969e-015	2.55258e-019	1.55983e-023	1.36678e-027	8.17387e-029	2.79009e-031	3.64161e-032	9.49824e-034	1.48694e-035	1.46852e-036	5.70403e-035	1.72329e-034	1.12462e-031	2.07738e-030	
0	0	3.22159e-005	1.1151e-005	9.17482e-005	7.31173e-005	0.00130749	0.007179	0.000160176	0.00272846	0.0148647	0.10113	0.722691	0.163161	0.00210477	5.45922e-007	1.90228e-010	1.50727e-012	2.72051e-014	1.868e-014	1.06991e-014	4.19348e-014	6.23945e-012	1.63067e-008	0.000647327	0.000300727	0.00289385	0.000490561	0.0111425	0.102927	0.129786	0.0265439	0.222898	0.0136984	0.000657095	8.23731e-006	1.68153e-005	3.48743e-005	5.4699e-005	0.000112178	4.33674e-006	4.74811e-007	3.52482e-010	7.6997e-013	5.03224e-015	1.89743e-017	1.19077e-019	1.40967e-022	1.45136e-025	6.36179e-028	7.04878e-031	6.40193e-033	4.41525e-035	1.08997e-033	7.858e-032	
0	0	0	3.99084e-007	2.8138e-009	1.77432e-008	8.45498e-008	1.63723e-005	1.06245e-006	2.77543e-007	4.7721e-007	6.38752e-005	0.160184	0.636484	0.1348	0.000172746	7.83184e-008	9.8656e-012	4.51429e-014	1.39877e-016	1.91542e-017	4.05557e-016	4.86911e-015	1.93304e-013	1.17714e-009	3.93376e-009	1.48745e-009	2.74627e-009	2.9544e-007	2.26516e-005	0.00152731	0.00407416	0.00331669	0.000346986	0.000111373	5.45218e-006	4.20418e-006	1.00428e-005	1.95878e-005	8.02462e-006	2.4592e-005	4.36885e-005	4.09176e-008	1.77501e-011	2.08259e-013	1.13176e-015	1.24873e-017	5.43377e-022	1.75339e-024	1.1603e-028	1.57432e-029	1.65454e-030	6.15198e-030	4.6288e-033	2.68246e-035	
0	0	0	5.8773e-013	4.37173e-011	1.45265e-011	4.9179e-010	6.5274e-010	9.10151e-010	4.44757e-010	3.11573e-008	5.85803e-007	0.00336845	0.117179	0.00805456	1.49726e-005	8.85824e-009	9.83485e-012	1.55185e-013	3.63007e-014	3.74519e-015	2.458e-014	1.44223e-012	8.38764e-009	3.50476e-005	2.57797e-006	8.60217e-007	7.27841e-008	4.34155e-007	5.00046e-005	0.00530454	0.466588	0.476276	0.00446172	9.19127e-006	1.25972e-008	9.17509e-009	7.71685e-009	1.67596e-008	5.00421e-008	2.06706e-008	1.54767e-008	7.84327e-009	2.67581e-012	1.6518e-015	4.03868e-017	5.44397e-020	1.39153e-021	5.9922e-025	1.75278e-028	1.01476e-031	1.15996e-033	2.89893e-033	2.73673e-033	1.80738e-035	
0	0	0	0	3.11752e-010	3.35785e-012	1.37301e-010	4.10339e-010	6.14034e-009	8.98901e-010	5.6634e-011	2.53036e-010	0.000117585	0.0821611	0.855041	0.999812	1	1	1	1	1	1	1	0.99995	0.761646	1.2649e-005	4.79567e-009	2.28649e-011	3.94993e-010	9.11757e-009	2.98467e-006	0.000296543	0.268191	0.981292	0.999222	0.999986	0.999979	0.999955	0.999926	0.99988	0.999971	0.999956	1	1	1	1	1	1	1	1	1	1	1	1	1	


1	0.980038	0.975326	0.996382	0.997278	0.993936	0.99338	0.974351	0.991535	0.987039	0.931565	0.911264	0.338941	0.102091	0.0099147	0.00401409	0.000423506	0.000195903	0.000676024	0.00261483	8.08121e-006	3.86027e-006	2.45123e-008	4.52483e-015	6.66401e-019	9.20401e-025	1.7096e-031	6.23909e-038	2.60852e-042	9.37799e-047	1.801e-048	1.3683e-049	4.0918e-050	3.32547e-050	6.03628e-049	1.32126e-047	9.0556e-048	4.49479e-048	3.16508e-048	2.53719e-048	5.67845e-048	2.82495e-048	2.55916e-048	2.89326e-048	2.4836e-048	1.77034e-048	2.94681e-048	2.1834e-048	2.63986e-048	1.87652e-048	1.30783e-048	2.23331e-048	8.97697e-048	3.46608e-048	3.01631e-048	
0	0.0134769	0.0239745	0.00280402	0.00235688	0.00565525	0.00296016	0.00807468	0.00803501	0.0113366	0.0679561	0.0857662	0.240515	0.255071	0.144108	0.275663	0.367831	0.981379	0.966206	0.254432	6.44334e-005	1.17777e-006	2.1706e-009	3.20942e-016	8.40505e-021	1.61875e-026	5.00988e-033	7.07557e-039	3.85382e-042	4.37036e-046	1.28096e-047	3.32303e-048	1.79859e-047	6.54664e-047	3.30599e-045	1.10178e-043	4.17808e-044	3.31713e-045	2.22563e-046	2.00433e-047	5.02603e-048	4.94776e-049	1.44196e-048	1.0857e-047	1.00999e-047	5.82564e-048	1.36857e-046	2.42983e-046	7.79489e-046	2.38994e-045	7.31639e-046	2.33241e-046	1.80494e-046	6.85507e-047	9.99134e-048	
0	0.00648502	0.000684014	0.000810763	0.000364205	0.000407893	0.00365755	0.0175454	0.000396153	0.0016233	0.0004536	0.00295721	0.413371	0.578488	0.748281	0.66073	0.61876	0.01294	0.0071795	0.00598486	1.13474e-006	1.72774e-007	7.42464e-009	2.16809e-016	7.77782e-020	1.46183e-026	3.62556e-033	1.65103e-040	2.38042e-043	4.52752e-047	1.52207e-046	1.1771e-046	2.18758e-046	1.7917e-046	2.87188e-046	1.32346e-043	2.50033e-045	4.01568e-047	2.82971e-047	5.06456e-047	9.47689e-046	4.83919e-046	1.71246e-046	8.52236e-047	2.70377e-048	2.18831e-049	1.18865e-047	4.62594e-048	1.53918e-046	2.1691e-047	8.9998e-046	1.12229e-045	4.26795e-044	1.49741e-045	4.3313e-047	
0	0	8.84796e-006	1.95303e-006	2.41592e-007	4.32931e-008	1.09212e-006	1.935e-005	2.32506e-007	3.55431e-007	5.98881e-009	8.19628e-006	0.00715702	0.0629172	0.0970826	0.0336585	0.00686266	2.22171e-006	2.89114e-006	1.3702e-005	2.94913e-010	7.7101e-010	5.38995e-010	4.65001e-019	8.49743e-023	3.39415e-030	3.57266e-037	5.75652e-046	1.78305e-047	1.60057e-050	1.85034e-048	2.78521e-048	5.70464e-049	6.4663e-050	3.83291e-049	4.70366e-045	1.994e-047	2.3094e-049	5.18429e-049	5.1205e-049	3.57309e-047	1.67139e-048	7.31259e-049	2.56513e-049	5.26924e-050	6.79391e-051	1.54444e-049	3.46995e-051	3.92894e-048	6.44912e-050	9.32579e-048	3.23508e-048	1.01742e-044	2.37846e-048	9.83035e-050	
0	0	6.49511e-006	1.19998e-006	7.6901e-007	9.23746e-007	1.29861e-006	9.28442e-006	3.35436e-005	4.17185e-007	5.91059e-006	7.86132e-007	1.45139e-005	0.00143056	0.000612057	0.025925	0.00610288	0.00444645	0.00204446	0.000236239	4.16412e-007	1.29101e-008	5.34201e-011	2.61764e-017	3.38296e-022	1.90069e-027	4.78367e-035	3.22397e-041	1.39572e-045	2.49404e-049	1.8852e-050	9.20271e-049	3.522e-048	5.41222e-047	4.24013e-046	7.92112e-046	3.46648e-046	7.92863e-048	1.17173e-049	2.21797e-050	8.50814e-049	5.57293e-048	6.22416e-048	3.27531e-048	5.7189e-049	1.28659e-050	3.93209e-051	3.85224e-049	1.16792e-049	8.54323e-049	7.11695e-049	6.11125e-047	9.16135e-047	7.32032e-046	2.07932e-047	
0	0	0	1.35774e-007	1.56083e-008	7.13343e-009	3.85789e-009	3.85496e-009	9.22914e-008	2.77339e-007	2.16888e-007	9.1567e-007	7.81178e-008	2.42527e-006	2.10933e-006	9.67471e-006	2.03319e-005	0.00103227	0.0180635	0.50809	0.0398675	0.150029	0.131711	2.65721e-006	4.2371e-009	1.31058e-012	1.08404e-017	9.77608e-022	1.91319e-023	7.11883e-026	5.72444e-026	2.44233e-025	2.24299e-024	6.93334e-023	4.07877e-019	2.47342e-018	6.81969e-019	1.03789e-019	8.71354e-021	2.09383e-023	8.73238e-026	3.60945e-028	7.56022e-030	2.61523e-031	2.03657e-032	7.92315e-034	1.26376e-034	1.01839e-035	2.68494e-037	8.50292e-039	7.00722e-041	2.16379e-042	3.52517e-043	6.61468e-045	7.85352e-046	
0	0	0	4.40948e-014	2.60856e-012	1.16538e-010	5.57838e-013	6.59167e-013	1.20884e-008	7.36769e-012	1.52398e-005	5.69657e-009	6.71259e-014	4.19873e-015	8.26748e-017	1.30823e-013	1.0621e-012	2.5901e-008	8.06652e-005	0.00469632	0.956216	0.836106	0.868256	0.999997	0.999999	1	1	1	0.999999	0.999999	0.99997	0.999874	0.997654	0.988663	0.55519	2.09304e-008	1.87678e-012	1.47418e-017	4.28746e-023	6.73764e-029	1.02508e-031	5.41801e-033	1.05912e-037	3.28878e-039	2.70334e-041	1.6998e-041	3.10565e-043	3.09956e-041	2.45094e-044	1.05313e-043	2.9714e-047	1.45995e-046	1.60566e-053	2.94498e-048	3.28984e-051	
0	0	0	0	6.35012e-008	8.80984e-008	1.15225e-007	7.76057e-008	1.39411e-007	4.64726e-007	3.42173e-006	2.83253e-006	3.72231e-007	3.75407e-008	2.7235e-008	7.45856e-008	1.21119e-007	4.27973e-006	0.00574722	0.223932	0.00384277	0.0138593	3.31293e-005	2.57405e-009	1.30074e-006	2.08021e-008	1.49069e-009	3.77843e-008	6.30069e-007	5.75246e-007	3.02322e-005	0.000126454	0.00234573	0.0113368	0.44481	1	1	1	1	1	1	1	1	1	1	1	1	1	1	1	1	1	1	1	1	


1	0.738012	0.25726	0.386949	0.199131	0.34702	0.0441374	0.0389891	0.0169698	0.00362973	0.000110013	1.64231e-005	1.60437e-005	9.34007e-007	1.30037e-008	1.63312e-009	9.91729e-011	1.04782e-011	3.52404e-012	5.89314e-013	2.39765e-015	1.74596e-017	2.10238e-021	3.92534e-027	2.74081e-029	4.1677e-034	3.69104e-038	1.0915e-040	1.57772e-042	6.38995e-044	1.04507e-044	9.19601e-047	4.25064e-047	2.1942e-048	1.5e-049	8.8012e-050	7.49862e-051	6.91926e-052	8.24024e-053	1.12898e-053	1.79774e-054	3.48181e-055	3.93666e-055	4.46292e-055	1.55419e-054	1.8196e-054	7.5288e-054	2.28643e-053	8.99527e-053	2.96525e-052	3.72536e-052	1.22807e-052	1.12715e-052	5.1241e-053	5.77011e-054	
0	0.255124	0.735253	0.542665	0.793893	0.619473	0.924942	0.908473	0.526182	0.211291	0.0157292	0.00448601	0.00629305	0.000692303	7.40213e-006	2.00597e-007	2.8759e-009	1.03792e-010	6.18596e-011	1.13454e-010	1.16421e-012	1.89251e-014	6.10743e-018	6.96527e-023	3.0375e-025	1.1551e-029	6.07241e-034	7.84535e-037	6.67139e-039	1.02137e-040	7.90999e-042	8.0975e-044	1.94479e-044	1.01447e-045	5.42493e-047	1.41624e-046	4.4919e-048	4.26439e-049	6.18744e-050	5.19162e-051	7.34448e-052	1.02575e-052	1.99536e-053	1.09159e-053	1.99205e-053	1.16154e-052	1.06342e-052	1.21797e-052	1.20956e-051	6.51289e-051	1.26733e-050	1.31911e-051	4.82586e-052	2.49226e-052	3.95204e-053	
0	0.00686337	0.00657839	0.0692151	0.00573164	0.0296899	0.0222721	0.00315689	0.00268431	0.00808228	0.000162513	0.00160445	0.0103727	0.0022603	0.000103348	5.44443e-005	7.20168e-006	3.59005e-005	1.32195e-005	2.83447e-007	7.69372e-011	7.51964e-013	2.53652e-019	2.55334e-024	5.11295e-026	5.45307e-031	2.91111e-034	4.66231e-036	2.20845e-038	2.58961e-039	3.71946e-041	3.06821e-043	8.95409e-045	1.39212e-045	2.71398e-047	2.505e-047	2.67537e-049	2.08821e-050	5.05977e-052	2.24908e-052	5.32521e-054	1.28553e-054	1.55115e-051	4.11755e-050	2.89811e-049	2.79657e-048	1.39177e-047	7.00953e-046	9.60191e-046	1.12641e-044	1.00121e-044	8.26606e-047	5.27098e-047	4.25789e-048	4.73698e-049	
0	0	0.000905414	0.000908279	0.000705214	0.000990896	2.61408e-005	0.0040145	0.000140978	7.65679e-005	1.03435e-005	5.33383e-005	0.255349	0.968703	0.997362	0.92241	0.990924	0.980621	0.445588	0.00744651	2.64996e-006	3.43115e-009	5.0527e-014	1.07529e-020	4.84493e-024	8.60254e-031	5.80783e-035	2.51814e-036	3.65096e-037	2.18748e-036	3.656e-037	1.98624e-038	2.96326e-037	4.74674e-038	5.42231e-039	7.86127e-039	7.6037e-043	6.89308e-047	2.5392e-050	1.43697e-053	4.51935e-055	1.17628e-055	4.32801e-052	9.83188e-051	8.25724e-049	1.71326e-047	9.12126e-045	6.62804e-044	5.7856e-042	5.8489e-040	2.00229e-039	2.47294e-042	1.73697e-042	9.57185e-044	1.32167e-046	
0	0	3.84505e-006	0.000262887	0.000351426	0.000184955	0.00051736	6.93354e-005	0.000262609	6.92356e-006	8.07006e-007	1.46723e-007	1.83284e-005	0.00497217	0.00232264	0.0775269	0.00889639	0.0189754	0.541074	0.740765	0.00432613	4.55234e-005	1.29967e-008	1.1643e-013	7.2193e-017	3.38933e-021	2.03058e-025	1.13936e-027	1.08753e-029	2.68753e-031	5.49011e-033	1.83881e-034	2.54096e-035	3.32859e-036	1.46739e-036	3.47203e-036	1.03695e-037	9.96317e-039	1.16552e-039	5.82218e-042	1.9961e-043	4.40141e-045	4.00864e-045	2.48546e-045	1.53029e-044	1.50626e-043	4.11049e-044	8.9937e-044	4.13324e-043	2.15453e-041	1.1488e-038	1.32101e-038	2.66712e-038	1.34138e-038	1.48382e-038	
0	0	0	2.0076e-007	0.000167911	0.000579707	1.8652e-005	0.000111385	0.000189929	5.57126e-005	6.1424e-006	3.20604e-006	8.74559e-007	1.67934e-006	3.09989e-006	2.41183e-006	0.000172258	0.000367563	0.0111007	0.111142	0.0108815	0.000589209	5.27702e-007	6.1101e-012	4.45352e-014	2.61669e-018	3.19239e-022	7.17635e-024	1.51114e-024	1.67559e-025	1.91637e-026	2.96365e-028	2.94743e-027	1.0862e-028	4.43018e-029	8.39161e-029	3.1456e-030	9.47483e-032	2.40496e-033	7.56631e-035	1.18178e-036	2.12793e-038	2.78227e-039	1.62813e-039	2.33631e-039	2.48724e-039	1.13145e-038	8.57261e-039	1.02398e-037	5.62653e-037	1.30945e-038	7.22379e-040	3.20376e-041	3.54209e-039	9.15265e-041	
0	0	0	2.7663e-007	1.92716e-005	0.00198912	0.00314983	0.00567799	0.351426	0.0975014	0.704807	0.368648	0.00049475	2.31211e-008	3.09063e-011	1.08744e-009	6.02491e-009	2.21307e-007	0.0022097	0.138807	0.984291	0.988731	0.999814	0.999956	0.995296	0.999682	0.999882	0.997639	0.995543	0.988921	0.97912	0.995337	0.921306	0.955462	0.947116	0.0264469	0.00725686	0.00880248	0.00982186	2.66129e-005	1.26208e-007	2.0059e-009	6.58979e-014	3.39665e-018	3.41366e-021	3.6358e-023	4.12991e-027	3.41006e-030	1.44826e-032	5.84414e-034	8.22883e-036	4.21653e-036	2.68404e-039	5.59112e-041	7.27809e-041	
0	0	0	0	3.99215e-007	7.29036e-005	0.00493622	0.039508	0.102145	0.679356	0.279174	0.625189	0.727455	0.0233696	0.00020161	6.40272e-006	9.00448e-008	4.17105e-007	1.49361e-005	0.00183916	0.000498513	0.0106346	0.000185601	4.35839e-005	0.00470422	0.000318169	0.000118344	0.00236087	0.00445655	0.0110794	0.0208801	0.00466288	0.0786942	0.0445375	0.0528842	0.973553	0.992743	0.991198	0.990178	0.999973	1	1	1	1	1	1	1	1	1	1	1	1	1	1	1	


1	0.980594	0.6272	0.620642	0.426945	0.191249	0.324522	0.333243	0.0728146	0.0169258	0.000818919	0.000182734	0.000354298	0.000303364	0.000422	0.000548996	0.000603248	0.0101671	0.00458325	0.00158048	0.00053215	0.000192386	1.47056e-005	2.21928e-006	1.63482e-006	4.81374e-007	1.61302e-007	8.63864e-008	1.07179e-007	1.71562e-007	1.62489e-007	3.24161e-008	4.41933e-009	7.81024e-009	3.50889e-009	2.80412e-009	3.58572e-010	1.68708e-011	1.2486e-012	3.19225e-013	1.20933e-013	3.73665e-014	1.38332e-013	7.57555e-013	1.26705e-012	2.15217e-012	5.32098e-012	1.08834e-011	2.11218e-011	2.19251e-011	5.41955e-011	1.4733e-011	4.36525e-011	1.53299e-011	4.87898e-012	
0	0.0192738	0.366723	0.328348	0.368962	0.539121	0.062724	0.047334	0.0307259	0.0171885	0.000852479	0.000621736	0.000229859	0.000114394	6.19315e-005	0.000100369	0.000161986	0.0649581	0.095258	0.0259118	0.00773619	0.0111261	1.31646e-005	3.76314e-006	4.56256e-006	4.74471e-007	4.95381e-007	3.80241e-007	2.39856e-008	1.41373e-007	1.71591e-008	1.15538e-009	1.13486e-010	8.91192e-011	1.71406e-011	5.86923e-011	1.56987e-010	1.35014e-011	7.79438e-013	1.5721e-013	1.57942e-015	1.02883e-016	1.14107e-013	6.42875e-013	1.80517e-012	2.18985e-012	2.43835e-011	1.27462e-010	7.04907e-011	6.27974e-010	6.71063e-011	3.63167e-013	3.50915e-012	5.35426e-012	3.66145e-012	
0	0.00013248	0.00524273	0.0312879	0.0718418	0.167527	0.164775	0.126224	0.42864	0.0494084	0.00324135	9.62133e-005	3.27654e-006	9.63781e-007	1.47325e-007	1.66432e-006	1.34648e-006	0.000284021	0.015955	0.0137917	0.0274339	0.00395147	2.75169e-006	2.98096e-005	4.29401e-005	2.87512e-005	0.000607893	0.000154997	4.48751e-007	1.75487e-006	5.03527e-008	4.12238e-010	2.8198e-012	2.98927e-011	1.8674e-012	2.714e-011	1.07079e-010	2.62835e-011	1.35508e-011	3.35294e-012	7.28096e-014	3.74082e-016	2.52944e-015	4.47375e-015	4.38785e-015	4.73936e-014	8.08663e-014	6.4082e-013	1.62262e-012	3.45929e-011	4.86769e-010	1.41492e-010	3.41376e-011	6.94194e-012	6.7723e-011	
0	0	0.000830659	0.0191848	0.128727	0.0950789	0.404455	0.129964	0.42429	0.789417	0.923217	0.798881	0.00090963	8.93985e-007	1.90917e-009	1.17196e-009	1.02906e-009	2.41191e-005	0.000569864	0.0339759	0.0647507	0.189323	0.00234803	0.00169719	0.000916045	0.0123805	0.0154266	0.481601	0.283328	0.0557312	0.000735755	1.32834e-005	3.9823e-008	5.35397e-009	2.43312e-009	4.59644e-011	9.67281e-012	2.57233e-011	4.96393e-012	6.37939e-013	6.3682e-015	5.24598e-017	1.04497e-018	1.2969e-016	9.48855e-015	4.07115e-015	2.83787e-016	1.76784e-013	1.34807e-014	5.59634e-013	5.90845e-013	4.13502e-012	6.89791e-014	9.66655e-013	1.1263e-011	
0	0	3.93009e-006	0.000537294	0.00345841	0.0069403	0.0402117	0.346361	0.00477371	0.0189197	0.00151946	0.0762699	0.839983	0.405312	0.31709	0.0540416	0.0118772	0.00116745	4.89886e-005	0.000172597	0.000516648	0.0281463	0.775776	0.229827	0.46784	0.254209	0.0324657	0.00499744	0.211787	0.209686	0.799124	0.903108	0.156586	0.0184082	0.000427662	6.50563e-005	1.6946e-006	1.78415e-008	1.30325e-009	1.06185e-010	3.82439e-011	1.91021e-012	3.70986e-013	3.07783e-014	5.04743e-015	1.1504e-015	1.46144e-015	7.78279e-017	4.6629e-014	4.17968e-015	7.94247e-013	1.97204e-012	1.448e-010	1.58899e-012	2.77643e-014	
0	0	0	6.18851e-008	6.28985e-005	2.00801e-005	0.00288895	0.00754997	0.000594511	6.49892e-005	0.001148	0.000157572	0.0993339	0.567977	0.660303	0.903589	0.926739	0.0193643	7.1825e-005	9.58455e-006	1.83349e-005	9.04786e-006	0.020691	0.221369	0.0112433	0.0158056	0.00132638	5.6398e-005	0.00327151	0.00384209	0.0107474	0.0490603	0.834012	0.212221	0.00641087	0.00429068	5.56564e-005	1.56555e-008	1.00377e-010	6.42668e-011	1.63983e-010	1.79036e-011	4.80018e-012	7.33996e-013	4.44809e-015	1.60647e-016	2.73928e-016	6.12384e-018	3.73906e-015	1.9109e-015	1.12524e-014	1.14579e-014	4.5785e-014	1.2077e-011	8.08121e-014	
0	0	0	1.21957e-008	2.28677e-006	4.59175e-005	0.000102577	0.00210041	0.00614402	0.000977879	0.000294778	0.000166157	5.85185e-005	0.00325406	0.00780114	0.0244849	0.0392486	0.15587	0.0077684	0.000473931	8.69509e-005	9.15737e-007	0.000227422	0.000866794	0.000788523	0.000630071	9.59797e-005	7.03822e-006	0.00010638	4.48822e-005	0.000259642	0.000297387	0.00387677	0.616034	0.827906	0.259148	0.055177	0.00475344	0.00027588	7.46496e-006	1.80057e-006	1.9996e-006	5.33486e-008	9.81528e-009	1.01015e-009	8.43675e-011	9.80631e-012	1.0968e-012	4.5014e-013	1.67097e-014	3.30537e-016	3.8521e-015	5.08667e-016	1.87639e-013	4.33438e-014	
0	0	0	0	2.80997e-008	1.78099e-005	0.000320303	0.00722333	0.0320173	0.107098	0.0689075	0.123625	0.0591276	0.0230369	0.014322	0.0172332	0.0213689	0.748164	0.875745	0.924084	0.898925	0.767251	0.200927	0.546204	0.519163	0.716946	0.950077	0.513183	0.501506	0.730694	0.189133	0.0475214	0.00552521	0.153337	0.165255	0.736496	0.944766	0.995247	0.999724	0.999993	0.999998	0.999998	1	1	1	1	1	1	1	1	1	1	1	1	1	


1	0.825522	0.817779	0.70515	0.874853	0.863458	0.836863	0.243497	0.340619	0.243269	0.0302327	0.0128526	0.0040915	0.000516536	0.00169836	0.00458807	0.00068461	0.00116968	0.00101617	0.000103988	2.66936e-006	8.33454e-008	4.64957e-009	1.99123e-011	1.7978e-013	2.51615e-015	2.61613e-018	7.73757e-020	6.29122e-022	5.8941e-024	5.27081e-026	1.7257e-027	4.51833e-030	5.68269e-032	7.57381e-033	1.91491e-033	7.86953e-033	3.03043e-032	2.43834e-032	1.79492e-032	6.03248e-034	1.34702e-035	2.62763e-036	6.33445e-037	5.24162e-036	4.36225e-035	3.15439e-035	2.57841e-035	1.50928e-035	4.19687e-035	4.1533e-036	4.24803e-037	8.63679e-037	5.89457e-037	1.94627e-036	
0	0.174239	0.177466	0.0726464	0.101367	0.10639	0.138497	0.752153	0.547241	0.706711	0.736738	0.234312	0.0617951	0.00268702	0.00483802	0.00283482	0.000293625	0.000160515	6.16828e-005	8.87813e-006	3.12887e-007	9.92657e-009	6.66664e-009	9.55951e-011	9.38275e-013	3.6477e-014	1.37937e-017	5.0512e-019	2.02094e-020	4.03237e-022	1.59851e-024	3.23518e-026	8.66596e-028	3.14842e-029	5.5263e-030	9.58409e-031	2.51918e-030	3.70062e-030	1.32732e-030	3.98404e-030	6.96787e-031	1.13142e-031	4.04285e-033	2.34103e-034	3.68189e-034	5.66502e-035	4.42328e-035	1.51836e-035	1.13975e-036	1.24314e-036	6.06024e-038	1.25745e-037	1.07537e-038	2.297e-037	1.40427e-037	
0	0.00023938	0.00475451	0.222097	0.00285213	0.0290948	0.00879353	3.07484e-005	0.111265	0.0381683	0.0962148	0.63662	0.0185632	0.000458168	1.03502e-005	4.19597e-005	4.82861e-007	0.00915093	0.240275	0.0618403	0.0295624	0.0156335	0.000767393	2.26072e-005	2.29892e-007	2.51645e-008	7.05528e-010	1.47899e-009	1.28027e-010	3.25367e-012	8.35545e-015	4.6184e-016	1.43004e-019	9.18991e-020	5.85286e-020	9.96387e-022	1.45447e-022	1.14121e-021	6.75014e-022	1.37849e-024	1.37983e-029	7.82062e-033	2.17598e-034	2.79274e-035	1.74668e-034	6.95333e-033	1.91783e-035	5.55253e-035	3.87018e-037	3.11424e-036	1.47233e-038	8.06046e-041	1.20451e-039	4.60432e-040	2.94214e-037	
0	0	8.03978e-007	2.68547e-005	0.0207959	0.000708812	0.0144379	0.00409875	0.000718248	0.0111845	0.132489	0.0609692	0.318359	0.0932345	0.0276247	0.00564615	9.78613e-005	1.08506e-005	0.00140219	0.0897739	0.0187938	0.0193225	0.0332957	0.0123596	0.0836802	0.351525	0.0352472	0.186126	0.106542	0.0923788	0.144482	0.0869732	0.00271127	8.30296e-005	1.81946e-005	9.77281e-007	3.42796e-007	7.61538e-008	2.59246e-009	6.69009e-009	1.87266e-009	1.19345e-010	3.81196e-012	1.20289e-013	3.82986e-014	2.54504e-015	7.1373e-017	1.21533e-017	2.65687e-019	1.18892e-020	3.11015e-022	1.75603e-023	1.70227e-024	1.29432e-024	1.46466e-024	
0	0	1.85559e-007	7.91475e-005	0.000130385	0.000331477	0.00140181	8.08796e-005	0.00012671	0.000649847	0.00275197	0.026822	0.483291	0.659411	0.323145	0.245691	0.00573148	0.0055521	0.0435486	0.0497703	0.0156096	0.007238	0.0157273	0.00571102	0.00574137	0.00525052	0.0220554	0.00740138	0.00198479	0.0142503	0.0241554	0.0695202	0.000629011	0.00211976	0.000821686	0.000319358	3.87178e-005	2.82247e-005	3.01297e-005	4.18803e-006	3.51563e-008	4.57097e-010	2.69595e-011	8.85461e-013	5.55395e-013	3.82822e-012	1.11555e-013	3.35538e-014	2.72238e-015	7.38511e-015	7.50385e-015	4.75833e-016	7.88822e-016	3.22433e-017	1.79499e-016	
0	0	0	3.04046e-010	2.03512e-006	1.69237e-005	1.35669e-006	0.000139011	1.17043e-005	1.34754e-005	0.00156575	0.0281208	0.103634	0.229011	0.586572	0.0294152	0.00437956	0.000957079	0.00173697	0.00103852	0.000762077	0.00107449	0.00524868	8.71878e-005	0.00185859	0.00503148	3.73993e-005	0.0579187	0.829933	0.655381	0.523367	0.269062	0.988192	0.013943	0.00786796	0.000475176	5.30075e-005	1.25233e-006	1.56486e-008	3.53324e-006	1.07945e-007	2.39715e-009	5.71441e-011	7.90799e-012	6.67242e-012	1.4974e-013	8.06593e-013	5.63466e-014	1.2081e-014	2.28321e-016	5.61338e-019	9.7419e-018	8.94737e-019	4.25e-017	1.18851e-019	
0	0	0	2.49895e-010	5.31992e-009	2.22007e-007	4.82493e-006	1.28434e-007	1.66511e-005	2.56376e-006	7.49708e-006	0.000302422	0.00969579	0.0133166	0.00794012	0.0541653	0.000946911	0.0104329	0.304747	0.77614	0.928716	0.955043	0.937518	0.979144	0.8904	0.632348	0.941715	0.744627	0.0575462	0.232884	0.294528	0.564906	0.00491561	0.965744	0.897616	0.540611	0.302029	0.599584	0.925873	0.109369	0.000582277	9.15879e-006	3.13727e-007	8.15445e-009	1.929e-009	1.37479e-008	4.38419e-010	3.03862e-010	3.43578e-011	1.26208e-010	9.73114e-011	8.08402e-012	9.94262e-012	1.58041e-012	2.35007e-011	
0	0	0	0	9.15447e-013	2.56296e-009	2.63635e-007	3.57413e-007	1.02826e-006	1.30225e-006	5.29133e-007	1.07963e-006	0.000570964	0.00136535	0.0481716	0.657617	0.987865	0.972566	0.407212	0.0213242	0.00655299	0.00168806	0.00744266	0.00267587	0.0183191	0.00584536	0.000945149	0.00392725	0.00399387	0.00510556	0.013467	0.00953847	0.00355179	0.0181103	0.0936763	0.458593	0.697879	0.400386	0.0740968	0.890623	0.999418	0.999991	1	1	1	1	1	1	1	1	1	1	1	1	1	


1	0.462029	0.0138634	0.000747921	2.34285e-005	1.75128e-006	5.14096e-008	2.44529e-008	2.67788e-010	3.43372e-011	2.48574e-012	6.90421e-013	1.72626e-013	7.63551e-015	2.6106e-015	1.74146e-015	5.80827e-016	1.02143e-015	1.30157e-016	6.53421e-018	1.02439e-019	7.30576e-023	8.40713e-027	3.64097e-029	7.26702e-032	6.25441e-035	8.3133e-037	7.46241e-040	4.34126e-043	2.60901e-045	4.46437e-048	2.14093e-051	7.86398e-055	3.62227e-056	1.49952e-057	2.98605e-058	4.40853e-057	1.12279e-056	2.24945e-056	1.50053e-056	4.78689e-057	1.12301e-057	1.56424e-058	2.78733e-059	1.81642e-059	1.74545e-059	3.89285e-059	4.68221e-059	5.39612e-059	8.43649e-059	1.04489e-058	6.10905e-059	8.49665e-059	7.36366e-059	6.7001e-059	
0	0.537948	0.985847	0.989728	0.998344	0.995981	0.983857	0.998974	0.99925	0.965184	0.603452	0.704818	0.000237917	4.22733e-008	8.1944e-012	8.56363e-015	9.1953e-019	1.24241e-018	8.62304e-018	5.51859e-018	5.81667e-020	1.56618e-023	2.65792e-027	1.28478e-028	6.22637e-033	8.36714e-035	3.56626e-037	1.11183e-041	3.56656e-046	1.40543e-048	1.44106e-051	5.7237e-054	1.22411e-058	8.17294e-059	6.39264e-059	1.55403e-059	4.13121e-056	2.18263e-053	4.06394e-051	7.01967e-052	1.76375e-053	1.94695e-055	7.79882e-059	4.0206e-062	2.16177e-061	8.91166e-061	3.69683e-063	3.95474e-062	4.20863e-062	8.90594e-061	8.69341e-061	2.89352e-059	1.18462e-060	1.1568e-060	5.21287e-058	
0	2.32805e-005	0.000289882	0.00952404	0.00163241	0.00401715	0.0161421	0.00102237	0.000749688	0.0348158	0.396442	0.251639	3.67855e-006	1.53503e-010	5.94926e-015	1.93628e-017	6.93756e-022	1.42508e-021	4.31542e-021	1.74598e-019	1.18877e-021	2.07353e-023	9.96747e-028	1.77805e-027	2.04276e-028	6.11138e-029	1.61443e-029	1.42942e-032	1.00424e-038	2.24541e-043	4.64393e-048	1.88217e-053	7.14837e-062	5.14548e-063	2.52537e-064	1.57408e-065	6.62882e-059	5.40966e-056	1.12126e-053	1.25729e-052	3.0797e-055	3.77632e-057	1.72328e-061	2.3891e-065	1.0918e-065	3.48941e-065	3.30906e-067	1.14944e-065	3.13649e-067	1.02124e-064	1.25201e-064	5.89865e-064	7.44159e-064	1.62896e-064	1.04997e-061	
0	0	1.31475e-009	6.66475e-009	9.15401e-008	4.03994e-009	8.37114e-007	3.47999e-006	4.28293e-010	3.59686e-007	0.000106064	0.0435294	0.900513	0.278961	0.0219384	4.79039e-005	9.47868e-008	6.75669e-011	4.82307e-015	2.31781e-017	5.47064e-021	3.19205e-023	4.42491e-024	5.70431e-024	9.77122e-023	2.38273e-022	1.6248e-022	4.1333e-022	1.70316e-021	7.2536e-021	1.00781e-019	3.38172e-019	1.48193e-020	7.19303e-023	2.03713e-025	2.40837e-028	2.29757e-031	1.5106e-035	2.29432e-039	1.76396e-041	2.08237e-043	1.8461e-046	2.28187e-049	4.18558e-052	2.18655e-055	2.18063e-058	1.20609e-060	1.35576e-063	2.94473e-066	7.89843e-069	1.26578e-066	1.7732e-067	1.01859e-064	2.61626e-067	1.02457e-067	
0	0	3.92494e-015	5.09706e-014	6.52147e-013	3.5252e-011	8.64713e-014	8.77117e-010	8.20325e-011	3.24555e-013	2.30305e-009	1.38914e-005	0.0992383	0.720428	0.977847	0.996521	0.997087	0.948536	0.0136181	6.17193e-005	7.03913e-008	2.79741e-012	1.56862e-015	4.06504e-019	7.77602e-023	2.30078e-027	8.7908e-026	9.12016e-026	6.48649e-024	1.39362e-023	1.49862e-023	5.54318e-023	2.39632e-021	2.89608e-022	1.63127e-023	2.17957e-025	1.97037e-026	1.63184e-028	1.70429e-030	2.58629e-033	1.96397e-036	5.81981e-039	3.20035e-040	8.16889e-041	7.06615e-041	2.58514e-040	1.55953e-039	1.17933e-039	1.03417e-038	2.23047e-038	5.68655e-040	1.08467e-042	1.28958e-044	4.69585e-046	4.52993e-049	
0	0	0	2.44087e-016	2.82591e-016	1.37385e-015	9.11071e-016	9.31064e-014	1.12115e-014	7.02961e-016	6.2177e-013	3.29476e-009	7.53492e-006	0.000592314	0.000115917	2.11324e-005	0.000202425	0.0503414	0.986112	0.999278	0.999798	0.999998	0.999988	0.995138	0.999929	0.999919	0.992266	0.999996	0.999994	0.999803	0.999909	0.999932	0.999942	0.958725	0.999198	0.894532	0.0278981	0.000249395	1.53489e-005	9.77606e-009	9.90184e-012	8.56429e-015	3.28493e-019	4.23865e-023	1.20658e-026	1.666e-028	2.6583e-030	7.27255e-033	1.15258e-033	2.5604e-035	8.43475e-036	1.63144e-037	2.58849e-038	1.36709e-040	9.47599e-043	
0	0	0	7.40901e-020	1.26076e-019	1.49426e-017	9.04069e-014	3.41823e-015	1.74021e-014	1.00194e-014	4.13919e-016	4.07843e-014	1.13985e-008	1.84527e-005	9.54405e-005	0.003354	0.00181413	0.000130839	0.000186519	0.000570986	0.000193761	1.55876e-006	1.19436e-005	0.00486091	7.03278e-005	8.02903e-005	0.00773253	3.61534e-006	5.39341e-006	0.000196784	9.04877e-005	6.84124e-005	5.79516e-005	0.0412513	0.000461945	0.105171	0.675354	0.0935885	0.0751339	0.0219659	0.150951	0.636036	0.00263406	1.03946e-006	4.36305e-011	2.86727e-013	1.00586e-015	1.85492e-018	1.58102e-019	9.28221e-022	2.35015e-020	1.14223e-019	3.46495e-020	7.67043e-021	1.35347e-021	
0	0	0	0	1.1231e-020	1.5867e-020	4.04083e-019	3.95497e-015	2.1798e-017	4.23171e-016	3.26425e-016	3.4312e-016	1.15069e-012	1.55847e-009	3.28683e-006	5.56761e-005	0.000896506	0.000992195	8.38755e-005	8.94836e-005	8.61698e-006	5.71734e-007	3.85036e-008	5.9669e-007	8.01182e-007	2.29688e-007	1.18807e-006	6.1463e-007	1.71803e-007	4.59678e-007	2.61557e-007	7.22167e-008	2.96001e-007	2.32271e-005	0.000340069	0.000296372	0.296748	0.906162	0.924851	0.978034	0.849049	0.363964	0.997366	0.999999	1	1	1	1	1	1	1	1	1	1	1	


1	0.946441	0.696941	0.274792	0.0239133	0.000712065	0.000293124	8.42198e-005	6.04371e-007	1.77323e-007	1.63166e-009	1.63777e-010	5.52087e-012	1.57275e-013	4.67853e-012	1.71277e-009	3.30762e-009	8.06143e-010	4.03773e-011	7.8683e-013	1.53072e-016	3.01666e-020	4.66737e-025	2.21084e-030	1.04297e-034	1.38539e-039	1.48041e-044	5.35667e-050	4.9716e-056	6.69658e-062	9.38416e-067	2.15877e-072	2.06787e-077	2.27316e-081	9.13637e-085	3.15476e-086	1.82165e-085	3.26766e-085	9.28672e-085	2.86436e-084	1.99567e-084	1.25787e-084	7.54642e-085	1.57419e-084	1.55968e-083	9.38019e-083	2.86547e-082	1.55429e-082	1.02654e-082	2.71761e-082	4.90099e-083	5.03288e-084	5.03432e-084	7.14236e-085	2.91891e-085	
0	0.0500128	0.294539	0.61183	0.280787	0.038427	0.113123	0.290809	0.0401628	0.0163389	0.000150314	2.94966e-006	2.14091e-009	1.70541e-012	7.29212e-013	4.5226e-011	5.14507e-011	5.7971e-012	2.9373e-011	1.97549e-012	2.10685e-015	3.51231e-019	4.07683e-024	6.24265e-028	9.39113e-032	8.56918e-036	7.76876e-040	4.95236e-046	6.25947e-054	4.35774e-060	6.51075e-066	3.33543e-072	1.82737e-078	1.99653e-082	2.42713e-086	1.29059e-086	1.09906e-084	2.14316e-083	1.64637e-081	2.0744e-080	5.81165e-080	4.36735e-080	2.75114e-081	8.04546e-083	1.09746e-083	8.7682e-084	2.42505e-084	4.51453e-085	3.5168e-084	1.91065e-083	8.6804e-083	2.93382e-082	3.00982e-082	1.46237e-083	3.70514e-083	
0	0.00354646	0.00852026	0.113378	0.695269	0.960822	0.844496	0.698469	0.959808	0.859426	0.420502	0.098602	1.10773e-006	6.1577e-012	3.11102e-015	6.27992e-015	1.9838e-015	1.65876e-013	5.19978e-012	2.98807e-012	6.86913e-014	5.78995e-017	8.10323e-022	1.8196e-025	1.23976e-028	1.27528e-030	2.50591e-034	2.54675e-038	1.48139e-044	2.90285e-050	5.7474e-056	3.11678e-063	1.57367e-071	1.64327e-077	1.01607e-081	7.7518e-087	5.36215e-085	3.87773e-083	2.25325e-082	2.79696e-083	8.31946e-084	1.4032e-082	7.31611e-085	2.37929e-085	1.19637e-084	1.71078e-086	4.14149e-088	2.204e-086	3.56793e-088	4.54012e-087	2.54703e-087	9.97392e-085	7.4006e-086	2.26518e-085	4.25304e-085	
0	0	2.52474e-008	1.46987e-007	3.09146e-005	3.84029e-005	0.0420857	0.0106367	2.90297e-005	0.124232	0.57898	0.621508	0.0252645	0.00011178	8.56175e-007	9.35713e-011	2.07546e-016	6.0209e-021	7.42419e-018	3.40988e-014	1.39781e-017	1.53626e-016	2.91004e-021	3.93536e-020	5.09179e-019	3.37189e-019	3.61017e-018	8.51239e-020	4.63268e-024	6.60227e-025	1.51791e-026	7.93128e-030	2.17922e-037	7.12641e-044	1.38652e-050	1.04146e-056	1.14652e-059	6.19002e-063	5.01745e-066	1.46919e-067	1.35115e-070	6.22002e-074	1.43905e-078	7.84178e-084	6.44767e-089	7.13324e-089	7.0865e-091	1.02754e-093	2.14735e-092	5.042e-093	5.73062e-093	4.98427e-094	2.62811e-089	4.05227e-091	3.9184e-089	
0	0	1.52041e-009	9.84987e-010	8.26219e-008	5.36941e-008	2.20299e-006	8.9445e-007	1.00971e-008	2.4723e-006	0.000367516	0.279872	0.961678	0.989116	0.844991	0.180005	0.000781636	5.12585e-007	1.90666e-010	6.29469e-014	6.26968e-019	1.30618e-018	4.26959e-020	2.0357e-021	1.42846e-020	4.09689e-020	3.22833e-020	5.82118e-018	2.90946e-019	2.38715e-020	8.26366e-022	9.79707e-023	8.27735e-025	1.31534e-029	1.25144e-034	1.05044e-038	1.17371e-042	8.05769e-048	3.15255e-052	7.2959e-055	4.99457e-059	3.1529e-064	5.76917e-066	6.99532e-068	1.04713e-070	3.46946e-073	3.74431e-075	2.02008e-078	1.33808e-081	7.86002e-084	1.4706e-088	3.04134e-094	1.71924e-090	2.12521e-091	4.84055e-091	
0	0	0	1.74189e-013	1.57658e-013	1.18711e-011	4.30298e-014	6.81896e-010	1.51376e-011	3.00564e-013	2.09941e-009	1.50591e-005	0.0130563	0.0107575	0.154206	0.505982	0.0324527	0.000535879	3.75927e-005	2.04492e-007	2.15145e-010	3.4023e-014	1.49169e-017	3.85506e-023	4.37037e-025	1.33924e-025	9.02365e-025	1.88207e-024	1.74532e-022	4.87746e-023	6.9558e-024	1.54984e-027	1.15744e-025	5.97722e-030	1.12375e-033	1.20768e-037	2.96755e-039	4.71153e-042	7.71105e-044	2.22622e-047	5.16703e-053	1.85088e-057	6.01916e-060	2.97919e-061	1.74242e-061	1.30464e-062	1.06126e-062	3.47146e-065	5.55197e-066	1.82384e-066	4.77846e-070	3.28856e-074	3.10136e-077	4.74763e-081	1.6064e-085	
0	0	0	1.06541e-020	7.27842e-018	3.96564e-018	7.4662e-015	9.41384e-017	1.38476e-014	9.24186e-016	2.68089e-016	1.15877e-012	3.80493e-008	1.2256e-005	0.000119412	0.0186077	0.0144392	0.0502703	0.539355	0.886923	0.997215	0.997732	0.999947	0.999865	0.99945	0.999666	0.999353	0.999724	0.999966	0.999882	0.999844	0.999972	0.999853	0.996163	0.995179	0.892548	0.0730724	0.00186858	7.99409e-005	3.69679e-008	6.5243e-011	2.31255e-013	4.13686e-017	3.8945e-020	9.18186e-023	3.52195e-024	3.08798e-025	1.25232e-026	6.87422e-027	1.18019e-027	1.96778e-028	7.70001e-030	3.1095e-031	1.16582e-032	6.93429e-035	
0	0	0	0	3.63376e-017	1.38782e-017	1.05157e-013	2.10124e-014	2.93114e-014	2.60943e-014	4.27356e-016	3.78556e-013	3.75419e-009	2.15307e-006	0.000682715	0.295405	0.952326	0.949193	0.460607	0.113076	0.0027849	0.00226808	5.33583e-005	0.000135021	0.000550128	0.000334488	0.00064654	0.000276301	3.3597e-005	0.000117608	0.000155517	2.79175e-005	0.000146767	0.00383672	0.00482052	0.107452	0.926928	0.998131	0.99992	1	1	1	1	1	1	1	1	1	1	1	1	1	1	1	1	


1	0.145017	0.0113266	0.00238778	0.000123703	4.55866e-006	9.08869e-007	1.05956e-007	1.3992e-009	2.98096e-011	2.02777e-014	5.55342e-017	1.05691e-020	1.31366e-023	4.31642e-026	1.70691e-026	2.44315e-027	1.82909e-027	2.01854e-029	4.33139e-032	1.71219e-036	1.28191e-042	7.96067e-050	1.22072e-056	7.34182e-065	2.93663e-072	1.51323e-079	1.76963e-087	3.36519e-095	9.69966e-103	9.88497e-111	1.03202e-117	1.18052e-123	1.58815e-127	1.69167e-131	1.0423e-131	3.028e-132	6.72792e-133	8.07002e-134	1.87542e-133	4.26665e-133	8.36659e-133	7.85368e-132	8.68109e-131	7.90927e-130	4.73987e-129	5.20197e-129	1.00875e-128	5.33717e-129	3.99683e-129	5.30318e-130	7.9978e-131	8.12553e-132	5.40384e-132	1.144e-132	
0	0.00318055	0.000731983	0.000514169	6.39926e-006	9.00011e-008	4.04652e-009	3.18101e-010	7.94422e-012	2.78763e-013	2.14724e-016	1.59642e-018	1.38403e-021	4.11644e-024	2.00065e-026	1.8106e-026	7.97687e-027	1.0929e-025	1.8334e-026	3.01992e-028	3.96424e-032	5.14623e-037	1.25236e-044	1.04965e-052	4.5539e-061	1.94366e-069	1.2024e-077	1.41896e-085	9.67864e-094	3.52172e-101	1.71864e-109	7.97607e-117	4.42851e-123	1.82427e-127	2.20132e-131	3.72383e-132	2.74051e-133	9.57131e-134	8.22783e-135	4.98214e-135	3.55963e-135	1.38769e-134	1.79226e-132	9.96854e-131	2.63538e-128	1.62347e-126	1.63432e-125	5.80942e-124	2.67697e-123	4.48871e-122	4.33615e-122	8.15672e-124	5.64152e-124	6.12557e-124	9.68909e-125	
0	0.851802	0.956369	0.789642	0.224833	0.0053289	7.71049e-005	9.49143e-006	2.61961e-008	4.13291e-011	9.44475e-017	4.07787e-018	3.38851e-022	3.84903e-025	1.79751e-027	2.56888e-028	4.34443e-029	3.47008e-030	1.30329e-029	1.29742e-029	3.83949e-034	9.39756e-039	1.10343e-042	1.64099e-050	7.64651e-059	1.93706e-067	9.20085e-076	4.268e-087	2.84328e-096	6.34198e-104	4.81068e-109	1.9986e-116	6.82148e-124	3.88449e-130	6.98348e-133	2.31519e-132	2.06386e-132	8.60694e-133	1.24805e-132	5.92403e-133	3.89254e-133	2.26229e-134	4.74225e-135	7.89502e-134	1.41668e-130	6.07345e-129	8.68672e-128	2.4659e-128	2.61944e-125	2.89949e-125	2.83529e-124	7.3098e-124	2.79688e-123	1.20345e-125	9.6619e-126	
0	0	3.14378e-006	8.14986e-006	1.43524e-006	1.13412e-006	1.96198e-008	1.00421e-008	1.34962e-011	1.39202e-015	2.65688e-019	4.6418e-025	3.08835e-025	1.15377e-028	3.21692e-031	2.98898e-030	2.25311e-030	4.97908e-033	4.33694e-035	3.0379e-036	9.53558e-037	1.20095e-043	1.29108e-047	2.59396e-052	3.93641e-061	9.84176e-070	4.09011e-077	5.82905e-088	6.84446e-098	3.64735e-106	1.95874e-113	1.44344e-118	2.73782e-124	1.81195e-129	4.28845e-136	1.13801e-135	4.08408e-136	4.352e-137	7.48006e-137	7.18909e-136	9.43589e-135	1.91371e-135	1.32272e-136	9.23754e-138	1.40306e-137	1.40174e-134	4.77248e-131	5.92159e-131	1.76202e-130	2.56337e-128	1.54128e-127	7.24419e-126	4.78789e-126	5.55896e-126	4.43925e-129	
0	0	0.031569	0.207448	0.775036	0.994665	0.999906	0.999977	1	0.999997	0.999998	0.998871	2.16961e-006	2.44814e-012	6.03151e-019	2.43494e-024	2.48521e-030	5.05187e-032	4.35526e-034	7.49062e-033	1.93389e-034	2.06654e-039	1.58054e-045	9.0467e-048	6.45453e-054	2.15861e-058	7.69779e-064	2.02891e-070	6.87135e-078	8.62064e-086	1.68921e-093	3.31539e-101	1.81221e-109	3.19727e-116	4.46946e-122	4.93375e-126	2.09424e-126	4.96426e-126	1.00795e-126	4.38825e-127	9.34338e-129	2.32053e-130	4.0312e-134	3.56264e-137	4.98429e-136	1.36099e-133	1.20316e-133	5.90779e-131	8.42239e-134	2.93675e-129	2.05178e-131	1.83326e-127	7.47346e-129	1.58655e-126	2.81673e-127	
0	0	0	6.16634e-008	3.83219e-008	5.06366e-008	1.57333e-005	1.28727e-005	2.3114e-009	2.54798e-006	1.83033e-006	0.00112887	0.999998	0.999949	0.999988	0.995841	0.985641	0.336939	6.93687e-006	1.45284e-011	1.37976e-019	1.21962e-026	3.02916e-034	1.78751e-041	7.37947e-048	1.87751e-055	1.11256e-062	5.91131e-069	1.11368e-073	6.18964e-078	1.55311e-082	3.81797e-086	1.16576e-089	1.73829e-093	1.57688e-098	1.06045e-099	4.42778e-105	1.08433e-110	1.16905e-116	6.32362e-119	1.25591e-120	4.03719e-122	3.07841e-121	4.99733e-120	7.61916e-120	1.75545e-120	1.31101e-119	1.80693e-119	2.37101e-120	1.49158e-122	2.19754e-124	2.84123e-129	2.92455e-129	6.75148e-132	2.8444e-132	
0	0	0	5.92834e-038	1.1917e-014	2.59335e-015	3.47998e-014	8.41301e-012	4.13375e-013	1.89094e-016	1.85471e-011	2.79778e-011	1.99867e-009	9.25753e-007	7.62901e-009	9.00298e-008	4.31934e-006	0.0301088	0.0449491	0.305648	0.985758	0.999939	0.999995	0.999997	1	0.999999	0.999997	1	1	1	1	0.999999	0.999988	0.999316	0.9993	0.141978	3.64689e-006	2.08673e-010	8.92533e-015	9.19402e-019	1.16352e-022	1.48301e-026	2.06231e-030	7.71256e-034	1.90751e-037	4.36551e-041	4.50198e-044	7.67176e-047	8.34063e-050	7.24096e-053	1.07883e-056	1.98209e-060	2.93553e-064	1.01727e-067	9.95352e-072	
0	0	0	0	8.0965e-011	3.23893e-011	1.66915e-010	4.36992e-008	4.31412e-009	8.14761e-012	1.46525e-010	2.08685e-010	1.28118e-008	4.96211e-005	1.21269e-005	0.00415857	0.0143543	0.632953	0.955044	0.694352	0.0142424	6.08843e-005	4.69847e-006	3.18251e-006	2.93378e-007	7.90005e-007	2.57921e-006	5.87664e-008	5.76126e-008	3.85411e-007	3.83283e-007	7.39255e-007	1.18292e-005	0.000683824	0.000699915	0.858022	0.999996	1	1	1	1	1	1	1	1	1	1	1	1	1	1	1	1	1	1	


1	0.23887	0.0145584	0.0127992	0.00091693	0.000329362	0.00100016	0.000186323	5.33121e-005	1.12592e-005	2.96862e-006	3.37641e-008	1.27538e-008	8.96585e-010	7.93962e-010	4.37763e-009	2.88034e-009	8.37253e-010	1.05046e-010	3.33398e-012	3.11046e-014	1.39439e-017	6.71223e-021	9.44899e-024	2.47166e-026	2.31019e-029	2.59281e-032	1.34052e-035	1.23921e-038	1.73766e-041	6.9988e-044	1.35143e-046	1.8903e-049	5.97598e-050	1.06787e-051	1.19796e-053	4.02789e-053	9.10077e-053	2.05838e-052	1.35806e-052	2.35524e-053	1.26985e-053	8.29206e-055	3.44928e-055	1.95911e-055	7.20199e-056	1.54059e-056	6.44446e-056	1.57332e-056	2.43937e-056	3.809e-056	1.37237e-056	4.7003e-058	7.26701e-058	1.31643e-058	
0	2.26198e-005	1.04794e-006	2.56332e-006	1.05809e-006	1.05524e-007	2.06676e-007	8.8873e-008	6.75913e-008	6.93573e-010	6.65209e-008	9.03342e-011	2.3409e-011	5.17214e-013	2.5801e-014	3.19994e-013	1.27029e-012	1.13387e-011	1.47238e-012	3.91763e-016	2.11242e-017	7.62622e-020	1.16382e-023	4.03975e-027	1.9574e-030	1.34605e-031	9.48413e-036	4.66435e-036	4.16597e-038	2.07238e-041	3.62048e-046	3.18031e-049	2.10172e-051	5.52016e-053	1.07608e-053	7.90269e-057	2.11158e-056	1.04987e-055	2.19e-056	1.13748e-057	1.46119e-057	5.77459e-057	1.50232e-059	1.12856e-058	5.8664e-058	2.62668e-059	2.1287e-059	5.43011e-057	1.47061e-058	4.6742e-059	1.58833e-058	5.60979e-058	8.10964e-062	2.5628e-059	3.00839e-061	
0	0.761107	0.969764	0.913975	0.993322	0.99111	0.998524	0.99958	0.999369	0.998793	0.994086	0.825967	0.736474	0.533268	0.786509	0.86755	0.938445	0.865717	0.449133	0.147332	0.00631094	0.000120109	3.22949e-007	2.93528e-009	1.97156e-010	2.29443e-012	6.85107e-014	1.04605e-015	1.66622e-017	9.7082e-019	1.07798e-019	1.60955e-021	2.33695e-023	3.35024e-024	1.23138e-024	1.88406e-025	2.34874e-024	2.58438e-023	9.00884e-023	6.00848e-023	2.42378e-024	2.34502e-025	2.74977e-026	1.81282e-026	1.04236e-025	4.07754e-026	1.37967e-025	8.26494e-025	1.21214e-024	3.64442e-024	1.18591e-024	6.23409e-025	4.18947e-026	8.5686e-026	4.62078e-026	
0	0	0.0156754	0.0731841	0.00495832	0.00849913	0.000342468	0.000217212	0.000565974	0.00118907	0.00587342	0.173987	0.260321	0.463716	0.213099	0.131737	0.0569233	0.123579	0.046761	0.000729019	2.35133e-005	3.73867e-005	1.21093e-007	4.12751e-011	1.06512e-011	4.1407e-014	1.86893e-016	3.06069e-017	1.14892e-018	9.43374e-021	6.79346e-021	2.82389e-022	3.14823e-024	3.98873e-027	1.10806e-027	5.05237e-029	1.04892e-026	1.58569e-025	2.66115e-025	4.3331e-026	9.4704e-028	3.26556e-028	1.84922e-028	3.78737e-028	5.6878e-027	2.12827e-027	6.50853e-027	1.38403e-026	2.35925e-026	7.85715e-026	4.1509e-027	2.05617e-028	4.1333e-027	1.51198e-028	1.06539e-029	
0	0	9.73352e-007	3.91375e-005	0.000801028	5.51026e-005	0.000108239	2.48874e-006	8.99676e-006	5.4127e-007	3.64545e-005	4.49638e-005	0.00320196	0.00293548	0.000296248	0.000233313	0.00159075	0.0103187	0.503944	0.851443	0.993478	0.999435	0.999529	0.998895	0.9901	0.997948	0.996422	0.999664	0.999639	0.999131	0.982543	0.995792	0.999093	0.992897	0.998715	0.998433	0.694688	0.568985	0.493518	0.000897766	5.1351e-007	3.90949e-010	1.06105e-013	2.08779e-016	2.61618e-018	2.39489e-020	1.02199e-021	8.76869e-022	6.43701e-022	5.39417e-022	1.47752e-022	1.09934e-022	6.55823e-025	1.16857e-024	2.17619e-025	
0	0	0	8.43747e-008	1.60481e-007	6.55627e-006	1.90927e-005	9.02857e-006	3.54578e-007	1.33596e-007	5.64843e-008	1.13566e-007	1.93188e-006	7.92493e-005	7.55418e-005	5.38738e-005	1.06012e-005	8.47222e-007	1.93962e-005	0.000477879	0.000186192	0.000406019	0.000470203	0.00110436	0.00989472	0.00205037	0.00357639	0.000335493	0.000360936	0.000869304	0.0174563	0.00420236	0.000906446	0.00709875	0.00127726	0.00156299	0.304416	0.329736	0.317842	0.29819	0.293547	0.498802	0.00354795	2.90888e-005	4.24991e-007	2.09366e-009	4.75737e-011	8.0394e-013	2.4909e-014	2.4151e-016	4.86099e-016	8.99313e-016	2.13662e-016	2.47712e-017	9.41877e-019	
0	0	0	2.28383e-011	7.93273e-009	6.88582e-008	5.76196e-006	3.70719e-006	7.2268e-007	1.63937e-007	4.61361e-008	1.27169e-009	4.37783e-009	1.59412e-007	1.8109e-005	0.000419928	0.00300787	0.000350418	0.000121373	9.13807e-006	9.28193e-007	1.7265e-006	4.78353e-008	2.64178e-007	4.86857e-006	1.70313e-006	1.17061e-006	4.30056e-007	3.57092e-008	1.22089e-007	1.1773e-006	5.41834e-006	6.07643e-007	4.64697e-006	7.58005e-006	3.70015e-006	0.000886413	0.0996605	0.0580433	0.124371	0.207476	0.20181	0.936709	0.887418	0.455233	0.0183305	0.00576904	0.0191715	0.00784529	0.00355603	0.00278497	0.00737278	0.00441894	0.0359973	0.007792	
0	0	0	0	1.03954e-010	1.81415e-009	2.54309e-007	1.59044e-006	1.86781e-006	6.04212e-006	9.26545e-007	4.83151e-007	4.65967e-007	2.62039e-007	2.13522e-006	5.79998e-006	2.23036e-005	3.36568e-005	2.06443e-005	8.86485e-006	9.64709e-008	1.78731e-009	1.24552e-009	3.52848e-010	3.6741e-009	1.21522e-008	1.70616e-009	9.48625e-010	1.74845e-010	9.00141e-011	3.95084e-009	4.72434e-008	2.3473e-009	1.52238e-008	2.46023e-007	3.49874e-007	1.00318e-005	0.00161869	0.130596	0.576541	0.498976	0.299388	0.0597436	0.112553	0.544766	0.98167	0.994231	0.980829	0.992155	0.996444	0.997215	0.992627	0.995581	0.964003	0.992208	


1	0.99843	0.999916	0.999276	0.997988	0.991897	0.90196	0.941703	0.546757	0.071208	0.00163638	6.93058e-005	5.013e-006	3.04943e-007	1.22233e-006	2.38745e-006	3.62149e-007	1.20986e-007	2.06651e-009	7.31639e-011	9.46749e-013	3.1335e-015	6.55634e-016	8.70189e-018	1.2202e-020	2.5595e-023	6.18825e-026	1.26898e-030	1.38118e-033	6.21489e-037	7.20413e-040	5.71916e-042	4.5769e-046	1.83707e-047	1.07157e-048	5.49205e-049	7.48325e-048	2.18152e-047	1.09275e-046	2.02699e-046	6.40656e-047	6.75434e-048	1.26099e-047	9.0291e-047	4.78337e-045	7.31122e-044	6.69802e-042	1.26911e-040	2.00954e-039	5.28814e-038	8.43612e-039	3.079e-039	6.68741e-039	2.94912e-038	5.50354e-038	
0	0.00113506	2.75689e-005	0.000542714	0.000156719	4.83449e-005	0.00195569	0.0128587	5.36656e-006	0.000219532	1.0179e-007	7.85918e-008	0.000326513	0.000308132	0.373176	0.832613	0.76556	0.00294162	6.6207e-008	7.99455e-012	3.58966e-016	1.07441e-017	4.79779e-017	1.19508e-021	5.41866e-021	1.94131e-026	1.02605e-028	9.12945e-033	7.64485e-034	8.2502e-037	1.40264e-037	2.79646e-039	2.68404e-042	2.07024e-044	2.12895e-047	2.98677e-048	5.25643e-051	1.26303e-052	2.13316e-050	6.2048e-047	4.47829e-046	2.31252e-046	3.15468e-046	2.7236e-045	7.55614e-045	3.17699e-044	6.87857e-041	5.88851e-041	1.1058e-038	2.81288e-039	6.42092e-039	3.57251e-041	2.23462e-038	4.01496e-040	1.59358e-042	
0	0.000434779	3.15799e-005	1.42929e-005	3.36539e-005	5.97983e-005	0.000106763	0.00153475	1.23148e-005	8.28191e-006	2.17972e-007	1.22912e-008	1.42075e-006	1.62156e-005	0.00125816	0.129699	0.223957	0.00448729	1.40661e-006	9.58618e-010	4.31216e-013	1.34692e-016	4.08759e-017	8.87392e-020	1.40449e-021	9.60277e-026	4.73858e-028	4.18705e-033	2.08846e-034	2.1673e-036	1.05212e-037	3.15367e-039	2.40754e-042	8.41559e-044	2.97864e-046	1.33726e-047	1.4238e-049	4.08235e-052	3.62953e-051	1.17684e-049	1.14298e-048	2.04055e-048	3.05851e-047	1.24254e-046	5.17715e-046	1.14869e-045	1.40793e-042	9.76349e-042	6.71262e-040	1.78924e-039	1.27617e-040	1.06949e-041	1.75279e-040	2.48383e-040	4.425e-043	
0	0	2.52747e-006	1.34574e-007	6.6914e-007	4.66916e-007	4.36376e-007	5.15154e-007	1.07355e-005	1.71351e-008	5.69252e-008	1.55614e-010	8.59773e-012	6.22794e-008	1.38241e-006	0.0051635	0.00637053	0.988435	0.989416	0.342659	0.829593	0.905032	0.944537	0.590555	0.0195993	0.0013463	0.000187707	2.71402e-006	2.3451e-007	4.76606e-009	2.07343e-011	3.58431e-012	8.98917e-015	3.9521e-014	1.94923e-013	4.52054e-014	2.17559e-014	6.57443e-015	7.49699e-016	7.46514e-018	1.35554e-020	2.56597e-023	2.7544e-023	4.81641e-023	1.52589e-022	2.57685e-022	1.75812e-021	1.97795e-020	4.94217e-020	1.6106e-018	7.8702e-020	6.5559e-021	7.23481e-022	1.02316e-021	3.61786e-022	
0	0	2.18483e-005	0.000166874	0.00182008	0.00799427	0.095964	0.0438595	0.453214	0.927768	0.995262	0.372503	6.04533e-005	7.32424e-009	7.16324e-010	2.09488e-008	9.82176e-008	0.000652109	0.0101468	0.657251	0.170336	0.0778074	0.00530394	0.364076	0.0141135	0.00554717	0.000784542	3.30015e-007	4.56143e-011	1.66686e-011	5.09812e-014	1.08488e-015	5.14196e-020	9.85136e-019	5.56338e-017	1.03858e-016	9.2836e-013	1.23147e-010	6.10729e-009	6.57232e-009	2.02446e-011	6.69363e-014	3.88006e-016	6.70206e-018	5.0326e-018	7.62946e-018	3.26615e-019	4.85919e-020	5.46611e-022	1.33661e-020	9.9925e-022	3.95716e-022	2.69555e-023	1.64954e-023	4.27964e-021	
0	0	0	1.96865e-009	5.47939e-007	1.96651e-007	1.30357e-005	4.34302e-005	7.1044e-007	0.000796393	0.00310072	0.627427	0.831653	0.796369	0.432333	0.000340687	1.75427e-007	2.06439e-009	1.81597e-008	3.93187e-005	4.93503e-005	0.0171459	0.010356	0.0355404	0.96325	0.991821	0.985729	0.999128	0.707659	0.375411	0.0726784	0.0420187	2.81703e-005	3.35523e-009	8.91498e-013	4.25233e-016	1.28445e-018	3.13084e-017	1.12189e-014	9.23508e-011	2.98173e-013	8.36392e-017	2.02689e-015	3.65286e-016	3.43543e-017	5.47835e-018	2.65473e-017	1.09342e-018	4.32193e-020	2.67203e-021	2.16589e-026	3.73422e-028	1.42522e-025	9.29939e-027	3.44282e-027	
0	0	0	1.18228e-012	4.22338e-012	2.83051e-010	4.36489e-011	1.57655e-008	4.69338e-009	1.70545e-009	5.41865e-007	1.09973e-006	0.167953	0.202831	0.187443	0.026824	0.00391208	0.00339131	0.000407566	3.27593e-006	9.16092e-006	7.89834e-006	0.0397764	0.00136643	0.00167408	0.000882663	0.0131544	0.000865888	0.292338	0.623925	0.924457	0.9237	0.999773	0.407955	0.0524591	0.00374039	3.66806e-005	2.10571e-008	9.42816e-011	3.62346e-013	2.75111e-014	2.50278e-016	4.45814e-017	6.41103e-016	3.95068e-016	5.01908e-016	1.23669e-013	1.05207e-013	6.55019e-012	6.49162e-011	2.98893e-012	1.48696e-014	1.5918e-015	8.16312e-017	2.09206e-020	
0	0	0	0	3.14981e-015	1.33692e-014	9.95082e-011	9.20876e-012	5.9825e-011	2.52316e-011	2.3599e-011	3.84478e-010	2.905e-009	0.000475103	0.00578739	0.0053571	0.000199832	9.23493e-005	2.84113e-005	4.73807e-005	1.18732e-005	6.45217e-006	2.69826e-005	0.00846219	0.00136287	0.000402509	0.000144313	3.0119e-006	2.94323e-006	0.000664266	0.00286495	0.0342814	0.000199057	0.592045	0.947541	0.99626	0.999963	1	1	1	1	1	1	1	1	1	1	1	1	1	1	1	1	1	1	


1	0.990193	0.926876	0.89796	0.979379	0.937127	0.917848	0.999061	0.952762	0.760834	0.00408628	4.06754e-005	2.65611e-007	3.56016e-009	1.62733e-010	9.59556e-011	3.97743e-012	1.69715e-013	1.26643e-015	3.66204e-017	7.34249e-020	5.90881e-023	1.17867e-025	8.69316e-029	6.07314e-031	2.93618e-033	4.56544e-036	5.96993e-039	6.17983e-042	6.29525e-045	3.86572e-047	3.44158e-050	1.73344e-053	1.26619e-056	1.25122e-059	5.68625e-062	8.8214e-061	2.59037e-060	3.82261e-060	5.67522e-060	2.1346e-061	5.03591e-063	7.4539e-064	4.24686e-065	2.07345e-065	3.47733e-065	2.35482e-065	3.23827e-066	2.33164e-066	2.26429e-066	2.02675e-066	5.23998e-066	6.32309e-066	2.15832e-066	9.25433e-066	
0	0.00979243	0.0730943	0.101879	0.0205436	0.0628644	0.0820971	0.000930623	0.047238	0.239059	0.995794	0.73578	4.75746e-005	4.32176e-008	1.32779e-012	3.28477e-013	1.0956e-015	1.63741e-014	8.57257e-018	3.36806e-019	3.74143e-022	1.38628e-022	1.42208e-025	1.36093e-026	1.20753e-027	1.34896e-027	4.38832e-029	4.76959e-030	1.08892e-032	5.38057e-037	5.28871e-040	3.64479e-042	1.37042e-046	1.09991e-051	8.1986e-057	1.36179e-062	1.53732e-061	1.64493e-060	1.76279e-061	2.16829e-061	4.57788e-064	7.17516e-066	1.03929e-066	1.15138e-067	7.18089e-068	2.91211e-068	1.45085e-069	1.99863e-068	2.22693e-071	1.61015e-068	1.33411e-070	1.08716e-069	2.46781e-070	1.2095e-068	3.9705e-067	
0	1.42654e-005	2.93679e-005	0.000161251	7.68671e-005	8.31547e-006	5.46311e-005	8.64221e-006	1.07491e-007	0.000107623	0.000119319	0.26418	0.754421	0.199056	0.0209452	0.00106543	7.53019e-006	2.0046e-007	3.09443e-011	4.42576e-015	1.83401e-020	1.70224e-023	4.85484e-025	5.92099e-029	2.89243e-028	1.71619e-029	2.81097e-031	1.31338e-029	4.5242e-030	7.54882e-033	2.95613e-034	6.42945e-036	2.93064e-037	2.1473e-041	1.87716e-046	3.15867e-051	7.48823e-054	1.28127e-057	3.1635e-061	7.14003e-063	3.75422e-066	4.30697e-068	1.37416e-066	9.64605e-067	5.93167e-068	2.02516e-068	2.59375e-068	3.91227e-069	4.31492e-070	4.18385e-070	7.12059e-072	7.87106e-073	9.60919e-071	2.73177e-071	1.54449e-071	
0	0	2.30502e-009	1.48734e-008	9.99545e-009	3.9366e-009	1.76625e-009	9.57611e-008	3.80478e-011	3.78954e-009	3.58918e-009	1.64559e-007	0.245531	0.80093	0.979045	0.998453	0.997834	0.0421022	5.73812e-005	2.22676e-008	4.19254e-012	3.2463e-015	1.65844e-016	2.91193e-021	2.02601e-022	5.92442e-026	1.14965e-029	1.01318e-031	4.38735e-030	1.83938e-030	2.28491e-029	1.70723e-030	6.38298e-030	9.70258e-033	3.07856e-036	1.17319e-039	2.20226e-042	8.61651e-047	1.28751e-050	1.43189e-053	3.43674e-057	2.90844e-060	1.30458e-061	5.85953e-063	2.19182e-064	4.18235e-065	8.45358e-064	1.43932e-065	1.59603e-064	1.38918e-065	3.76703e-066	1.42716e-068	2.01745e-068	3.43104e-071	1.81199e-075	
0	0	4.07313e-015	1.79883e-014	1.86296e-012	8.73148e-013	5.38031e-013	5.23519e-014	1.213e-011	1.27754e-015	1.32997e-014	7.57031e-015	4.5728e-012	1.38114e-005	9.38969e-006	0.000390751	0.00215026	0.956591	0.995883	0.993358	0.995219	0.999592	0.998959	0.979066	0.992284	0.809237	0.95687	0.969087	0.999061	0.999711	0.999535	0.998515	0.999854	0.988338	0.999786	0.999739	0.0307185	0.000438556	2.10306e-006	2.01746e-010	1.43605e-015	2.68557e-021	6.06629e-024	2.56277e-027	1.44584e-030	7.8733e-033	1.67395e-034	5.89668e-036	7.62338e-037	4.94491e-037	2.13685e-038	2.1687e-039	1.47435e-041	1.48506e-042	6.42441e-043	
0	0	0	9.08022e-012	1.6037e-012	5.45181e-012	1.02136e-010	5.77301e-013	2.00979e-010	2.73509e-012	3.35636e-013	9.05429e-015	5.80814e-014	6.44125e-008	2.15999e-007	9.04654e-005	5.9363e-006	0.00130592	0.00405927	0.00662849	0.00478072	0.00040682	0.00104121	0.0209336	0.00763228	0.190735	0.0430506	0.0308884	0.000927859	0.000288681	0.000464373	0.00148447	0.000145705	0.0116622	0.000213539	0.00026092	0.969025	0.930965	0.973157	0.0701627	0.000166462	7.02399e-007	8.38222e-011	3.51364e-015	2.21241e-019	1.95491e-021	3.50872e-025	8.62528e-028	1.35329e-030	4.14218e-032	7.39236e-032	1.61116e-031	1.85967e-033	6.96379e-035	3.00129e-034	
0	0	0	1.83681e-022	3.20035e-014	6.06941e-015	1.23757e-011	3.86878e-012	3.6446e-014	6.67972e-012	2.83478e-014	1.16177e-017	3.74314e-018	2.76299e-017	1.66996e-010	7.41062e-008	9.93837e-007	3.97506e-009	9.97772e-008	1.21848e-005	5.34357e-007	3.14697e-007	5.21525e-008	2.35962e-007	7.37588e-005	2.63011e-005	7.37117e-005	5.22314e-006	1.76836e-006	3.01567e-008	5.02631e-007	3.7849e-008	5.41887e-008	5.40399e-008	4.19411e-007	3.84379e-008	0.000239367	0.0604947	0.0236615	0.903254	0.993492	0.994471	0.180898	0.00232474	5.85328e-006	8.82258e-008	3.27247e-010	2.06767e-012	3.04111e-014	8.07722e-017	2.58729e-016	9.21859e-016	9.17765e-016	1.23704e-016	7.95297e-017	
0	0	0	0	3.80731e-014	1.18684e-014	6.73971e-014	5.11381e-013	5.73979e-014	1.06211e-012	3.91929e-014	8.60593e-016	8.57897e-017	2.19155e-016	3.81076e-010	3.1484e-008	1.257e-006	3.10696e-007	3.34804e-007	1.60111e-006	1.48937e-007	3.88426e-007	1.85341e-008	8.77847e-009	1.02722e-005	1.65445e-006	5.95506e-006	1.97998e-005	9.22948e-006	8.32572e-008	1.36287e-007	3.45875e-008	2.8953e-007	5.83369e-009	2.32641e-007	1.20991e-008	1.69581e-005	0.0081016	0.00317983	0.0265834	0.00634127	0.00552812	0.819102	0.997675	0.999994	1	1	1	1	1	1	1	1	1	1	


1	0.288262	0.00591338	0.00244054	0.000102854	5.88336e-006	2.25421e-006	4.91313e-006	7.35075e-008	7.52414e-009	8.80577e-012	4.35053e-014	3.13412e-013	7.28861e-014	4.15992e-014	1.31641e-014	3.74747e-015	5.8008e-015	4.26069e-015	7.03141e-015	3.06461e-014	2.63541e-015	1.15224e-016	6.42285e-019	6.99434e-021	7.48663e-024	1.11004e-025	1.83227e-028	2.77677e-031	1.16138e-032	2.41193e-034	1.20734e-036	5.16529e-039	2.34002e-039	2.35652e-040	2.9664e-040	1.88555e-039	4.61827e-039	2.09005e-038	1.62374e-037	5.61103e-037	1.18941e-036	2.12729e-037	5.107e-038	7.03487e-038	2.8514e-038	6.39714e-038	5.55582e-038	2.22064e-038	1.92614e-038	5.37193e-039	8.21099e-039	3.37568e-039	9.6356e-040	1.85476e-039	
0	0.593584	0.318626	0.373838	0.147107	0.012623	0.00634707	0.0120942	0.000304502	1.54369e-005	5.2244e-008	3.9476e-010	3.57245e-009	2.68877e-009	2.16891e-009	4.76248e-010	9.63843e-011	9.02933e-011	2.84589e-010	1.71922e-009	1.01381e-008	3.483e-009	1.59127e-009	1.10682e-011	1.30435e-014	2.07091e-017	4.99746e-020	2.10219e-022	1.07422e-024	1.56868e-026	5.52412e-029	5.1025e-031	5.33589e-033	6.90719e-034	4.22993e-034	5.09188e-034	2.35857e-033	1.05272e-032	5.67558e-032	4.62498e-032	4.56609e-032	2.03392e-032	3.03943e-033	6.45822e-034	4.58928e-033	9.79173e-033	2.08034e-032	7.70735e-033	6.82379e-033	2.29357e-032	6.89563e-033	1.08744e-032	7.7134e-033	5.14876e-033	1.93673e-032	
0	0.118154	0.651245	0.413562	0.802104	0.940222	0.208975	0.810269	0.941938	0.627809	0.0137966	0.000993398	8.2867e-005	1.55405e-006	6.13184e-009	1.15644e-011	7.70674e-013	4.35635e-011	2.26715e-010	1.23137e-009	2.06509e-008	1.52677e-008	3.71444e-010	2.68531e-011	6.20198e-014	2.64532e-016	3.8168e-018	2.09115e-020	1.98957e-023	4.42349e-025	1.81862e-028	1.063e-031	1.52097e-034	1.84419e-035	3.81775e-035	1.08863e-034	1.19645e-032	1.02922e-030	1.30698e-029	6.17998e-030	1.58723e-031	1.10196e-033	2.03215e-034	3.31599e-035	5.33914e-034	3.79438e-034	6.24599e-034	1.54426e-033	1.9863e-034	3.48562e-033	1.08243e-035	1.10667e-033	1.52373e-035	6.47923e-034	2.17755e-032	
0	0	0.024215	0.209698	0.0494956	0.0470598	0.77713	0.087599	0.0569907	0.361176	0.975748	0.83158	0.0894286	0.00138992	3.01348e-007	7.88175e-011	1.07759e-014	1.92027e-012	1.36505e-011	6.26856e-010	4.03281e-009	9.38456e-008	4.42783e-008	2.12174e-008	2.36209e-010	3.90056e-011	4.30152e-012	5.79066e-013	4.7993e-015	8.88128e-018	7.47365e-021	4.42117e-023	5.02773e-026	1.10661e-027	4.59491e-029	1.73034e-030	9.01603e-030	1.37036e-028	7.49895e-028	7.81788e-028	3.29522e-029	3.62772e-031	1.53659e-034	8.4963e-037	2.83813e-036	2.0367e-035	7.16706e-037	7.08016e-035	6.45011e-037	9.35374e-035	4.26216e-037	3.74655e-036	3.65665e-038	8.1704e-036	4.43561e-033	
0	0	6.13634e-007	0.000456307	0.00118217	8.61941e-005	0.00751629	0.0892269	0.000682657	0.0109797	0.0101705	0.16701	0.344942	0.00882735	7.37878e-006	1.96156e-010	1.46081e-014	3.92387e-016	4.52573e-014	4.64281e-011	7.77711e-010	4.05103e-009	8.39476e-009	1.67307e-008	9.34937e-009	1.54675e-009	1.46609e-010	5.58635e-013	3.04234e-016	2.36875e-017	3.60105e-019	2.00022e-022	1.11194e-025	3.02805e-028	7.35721e-031	7.83904e-031	3.63395e-030	9.02404e-030	2.63956e-028	2.87099e-027	1.84139e-028	5.00643e-030	7.80932e-034	4.59554e-037	2.28893e-039	7.67709e-039	2.96729e-038	3.38205e-040	1.64262e-038	2.34524e-039	2.39447e-039	4.07887e-040	2.37111e-040	8.58296e-042	5.31837e-037	
0	0	0	5.05519e-006	8.28659e-006	2.89026e-006	2.78779e-005	0.000632238	7.78546e-005	1.7671e-005	0.000272321	0.00037427	0.473652	0.512007	0.011237	3.65331e-005	3.4554e-007	3.11831e-007	5.34746e-007	3.57753e-006	8.63365e-005	0.00932344	0.372027	0.983611	0.99931	0.999058	0.998929	0.998385	0.979071	0.993083	0.996079	0.99134	0.994192	0.954522	0.959819	0.872967	0.959143	0.97077	0.983011	0.961695	0.673683	0.249265	0.00176892	3.76655e-005	3.00964e-006	2.03317e-007	2.18952e-008	1.21323e-009	5.0602e-011	8.41455e-012	1.00793e-013	2.45616e-014	4.35311e-016	3.32353e-017	1.77608e-017	
0	0	0	1.03806e-008	6.63703e-008	1.50589e-007	1.49458e-006	0.000173096	6.44601e-006	2.40088e-006	1.28935e-005	4.30571e-005	0.0874892	0.0182945	0.000482922	3.06058e-007	1.16084e-009	1.55522e-010	1.59778e-010	6.63466e-010	1.37293e-008	1.26641e-006	0.00140008	8.84789e-005	5.39546e-005	0.000786393	3.7717e-005	0.000519935	0.0189942	0.000549048	0.000976758	0.00128275	0.0012647	0.00800774	0.0240827	0.00397349	0.00490773	0.0186452	0.00658047	0.0033543	0.0249006	0.161122	2.87135e-005	4.4312e-007	8.44905e-008	3.92132e-009	8.26767e-011	3.75423e-012	2.6298e-013	1.29475e-015	3.16799e-016	9.8743e-016	1.19765e-017	4.68272e-020	1.21897e-020	
0	0	0	0	1.938e-009	1.86701e-009	7.68467e-008	2.23715e-007	4.94894e-008	3.94698e-008	4.82248e-009	6.605e-008	0.00440548	0.459479	0.988272	0.999963	1	1	0.999999	0.999996	0.999914	0.990675	0.626573	0.0163001	0.000635736	0.000155614	0.00103349	0.00109465	0.00193497	0.00636845	0.0029443	0.00737772	0.00454288	0.0374707	0.0160987	0.12306	0.0359491	0.0105851	0.0104086	0.0349505	0.301416	0.589613	0.998202	0.999962	0.999997	1	1	1	1	1	1	1	1	1	1	


1	0.472248	0.080139	0.0132175	0.00167194	0.000254698	0.000324964	0.000111498	1.38199e-005	1.54499e-006	1.624e-007	3.26921e-009	1.01847e-010	4.24184e-012	4.5923e-012	8.87723e-011	6.25578e-010	2.96196e-010	2.01647e-010	7.29124e-010	1.8046e-010	2.41702e-012	1.15118e-015	2.0445e-017	1.31643e-018	7.75466e-020	6.38513e-021	3.83401e-022	1.14857e-025	1.4179e-027	5.81857e-030	3.60459e-033	1.41439e-036	1.46716e-038	1.86669e-039	5.79432e-040	1.41899e-038	4.75167e-038	1.68824e-037	8.1696e-038	3.78863e-039	3.19851e-040	1.96522e-040	1.16267e-040	1.96038e-040	1.15425e-040	3.30666e-041	1.33555e-041	2.58077e-042	1.60828e-042	4.13585e-043	3.98335e-043	3.068e-043	5.20874e-043	2.09865e-042	
0	0.287085	0.00220842	0.00147335	8.09173e-005	6.33798e-006	0.00518863	0.00214741	3.71876e-005	1.0174e-005	7.71313e-007	2.7413e-009	1.59429e-010	2.06454e-012	3.28225e-012	2.75188e-011	4.47943e-011	7.75987e-013	1.73678e-012	1.68572e-010	1.35626e-011	3.99237e-014	5.46084e-015	1.7616e-016	1.15602e-017	1.64633e-018	4.44205e-020	1.8536e-022	5.30625e-026	5.43711e-029	4.90425e-030	8.23536e-033	2.70185e-036	3.57958e-037	3.5621e-038	4.36107e-038	3.93627e-037	1.9956e-037	1.48202e-036	8.74459e-036	6.65175e-035	2.8318e-034	1.73742e-035	7.38382e-037	1.37468e-038	7.65587e-040	4.39522e-042	5.47274e-043	6.51625e-044	4.82356e-045	3.33899e-043	2.01913e-042	8.13141e-043	3.78558e-043	1.46307e-042	
0	0.240667	0.916322	0.984671	0.997925	0.999308	0.992493	0.997215	0.999853	0.995049	0.854494	0.295429	0.000608792	1.74725e-006	4.79105e-008	1.01082e-008	4.44457e-010	3.71505e-011	1.51762e-011	1.28349e-010	2.05893e-011	1.86033e-012	6.70398e-015	2.8803e-015	3.9322e-016	3.4977e-016	6.01018e-017	4.25115e-018	5.57505e-022	5.50657e-024	4.84507e-027	1.72961e-030	3.47323e-035	9.09014e-039	5.42841e-039	8.80741e-040	3.74261e-036	3.24938e-034	1.22271e-032	3.46063e-033	9.23119e-036	7.51006e-038	2.44237e-036	1.32073e-037	4.55089e-037	1.71712e-038	2.80775e-040	1.28449e-041	1.78859e-044	4.41953e-044	4.57054e-046	2.87392e-044	2.58652e-044	9.23186e-044	3.94233e-042	
0	0	0.00133099	0.000638132	0.000321979	0.000430842	0.00199344	0.000525653	9.55107e-005	0.00493961	0.145503	0.704563	0.998027	0.998017	0.999423	0.995921	0.964233	0.735646	0.0772121	0.0400381	0.000707894	7.52533e-006	2.95083e-008	2.47076e-010	5.52083e-011	8.08974e-012	1.75089e-013	3.98735e-013	1.46875e-014	5.01095e-016	1.1654e-017	2.25932e-020	6.43858e-022	1.50203e-024	1.06211e-026	1.48572e-028	3.32732e-029	4.31378e-031	2.10662e-032	5.49171e-034	2.01799e-037	2.47374e-039	9.15679e-040	1.29417e-037	9.70547e-038	2.45784e-038	7.18521e-039	2.58971e-039	7.90692e-041	1.0019e-041	1.49086e-045	1.96774e-049	8.19656e-048	4.38537e-046	2.19529e-046	
0	0	1.75476e-022	9.36795e-009	9.54054e-010	1.26157e-009	5.81675e-008	1.93605e-008	3.35811e-009	3.51575e-010	2.4356e-006	8.1185e-006	0.00135925	0.00197764	0.00057191	0.00373778	0.0142154	0.250277	0.915752	0.904476	0.992631	0.998965	0.963568	0.6155	0.835315	0.574669	0.279022	0.962778	0.999404	0.9934	0.97433	0.95375	0.997761	0.817998	0.981438	0.532988	0.0018552	2.53916e-006	1.28295e-008	7.02312e-013	4.65914e-017	1.4142e-020	3.71535e-025	1.58464e-028	9.60587e-032	1.25944e-033	4.68176e-036	3.99416e-038	1.30283e-039	4.95651e-041	5.56158e-043	3.33017e-045	2.92797e-048	2.09062e-050	8.04906e-050	
0	0	0	3.11325e-010	6.0217e-012	5.97819e-012	8.35617e-008	6.58912e-009	3.7149e-011	1.16802e-011	1.62028e-008	1.68272e-008	5.04526e-006	3.38119e-006	4.02944e-006	9.59086e-005	7.81649e-005	2.75467e-006	0.000700902	0.0256208	0.00253637	0.000960721	0.0364307	0.383839	0.138332	0.37637	0.704601	0.0317154	0.000586535	0.00659949	0.0256501	0.0462438	0.00223336	0.181977	0.0162771	0.460702	0.0264063	0.00026227	6.68413e-005	7.8517e-007	6.19931e-008	3.50977e-009	2.12487e-013	1.17621e-017	6.8448e-022	5.35043e-025	5.01983e-029	1.51492e-032	2.00848e-035	1.57474e-038	1.97284e-038	3.65786e-038	1.2027e-039	8.74636e-042	7.31998e-043	
0	0	0	1.56401e-030	3.66723e-013	1.92542e-014	4.25642e-011	1.60063e-009	5.02259e-011	5.80112e-012	7.26941e-012	1.95865e-011	2.70458e-011	1.01519e-008	7.57058e-008	1.19917e-005	0.000127058	3.61934e-006	5.60058e-007	0.000523024	0.000654562	1.44691e-005	2.61237e-007	0.000642456	0.0252756	0.0481496	0.0149652	0.00509334	2.19014e-006	1.67232e-007	1.13113e-005	2.17066e-006	1.13681e-006	2.15406e-005	0.00188183	0.00137006	0.934112	0.928479	0.659363	0.672532	0.8541	0.922544	0.692422	0.172832	0.004986	2.99246e-005	3.53712e-008	4.73479e-009	2.3278e-011	1.74225e-013	3.56522e-014	2.73912e-013	2.71777e-014	2.94601e-014	9.44566e-014	
0	0	0	0	1.58334e-014	1.15419e-015	6.64682e-014	7.36547e-011	3.27106e-012	5.93853e-013	1.98442e-013	3.56441e-012	1.6106e-010	4.29138e-008	1.29881e-006	0.00023358	0.0213459	0.0140712	0.00633462	0.0293418	0.00347011	5.22362e-005	1.30466e-006	1.81084e-005	0.00107716	0.000811849	0.0014117	0.000413133	6.85655e-006	6.34858e-007	8.56172e-006	3.94418e-006	4.62887e-006	3.89726e-006	0.000402684	0.00493928	0.0376261	0.0712563	0.34057	0.327467	0.1459	0.0774556	0.307578	0.827168	0.995014	0.99997	1	1	1	1	1	1	1	1	1	


1	0.723826	0.313358	0.117988	0.025116	0.00508012	0.00464405	0.0114835	0.000398952	0.00011577	1.36761e-006	3.27591e-008	2.72883e-008	6.64071e-009	1.04456e-007	3.37724e-006	2.72916e-006	1.99131e-005	5.02862e-005	6.17854e-005	5.03225e-005	7.60167e-008	9.18618e-012	1.97482e-014	2.85624e-017	5.77943e-020	2.78836e-022	3.03728e-025	3.02067e-029	4.07544e-032	1.10177e-035	6.89399e-040	2.80291e-044	1.65167e-045	5.23658e-047	2.02727e-047	5.20659e-046	7.23088e-045	9.13144e-044	2.03534e-043	2.38127e-044	4.72956e-045	5.91392e-045	1.79523e-044	3.35854e-043	1.82761e-042	1.05877e-041	8.75538e-041	7.37181e-041	7.11921e-040	1.37093e-040	3.10268e-041	1.22533e-041	1.37655e-041	3.3625e-041	
0	0.267267	0.355705	0.247063	0.215489	0.037681	0.0265527	0.0999091	0.00852658	0.000977654	2.87109e-006	8.11418e-008	1.51086e-008	2.51456e-009	8.42265e-009	9.41822e-008	6.57667e-008	5.66156e-007	8.71892e-006	3.89445e-005	3.49803e-005	2.34398e-007	7.0638e-011	2.81308e-013	7.43995e-016	5.06272e-018	6.42727e-020	4.69245e-023	2.38235e-027	7.42792e-030	4.49087e-033	4.78481e-037	1.65427e-042	6.4661e-045	5.49512e-046	3.94161e-046	9.01336e-045	3.96026e-043	5.99583e-042	1.72987e-042	5.24628e-044	1.81647e-045	2.85056e-046	5.50935e-046	1.63795e-043	7.05674e-043	1.05148e-042	4.13413e-042	1.39955e-041	5.55006e-041	7.09187e-041	8.81276e-041	9.2034e-041	1.77198e-041	1.24675e-040	
0	0.00890712	0.326427	0.606426	0.752838	0.956358	0.718879	0.886691	0.991032	0.986426	0.989795	0.151366	5.54172e-005	3.64271e-008	6.40288e-011	7.69673e-010	1.15806e-010	1.18e-007	1.53369e-007	1.38514e-006	3.34422e-006	1.44238e-007	9.18198e-012	1.05825e-011	1.41525e-013	3.79783e-014	1.18354e-014	2.99908e-017	1.31694e-022	1.51011e-026	3.01151e-031	5.77695e-036	2.63171e-042	5.25758e-046	2.02443e-048	3.40811e-049	7.08541e-044	5.99856e-041	3.23016e-039	1.69727e-038	2.25011e-040	1.69739e-042	5.50896e-045	5.29401e-047	2.70424e-046	8.40109e-046	2.47546e-045	4.16255e-044	1.01052e-045	2.6809e-042	2.58122e-044	9.58563e-043	1.47543e-044	1.77986e-042	1.15578e-040	
0	0	0.00450934	0.0285175	0.00651465	0.000879116	0.249714	0.00106412	4.21634e-005	0.0124777	0.0101864	0.83405	0.0652293	0.00640609	0.000364125	3.19272e-005	4.00665e-008	1.37856e-008	1.58318e-008	2.18131e-007	7.35304e-008	8.84134e-007	5.51105e-010	3.85117e-011	1.26105e-012	4.92038e-013	1.49906e-014	3.61474e-015	5.76878e-019	6.8131e-024	3.16914e-028	2.40218e-031	2.84515e-036	5.94168e-040	3.19256e-044	6.60005e-047	2.77126e-047	7.56025e-045	6.66279e-042	1.08939e-039	4.67913e-041	1.62245e-043	1.14071e-044	4.13457e-046	1.66792e-047	2.44291e-045	3.813e-046	4.19732e-045	3.31627e-046	2.69936e-043	1.73738e-045	3.40638e-045	4.45208e-044	1.03748e-043	1.087e-042	
0	0	4.25783e-007	5.4468e-006	2.97863e-005	2.75654e-007	0.000209862	3.23892e-006	9.60769e-009	2.68056e-006	1.10251e-005	0.0144908	0.474761	0.136239	0.0284577	0.000478291	4.85948e-007	7.49456e-008	5.86422e-009	3.61222e-009	3.41049e-009	3.35189e-009	2.74755e-009	7.26921e-012	1.3536e-013	3.21765e-013	1.27582e-015	8.56291e-014	1.08423e-014	1.28814e-018	7.07558e-022	1.81489e-024	1.94739e-027	1.00319e-029	6.17643e-032	1.29848e-034	7.29934e-038	2.07376e-041	1.41432e-044	6.43354e-044	1.60855e-044	2.5237e-046	1.13226e-045	1.73933e-045	1.44792e-046	1.86077e-047	3.38246e-048	2.34811e-047	3.44606e-048	4.06133e-048	1.58842e-048	3.33217e-050	2.66731e-048	1.9838e-047	5.08261e-046	
0	0	0	3.42899e-007	1.17415e-005	1.76534e-006	1.78373e-008	0.000849427	8.83085e-008	8.9912e-009	3.61557e-006	9.22882e-005	0.45995	0.845986	0.934122	0.245763	0.015723	0.00576435	0.000521093	6.69407e-005	5.62324e-006	7.76773e-008	3.56862e-011	6.29933e-012	9.54826e-013	1.00416e-015	7.11361e-015	1.73482e-017	5.02952e-018	2.37712e-016	1.25526e-018	3.74605e-023	2.01348e-026	2.75405e-030	1.06793e-033	6.00491e-035	2.70423e-035	5.6702e-037	3.50053e-038	1.0145e-039	6.03899e-044	6.03178e-046	2.06794e-045	5.20953e-046	3.80413e-046	3.94852e-047	1.72512e-045	4.56756e-047	3.90935e-047	5.44719e-047	2.75256e-048	1.18801e-050	1.49586e-048	7.20074e-048	1.77484e-047	
0	0	0	4.67281e-024	7.49917e-012	1.29802e-010	1.88269e-010	1.78231e-012	3.93237e-009	6.41086e-013	1.16482e-012	7.87102e-011	4.19729e-006	0.0108895	0.00666227	0.00510673	0.000526457	0.0115474	0.0560833	0.0250436	0.28831	0.987735	0.999234	0.992291	0.993156	0.992434	0.975887	0.99611	0.999378	0.996878	0.997072	0.999388	0.999814	0.955348	0.973682	0.688027	0.00650645	3.40973e-005	2.82135e-007	2.60173e-010	3.31557e-013	2.85641e-016	1.85661e-019	1.04223e-021	4.04109e-024	6.72463e-026	4.70278e-027	1.6146e-028	1.37712e-029	2.66877e-030	4.39931e-032	2.19659e-034	1.39722e-036	3.96856e-038	1.50246e-040	
0	0	0	0	6.37445e-012	8.36352e-011	1.96553e-009	1.18026e-009	1.6638e-009	6.33815e-011	9.41619e-013	1.3655e-011	1.48269e-007	0.000480022	0.0303933	0.748616	0.983747	0.982668	0.943336	0.974787	0.711595	0.012264	0.000765984	0.00770882	0.0068437	0.0075659	0.0241125	0.00388952	0.000622173	0.00312199	0.00292782	0.0006122	0.000185748	0.0446519	0.0263184	0.311973	0.993494	0.999966	1	1	1	1	1	1	1	1	1	1	1	1	1	1	1	1	1	


1	0.921946	0.308266	0.827012	0.564339	0.67238	0.862425	0.877894	0.385358	0.44659	0.164967	0.0381364	0.02502	0.00558285	0.0245929	0.0844389	0.0408177	0.000810618	2.63331e-006	1.26362e-008	1.98518e-011	8.28047e-016	1.07112e-018	4.76168e-022	1.28733e-025	6.25753e-029	4.73154e-033	1.2183e-036	7.25608e-039	1.13125e-041	2.348e-044	3.20607e-047	1.5752e-049	3.15396e-050	2.53667e-051	2.84827e-053	5.32063e-053	3.27938e-053	3.81131e-053	9.2262e-054	4.12442e-055	3.0881e-056	9.65922e-057	5.38187e-057	9.96526e-057	1.60256e-056	1.24681e-056	9.32352e-057	1.37027e-056	1.77821e-056	8.15707e-057	5.98418e-057	1.16556e-057	3.74018e-058	2.38546e-058	
0	0.0780536	0.691304	0.10649	0.435487	0.322851	0.136712	0.122061	0.614429	0.518478	0.548437	0.280724	0.0119747	0.00109617	0.000235259	0.000320452	0.000212471	2.4445e-005	3.33892e-008	1.95687e-009	1.30689e-012	6.28915e-017	1.71593e-019	1.60059e-021	7.09538e-026	5.01585e-029	2.36904e-032	1.03948e-036	8.59483e-040	1.8331e-042	2.41272e-045	2.68415e-048	1.18027e-050	4.87311e-052	7.89266e-052	3.32584e-053	1.37227e-052	8.30699e-053	1.04621e-052	3.76531e-054	5.35761e-057	2.355e-059	1.56479e-058	6.58874e-059	3.17416e-058	8.54419e-058	6.68389e-058	2.34622e-058	2.32446e-058	3.75154e-057	2.6354e-059	8.92691e-059	2.1329e-060	2.57868e-059	8.09376e-058	
0	3.76665e-007	0.000429694	0.0664947	0.000170911	0.0047696	0.000862386	4.52195e-005	0.000212955	0.0349314	0.286491	0.680744	0.224613	0.0212151	0.00164489	0.000255095	4.02694e-006	8.59909e-006	3.71299e-009	3.68389e-012	7.29716e-014	2.17145e-017	1.61766e-021	4.04249e-023	6.2212e-025	4.99991e-028	2.09903e-031	5.60101e-034	1.90446e-036	2.00712e-039	2.39604e-042	7.54585e-046	1.49036e-048	7.36674e-051	1.07235e-054	2.19867e-057	2.251e-054	9.92906e-055	1.48564e-054	1.12925e-054	1.29537e-058	1.34678e-060	2.06656e-061	2.4542e-060	9.6058e-061	3.21104e-059	2.86688e-059	1.6868e-059	1.21623e-060	3.92717e-059	1.28382e-060	5.74271e-064	1.49003e-062	2.51009e-063	7.67967e-062	
0	0	3.71826e-011	3.00569e-006	4.00178e-006	8.79908e-008	1.195e-006	1.31237e-007	1.1791e-009	2.48958e-008	0.000104665	0.000394244	0.738392	0.971587	0.973471	0.914563	0.954836	0.0425541	0.000213017	7.77886e-008	4.50247e-011	4.15899e-014	1.82765e-015	4.467e-019	1.41544e-021	9.30426e-025	9.04037e-029	5.68539e-031	7.20304e-031	2.75965e-032	6.97671e-033	7.33565e-034	8.19293e-034	2.10721e-034	4.75349e-036	2.56562e-039	9.92196e-042	1.01737e-044	2.76891e-047	6.96226e-051	4.27617e-054	2.98197e-056	6.98659e-058	3.6377e-059	1.06239e-060	1.41244e-061	5.4523e-060	1.47827e-060	1.29375e-059	1.91548e-060	5.02852e-060	9.45123e-062	5.6059e-062	8.45169e-064	8.6566e-067	
0	0	8.01738e-019	2.0544e-014	1.86002e-009	7.96333e-009	6.12861e-011	6.2318e-011	1.08586e-010	4.42943e-013	6.54927e-010	4.37702e-007	3.43461e-007	0.000518521	5.48568e-005	0.000422857	0.00412977	0.956602	0.999767	0.99935	0.99988	0.999957	0.230445	0.925557	0.993991	0.905175	0.99795	0.998445	0.622817	0.936205	0.316401	0.0311149	0.00815414	0.00915636	0.00274398	4.65114e-005	7.72755e-006	4.9758e-007	5.69578e-008	7.51733e-012	1.93492e-017	4.98184e-023	4.61681e-026	3.77327e-029	4.52489e-032	2.29765e-034	4.52857e-036	1.47016e-036	8.42508e-038	2.77708e-037	2.60215e-039	4.73413e-041	5.09551e-044	2.50491e-045	1.54434e-045	
0	0	0	1.46126e-019	1.46177e-015	7.89677e-014	1.92141e-010	5.39133e-012	3.26603e-014	2.78014e-013	3.53968e-015	8.04773e-013	1.0718e-008	6.8365e-009	7.97031e-007	7.80281e-010	2.2203e-008	1.25219e-008	1.71064e-005	0.00064995	0.000120273	4.29593e-005	0.769555	0.0713526	0.00593687	0.0948169	0.00196572	0.00155508	0.377182	0.0637064	0.683535	0.968777	0.991765	0.953966	0.993807	0.999276	0.0371628	0.000447756	0.000185113	6.02053e-007	8.85168e-009	2.74819e-011	1.58508e-016	1.5766e-021	8.10477e-026	1.12181e-028	1.32975e-031	9.03267e-036	3.39879e-037	1.12644e-040	2.04634e-038	1.39366e-038	5.74185e-040	5.55904e-043	3.48812e-044	
0	0	0	9.75364e-026	1.82035e-021	1.92771e-016	2.90979e-013	3.07788e-011	5.91523e-012	7.51019e-012	2.15451e-011	2.14742e-013	1.06977e-014	5.51584e-011	1.56303e-010	2.03851e-007	2.10878e-008	2.15038e-011	6.47247e-011	1.98177e-008	1.24425e-007	5.54565e-009	5.25753e-009	0.00309089	7.14828e-005	8.30014e-006	8.41129e-005	5.95591e-008	1.36327e-007	8.88198e-005	6.35968e-005	0.000108539	8.04727e-005	0.0368752	0.0033053	0.000675131	0.962579	0.921449	0.829089	0.804317	0.947554	0.925905	0.357855	0.00924455	6.24199e-005	7.37999e-007	4.27147e-009	7.33064e-011	1.0134e-012	1.92632e-014	1.83816e-014	8.71622e-014	2.33068e-014	3.87698e-015	1.01363e-014	
0	0	0	0	1.65817e-025	7.08697e-021	5.36036e-017	2.73756e-014	9.44537e-013	3.06573e-012	3.66849e-012	6.8425e-013	5.2265e-013	1.63605e-013	3.64558e-011	5.4011e-010	3.33163e-008	1.19176e-009	6.68226e-012	3.63613e-013	7.06712e-012	2.43325e-012	4.01795e-013	2.35395e-009	3.38172e-007	7.44919e-009	3.35866e-010	4.86278e-009	5.98498e-011	3.18468e-009	2.39916e-008	9.35582e-009	4.53614e-008	2.14474e-006	0.000144194	1.86273e-006	0.000249977	0.0781024	0.170726	0.195682	0.0524457	0.0740952	0.642145	0.990755	0.999938	0.999999	1	1	1	1	1	1	1	1	1	


1	0.733633	0.0610933	0.157958	0.328533	0.309132	0.993025	0.986312	0.872559	0.926407	0.679307	0.123985	0.633658	0.546586	0.927928	0.985418	0.949452	0.364936	0.0257481	0.00723822	0.000568882	3.66233e-006	4.80136e-009	2.49067e-011	6.1758e-014	1.4522e-017	1.90098e-020	5.2573e-022	6.51666e-022	4.11153e-023	1.10357e-025	6.38856e-029	8.10651e-033	7.93691e-034	4.76763e-035	4.36883e-036	1.15036e-036	1.20911e-037	8.69159e-038	2.03353e-038	7.27345e-039	2.06274e-039	2.88448e-039	1.9076e-038	2.37122e-037	1.475e-036	1.52207e-035	1.68297e-034	4.12159e-034	7.69698e-033	2.03313e-033	2.65859e-034	3.59323e-035	5.77051e-035	1.07397e-034	
0	0.266366	0.937231	0.0767127	0.642223	0.327485	0.00551559	0.0136783	0.127132	0.0728771	0.307568	0.700192	0.250394	0.429326	0.0715828	0.0139866	0.050413	0.169313	0.00223771	0.000379778	8.66161e-006	3.64654e-006	1.2156e-009	3.15165e-012	2.58812e-015	8.19649e-019	1.56421e-021	1.95964e-022	2.06829e-022	3.90066e-024	3.49687e-027	3.7871e-030	2.4564e-033	6.80568e-037	8.91693e-036	3.22997e-037	1.6231e-037	1.69926e-038	1.62556e-039	1.10281e-040	2.42854e-042	7.07746e-044	7.75713e-040	4.91868e-039	3.16703e-037	2.40189e-037	8.63692e-036	3.68041e-035	1.86678e-035	5.12595e-033	2.42516e-037	2.68612e-037	7.405e-038	5.13711e-036	2.17756e-035	
0	1.17843e-007	0.00167584	0.765311	0.0285749	0.363357	0.00107097	1.12211e-006	0.000284856	0.000704954	0.0129047	0.175745	0.0478061	0.000641267	9.68104e-005	0.000543156	9.76355e-005	0.465639	0.0683795	0.00156757	2.97737e-005	1.2873e-006	3.03925e-009	5.9343e-011	9.33806e-014	1.41343e-017	9.63189e-020	9.75815e-021	3.38582e-021	4.3299e-023	4.30339e-027	1.4413e-030	3.95363e-035	3.0881e-036	6.20369e-040	9.81874e-041	7.0222e-038	5.16649e-038	6.93521e-038	1.92451e-041	1.13342e-046	2.8801e-047	1.14687e-046	1.81381e-041	1.45051e-039	8.60214e-038	9.76889e-038	9.04642e-035	1.68456e-036	1.48426e-033	1.58565e-036	1.33578e-040	4.36772e-041	1.61316e-039	3.69081e-037	
0	0	1.07703e-009	1.80745e-005	0.000613841	1.52067e-005	0.000293269	8.36852e-008	6.99462e-010	3.73499e-008	2.61331e-006	4.23264e-005	0.0356574	0.00108846	1.16938e-006	2.93926e-008	6.78201e-006	0.000110033	0.901735	0.943164	0.907102	0.970058	0.00432557	0.000427833	0.000271642	9.29975e-007	4.03175e-008	1.35813e-007	2.82413e-007	2.95466e-007	3.6609e-009	4.31067e-012	8.64293e-016	4.56856e-018	3.79643e-022	1.65111e-025	1.52834e-028	4.15185e-032	1.90834e-033	1.13457e-036	5.89338e-041	5.63737e-045	3.17287e-048	5.09914e-046	3.00067e-044	2.27082e-040	7.10112e-038	4.90608e-038	2.95173e-035	1.90824e-033	2.73508e-034	2.06556e-037	1.71742e-039	1.09967e-041	3.72889e-041	
0	0	4.4082e-014	1.01155e-007	5.61486e-005	2.54205e-007	8.59835e-005	7.62914e-007	5.12834e-010	7.52492e-010	1.06045e-007	1.47587e-007	0.0323787	0.0221062	0.000323735	6.3366e-007	2.85856e-006	2.38578e-007	0.0018994	0.0473002	0.0854039	0.0253667	0.995631	0.101389	0.00492724	4.41257e-005	1.24627e-006	7.08986e-006	0.0276788	0.715183	0.991979	0.999504	0.999874	0.92559	0.590975	0.917258	0.00094771	1.5318e-007	1.55591e-009	2.10826e-013	3.52611e-015	4.39134e-017	2.39668e-020	9.49781e-023	1.83187e-025	1.00579e-026	8.73113e-027	2.49478e-028	2.18464e-027	6.79436e-028	2.07178e-027	7.72135e-028	8.87124e-029	7.71937e-030	7.90705e-032	
0	0	0	8.06324e-015	1.17472e-008	1.09538e-005	1.75548e-006	5.51279e-006	2.2873e-005	2.06915e-006	3.70783e-005	2.0946e-006	3.30928e-008	0.000120238	1.88656e-006	7.22903e-007	1.19878e-008	5.24193e-007	2.17378e-008	0.000349759	0.00687002	0.00263469	3.14151e-005	0.893134	0.0107726	0.000152159	0.000156972	3.81021e-005	0.000138157	0.0348039	0.00223428	0.000463328	0.000126441	0.0744081	0.409012	0.0826315	0.990449	0.917062	0.365349	0.000861817	1.14949e-006	2.05656e-009	2.68696e-011	1.01409e-012	1.05201e-013	1.38958e-015	7.12056e-017	3.96091e-017	5.49407e-019	8.21182e-019	4.20491e-021	7.52822e-022	8.07041e-026	3.40314e-026	1.97252e-025	
0	0	0	1.23011e-016	4.5006e-012	2.23501e-009	7.31685e-006	2.91682e-007	4.84748e-007	8.47639e-006	0.000178423	2.94067e-005	1.75262e-007	5.4751e-008	5.53465e-009	1.76445e-010	1.99973e-011	2.67855e-011	1.90875e-009	4.21439e-007	1.64727e-005	0.00193164	2.5326e-006	0.00504883	0.983981	0.999263	0.996432	0.980559	0.0478976	0.00301083	4.0788e-005	8.72425e-007	4.64826e-009	1.41348e-006	1.19332e-005	8.68226e-005	0.00857993	0.0827489	0.623781	0.962461	0.0896008	0.00314793	9.04109e-006	1.73508e-008	3.31093e-011	4.33222e-014	3.44276e-017	4.44782e-020	4.77812e-022	5.55776e-021	1.7301e-021	2.13358e-023	4.09864e-025	1.78205e-027	3.40129e-026	
0	0	0	0	5.57714e-017	6.41249e-012	7.02566e-008	2.37264e-006	1.08704e-006	4.2549e-007	2.43845e-006	3.88888e-006	0.000104984	0.000131702	6.55913e-005	5.12307e-005	2.75367e-005	1.01141e-006	4.21381e-008	6.70426e-009	1.58457e-008	6.17731e-007	9.44938e-006	4.80498e-007	4.76984e-005	0.000539556	0.00340956	0.0193953	0.924285	0.247002	0.0057458	3.1685e-005	1.12253e-008	4.6111e-009	1.41329e-006	2.35468e-005	2.35604e-005	0.000188735	0.0108705	0.0366771	0.910398	0.996852	0.999991	1	1	1	1	1	1	1	1	1	1	1	1	


1	0.948785	0.626243	0.806095	0.889982	0.825986	0.995153	0.999396	0.965012	0.975338	0.799054	0.0775931	0.282998	0.318677	0.557238	0.437913	0.235992	0.00769161	0.000129079	6.63861e-006	4.38075e-007	4.37152e-010	5.7922e-012	3.90551e-014	1.78013e-016	1.21472e-019	6.35274e-022	1.29804e-024	4.88117e-027	4.24127e-029	1.60654e-031	4.27626e-034	2.66123e-036	5.02003e-037	8.35986e-038	7.62093e-039	5.47988e-038	9.89308e-038	1.17541e-037	4.4999e-038	1.74555e-039	1.09525e-040	2.12065e-040	2.2566e-039	1.74915e-037	5.11336e-036	5.6277e-034	2.22996e-033	5.5891e-032	6.32183e-031	4.65298e-032	1.36109e-033	1.96044e-033	1.20443e-033	3.3397e-034	
0	0.0512146	0.373708	0.178477	0.107169	0.172838	0.00272479	0.000568178	0.0349742	0.0245271	0.199554	0.919064	0.421121	0.212518	0.00919511	0.00434948	0.00231736	0.0429872	0.000541163	8.10723e-006	9.23788e-008	1.43611e-009	2.28569e-011	4.26659e-013	9.8757e-016	8.84598e-019	1.60575e-020	1.77053e-022	1.26485e-024	4.43006e-027	4.58367e-030	4.11822e-032	2.19474e-034	3.1327e-036	4.07436e-037	5.66498e-039	3.33752e-038	1.5768e-037	7.26078e-038	2.15768e-040	4.85747e-044	3.04592e-045	3.50769e-042	1.03607e-040	5.16924e-038	9.13418e-037	5.52895e-035	1.41797e-033	1.24664e-033	6.95235e-031	8.14723e-035	5.16507e-037	3.7709e-036	3.39093e-035	9.88019e-035	
0	7.79712e-009	4.85494e-005	0.0154273	0.00283213	0.00117173	0.00210951	2.54403e-005	1.35589e-005	0.000134815	0.00137799	0.00334092	0.282384	0.018077	0.000197939	2.71303e-006	3.55746e-006	5.46695e-005	0.00283865	0.000876897	0.000662272	9.10849e-005	1.34952e-005	1.07044e-005	1.2455e-005	6.31977e-007	6.53896e-007	2.00104e-007	3.6693e-009	2.54447e-009	9.99783e-011	2.3135e-012	2.63396e-014	1.54674e-015	1.18925e-017	1.02636e-019	5.26222e-020	1.06172e-020	1.05972e-020	1.30534e-022	1.32006e-026	3.66172e-030	8.68629e-033	2.9869e-034	6.03943e-035	2.29362e-034	7.79229e-034	1.90638e-034	1.02743e-033	1.21622e-032	1.18988e-032	3.63956e-035	2.84841e-036	2.778e-038	8.06404e-037	
0	0	2.15765e-011	1.7417e-007	6.7838e-006	2.57494e-006	1.23028e-005	1.07724e-005	4.64271e-008	2.61433e-008	1.39904e-005	6.88287e-007	0.0134864	0.449537	0.433179	0.556458	0.743119	0.00411776	1.2409e-005	3.16299e-006	3.44809e-006	2.24634e-007	6.13975e-007	8.08549e-009	1.27409e-007	3.37327e-009	2.40021e-009	3.58654e-009	6.69877e-009	1.09308e-009	3.98703e-010	1.76289e-011	5.38269e-012	5.58969e-012	1.15995e-012	2.34543e-014	1.60474e-015	1.75904e-017	1.15957e-019	3.33641e-021	2.89877e-022	1.28015e-022	3.06704e-022	1.25021e-021	4.01136e-021	1.94545e-021	3.23205e-020	2.07426e-020	1.50337e-019	3.02233e-020	2.64485e-020	1.39385e-021	3.32165e-021	4.47572e-022	1.86116e-024	
0	0	5.27306e-012	4.81666e-009	1.02373e-005	1.69923e-006	6.18401e-008	7.7379e-009	2.88944e-008	2.593e-010	6.21444e-007	1.70351e-006	1.05686e-005	0.00119154	0.000189106	0.00127643	0.0185673	0.945146	0.995078	0.973743	0.944451	0.996285	0.335942	0.409945	0.0859639	0.00384113	0.00219534	0.000514675	1.99884e-005	2.09188e-006	3.94001e-008	1.95762e-009	9.57908e-011	7.12429e-012	1.37776e-012	9.62184e-014	1.29779e-013	6.07788e-014	5.7326e-015	8.89291e-019	1.59422e-024	1.2162e-028	1.69813e-024	3.40712e-023	8.43095e-022	1.07338e-021	2.17114e-020	6.59109e-019	1.67771e-018	2.29597e-016	3.9701e-019	2.19233e-022	1.6341e-023	4.53956e-022	2.82123e-022	
0	0	0	4.00841e-014	1.11007e-011	2.9131e-009	4.26298e-008	1.45306e-009	6.14276e-011	1.97305e-010	4.86768e-011	2.27674e-009	2.13318e-007	1.73524e-007	7.96553e-007	2.98771e-009	1.55615e-007	3.05325e-006	0.00140049	0.0253536	0.0546187	0.00357718	0.663996	0.574199	0.910471	0.995034	0.980112	0.99882	0.998995	0.997764	0.996047	0.989162	0.998756	0.923232	0.990936	0.990802	0.412836	0.0504948	0.0287639	0.000954276	7.18565e-006	5.78259e-008	8.21533e-012	1.57171e-014	2.79982e-016	1.80244e-017	7.5516e-018	3.02845e-020	1.4924e-019	1.65475e-020	9.5024e-018	3.58905e-019	3.50335e-020	2.5105e-022	1.99642e-023	
0	0	0	2.66983e-018	4.23345e-016	1.94132e-012	1.19835e-011	2.01738e-011	8.47688e-013	3.00545e-014	3.16945e-012	4.2225e-013	1.9342e-010	1.17305e-008	4.60069e-010	3.88192e-009	1.22642e-009	1.57238e-009	2.21682e-008	2.39435e-007	3.3074e-006	2.06663e-005	4.0168e-005	0.00448473	0.000754697	0.000262357	0.00882259	0.000223732	0.000843121	0.00147857	0.00357569	0.0103606	0.00104753	0.00540478	0.00319551	0.00584838	0.0658607	0.0297021	0.00193354	6.50799e-006	1.38961e-007	1.89105e-009	1.11433e-010	2.34288e-012	6.06702e-013	6.12099e-014	3.06164e-014	2.55303e-015	8.69749e-016	6.17091e-017	1.3415e-018	1.75092e-020	4.26064e-020	1.11618e-021	3.37692e-023	
0	0	0	0	6.62079e-016	3.73543e-013	4.99807e-009	5.41878e-009	3.36127e-009	1.16589e-009	6.10369e-009	4.74802e-011	1.44901e-010	3.14447e-009	1.18613e-009	4.74393e-008	7.87751e-009	1.00377e-010	4.00279e-009	8.34492e-006	0.000260434	2.57838e-005	8.49557e-006	0.0113604	0.00279755	0.000861727	0.00886919	0.00044136	0.000141909	0.000755432	0.000376926	0.000477812	0.00019622	0.0713631	0.00586871	0.00335011	0.521303	0.919803	0.969303	0.999039	0.999993	1	1	1	1	1	1	1	1	1	1	1	1	1	1	


