E:\Google Drive\Progetti\MSR Action3D\Real\a19_s03_e01_skeleton3D.txt
19
TRUE
-1222.72
-1232.3
-1228.17
-1235.58
-1169.06
-1200.78
-1259.22
-1216.86
-1131.58
-1118.23
-1017.36
-1203.83
-1178.92
-1148.48
-1222.74
-1190.18
-1190.1
-1168.73
-1203.95
-1196.95

42
20
1	0.905158	0.789843	0.607669	0.604414	0.663177	0.151865	0.201064	0.0933257	0.020392	0.10946	0.0833156	0.0159165	0.00360828	0.00141986	0.00138105	1.56262e-005	7.36715e-006	1.99854e-006	2.91008e-006	1.55309e-006	1.36489e-006	3.07059e-006	1.66569e-007	8.63937e-009	3.83526e-011	2.28304e-013	8.96789e-016	2.3998e-017	1.80387e-017	2.8534e-017	5.18649e-019	7.86448e-021	2.65037e-022	7.59815e-024	1.71925e-023	2.67268e-023	5.96799e-023	3.03635e-022	4.35229e-021	2.59445e-020	4.55591e-020	5.24306e-020	
0	0.0297256	0.0309049	0.118789	0.139798	0.114143	0.631428	0.276912	0.0675665	0.119979	0.163488	0.0476909	0.0068155	0.00105653	0.000225449	0.000316081	7.85295e-005	0.000161579	0.000186305	0.00140174	0.00432394	0.00993669	0.126935	0.0635537	0.0023601	7.81252e-006	6.60523e-008	3.64184e-010	2.92674e-012	2.27305e-012	7.61042e-012	9.66325e-014	3.47653e-015	1.06947e-016	8.79356e-018	1.58554e-017	1.66428e-017	5.93186e-018	1.58844e-017	5.45763e-017	2.469e-016	1.75967e-016	2.16895e-016	
0	0.0651168	0.177888	0.158274	0.0627063	0.0874649	0.00959577	0.490996	0.832398	0.0421757	0.229123	0.0621522	0.00134164	0.00034487	9.49427e-005	5.94075e-005	3.06641e-006	2.16182e-005	0.000106197	0.00167609	0.00481371	0.0235588	0.0539923	0.00192793	8.06437e-005	4.86075e-007	2.26964e-009	8.44881e-012	1.82794e-012	3.01082e-012	5.31013e-012	7.81823e-014	2.30658e-015	2.87275e-017	1.65647e-017	1.39031e-016	1.66657e-016	1.88574e-016	3.28484e-016	2.58798e-016	2.82756e-016	9.64456e-016	4.58468e-016	
0	0	0.000940509	0.0691266	0.192201	0.120879	0.200626	0.0152115	0.00643543	0.812824	0.48602	0.253073	0.346896	0.302067	0.336368	0.358255	0.0146073	0.0015741	9.20639e-005	2.06433e-005	6.17067e-005	0.000297792	0.0569251	0.0294423	0.000443632	5.80245e-007	7.11118e-009	1.60512e-010	1.6668e-012	1.32021e-013	2.28576e-012	3.97499e-015	2.54372e-016	4.63947e-017	2.53708e-019	1.38579e-018	2.48589e-017	4.6413e-017	5.32491e-016	3.14801e-015	2.36265e-014	8.65852e-016	1.39305e-016	
0	0	0.000423384	0.0461398	0.000812025	0.0141425	0.0020962	0.0157183	0.00024149	0.00449721	0.0115543	0.553447	0.628732	0.692419	0.660262	0.359963	0.00017544	0.000120144	4.58017e-005	3.40832e-006	1.05603e-006	0.000140695	0.0646235	0.00610177	0.00011493	2.05944e-007	3.63819e-010	5.94428e-012	3.62666e-014	2.09051e-015	8.45583e-012	8.51256e-014	6.16898e-017	5.79479e-019	6.74785e-019	5.54336e-017	1.91623e-016	3.62438e-017	1.01279e-015	4.40116e-015	7.83485e-016	1.53891e-017	3.60504e-019	
0	0	0	1.70507e-006	6.89467e-005	0.00019194	0.00438787	4.13578e-005	2.22748e-005	0.00013084	0.000343701	0.000320163	0.000298147	0.000504543	0.0016296	0.279937	0.983109	0.784016	0.462792	0.0844556	0.00609157	0.000149076	0.00123731	0.447716	0.114957	0.00341248	0.000768299	3.06428e-005	2.76004e-007	1.95059e-008	3.61405e-009	6.11617e-011	5.51286e-012	7.9424e-013	8.24515e-014	6.74208e-016	2.41813e-018	3.50996e-020	3.1655e-018	2.31093e-017	5.33795e-016	3.49568e-018	3.02765e-019	
0	0	0	6.13501e-015	1.99665e-010	3.25512e-009	2.57964e-007	4.7381e-006	2.1133e-008	1.76293e-008	5.96994e-007	2.30976e-007	2.73068e-008	1.44012e-008	1.51551e-008	2.56709e-005	0.000879958	0.0551155	0.0480373	0.00082119	0.000213609	2.90436e-005	5.17971e-006	0.0016981	0.810687	0.992652	0.992896	0.996218	0.955098	0.770328	0.675928	0.969248	0.89847	0.857425	0.805765	0.35885	0.0634502	0.000274737	2.3777e-006	2.56344e-008	5.65949e-011	3.88092e-014	8.27716e-017	
0	0	0	0	2.70239e-008	5.12724e-007	1.21019e-006	5.18495e-005	1.05198e-005	1.25176e-006	9.50794e-006	1.12938e-006	3.21261e-007	2.422e-007	6.74828e-007	6.21117e-005	0.00113126	0.158984	0.488738	0.911618	0.984493	0.965887	0.696278	0.44956	0.0713569	0.0039262	0.00633572	0.00375139	0.0449014	0.229672	0.324072	0.0307515	0.10153	0.142575	0.194235	0.64115	0.93655	0.999725	0.999998	1	1	1	1	


1	0.999988	0.998617	0.928161	0.938814	0.955258	0.97585	0.999923	0.999995	0.975797	0.999824	0.987386	0.841884	0.809094	0.907843	0.434174	0.0424195	0.0173952	0.0489821	0.549985	0.80358	0.803067	0.193521	0.0349951	0.199336	0.0752102	0.00155163	3.16456e-005	3.29166e-007	2.44626e-007	1.26006e-008	2.18836e-010	5.98992e-013	1.85171e-015	9.78719e-018	5.59234e-019	7.23094e-018	8.84582e-017	2.58824e-015	1.30021e-014	8.95119e-014	3.69427e-012	9.92379e-013	
0	1.13021e-005	0.0013828	0.0717836	0.0611399	0.0446829	0.0183829	6.99833e-005	4.77476e-006	0.0238112	0.00017607	0.012499	0.0121845	0.170558	0.0898165	0.000615706	0.000227677	1.21278e-008	4.25554e-007	2.16382e-006	2.93113e-005	0.000470812	0.802602	0.964201	0.753478	0.201471	2.51799e-005	2.46023e-006	4.94977e-012	1.19471e-013	4.94922e-005	3.92741e-009	2.36061e-011	1.59463e-013	3.28229e-017	1.46181e-019	5.02721e-020	6.98424e-021	3.27807e-017	1.4879e-016	5.0579e-015	4.59925e-016	1.45586e-017	
0	4.03031e-007	2.27551e-008	5.50472e-005	4.58343e-005	5.94095e-005	0.0057661	7.10179e-006	2.15185e-009	0.000391379	9.04774e-008	0.000114473	0.145926	0.0200885	0.00136734	0.549928	0.00374063	0.000236496	1.95423e-006	5.85486e-007	3.28401e-007	4.97494e-008	4.48761e-005	0.000709313	0.029469	0.0012629	0.000636057	2.14726e-005	1.23894e-008	1.4138e-012	2.77291e-012	2.1706e-008	9.19399e-013	1.35138e-016	3.81969e-018	9.3384e-022	2.95818e-021	2.38757e-023	4.66733e-019	2.49519e-018	1.84534e-018	2.7629e-020	3.70227e-020	
0	0	4.89925e-013	4.30553e-013	1.5335e-009	1.65479e-008	5.32147e-007	1.41212e-008	1.16311e-009	3.77952e-011	2.74417e-009	5.71979e-011	5.49579e-006	0.00025937	0.000973013	0.0147258	0.94683	0.11008	0.000385717	1.07961e-006	1.04086e-010	1.41164e-012	1.04017e-011	1.85627e-005	0.00703493	0.0409693	0.783398	0.11695	0.0273335	0.0725229	2.27332e-008	8.96915e-011	2.25248e-013	5.26241e-016	1.01283e-020	1.71577e-024	7.25251e-027	4.37613e-024	4.01895e-024	3.92823e-021	1.81898e-020	2.43024e-023	3.54819e-026	
0	0	4.67898e-022	4.48595e-016	5.14583e-016	8.81245e-013	1.45911e-011	7.04861e-010	3.87323e-011	5.20164e-013	3.80155e-014	2.34455e-012	1.66412e-014	5.46617e-009	3.00756e-007	0.000557019	0.00678013	0.872024	0.803028	0.0332051	0.000220454	2.08358e-005	5.12796e-007	1.02791e-005	0.01042	0.680384	0.214228	0.882986	0.972573	0.914031	0.904333	0.993131	0.960412	0.995813	0.854549	0.137635	0.268094	0.273025	0.159662	0.00241047	5.75248e-005	1.27286e-005	8.14126e-009	
0	0	0	7.36465e-023	2.13675e-019	1.75976e-018	1.15549e-016	4.50578e-013	2.05748e-010	3.77152e-014	1.45104e-014	3.44028e-017	2.35637e-017	1.94812e-018	2.20812e-013	2.21197e-010	1.886e-006	0.000263594	0.147599	0.414597	0.186987	0.14952	7.64048e-005	2.82638e-005	5.09944e-005	0.000601323	0.000160038	7.46559e-006	9.33883e-005	0.0133879	0.095616	0.0066558	0.0395855	0.00417113	0.145451	0.862328	0.728603	0.567022	0.191905	0.00171522	8.39302e-005	0.0238629	0.00376129	
0	0	0	2.41568e-038	7.01195e-025	3.28781e-021	1.68622e-021	5.8994e-020	2.70218e-013	1.54096e-011	1.59135e-012	1.30063e-014	9.29012e-017	5.08602e-020	1.87282e-022	1.17674e-017	1.19478e-015	2.4267e-009	2.3758e-006	0.0021862	0.00908455	0.0468217	0.0001258	1.26723e-006	6.93009e-006	8.85524e-007	3.95012e-008	1.99586e-008	1.03951e-009	5.76172e-005	1.07779e-006	0.000213544	2.20949e-006	1.55991e-005	5.82882e-007	3.76671e-005	0.00127008	0.155108	0.160135	0.0186999	0.000433014	0.0363581	0.982126	
0	0	0	0	1.08533e-026	5.44599e-024	8.44467e-022	3.71851e-021	5.46913e-019	6.6908e-014	1.4735e-013	1.96626e-013	1.01913e-012	7.19789e-012	9.34396e-012	1.59495e-011	4.81646e-013	8.32754e-011	5.56485e-008	2.21785e-005	9.83884e-005	9.95379e-005	0.0036289	3.63871e-005	0.000204753	0.00010098	1.56044e-006	1.1249e-006	1.64292e-007	5.80554e-008	3.17282e-007	1.09099e-007	5.13544e-008	8.5718e-009	1.21967e-008	9.70418e-008	0.00203275	0.0048443	0.488299	0.977174	0.999426	0.939766	0.0141128	


1	0.999979	0.999731	0.96359	0.944713	0.98931	0.971141	0.999964	0.999993	0.926639	0.999972	0.986204	0.746557	0.251832	0.212427	0.0024078	1.61073e-005	4.37862e-006	6.21727e-005	0.00115009	0.0129103	0.072133	0.0698526	0.0147783	0.000338185	2.7406e-006	3.86814e-009	2.35555e-011	3.94856e-013	6.58895e-013	1.5091e-012	1.32462e-013	3.32079e-015	4.20572e-016	6.05546e-018	1.50774e-018	5.1811e-016	1.27087e-015	1.59497e-015	7.02888e-016	3.48901e-016	9.70856e-016	1.3525e-015	
0	1.00318e-005	0.000268203	0.0363779	0.0551447	0.0101773	0.0272356	3.46007e-005	7.36108e-007	0.0678859	2.2198e-005	0.0136321	0.242625	0.746669	0.764546	0.00113221	1.32314e-006	2.71886e-010	1.66495e-009	2.80528e-009	2.54079e-007	4.97328e-006	0.170687	0.0947257	8.39355e-005	3.70172e-008	3.32599e-012	4.40616e-012	1.78436e-016	2.31266e-019	6.8981e-011	4.21086e-014	6.54803e-016	1.04528e-016	1.43684e-020	4.23123e-021	3.19606e-017	4.1327e-019	1.43495e-017	1.81551e-017	8.29835e-018	2.13046e-021	1.66164e-021	
0	1.09096e-005	7.0689e-007	3.21347e-005	0.000142285	0.000512849	0.00162292	9.26677e-007	6.30946e-006	0.00547478	6.14777e-006	0.000163912	0.0108181	0.00149879	0.0230267	0.99347	0.897676	0.801474	0.0537293	0.000189522	5.00063e-007	9.50294e-008	2.1423e-005	0.735264	0.537786	0.0951214	0.0897051	0.0371699	0.0148074	0.00473463	3.62193e-005	2.16108e-005	5.31575e-007	3.66904e-007	8.2187e-010	3.02969e-013	5.53489e-015	5.29791e-018	1.08723e-018	3.34904e-019	2.38557e-019	5.74843e-022	3.68028e-021	
0	0	1.27284e-011	3.22663e-013	1.12095e-009	6.83201e-010	7.6997e-008	1.59088e-009	4.48844e-011	6.74321e-010	7.69541e-009	5.20238e-011	4.66736e-009	7.58365e-008	4.2093e-008	0.00288326	0.0993712	0.0752292	0.0109546	4.14285e-005	4.21104e-008	1.36963e-012	1.57487e-012	1.62986e-007	0.453762	0.892837	0.908966	0.928594	0.955161	0.927562	2.01603e-005	1.90198e-006	1.06907e-009	8.01403e-010	1.24561e-011	1.85787e-016	3.4745e-018	1.06985e-020	6.00435e-022	6.12185e-024	7.59938e-023	4.84578e-024	9.0162e-027	
0	0	3.60147e-010	7.75972e-011	5.21154e-009	3.19007e-009	4.44789e-008	1.97361e-008	3.29929e-011	3.24072e-010	1.2881e-007	4.43132e-010	5.52158e-009	2.82287e-007	5.82049e-008	0.000106368	0.00293541	0.105425	0.197659	0.00297724	2.98935e-005	1.86018e-007	5.96725e-010	8.02401e-007	0.00403683	0.0119201	0.00132237	0.034234	0.0282712	0.0191117	0.997586	0.882882	0.658575	0.919209	0.0608644	0.00120263	0.0025843	1.49239e-005	3.16107e-008	3.1983e-011	8.00836e-014	5.22335e-016	1.51113e-018	
0	0	0	3.55887e-015	1.39674e-015	1.43276e-013	1.76423e-015	1.13144e-009	4.81947e-010	2.28586e-016	1.57786e-012	2.67519e-013	6.54915e-017	1.01906e-016	4.34047e-014	8.64509e-012	1.14464e-007	0.0178676	0.737338	0.988604	0.873527	0.0353299	5.75999e-008	4.26184e-010	1.87912e-009	8.45376e-005	6.57577e-006	1.75991e-006	0.00176075	0.0437494	0.00173358	0.116959	0.341276	0.0751082	0.939114	0.997557	0.610197	0.00207216	7.21641e-008	3.91571e-013	1.20933e-016	5.02221e-014	5.64898e-015	
0	0	0	4.11492e-021	1.10526e-017	2.01485e-018	1.77258e-017	5.89285e-020	2.05983e-010	1.06707e-010	4.62695e-013	3.67021e-015	1.89312e-016	3.02735e-020	1.81695e-020	1.50857e-020	2.2784e-018	3.85276e-010	0.000235037	0.00502637	0.0773835	0.717951	0.00137298	1.75779e-005	1.06783e-008	3.44731e-012	5.58188e-010	4.90912e-010	2.56574e-009	0.00484222	3.10279e-005	0.000102063	0.000148344	0.00567425	1.81708e-005	0.00123649	0.315935	0.574821	0.00425944	1.75426e-005	3.80256e-009	5.90548e-010	9.67665e-009	
0	0	0	0	1.30537e-018	4.05871e-018	7.07885e-017	1.9427e-017	1.10144e-013	2.39809e-010	9.31616e-011	1.17818e-010	2.55904e-010	2.52568e-010	6.52954e-010	1.60227e-011	3.68019e-013	6.04904e-012	2.20777e-005	0.00201103	0.036148	0.174581	0.758066	0.155214	0.00399354	3.47188e-005	7.92664e-008	1.30739e-009	5.77973e-011	3.53956e-007	0.000592725	3.33736e-005	7.21064e-007	7.79809e-006	3.13523e-006	3.85756e-006	0.0712842	0.423092	0.99574	0.999982	1	1	1	


1	0.962908	0.951551	0.916518	0.376254	0.406436	0.22308	0.962452	0.972597	0.775703	0.955536	0.968106	0.725529	0.266915	0.061975	0.00242053	6.09548e-005	3.04481e-005	3.23672e-007	7.06397e-009	3.60711e-011	4.60425e-013	5.52808e-014	4.96768e-014	5.12392e-013	3.64415e-012	4.92643e-010	4.05755e-008	3.13683e-008	6.25663e-010	1.22051e-009	3.60877e-010	9.88356e-013	1.32558e-014	1.85397e-016	7.77246e-017	2.92393e-016	9.04626e-015	9.58223e-013	3.16125e-010	2.80447e-008	7.51838e-009	1.98559e-009	
0	0.0355198	0.0472373	0.0480165	0.602319	0.548168	0.677513	0.01808	0.0222842	0.169859	0.0436527	0.012624	0.0455904	0.057816	0.0127916	0.0126057	0.0129454	0.0178987	4.37192e-005	4.07364e-007	2.7372e-010	4.38092e-014	3.22637e-016	3.76925e-016	7.33489e-015	6.71747e-014	5.53107e-011	8.01508e-009	3.18581e-009	1.17764e-009	1.45806e-009	6.79464e-010	8.46155e-012	7.43379e-014	1.10449e-017	6.41111e-021	3.25312e-020	4.70889e-017	1.75769e-014	3.69109e-012	1.97437e-008	1.207e-008	8.26513e-009	
0	0.00157248	0.00118795	0.0336823	0.0183731	0.0277673	0.0988648	0.00108461	0.000105929	0.0543664	0.000455147	0.019202	0.228718	0.669541	0.920622	0.420369	0.044155	0.00106181	3.9246e-007	1.22963e-009	9.25241e-013	3.69436e-016	1.15843e-015	3.13101e-015	1.5953e-014	9.19101e-014	4.69978e-011	4.71052e-009	1.70813e-010	4.88406e-012	4.91254e-011	7.85591e-011	1.45368e-014	2.20519e-015	9.25653e-020	1.08051e-021	6.49726e-020	3.59347e-017	5.68398e-014	5.00183e-011	8.57004e-009	7.66235e-012	4.49852e-012	
0	0	2.27417e-005	0.00174456	0.00302876	0.0162391	0.000538666	0.000458256	0.000183907	5.41336e-005	0.000191907	6.59265e-005	0.000152151	0.0056379	0.00451603	0.544696	0.938341	0.251355	0.00393799	1.47238e-006	1.32067e-011	7.66236e-016	6.07637e-017	4.80461e-017	3.40245e-014	1.88728e-012	4.82024e-010	2.80637e-007	2.35638e-006	6.54062e-007	0.000241555	0.00358196	0.0133744	0.0362671	0.000610212	4.20959e-008	2.40879e-012	1.12844e-014	9.72787e-015	1.56453e-014	8.16139e-010	3.31296e-010	2.03031e-012	
0	0	5.98496e-007	3.84936e-005	2.49479e-005	0.00138941	2.97096e-006	0.0179232	0.00324831	1.22206e-006	0.000159865	1.79669e-006	1.05302e-005	9.05948e-005	9.49937e-005	0.0199063	0.00424137	0.574345	0.175219	0.00212909	6.739e-007	1.07304e-010	5.70343e-013	5.72238e-014	1.12658e-012	2.0118e-011	1.73322e-009	9.03265e-008	1.86955e-007	3.08632e-008	3.49428e-007	0.000171073	0.000400348	0.000638297	0.00787276	0.000245085	1.30687e-006	2.44566e-008	9.06831e-008	3.12217e-008	1.17997e-007	2.56193e-008	7.58546e-010	
0	0	0	1.36502e-009	1.99539e-007	1.34729e-007	4.34366e-007	1.06175e-006	0.00156022	1.5698e-006	7.46492e-007	1.76863e-008	3.24224e-010	4.04064e-010	3.39414e-009	2.38268e-006	0.000242359	0.135182	0.647189	0.0932911	0.000254575	2.6271e-008	3.01933e-013	2.43802e-015	1.73866e-015	1.53387e-014	6.97355e-011	2.52124e-009	1.52186e-007	2.20697e-009	2.68088e-012	4.05329e-010	4.44573e-007	5.03957e-007	2.46192e-005	8.96638e-006	1.71762e-006	6.67032e-007	4.03733e-008	4.03572e-009	5.17782e-009	2.0935e-008	6.97141e-009	
0	0	0	8.86264e-013	1.69025e-011	1.84636e-010	2.59721e-009	2.20092e-010	3.32513e-007	8.91814e-007	2.34919e-009	1.84154e-011	3.12112e-013	9.31308e-013	2.10335e-012	1.82366e-009	1.38128e-005	0.0194316	0.106303	0.0194232	2.59202e-005	9.34415e-009	7.62912e-012	5.10518e-013	3.86247e-013	3.25158e-013	9.50285e-012	1.11587e-009	2.20362e-008	3.6171e-006	9.05556e-005	0.00696404	0.223869	0.670869	0.141547	3.99272e-005	1.53879e-008	2.09588e-009	1.23744e-009	4.5276e-011	7.08559e-011	2.76667e-011	5.77921e-011	
0	0	0	0	2.42706e-012	6.52878e-009	1.57493e-009	9.98616e-007	1.99222e-005	1.36312e-005	3.28847e-006	1.22531e-008	3.05707e-011	1.57931e-013	3.32031e-014	1.5928e-013	4.20216e-009	0.000696657	0.0673067	0.885155	0.999719	1	1	1	1	1	1	1	0.999997	0.999996	0.999668	0.989283	0.762356	0.292225	0.849946	0.999706	0.999997	0.999999	1	1	1	1	1	


1	0.95347	0.900654	0.932244	0.98403	0.976914	0.99572	0.875598	0.29831	0.845244	0.863114	0.986514	0.994729	0.99508	0.986424	0.985997	0.966717	0.362756	0.0344497	0.00262356	0.000258542	7.91158e-005	0.000610327	0.000144006	2.6776e-005	1.03918e-007	2.1829e-010	3.65729e-012	9.37164e-012	2.76947e-013	6.49564e-021	1.33392e-024	2.86141e-029	1.31308e-035	1.04839e-033	6.40416e-033	8.9617e-032	3.40321e-031	1.58198e-031	1.86525e-031	9.07499e-032	8.95075e-032	1.06706e-031	
0	0.00202429	0.00778597	0.0594167	0.00423009	0.0211369	0.00306462	0.02471	0.0297023	0.00737688	0.0101399	0.00408754	0.00284436	0.00207635	0.00963896	0.00325291	0.00847312	0.0274533	0.0407678	0.0114287	0.000584591	0.000797061	0.0487317	0.0105128	0.000141397	1.67447e-008	2.68823e-012	1.75277e-014	4.09957e-013	9.57449e-014	1.19068e-020	3.28357e-024	9.61679e-028	1.31299e-033	8.14684e-031	2.97755e-029	1.34736e-027	2.80755e-027	8.03283e-028	5.85319e-029	4.61404e-030	1.85322e-030	5.41572e-031	
0	0.0445061	0.0888563	0.00784701	0.011655	0.00184039	0.00106327	0.0969412	0.57825	0.0515603	0.0857781	0.00448277	0.000223156	0.000326371	0.000226489	0.00223036	0.00505234	0.594343	0.883399	0.879409	0.749587	0.530953	0.159158	0.000304898	9.32704e-006	2.02429e-009	9.75402e-013	4.53636e-015	1.60631e-012	6.80821e-013	4.61194e-022	4.45155e-024	4.60017e-028	7.70744e-035	1.81596e-031	3.27932e-030	3.48264e-028	2.24054e-027	5.07703e-029	4.96804e-030	4.82024e-031	1.53814e-029	6.75832e-029	
0	0	0.00166945	8.35208e-006	3.62667e-006	3.30326e-007	3.48535e-006	0.00266214	0.091417	0.000240036	0.00119183	6.83484e-005	1.07496e-006	6.42754e-008	1.53191e-008	6.06274e-007	2.60954e-007	0.0146142	0.0408523	0.105944	0.230057	0.10733	5.75668e-005	3.25116e-008	7.76476e-009	1.6082e-012	1.48342e-015	1.04658e-018	6.77906e-015	9.5346e-014	6.54745e-027	2.46026e-026	1.92132e-031	6.23567e-038	1.29418e-033	2.17695e-032	8.50789e-030	1.1928e-028	3.90112e-031	7.09734e-032	3.06763e-034	7.1914e-032	1.36339e-030	
0	0	0.00103398	0.000449563	6.39853e-005	3.50844e-005	4.77685e-005	3.76027e-005	0.00231578	0.0952422	0.0380289	0.00343274	0.000178194	2.5147e-005	1.22839e-006	9.16103e-008	1.26735e-005	1.88769e-005	0.00051176	0.000593445	0.0195117	0.360632	0.469123	0.0123425	2.7534e-005	1.87974e-009	6.0522e-014	1.26205e-016	2.88017e-016	1.86394e-015	1.16242e-021	3.61545e-026	1.96218e-029	5.53309e-035	1.34349e-033	2.36582e-032	1.68015e-030	6.04983e-029	2.90625e-030	1.67321e-031	6.36775e-033	2.98595e-033	2.29758e-031	
0	0	0	3.47533e-005	1.30738e-006	1.82659e-006	3.03274e-007	2.29502e-007	1.16894e-007	0.000321885	0.00155024	0.000643864	0.000324477	0.000170885	3.11561e-005	1.07928e-005	1.5762e-006	1.02955e-007	4.67315e-007	4.74085e-007	1.57984e-006	0.00020829	0.320905	0.66577	0.270396	0.00658874	0.000273082	0.000142687	0.024548	0.0837435	6.10595e-007	2.43587e-009	4.17779e-012	3.61762e-016	7.41414e-013	3.49734e-011	2.44984e-010	1.33365e-010	4.11013e-012	1.21476e-013	1.15234e-015	6.34234e-018	1.81887e-020	
0	0	0	7.17665e-010	3.52585e-010	4.44512e-009	8.39999e-014	2.45247e-016	1.25883e-012	3.82157e-009	4.38842e-008	6.136e-007	2.9854e-009	4.32519e-009	1.21834e-006	7.14103e-009	1.80207e-008	5.59009e-015	1.36099e-015	2.04417e-016	3.89902e-017	3.63369e-011	9.06582e-006	0.197146	0.367988	0.986558	0.999631	0.999356	0.969376	0.916081	0.999999	1	1	1	0.443693	0.0132452	2.84746e-008	3.05099e-012	1.51935e-016	3.19402e-017	5.78506e-018	3.27273e-023	5.71459e-026	
0	0	0	0	1.5753e-005	7.14633e-005	0.000100261	5.04613e-005	5.18145e-006	1.50705e-005	0.000196565	0.000770436	0.00169965	0.0023207	0.00367679	0.00850842	0.0197427	0.000814844	1.89704e-005	5.53072e-007	2.83859e-008	5.7122e-008	0.00140443	0.11378	0.361411	0.00685299	9.5437e-005	0.000501266	0.0060758	0.000175765	2.46326e-009	3.87508e-007	2.22188e-007	5.61156e-009	0.556307	0.986755	1	1	1	1	1	1	1	


1	0.30168	0.167524	0.17438	0.228949	0.229129	0.00086696	0.00142648	0.00819578	0.00559359	0.029995	0.00764477	0.000494897	4.34234e-005	1.1623e-006	4.37627e-008	3.46853e-008	6.11786e-008	7.1992e-008	5.68871e-008	8.98301e-009	1.70051e-010	4.08097e-011	7.67661e-012	3.08491e-012	2.16397e-014	1.36398e-017	1.46904e-020	2.6191e-023	1.16339e-024	3.30383e-028	1.72327e-030	7.40595e-033	1.42647e-037	4.1617e-037	1.85677e-037	6.12052e-038	6.60057e-039	8.0638e-040	5.2135e-041	3.99755e-042	8.84414e-043	8.16304e-043	
0	0.696699	0.827496	0.701348	0.753773	0.766465	0.0014597	0.0190817	0.122998	0.0118328	0.129488	0.034346	0.00667641	0.000421907	2.02116e-005	1.64067e-006	4.65575e-007	4.98766e-007	1.12822e-006	3.10111e-007	1.45703e-008	2.3853e-010	6.16406e-011	3.48546e-012	2.28998e-011	7.15832e-013	4.04064e-016	1.60621e-018	1.01291e-020	5.60176e-022	1.03945e-025	1.076e-027	4.16519e-030	1.93719e-034	2.43351e-034	1.94089e-034	1.94341e-034	1.45888e-035	1.5644e-036	2.32143e-037	1.35764e-038	1.62866e-039	1.59856e-039	
0	0.00162035	0.00469841	0.117223	0.0162307	0.00315823	0.996926	0.0593067	0.00237019	0.802894	0.0146555	0.000531259	0.000119781	0.000201409	3.83381e-007	3.37526e-008	4.50376e-005	0.000361544	0.000900267	0.00119799	0.00232457	3.67522e-005	0.000125725	0.000270846	4.54039e-006	7.94175e-010	1.89012e-014	6.80943e-018	2.25527e-022	1.76928e-024	2.72727e-025	3.08044e-028	6.45918e-031	2.55352e-036	1.01203e-034	3.61198e-036	4.67404e-035	9.08491e-038	3.56357e-038	2.01093e-039	1.73287e-039	1.64975e-041	1.38862e-041	
0	0	0.000280522	0.00703292	9.88688e-005	0.000619613	0.000731999	0.918154	0.745781	0.0238983	0.0840992	0.000239818	2.19402e-006	3.07991e-007	9.41808e-009	5.59255e-010	1.71808e-007	0.000234828	0.0546037	0.84004	0.969181	0.984057	0.90565	0.648439	0.0317348	2.72901e-005	6.44378e-010	5.69044e-014	1.61683e-017	3.33499e-018	2.73741e-021	5.06923e-023	1.77678e-024	1.94482e-029	1.98636e-027	2.17891e-026	1.73226e-026	5.83921e-030	1.19853e-033	2.06537e-037	1.50753e-041	1.02602e-041	2.54699e-041	
0	0	1.16578e-006	1.6108e-005	0.000946325	0.000105404	1.49268e-005	0.00199815	0.114258	0.15461	0.459337	0.0216542	0.00165056	3.69427e-005	2.52436e-006	3.03588e-008	2.20582e-007	6.74652e-007	0.000115027	0.00366646	0.0228333	0.0157578	0.0922545	0.347786	0.343905	0.00216488	3.7394e-007	2.34756e-010	3.81719e-013	5.59622e-015	5.68423e-018	3.76854e-020	6.53185e-022	7.19183e-026	1.43899e-026	4.86617e-027	2.86133e-026	6.98988e-027	3.90543e-029	1.6625e-029	2.48663e-031	1.96138e-033	3.34409e-034	
0	0	0	2.22159e-007	1.52116e-006	0.000494669	2.9808e-008	3.13526e-005	0.00632983	0.000896267	0.187776	0.297519	0.0602328	0.00403061	0.000156814	3.19853e-006	2.37599e-008	7.06844e-009	1.28977e-007	2.02249e-006	2.50668e-006	8.92669e-005	0.00196088	0.00283617	0.334488	0.0462254	8.51208e-005	1.01026e-006	2.54467e-008	2.269e-009	3.55573e-012	3.8229e-014	3.89621e-016	8.97994e-020	2.99062e-018	7.92908e-017	4.98837e-017	1.14953e-018	4.03084e-019	8.48177e-021	1.632e-022	6.42279e-024	4.65801e-025	
0	0	0	3.9701e-009	6.13617e-007	2.59896e-005	1.18444e-008	9.44475e-009	3.82891e-005	7.8306e-005	0.0867845	0.589122	0.674392	0.101923	0.51478	0.491712	0.101085	0.000273342	1.66489e-007	2.7576e-011	7.07201e-011	6.7504e-009	1.73788e-007	0.000653331	0.289241	0.949931	0.999585	0.99821	0.989861	0.986926	0.999675	0.998024	0.998932	0.999976	0.276695	0.597421	0.135559	0.0562732	0.00176069	0.00533952	0.0018032	2.87046e-006	1.387e-008	
0	0	0	0	9.50327e-008	2.08582e-006	1.85052e-007	1.99886e-006	2.86351e-005	0.000197131	0.00786496	0.0489429	0.256432	0.893343	0.485039	0.508283	0.898869	0.999129	0.944379	0.155093	0.00565856	5.91093e-005	8.6227e-006	1.40022e-005	0.000627303	0.00165136	0.000329213	0.00178861	0.0101393	0.0130743	0.000324502	0.00197562	0.00106763	2.424e-005	0.723305	0.402579	0.864441	0.943727	0.998239	0.99466	0.998197	0.999997	1	


1	0.990802	0.947098	0.666698	0.721969	0.902311	0.141994	0.114098	0.000109778	0.00274097	0.000336619	1.69633e-005	7.39809e-007	5.82029e-008	4.08947e-009	5.01674e-010	1.32283e-009	5.27246e-009	2.06689e-008	1.23126e-007	5.82904e-007	4.68987e-007	4.38773e-006	7.40947e-006	3.21463e-006	1.92006e-006	7.36529e-007	1.94572e-007	5.61412e-008	2.81655e-009	1.1214e-008	1.48341e-008	1.28999e-008	2.40691e-009	1.47655e-009	2.73172e-010	1.1861e-010	1.50243e-011	1.30848e-012	9.51182e-014	1.11336e-014	5.32943e-015	4.62752e-015	
0	0.00295894	0.018138	0.215481	0.0301098	0.0191965	0.808075	0.00838915	1.28619e-006	0.0133772	1.75023e-005	8.23056e-006	9.32796e-007	1.14359e-007	8.75973e-009	4.19475e-010	8.95957e-009	1.00537e-008	9.89386e-009	1.59468e-008	3.60467e-008	6.72406e-008	1.50309e-005	0.000294095	5.54951e-005	1.29106e-005	6.4614e-006	3.08048e-006	2.70839e-008	1.45443e-010	7.89298e-009	1.20801e-008	6.22137e-010	2.39252e-011	9.87058e-011	7.64478e-012	4.50745e-012	2.3481e-013	1.1496e-012	6.7165e-014	7.30262e-015	5.8071e-017	5.0231e-017	
0	0.00623893	0.0346511	0.116664	0.0406743	0.011146	0.0302432	0.0022766	2.90236e-008	0.000585353	2.56792e-005	4.47099e-005	9.08983e-006	2.45473e-006	1.89971e-006	7.33457e-008	3.49593e-007	1.96192e-008	5.29386e-010	4.66399e-011	2.29872e-010	2.4722e-009	1.70198e-007	3.20598e-005	2.58586e-005	1.25168e-005	5.59922e-006	2.55028e-006	1.6285e-009	2.98677e-013	1.98263e-008	2.21998e-008	1.53419e-010	1.5481e-012	3.83558e-013	3.81519e-012	8.81454e-012	2.80573e-012	7.97601e-013	1.56541e-012	2.41408e-013	1.22067e-015	4.20372e-017	
0	0	3.17709e-005	0.00101422	0.206247	0.0511508	0.0180679	0.000288562	5.77815e-010	7.61803e-007	1.23098e-006	9.82958e-007	1.74545e-005	1.01905e-005	1.13597e-005	2.54724e-005	0.000281393	2.11403e-006	9.89279e-009	1.81151e-011	1.11515e-012	4.05026e-013	1.87641e-008	1.39272e-006	0.000175044	0.0017902	0.00799836	0.0557039	0.000734013	2.5244e-008	1.47289e-006	1.08433e-006	3.34857e-007	2.00741e-008	5.78437e-011	5.55395e-014	1.17037e-014	3.63801e-015	1.29513e-013	1.49565e-013	3.65402e-013	3.04319e-016	6.03087e-019	
0	0	8.11177e-005	3.9251e-005	0.000945525	0.0112654	0.00150771	0.0106476	1.59273e-005	2.28311e-005	1.03199e-005	1.54397e-007	4.21465e-008	4.40047e-008	4.47628e-008	1.11116e-006	1.86124e-005	0.00234795	0.00938684	0.0184856	0.0166187	0.00144319	3.22708e-005	2.3963e-006	1.79714e-006	3.4733e-005	0.00237821	0.00131949	0.274461	0.344001	0.0156382	0.0517208	0.128776	0.0856202	0.0690671	0.000617692	1.29446e-005	8.53754e-007	8.6403e-009	2.09799e-010	1.85562e-012	4.19492e-013	1.93615e-013	
0	0	0	0.000102132	1.19228e-006	0.00397111	2.70139e-007	0.86366	0.992599	0.00358976	0.00540409	0.000126118	1.30489e-006	5.09115e-009	2.53926e-009	3.83283e-010	2.32526e-010	3.79197e-006	0.0103918	0.0428527	0.262029	0.804623	0.0688596	8.26334e-005	3.06176e-006	6.3605e-007	7.68429e-008	9.97339e-007	0.013129	0.629336	0.0918847	0.0272992	0.105457	0.0889053	0.330613	0.476618	0.0680824	0.070732	0.00102532	2.25159e-005	1.01458e-008	3.49667e-008	3.82239e-008	
0	0	0	1.60835e-006	2.972e-005	0.000791997	1.5769e-007	0.000137382	0.00713732	0.0548225	0.114477	0.019515	0.00241247	0.000315009	4.79985e-005	1.53294e-006	6.22703e-010	6.57391e-009	3.86768e-006	0.000402496	0.00103384	0.0109965	0.0839248	0.000977284	5.17256e-005	3.34645e-006	8.50381e-008	5.19806e-007	2.82184e-005	0.000609766	0.0599974	0.00409956	0.00541728	0.16635	0.125786	0.219815	0.136377	0.188798	0.0293168	0.00159912	6.51407e-005	8.22783e-005	4.07736e-005	
0	0	0	0	2.36617e-005	0.000167187	0.00011203	0.000502187	0.000136385	0.924861	0.879728	0.980288	0.997558	0.999672	0.999939	0.999972	0.9997	0.997646	0.980217	0.938259	0.720318	0.182937	0.847164	0.998603	0.999684	0.998144	0.98961	0.942969	0.711648	0.0260535	0.832478	0.916879	0.76035	0.659124	0.474534	0.302949	0.795528	0.740469	0.969658	0.998378	0.999935	0.999918	0.999959	


1	0.798132	0.35463	0.0469136	0.0232018	0.00747117	0.00712595	0.0234453	0.00328525	0.00566372	0.0163307	0.0229731	0.0689105	0.0505687	0.101188	0.0401117	0.00502948	0.000746759	0.000643332	0.00249509	0.00349959	0.000814626	0.00261458	0.000804731	4.64409e-006	4.44867e-008	9.58343e-010	1.54335e-011	2.89578e-012	1.1669e-012	3.08749e-014	1.74785e-016	3.74693e-018	1.92868e-020	1.5046e-021	8.69855e-023	1.02757e-023	3.60137e-024	3.23099e-024	1.02501e-023	1.04801e-023	1.58784e-025	3.21459e-027	
0	0.201852	0.645348	0.952015	0.965761	0.98598	0.00391226	0.462493	0.95954	0.0139628	0.511759	0.868276	0.863135	0.88345	0.813513	0.411029	0.000574862	3.40719e-005	0.00016958	0.000686183	0.000588693	0.000113224	0.000130647	2.14849e-005	1.39349e-006	2.50997e-008	1.90201e-010	3.30005e-012	6.47943e-012	8.66305e-012	3.08885e-013	7.9201e-016	7.66168e-017	1.97972e-018	1.41859e-018	2.15717e-019	1.16755e-020	6.21759e-021	1.10787e-020	1.36846e-020	1.71073e-020	6.77337e-021	2.39962e-022	
0	1.61066e-005	7.91251e-006	0.00107	0.0102039	0.00545912	0.988348	0.000658717	2.84381e-006	0.971415	0.0230597	0.00533238	0.0164285	0.0467982	0.0764118	0.299745	0.577195	0.00449951	4.85561e-005	1.05458e-006	1.76253e-006	1.29854e-007	0.000239335	0.0329263	0.0028005	0.000212064	3.64022e-005	2.33891e-005	6.64916e-007	3.20298e-009	2.94701e-009	8.41038e-012	8.76687e-013	2.4032e-013	6.94587e-015	1.36214e-017	9.1846e-019	7.07762e-022	1.21669e-023	1.94602e-021	1.08458e-021	5.22533e-026	7.65981e-026	
0	0	1.37149e-005	1.70593e-006	0.000825621	0.00104234	7.94077e-005	0.492048	0.0282365	0.00410737	0.366242	0.0819942	0.047168	0.0184731	0.00826776	0.225224	0.195656	0.12947	0.0413776	0.0279787	0.0184312	0.000373351	0.000125766	0.000177311	0.00451626	0.00681831	0.00153898	0.000626809	0.000649293	0.00232201	0.00205164	0.00187643	0.00347046	0.000208874	0.000138777	1.33428e-005	9.27642e-008	7.09326e-009	4.56681e-009	1.89722e-009	2.20374e-009	3.28486e-010	2.14921e-011	
0	0	6.22279e-008	5.14851e-008	7.82252e-006	2.21283e-005	0.000528493	0.0187791	0.000587982	0.00252976	0.0739749	0.013904	0.00136467	0.000292239	0.000554402	0.0228897	0.220533	0.847712	0.537293	0.357666	0.218029	0.00867579	0.00347769	0.0635022	0.0333886	0.0129886	0.00593067	0.00176903	0.00078147	0.000758766	0.000392006	0.000738793	0.0013611	0.000794896	0.000400995	5.38265e-005	1.72451e-005	7.02775e-007	7.24628e-009	2.18649e-008	2.76041e-009	1.16501e-011	1.88366e-012	
0	0	0	4.01754e-008	3.98309e-008	2.50931e-005	1.57341e-008	0.00254058	0.00825486	4.59821e-005	0.00161078	0.00408271	0.00217253	0.000282181	1.91238e-005	0.000925791	9.85029e-005	0.0165418	0.418429	0.52265	0.0993429	0.00506471	0.00128649	0.00032579	0.00218275	0.00391935	0.00113418	0.000900037	0.0160147	0.169604	0.0107712	0.00099027	0.00380912	0.000848383	0.0666157	0.0770611	0.000160528	8.62615e-007	9.11761e-007	2.75296e-009	6.03992e-010	2.07889e-010	5.44935e-012	
0	0	0	4.74861e-012	1.16162e-009	1.91694e-009	5.74709e-006	5.25331e-007	2.39092e-006	0.0022387	0.00118137	0.00026906	0.000138047	4.26693e-005	2.79968e-005	7.28847e-005	0.000912342	0.000951539	0.00130679	0.0182327	0.0318337	0.00254944	0.00696426	0.7599	0.954573	0.973352	0.989707	0.99461	0.941488	0.51366	0.916159	0.977617	0.944187	0.989016	0.698408	0.219184	0.232934	0.0245258	0.00114921	0.00365325	0.00113324	1.99591e-006	1.44745e-008	
0	0	0	0	7.22616e-010	8.99126e-010	2.03054e-008	3.43223e-005	9.0301e-005	3.67861e-005	0.00584134	0.00316814	0.000682903	9.32733e-005	1.72188e-005	2.06737e-006	2.99164e-007	4.4451e-005	0.000731502	0.0702908	0.628273	0.982409	0.985161	0.142342	0.00253285	0.00270993	0.00165305	0.00207077	0.0410662	0.313655	0.0706262	0.0187777	0.0471727	0.00913177	0.234437	0.703688	0.766888	0.975473	0.99885	0.996347	0.998867	0.999998	1	


1	0.304384	0.423877	0.258348	0.147444	0.0499306	0.0741746	0.322732	0.983595	0.931467	0.736203	0.0355178	0.000172692	2.11049e-006	8.13353e-009	1.17966e-010	3.36918e-011	3.80117e-012	1.72797e-013	1.13047e-013	1.80901e-013	4.61247e-014	6.31612e-014	4.24707e-015	1.66769e-018	1.77534e-022	1.15448e-025	3.85402e-029	5.3024e-033	1.9669e-034	1.05378e-034	8.8312e-037	6.56031e-040	2.09683e-043	2.19131e-046	9.37907e-048	4.18563e-048	2.63395e-049	6.9175e-049	6.05443e-049	1.11969e-048	2.47792e-049	7.142e-050	
0	0.695459	0.575663	0.736175	0.845304	0.948642	0.837885	0.672559	0.013526	0.0681203	0.263785	0.964314	0.997997	0.998898	0.99871	0.636464	0.0231488	1.08568e-005	6.25901e-010	1.18583e-013	5.24277e-017	1.28027e-017	2.34105e-016	6.10293e-017	3.24501e-019	2.33491e-023	3.13254e-026	1.92087e-029	3.27661e-034	4.80149e-038	3.55477e-036	2.0181e-039	2.75771e-043	3.03471e-045	2.22146e-050	4.05151e-050	4.08915e-049	6.20761e-049	5.57816e-048	9.51966e-046	6.57436e-045	1.73011e-047	4.19373e-050	
0	0.00015658	0.000458411	0.00547604	0.00724518	0.00142495	0.0879389	2.53912e-005	7.94863e-005	0.00039684	8.63481e-006	0.000168275	0.00183032	0.00110016	0.00128994	0.36352	0.91107	3.85017e-005	5.01994e-011	6.58519e-016	4.73657e-019	1.65799e-022	4.36695e-020	2.52324e-018	1.18053e-019	7.09358e-023	5.0805e-025	1.29979e-028	1.78175e-034	7.48569e-038	3.23391e-038	3.40481e-039	1.35136e-043	4.80049e-046	4.84182e-053	1.70539e-056	1.22686e-055	1.33628e-053	3.84421e-050	3.06808e-048	7.28229e-046	5.57776e-049	1.27091e-051	
0	0	1.58795e-006	1.03091e-006	7.24932e-006	1.96821e-006	1.87729e-006	0.00468023	0.000198355	6.50058e-008	4.2912e-007	1.50954e-009	1.26214e-009	1.40968e-008	4.23622e-010	1.6448e-005	0.0657816	0.994678	0.810281	0.117666	0.0186088	1.26023e-005	1.0206e-008	4.88214e-012	8.72033e-015	5.83943e-018	1.35281e-020	4.66206e-023	8.75027e-025	1.4049e-023	2.01216e-023	1.09217e-022	5.7631e-022	3.55589e-023	3.23941e-024	1.25392e-028	1.59854e-032	2.11767e-037	1.82724e-040	9.42396e-045	1.82965e-047	6.8178e-048	6.27266e-050	
0	0	5.21139e-014	3.02522e-009	8.04735e-011	1.9045e-007	6.17947e-009	2.75281e-006	0.00260034	1.55809e-005	1.60587e-006	1.47516e-009	7.19565e-014	2.55231e-014	9.42866e-014	7.89723e-014	6.21383e-008	0.00527005	0.1897	0.882178	0.975333	0.995861	0.994078	0.105269	2.64136e-005	1.45445e-009	1.6831e-013	3.71575e-018	7.41444e-022	4.13676e-022	6.75583e-023	7.42304e-025	9.31062e-025	1.91388e-024	1.60547e-024	3.19764e-025	5.53351e-027	2.57997e-030	9.61696e-032	1.42265e-034	3.73957e-037	2.50559e-039	2.25106e-041	
0	0	0	9.33946e-014	1.22248e-012	2.85157e-012	8.16825e-012	1.39614e-010	1.80497e-008	5.17669e-008	2.65132e-008	6.16941e-012	3.85378e-016	1.54758e-018	1.28711e-017	1.71651e-015	6.23501e-010	2.21483e-006	1.91546e-005	3.93833e-005	0.000543956	0.000641814	0.00478441	0.894281	0.999948	0.999994	0.999994	0.999999	0.999982	0.999665	0.988079	0.99987	0.999856	0.999714	0.99976	0.974157	0.473852	0.000345046	1.21388e-006	7.71335e-010	3.00379e-013	1.35632e-016	1.075e-019	
0	0	0	1.03356e-016	4.98779e-012	5.84779e-013	1.90217e-011	1.85199e-009	4.06128e-007	5.29247e-008	1.73017e-006	2.7639e-009	7.22344e-014	4.10453e-018	1.81265e-019	2.38483e-018	1.19379e-017	1.27247e-011	5.80957e-007	0.00011624	0.00540684	0.00282604	3.30965e-005	0.000414985	2.57386e-005	5.80307e-006	6.29282e-006	1.24743e-006	1.826e-005	0.000324224	0.0118352	0.000127884	0.000143753	0.000285775	0.000238397	0.0258099	0.525231	0.991987	0.255528	0.0856824	0.00657211	0.00834986	0.00282673	
0	0	0	0	8.32453e-017	1.36632e-012	2.06101e-012	8.90277e-011	2.20656e-009	6.91666e-008	6.70912e-008	1.61902e-008	1.53427e-010	2.92231e-012	5.96244e-015	6.54137e-017	6.05629e-018	9.58689e-014	1.84717e-010	1.40527e-007	0.000107073	0.000658329	0.00110418	3.51471e-005	3.44903e-007	7.11892e-008	1.12048e-007	7.29984e-008	7.30771e-008	1.04853e-005	8.57057e-005	2.06786e-006	2.64031e-007	1.03544e-007	1.86202e-006	3.28188e-005	0.000916822	0.00766753	0.744471	0.914318	0.993428	0.99165	0.997173	


1	0.0925025	0.0101129	0.00659563	0.00100045	0.000165422	0.000433255	0.00371891	0.0171939	0.00859688	0.0057206	0.000184057	8.13579e-006	3.86655e-008	1.18903e-010	2.91764e-013	1.93201e-015	1.77503e-016	2.22389e-017	1.0896e-015	3.59152e-013	6.89595e-013	6.13724e-013	5.06088e-015	5.43033e-018	3.37442e-022	2.79371e-026	7.52649e-031	2.93877e-035	3.95323e-039	2.86398e-044	9.14646e-049	1.643e-054	1.25752e-060	1.36175e-064	4.08143e-068	3.57986e-070	4.07797e-070	4.58889e-070	1.57942e-069	2.33988e-069	1.92175e-069	2.98789e-069	
0	0.907092	0.989095	0.962233	0.504976	0.0855043	0.18072	0.995327	0.982702	0.305468	0.905235	0.892354	0.25103	0.00381199	0.000195542	1.36207e-006	5.42999e-009	3.32471e-011	8.33415e-014	4.66254e-014	2.53437e-013	7.88968e-014	5.6117e-015	4.24804e-016	3.8716e-018	5.45668e-022	2.04259e-025	1.22355e-029	7.69211e-035	3.91308e-040	3.41917e-044	5.0735e-049	6.01911e-056	9.65361e-062	8.65671e-067	8.78474e-069	4.6555e-070	1.47128e-068	4.47694e-068	7.65262e-066	4.9505e-065	2.93161e-065	4.78244e-065	
0	0.000405324	0.000791652	0.0311691	0.493999	0.914308	0.634507	0.000723675	0.000101888	0.685935	0.0887463	0.107446	0.748899	0.996164	0.999789	0.203738	0.0113961	9.65079e-007	2.03316e-012	1.47426e-015	3.17287e-017	4.23586e-018	2.90142e-016	4.05616e-016	4.599e-018	3.34574e-021	1.85669e-023	2.99416e-026	2.48314e-032	4.5607e-038	1.52944e-041	3.1764e-046	1.69091e-053	8.23273e-060	6.93067e-068	1.34642e-072	2.2785e-074	4.41236e-071	4.08399e-069	7.57929e-068	4.21815e-065	1.50808e-067	7.94347e-068	
0	0	3.70651e-009	2.4057e-006	2.41882e-005	2.17501e-005	0.184098	2.33511e-005	1.66295e-006	2.12656e-007	0.000297305	1.63547e-005	6.24505e-005	2.41972e-005	1.5173e-005	0.79624	0.93041	0.07824	0.000169709	2.06839e-006	1.54478e-009	4.67168e-015	8.31176e-020	2.99671e-020	1.79723e-018	1.68156e-021	1.08504e-023	3.18306e-026	1.65304e-030	9.9685e-033	2.83991e-034	1.29757e-034	9.39676e-039	1.92559e-044	6.67036e-050	1.23001e-056	2.23766e-063	3.63723e-068	8.86719e-071	3.71884e-072	2.61107e-068	2.83206e-067	1.24878e-069	
0	0	2.73694e-011	4.36597e-008	2.2904e-008	2.62785e-007	0.000241191	0.000197786	2.62541e-007	3.47921e-009	4.68184e-007	3.07401e-008	9.18358e-009	3.88394e-008	5.11397e-009	2.05224e-005	0.0581944	0.921216	0.981138	0.935338	0.683979	0.00381815	2.02539e-005	1.03435e-007	9.83947e-011	1.02236e-014	6.29968e-019	9.83767e-023	1.72516e-026	1.48759e-029	3.8457e-031	2.21519e-032	1.01502e-033	8.24115e-038	4.46818e-039	1.04933e-044	2.59521e-050	2.27387e-055	2.19257e-059	1.31831e-063	3.12043e-067	8.01619e-070	2.12788e-071	
0	0	0	1.82225e-014	1.22206e-013	1.44621e-010	2.32206e-011	9.66884e-006	5.53592e-007	1.53445e-009	3.31344e-011	1.51368e-010	1.24672e-012	4.5321e-014	8.85626e-014	2.67124e-013	2.47187e-009	0.000542865	0.0186901	0.062583	0.110998	0.0463699	0.00218347	0.000508823	2.21119e-005	1.09076e-007	8.9646e-010	2.41717e-013	1.80684e-017	6.16704e-021	1.95256e-026	6.9597e-029	2.10123e-033	7.79965e-038	9.85438e-040	1.00098e-042	9.71647e-048	5.54175e-051	1.30229e-053	9.25882e-057	9.17939e-061	1.96867e-064	8.53678e-067	
0	0	0	1.13608e-022	3.75229e-018	1.94543e-017	2.02311e-013	9.81055e-013	1.57103e-007	2.4659e-010	2.5621e-011	5.78728e-015	2.31974e-015	2.6703e-018	2.69427e-019	1.28752e-018	1.14023e-015	2.036e-011	1.67535e-006	0.000589538	0.0127265	0.0672925	0.0924664	0.6313	0.987307	0.999056	0.999512	0.999711	0.999836	0.999926	0.999438	0.999542	0.999951	0.999979	0.997914	0.996357	0.973047	0.413878	0.00716271	1.22721e-005	2.54874e-008	2.97241e-011	8.4973e-014	
0	0	0	0	3.84659e-017	2.52767e-016	3.2076e-012	8.0072e-012	6.48481e-008	3.1997e-008	1.72526e-008	1.92293e-010	2.43444e-012	7.06663e-015	9.02084e-018	1.25126e-018	3.21132e-017	1.11772e-012	3.26606e-007	0.00148717	0.192297	0.88252	0.90533	0.368191	0.0126713	0.000944117	0.000487751	0.000289495	0.000164468	7.39109e-005	0.00056218	0.000457653	4.88959e-005	2.10783e-005	0.00208627	0.00364331	0.0269533	0.586122	0.992837	0.999988	1	1	1	


1	0.385132	0.780807	0.967559	0.669703	0.396099	0.357982	0.738842	0.588085	0.496961	0.637459	0.043565	0.000251534	8.42804e-007	1.01731e-008	7.80543e-013	1.13577e-014	1.39974e-018	2.31377e-022	5.65781e-025	1.27583e-027	1.19688e-027	2.11273e-027	7.05812e-030	3.43176e-033	5.0336e-039	3.74781e-046	2.8994e-053	2.38144e-059	1.16948e-065	8.30458e-072	1.13451e-079	3.53822e-087	3.39462e-094	5.94745e-099	2.44072e-101	1.07983e-101	2.2361e-102	9.1324e-103	1.13844e-102	6.75453e-102	4.40097e-101	1.31819e-100	
0	0.00266748	0.00221612	0.00254481	0.00743387	0.000647216	0.307772	0.0533498	0.00461543	0.0855391	0.00328639	9.66443e-005	1.85663e-006	2.01492e-009	3.65246e-011	1.45478e-014	7.06441e-015	1.30268e-018	2.59737e-022	8.86812e-025	7.31802e-027	1.46367e-026	3.64885e-025	2.11369e-026	1.05532e-028	1.18692e-033	4.52688e-040	2.04855e-046	6.69964e-053	4.20519e-059	4.36538e-066	8.02186e-074	1.16408e-081	7.54456e-089	5.51958e-094	4.55478e-097	5.1776e-098	4.18479e-100	3.71543e-101	7.92853e-102	3.00286e-102	4.3178e-103	4.6935e-102	
0	0.612201	0.195837	0.00385558	0.013486	0.00325452	0.00733157	0.183322	0.230961	0.0306743	0.0644089	0.0144872	0.000309199	1.13631e-007	1.01723e-009	4.35504e-013	2.32643e-016	1.13582e-018	2.17774e-023	4.0081e-026	6.46912e-029	1.22625e-028	1.79544e-029	1.80133e-030	2.02313e-030	3.43413e-035	4.51546e-040	2.94623e-047	1.25711e-051	1.13477e-056	7.52585e-067	1.14622e-073	2.5933e-083	9.6648e-091	8.91706e-096	7.50609e-098	1.12387e-098	1.03708e-098	9.95343e-100	2.46388e-099	4.61271e-100	1.27119e-100	1.18295e-100	
0	0	0.0179018	2.97232e-005	8.45093e-007	4.318e-007	9.71481e-007	0.00043793	0.169746	0.0161237	0.0493194	0.000948736	5.27638e-008	4.21326e-010	5.49282e-014	2.26298e-019	7.55648e-020	2.07184e-023	5.87801e-026	1.32964e-029	4.61064e-030	8.01031e-028	1.5209e-030	3.99606e-035	3.17395e-037	1.34192e-039	1.6796e-045	5.06318e-051	1.08937e-055	5.93074e-060	2.12706e-066	7.91975e-075	1.58316e-083	1.11281e-091	7.86097e-098	8.39614e-100	2.84132e-100	3.49213e-100	1.0596e-102	4.60388e-103	6.35533e-103	8.10287e-102	4.81217e-102	
0	0	0.0032384	0.0260092	0.309374	0.599996	0.261065	0.000409271	0.000818761	0.370454	0.245287	0.940902	0.999437	0.999999	1	0.999997	0.609399	4.30662e-006	1.73095e-012	5.12514e-019	3.30475e-026	2.27763e-031	9.31428e-031	1.96157e-033	1.17108e-033	5.93359e-036	7.09623e-040	2.21288e-044	3.08712e-050	1.95711e-057	1.39281e-062	9.0255e-070	6.33151e-078	1.78297e-085	1.40326e-093	1.66307e-099	2.80239e-102	1.14397e-101	1.50113e-099	2.39585e-099	1.53867e-096	2.48573e-097	5.14741e-099	
0	0	0	1.81687e-006	1.89721e-006	2.65719e-006	0.0658493	0.021843	0.00549734	0.000121412	0.000203724	4.63992e-008	3.14997e-008	1.9352e-007	3.88206e-009	2.95177e-006	0.390601	0.99999	0.999998	0.999991	0.999976	0.820031	0.0400747	2.01602e-005	8.02319e-011	1.14314e-018	1.05615e-026	2.71951e-034	1.78732e-039	5.1652e-043	1.84359e-049	2.02776e-055	6.41881e-060	5.24995e-067	2.90258e-069	7.08648e-073	1.00743e-074	1.0324e-079	4.64143e-084	5.5937e-090	2.11045e-092	4.55318e-092	4.89487e-092	
0	0	0	1.19843e-038	2.66063e-011	3.59267e-012	6.14201e-012	8.62201e-008	5.31112e-008	3.1989e-008	9.86221e-010	3.43152e-011	3.69718e-016	7.96533e-017	1.6474e-015	9.26336e-015	9.48037e-010	5.57153e-007	5.05938e-008	4.88071e-009	2.23891e-009	3.24629e-005	0.00281892	0.00360115	0.242748	0.997406	0.999983	0.999994	0.999971	0.999998	0.999999	0.999999	1	0.999998	0.99986	0.960775	0.033644	5.14724e-007	5.62281e-011	8.37642e-016	5.45531e-019	5.0164e-022	3.58188e-025	
0	0	0	0	2.36963e-008	2.16715e-008	2.21415e-008	0.00179593	0.000276609	0.000126461	3.5427e-005	8.13944e-007	6.81117e-010	1.19335e-012	3.92144e-011	9.66993e-014	5.27714e-009	4.71471e-006	1.65306e-006	9.11075e-006	2.3873e-005	0.179937	0.957106	0.996379	0.757252	0.00259439	1.68129e-005	6.20736e-006	2.89051e-005	2.45423e-006	1.33193e-006	6.69813e-007	1.31542e-007	1.64451e-006	0.000139889	0.0392254	0.966356	0.999999	1	1	1	1	1	


1	0.818712	0.751907	0.221994	0.0710497	0.036774	0.00919226	0.00663185	0.0219404	0.00272881	0.00632646	0.000545419	1.13599e-005	1.3469e-006	8.00809e-007	2.33219e-008	6.98051e-009	3.45904e-010	4.8583e-011	2.40129e-010	2.5334e-009	4.13089e-009	1.52663e-009	3.87275e-011	3.60986e-014	1.24147e-017	1.44341e-020	5.40132e-024	6.50366e-027	9.80856e-027	2.97557e-028	3.45831e-031	3.51159e-033	8.06472e-036	2.13668e-038	1.11794e-040	3.69707e-042	6.60089e-042	1.09996e-041	1.51647e-041	6.97739e-042	9.01909e-043	9.12723e-044	
0	0.000241484	8.16635e-005	2.71015e-006	0.000411378	1.40922e-005	2.06296e-006	7.0416e-007	8.91089e-007	1.208e-006	4.57393e-006	6.0785e-008	2.13763e-009	1.08148e-009	1.38544e-009	5.4638e-011	3.70614e-010	2.61637e-013	1.23492e-013	1.07539e-014	2.28785e-013	9.77666e-012	8.91591e-011	6.91631e-011	1.01387e-014	9.36165e-019	6.25941e-023	5.36652e-026	1.18973e-029	1.97452e-032	1.16942e-030	1.99926e-034	1.12893e-034	8.84691e-037	3.94571e-041	1.92701e-043	7.68026e-045	8.73726e-045	4.2456e-045	8.56336e-046	7.0028e-045	2.84096e-047	1.19046e-048	
0	0.181047	0.248005	0.777882	0.928092	0.962789	0.95473	0.992741	0.971261	0.964973	0.992397	0.999083	0.99904	0.999523	0.999044	0.980833	0.51486	0.178986	0.0962955	0.206082	0.401545	0.779575	0.811521	0.0915808	0.00157349	1.07127e-005	6.82896e-007	1.43045e-008	2.20679e-010	1.92093e-010	2.22552e-011	1.12045e-012	1.50753e-014	3.43582e-017	3.49555e-018	4.65425e-019	6.00119e-020	4.11177e-020	7.85626e-019	1.0336e-018	8.03522e-019	8.82614e-020	5.88727e-021	
0	0	5.82875e-006	0.000121588	0.000443056	0.000418691	0.0360744	0.000321845	0.00666939	0.0321826	0.00048632	0.000237614	0.000794595	0.000302208	0.000678995	0.0188029	0.484802	0.819444	0.897583	0.791497	0.584579	0.0767132	0.0144582	0.0339014	0.000180217	4.9854e-007	2.41502e-007	5.60403e-009	2.05461e-010	3.6736e-010	4.58884e-014	1.24105e-014	1.12783e-015	5.26686e-018	3.35519e-019	1.85602e-022	3.10367e-023	2.8685e-023	9.71122e-022	5.01619e-022	9.78709e-022	3.10886e-023	2.29793e-023	
0	0	4.63721e-007	9.43772e-008	3.71183e-006	4.04767e-006	1.11425e-006	0.000304177	7.77411e-006	1.41494e-005	0.00064202	3.78228e-005	1.99629e-006	6.28816e-006	8.0945e-006	1.01002e-005	0.000147416	0.00142367	0.00597414	0.000987984	0.00233408	0.12267	0.170988	0.874135	0.997853	0.999795	0.994758	0.999665	0.996542	0.960623	0.999525	0.998923	0.994889	0.999484	0.997205	0.999369	0.997685	0.680906	0.418637	0.0192095	4.8404e-005	1.89268e-008	6.65582e-012	
0	0	0	4.80866e-009	2.18819e-008	5.88122e-008	6.86212e-008	3.33866e-008	0.000119638	5.64812e-006	1.59311e-005	4.27216e-006	2.06063e-007	4.81128e-009	7.11306e-008	8.12933e-007	4.0748e-006	1.21119e-005	5.87531e-005	0.000510271	0.000957077	0.000150295	1.71035e-005	0.000348623	0.000393243	0.000193801	0.00524104	0.000334118	0.00345776	0.0386998	0.000422266	0.00107675	0.00510998	0.000515546	0.00279306	0.000627783	0.00231197	0.317764	0.22729	0.13667	0.0485153	0.030033	0.00712546	
0	0	0	3.96839e-011	1.56444e-009	1.76486e-009	4.95129e-008	7.39574e-009	2.9466e-007	9.37862e-005	5.99289e-005	9.98187e-006	1.89717e-006	3.24118e-007	4.16793e-008	1.70658e-009	4.32254e-008	1.64924e-007	3.20537e-007	2.62218e-005	0.00143189	0.0110958	0.00120228	2.73266e-005	9.08347e-008	3.31166e-008	1.00885e-007	4.70663e-007	3.75272e-007	0.000674498	5.22968e-005	4.44799e-007	7.26703e-007	6.35826e-007	1.45865e-006	3.04273e-006	2.65253e-006	0.00132845	0.352286	0.579884	0.379908	0.51639	0.843491	
0	0	0	0	1.85542e-011	2.57484e-010	1.32348e-009	3.28553e-008	2.53946e-007	3.23657e-007	6.76481e-005	8.16117e-005	0.000149938	0.000166457	0.000268168	0.000353191	0.000186857	0.000134018	8.78877e-005	0.000896995	0.0091538	0.00979648	0.00181364	6.78766e-006	2.57768e-008	8.79306e-011	3.66125e-010	3.97975e-009	4.63671e-009	2.67839e-006	9.29119e-007	2.28042e-008	8.87251e-010	6.39101e-010	2.03797e-009	1.78988e-008	6.17602e-008	1.77109e-006	0.00178746	0.264237	0.571528	0.453577	0.149384	


1	0.959785	0.980613	0.999327	0.996912	0.993433	0.993574	0.288511	0.0159645	0.0857363	0.407951	0.410269	0.0122081	0.000365941	1.06177e-005	2.00278e-008	1.67343e-010	3.54342e-011	3.61384e-012	2.66236e-011	1.59387e-010	3.88094e-011	8.68457e-011	6.83736e-013	5.19891e-015	6.94525e-018	2.06082e-020	1.69261e-022	2.19169e-024	6.34369e-026	1.65301e-026	2.50401e-028	2.92214e-031	3.31675e-034	6.3418e-038	6.49257e-040	1.38814e-039	9.06291e-039	6.00136e-038	1.78973e-037	3.2944e-037	9.26703e-038	2.2334e-038	
0	0.0394948	0.0151086	0.00025726	0.00289643	0.00581975	0.00102396	0.670926	0.6515	0.00258772	0.060701	3.57047e-005	1.17976e-007	5.05055e-009	4.50761e-011	8.60522e-011	5.59018e-012	1.16165e-009	1.38859e-008	0.00010768	0.172349	0.191749	0.00196663	4.5263e-008	2.16015e-011	3.32289e-015	9.00824e-019	6.41762e-023	2.35681e-024	1.75622e-023	1.59331e-027	6.18357e-029	5.48697e-031	2.84064e-035	1.31674e-036	5.33675e-039	1.22927e-040	8.75243e-042	3.78924e-041	2.56933e-042	3.54468e-040	1.86509e-036	1.03707e-035	
0	0.000719729	0.00424854	0.000258405	7.52038e-005	0.000668278	0.00137381	0.0405564	0.332385	0.068629	0.394026	0.00750904	2.34773e-006	5.2811e-008	1.03912e-010	1.8369e-012	6.49215e-014	4.32573e-012	7.75595e-011	1.03417e-007	0.00198001	0.597823	0.0135371	2.31719e-006	1.15326e-009	1.65353e-013	5.84537e-017	1.93554e-020	2.36914e-022	8.81004e-022	1.0145e-023	4.40452e-025	2.41362e-027	2.36465e-030	1.03788e-032	2.05013e-034	2.66579e-035	3.46735e-036	1.05488e-037	6.56329e-041	3.50808e-041	5.16184e-039	2.43738e-037	
0	0	2.96434e-005	6.5961e-005	2.05941e-006	2.98129e-006	0.00121173	4.23484e-006	0.000150456	0.500351	0.062236	0.00547836	1.70339e-005	2.13272e-008	1.31745e-011	6.92936e-016	1.42369e-014	1.19573e-015	1.41851e-013	7.4638e-011	4.27708e-006	0.0134315	0.783932	0.526253	0.02754	0.00317991	0.000212803	5.81013e-005	4.47524e-006	9.21193e-007	0.000132536	2.49344e-005	5.2695e-006	1.04894e-006	7.17631e-009	2.25672e-009	5.01737e-009	6.1732e-010	1.39864e-010	1.45107e-011	1.13377e-012	3.58842e-015	2.18076e-017	
0	0	3.35936e-007	9.11197e-005	0.000114039	7.60082e-005	0.00281289	1.64969e-006	7.2886e-008	0.342696	0.0750485	0.576685	0.987753	0.999584	0.999987	0.990872	0.642402	0.00079166	5.75489e-008	1.12113e-010	9.57737e-012	7.37805e-009	0.00732816	0.0169602	0.141773	0.0248081	0.0213455	0.0235716	1.87862e-005	1.60922e-009	5.12739e-007	1.62372e-007	1.01134e-010	1.10247e-010	6.78924e-014	5.14738e-014	8.39939e-012	1.69314e-010	5.47084e-009	1.67955e-007	9.7071e-006	1.56563e-008	1.61486e-011	
0	0	0	8.99827e-010	1.91348e-008	5.14315e-008	3.72376e-006	1.40341e-007	3.04422e-011	2.41413e-009	2.53504e-005	2.29285e-005	1.92895e-005	4.97927e-005	2.27717e-006	0.00912759	0.357595	0.961975	0.746248	0.47288	0.0296847	6.53684e-006	2.35969e-007	1.66459e-005	0.000691642	0.0020483	0.000665452	0.000753571	0.000411802	1.2242e-005	2.12405e-005	1.85375e-005	1.24856e-006	1.47023e-009	8.14973e-011	9.83578e-016	4.73086e-019	1.30545e-017	6.48645e-013	2.55436e-013	7.91585e-010	7.55385e-009	1.21787e-012	
0	0	0	1.14101e-014	2.23962e-012	1.1653e-010	1.0124e-011	2.10221e-008	6.78658e-010	7.03335e-012	1.1807e-005	4.49242e-008	1.53063e-010	1.28445e-010	2.82646e-010	2.5443e-009	2.61284e-006	0.0372332	0.253634	0.517373	0.649851	0.194027	0.191387	0.454818	0.760766	0.906882	0.937566	0.836652	0.890539	0.979959	0.361868	0.74036	0.948002	0.962764	0.998813	0.99103	0.320703	0.00551174	8.40284e-005	2.27247e-008	1.30723e-011	6.54865e-012	2.75051e-011	
0	0	0	0	1.13518e-015	8.02904e-014	8.12701e-012	7.3923e-013	3.42504e-011	5.86724e-011	2.09808e-010	6.65865e-008	2.94491e-010	4.1278e-013	1.32566e-014	1.79416e-013	2.93986e-012	2.69498e-008	0.000117776	0.00963902	0.146131	0.00296237	0.00184803	0.00195015	0.0692297	0.0630817	0.0402101	0.138964	0.109026	0.0200279	0.637978	0.259597	0.0519918	0.0372352	0.00118675	0.00897021	0.679297	0.994488	0.999916	1	0.99999	1	1	


1	0.999735	0.997997	0.925216	0.966571	0.99806	0.708702	0.995034	0.989011	0.943819	0.999887	0.995756	0.859009	0.939027	0.890467	0.159662	0.0023724	0.000104942	4.40736e-007	2.05387e-008	7.34201e-010	6.45244e-011	1.31864e-011	1.35069e-013	3.65106e-015	1.0723e-017	7.5153e-019	3.31577e-021	1.86417e-023	2.57139e-025	7.96675e-029	7.23784e-032	4.69788e-035	2.52207e-038	1.32869e-041	2.48757e-045	7.31552e-048	8.03061e-047	1.0533e-045	6.24324e-045	1.13287e-044	4.11115e-046	3.15515e-047	
0	0.000263823	0.00200305	0.0747195	0.0334008	0.00180647	0.291216	0.000120051	0.00261566	0.05607	7.18069e-005	0.00424381	0.14099	0.0608245	0.109531	0.836003	0.843962	0.00397797	5.44578e-007	6.36233e-011	7.45841e-013	2.20089e-015	2.38544e-013	9.66575e-014	1.54823e-015	2.33732e-018	3.80744e-019	8.90271e-021	1.65182e-023	1.33927e-026	3.39225e-029	4.56329e-032	1.22403e-033	4.18998e-036	1.02137e-040	1.89634e-048	3.44122e-051	3.95923e-050	9.32738e-047	5.44016e-046	6.85163e-045	6.28857e-049	1.34762e-050	
0	8.28769e-007	2.77264e-007	6.40945e-005	2.84333e-005	0.00013299	8.16252e-005	0.00459128	0.000163783	8.31958e-005	1.92278e-005	3.53534e-007	1.21681e-006	0.000148921	2.06165e-006	0.00433513	0.153662	0.899626	0.261016	0.0140844	0.00116923	3.84344e-006	2.37438e-007	6.91402e-009	9.56324e-011	1.37552e-013	1.73758e-015	2.05361e-018	8.49338e-020	1.33657e-021	9.88328e-027	2.23187e-029	3.95845e-030	2.98614e-032	3.54908e-033	6.24032e-040	3.68896e-046	3.09462e-050	2.77527e-051	1.22235e-050	7.27995e-049	1.70515e-048	1.03265e-051	
0	0	3.6442e-010	6.79182e-010	9.47512e-009	2.42817e-007	2.27445e-008	0.00025514	0.00820911	2.0868e-005	2.0918e-005	3.92437e-009	9.0654e-011	3.45381e-009	7.30911e-010	2.98296e-008	3.18509e-006	0.0962911	0.738983	0.985911	0.998798	0.947331	0.0130579	0.000816566	4.89907e-005	9.77459e-007	3.78342e-007	1.57699e-009	7.31108e-010	1.63375e-008	5.71419e-014	1.55862e-015	8.73196e-016	4.4029e-017	1.65267e-016	1.99659e-019	1.33646e-023	2.40557e-025	8.7414e-028	1.74698e-032	1.30544e-036	7.4687e-039	3.6428e-040	
0	0	1.34824e-015	1.65259e-013	3.64107e-014	8.32035e-013	6.49087e-011	2.96338e-011	1.05538e-007	2.99453e-006	5.96112e-009	1.0719e-008	8.32641e-012	3.14745e-014	1.7379e-013	2.23841e-015	1.14795e-014	4.79965e-011	4.2887e-007	3.75772e-006	1.59911e-005	0.0526409	0.986319	0.923681	0.950977	0.985828	0.86553	0.992916	0.998574	0.999823	0.99425	0.999856	0.99018	0.978356	0.999959	0.999991	0.999238	0.249458	0.0258201	0.000115443	1.05313e-008	7.7651e-014	3.3668e-018	
0	0	0	7.24207e-014	2.05916e-012	5.99306e-012	5.5335e-010	7.90989e-012	5.77542e-008	4.41756e-006	2.69718e-007	1.15055e-008	6.87845e-011	9.22545e-013	1.42895e-011	4.84307e-013	3.48033e-011	7.24516e-012	1.74126e-008	7.87206e-007	1.64705e-005	2.36229e-005	0.000622218	0.0754998	0.0486201	0.0141416	0.13441	0.00705762	0.00141032	0.000170458	0.0057496	0.000142892	0.00982031	0.0216409	3.32496e-005	8.8596e-006	0.000762151	0.746864	0.323294	0.351705	0.098333	2.09519e-005	3.47755e-009	
0	0	0	1.10481e-021	1.82282e-014	3.72767e-013	2.84253e-013	4.57361e-011	6.98901e-011	1.95133e-009	7.21911e-007	5.26761e-009	2.60686e-010	1.49632e-011	3.94303e-013	1.62727e-013	3.58457e-015	1.25768e-013	1.8465e-015	8.20157e-011	3.38722e-008	1.00641e-007	1.34415e-008	5.61575e-007	0.000256509	2.22961e-005	4.67598e-005	1.0528e-005	1.35324e-005	5.54224e-006	1.61573e-009	4.86536e-007	6.59082e-008	2.42224e-006	2.06917e-006	1.26289e-010	9.53715e-010	0.00364046	0.51307	0.550361	0.800892	0.979893	0.943716	
0	0	0	0	6.37058e-016	5.49144e-014	2.32127e-013	1.02742e-011	1.63054e-011	2.09699e-009	2.21215e-008	7.69792e-009	9.53763e-010	2.44976e-010	1.19873e-011	8.81957e-013	7.22242e-014	3.1451e-013	2.49514e-014	8.58656e-011	9.31992e-009	2.04486e-007	7.18048e-007	2.3444e-006	9.77312e-005	7.60408e-006	1.31862e-005	1.58228e-005	2.12386e-006	9.86705e-007	1.38371e-009	3.2595e-007	5.48236e-008	7.48818e-007	6.15117e-006	5.62174e-010	1.57914e-010	3.83224e-005	0.137815	0.0978187	0.100775	0.0200861	0.0562839	


1	0.415968	0.550725	0.349337	0.299412	0.182789	0.0947233	0.0412805	0.00725231	0.00285972	0.00034805	1.00129e-005	6.35559e-008	1.10328e-009	2.10135e-011	3.19317e-013	1.11909e-013	1.12296e-012	1.1119e-013	7.94761e-014	2.69013e-014	4.42501e-015	4.40948e-015	7.16644e-016	2.10921e-016	1.06445e-016	7.37209e-017	9.86927e-020	5.53256e-023	1.25392e-023	4.59e-024	7.72615e-026	1.26662e-028	9.84657e-032	7.21796e-034	3.029e-034	5.01952e-034	2.57467e-033	1.22475e-032	4.7931e-032	1.93945e-031	7.49974e-031	1.11818e-030	
0	0.580118	0.384093	0.338642	0.29783	0.214627	0.369513	0.91916	0.992096	0.685524	0.982325	0.136347	0.0111259	0.000312849	1.78981e-005	3.62387e-007	6.32455e-008	5.05531e-007	2.00525e-007	7.7011e-008	1.54463e-008	5.02253e-009	6.7663e-009	1.05613e-009	7.89201e-010	5.63423e-010	2.48262e-010	4.75897e-013	1.5916e-015	7.52867e-016	2.13919e-016	1.35019e-018	7.00596e-021	1.98698e-023	8.23386e-026	5.15361e-026	8.45004e-026	6.3467e-025	9.09186e-025	1.13107e-023	1.43525e-023	1.36797e-023	7.56444e-024	
0	0.00391411	0.0647433	0.305575	0.307257	0.553474	0.475604	0.0357571	0.000542146	0.310885	0.016844	0.862762	0.947167	0.971603	0.895929	0.0823983	0.00296524	0.000536591	1.46235e-006	2.19956e-009	4.80455e-012	3.53981e-011	3.9718e-009	1.49114e-009	8.86971e-010	6.1835e-010	1.30909e-009	3.34513e-011	2.82974e-015	3.32507e-018	7.30664e-016	2.22947e-018	1.8664e-022	4.36433e-025	2.96497e-027	8.77411e-027	3.33129e-026	1.46517e-025	2.263e-023	4.85152e-022	1.96415e-021	2.38814e-023	1.80533e-025	
0	0	0.000438135	0.00639053	0.0953549	0.0388643	0.0600456	0.00235621	8.23333e-005	0.000730597	0.000481557	0.000877859	0.0417001	0.0277884	0.103907	0.72921	0.925008	0.190767	0.000866375	2.6027e-007	4.03992e-011	5.26956e-014	1.77249e-010	4.57387e-009	9.71428e-008	1.69407e-006	9.82435e-006	7.30706e-007	2.14625e-009	2.10059e-012	1.28664e-012	1.84672e-014	2.25113e-016	7.16173e-018	6.75757e-021	2.58354e-023	1.61549e-024	1.46076e-025	1.1891e-024	2.93451e-022	3.64915e-021	2.75613e-023	2.67455e-026	
0	0	6.84845e-009	5.50785e-005	0.000138075	0.0102042	7.67321e-005	0.00142808	3.41902e-006	5.3272e-008	1.51274e-006	3.27496e-006	7.45188e-006	0.000295317	0.000145754	0.188298	0.050748	0.215528	0.00310804	1.3617e-006	9.86904e-011	5.16116e-015	3.28747e-016	3.25526e-012	1.07807e-007	1.10415e-005	0.000898003	0.000128964	1.10818e-006	6.91326e-009	7.40004e-011	3.09555e-012	5.17059e-016	5.93171e-019	1.11438e-020	6.93275e-023	5.96673e-025	3.5355e-026	3.86759e-025	1.58731e-024	1.8843e-022	1.74077e-022	1.56607e-024	
0	0	0	8.2126e-008	5.76335e-006	3.6303e-005	3.54263e-005	1.62385e-005	2.07904e-005	2.71498e-007	8.82685e-008	6.2421e-009	8.23876e-009	1.47471e-007	4.97598e-007	8.4713e-005	0.0201347	0.420812	0.25082	0.00371418	1.74463e-005	1.69774e-007	3.629e-008	1.26029e-007	1.51261e-005	0.0052721	0.832821	0.998833	0.991346	0.9758	0.982457	0.99673	0.992329	0.992636	0.992557	0.97741	0.851974	0.570654	0.890609	0.879627	0.912703	0.530024	0.058932	
0	0	0	5.28573e-012	2.84806e-006	3.89321e-006	6.6444e-007	1.01299e-006	2.35285e-006	2.37032e-009	8.36797e-009	6.12705e-011	1.5153e-010	7.50829e-010	3.04905e-008	8.24356e-006	0.00113941	0.0344511	0.0131345	9.90063e-005	1.84316e-007	2.31089e-010	1.28761e-011	1.812e-011	5.16324e-009	4.899e-007	0.000595157	0.000713565	0.00821056	0.000622616	0.000147552	4.49006e-005	0.00164303	0.00571219	0.00145361	0.000593434	0.00347598	0.00892041	0.00180008	0.00232406	0.0394624	0.0769243	0.00310167	
0	0	0	0	6.68957e-010	1.03345e-007	1.11804e-006	9.58184e-007	7.59241e-007	3.00619e-007	3.0728e-008	5.05091e-011	2.27349e-013	3.04659e-013	7.11393e-012	1.99729e-010	5.01055e-006	0.137904	0.73207	0.996185	0.999982	1	1	1	0.999985	0.994715	0.165676	0.000323303	0.000442414	0.0235777	0.017395	0.00322477	0.00602797	0.00165211	0.00598959	0.0219967	0.14455	0.420426	0.107591	0.118049	0.0478346	0.393052	0.937966	


1	0.0420003	0.00107652	0.000382119	0.000174417	2.62943e-005	0.000137412	7.72562e-005	9.5644e-006	7.68179e-005	8.04045e-005	1.74997e-005	8.46349e-007	2.5025e-008	1.65387e-009	6.07162e-011	1.49944e-010	1.16724e-010	3.98462e-012	5.66709e-012	1.73314e-011	1.82318e-010	1.48427e-010	2.03487e-011	2.7879e-013	5.64133e-016	9.85149e-018	5.08307e-020	4.28566e-023	3.36928e-025	2.10864e-025	4.0718e-027	4.52437e-031	1.23646e-035	1.86873e-038	3.88755e-040	6.03078e-041	1.44988e-040	3.21593e-040	3.62658e-040	3.31944e-040	1.39766e-041	8.69314e-043	
0	0.956631	0.997382	0.51186	0.755837	0.919971	0.0433903	0.827105	0.997546	0.037653	0.706239	0.0195025	0.000172055	2.80716e-006	6.54851e-008	2.91421e-009	3.36206e-010	1.67276e-010	3.98427e-012	1.47486e-011	2.1209e-010	3.86268e-010	9.45874e-012	8.59612e-014	5.49676e-014	1.89035e-016	6.89323e-019	2.06017e-021	2.11761e-022	3.56803e-023	2.19679e-024	2.00985e-026	1.04572e-029	2.71204e-033	6.59472e-036	5.53773e-038	7.51099e-039	2.14531e-037	2.22288e-037	2.76357e-037	2.04464e-037	1.01885e-036	8.41134e-037	
0	0.0013682	0.00154147	0.48773	0.243653	0.077229	0.956195	0.100865	0.001153	0.962218	0.288214	0.980368	0.999691	0.999696	0.999917	0.981473	0.709524	0.0579306	0.000111886	2.7813e-006	4.02508e-008	2.11876e-009	3.11809e-010	1.50302e-011	1.79946e-013	2.48792e-016	1.76049e-017	5.94244e-019	3.23678e-022	8.56213e-025	1.11887e-023	1.67874e-025	2.88735e-030	7.29896e-035	1.0249e-037	1.95072e-039	7.20768e-040	7.42244e-039	1.20419e-036	7.35855e-036	1.1336e-035	1.77614e-038	6.04634e-040	
0	0	1.07476e-008	2.77823e-005	0.000335822	0.00277356	0.000276748	0.0719519	0.00114752	5.18588e-005	0.00546596	0.000111929	0.000136148	0.000300975	8.25671e-005	0.0185272	0.29044	0.940087	0.996905	0.997742	0.992218	0.702989	0.695862	0.395827	0.0337636	0.000497488	1.13857e-005	1.18756e-007	1.42558e-009	4.13245e-011	1.23364e-012	5.89685e-014	2.73583e-016	2.87605e-019	1.44401e-019	2.09442e-022	1.05272e-025	1.39157e-028	1.24651e-029	1.62456e-032	6.37529e-035	1.62893e-037	1.45409e-040	
0	0	3.58336e-025	8.83541e-015	4.7611e-010	3.73825e-009	1.07609e-007	1.39377e-006	0.000143043	2.93372e-008	2.04373e-007	3.57755e-008	3.06291e-011	1.24895e-011	3.24679e-010	1.63188e-009	3.37344e-005	0.00192284	0.00297412	0.00221611	0.00591721	0.0818514	0.043134	0.573782	0.959071	0.997454	0.993742	0.999176	0.979139	0.997844	0.978423	0.906022	0.979404	0.99229	0.996252	0.991004	0.723944	0.0061061	5.25211e-006	4.35423e-010	4.14666e-014	1.08708e-018	7.96158e-023	
0	0	0	1.15708e-015	2.25396e-010	4.86953e-011	2.58359e-009	3.96901e-008	8.70274e-007	4.25409e-009	1.6829e-008	4.90518e-010	6.06782e-013	2.61643e-013	1.53857e-011	1.90328e-010	2.23732e-006	5.887e-005	7.77159e-006	1.36213e-005	0.000113931	0.000353297	2.73664e-006	0.000299344	0.00579826	0.00203781	0.00624527	0.000820813	0.0208606	0.00199414	0.0214481	0.0936645	0.0205794	0.00770828	0.0037407	0.00898623	0.275873	0.508888	0.000698533	2.14369e-005	9.14151e-008	8.09023e-010	3.04071e-012	
0	0	0	4.47237e-031	7.1816e-016	2.33266e-011	2.2217e-011	2.72633e-010	9.96304e-010	3.13851e-007	3.68991e-007	8.63857e-009	2.06083e-010	6.52697e-012	8.28839e-014	1.06048e-013	2.19267e-011	1.45064e-007	6.94648e-008	1.83184e-007	8.971e-006	0.000109198	9.47564e-006	4.09743e-007	1.19708e-006	2.64482e-006	1.44727e-006	3.02863e-006	4.23495e-007	2.10548e-005	7.35058e-005	0.00022243	1.12671e-005	1.88936e-006	1.76814e-006	1.86611e-006	0.000101412	0.476604	0.905209	0.926841	0.969549	0.915403	0.848899	
0	0	0	0	8.05979e-019	1.82881e-013	1.778e-012	4.34645e-010	1.79612e-009	1.91436e-009	1.51395e-007	6.45299e-009	4.29275e-011	2.70885e-013	7.42777e-015	1.93434e-015	6.19781e-013	2.00769e-007	8.1359e-007	2.51915e-005	0.00174152	0.214697	0.260992	0.0300911	0.00136638	7.61104e-006	2.49588e-007	1.99145e-007	1.85291e-007	0.000140424	5.55476e-005	9.06084e-005	5.66349e-006	2.06241e-007	5.61698e-006	7.62223e-006	8.17979e-005	0.00840161	0.0940874	0.0731373	0.0304506	0.0845975	0.151101	


1	0.615487	0.759877	0.654562	0.311045	0.746561	0.310776	0.701174	0.973408	0.56688	0.737566	0.278392	0.0152321	0.00173533	4.77291e-005	1.19047e-006	1.45358e-008	8.89471e-009	4.28188e-009	1.51288e-007	1.43256e-006	8.65485e-007	1.2009e-005	9.10462e-006	8.73691e-007	9.01548e-010	3.61871e-012	1.42009e-015	1.48279e-019	9.35848e-022	1.18956e-022	1.8025e-025	1.05452e-029	1.10902e-033	6.91314e-037	1.01027e-038	2.42933e-039	6.53074e-039	6.2418e-038	2.49995e-037	9.81376e-037	1.35966e-037	3.68138e-038	
0	0.381806	0.192581	0.0447837	0.427358	0.178359	0.630237	0.297228	0.0224355	0.403331	0.260731	0.38631	0.130285	0.0248799	0.00128881	0.000208166	4.34837e-006	3.77891e-006	4.24048e-007	9.56869e-007	4.14271e-007	5.23371e-008	4.04064e-007	1.1115e-006	5.78332e-007	1.19392e-009	3.10228e-011	5.85726e-014	4.49826e-018	1.69447e-021	1.03785e-022	8.11972e-025	5.7544e-030	1.74367e-034	1.95207e-038	2.11345e-039	2.7678e-039	8.26275e-039	3.48493e-038	4.28625e-037	1.45455e-036	2.18957e-038	4.33294e-039	
0	0.00270723	0.0473869	0.299677	0.254898	0.0746932	0.03293	0.00120013	0.00343826	0.0294332	0.00168411	0.335258	0.853966	0.972955	0.99856	0.828673	0.0161152	5.72429e-005	4.34715e-008	1.15176e-009	7.94558e-010	4.05259e-011	4.62347e-008	3.70952e-007	1.0978e-007	3.51538e-010	1.81942e-011	9.44723e-014	1.78534e-018	4.4305e-023	1.28381e-022	1.39911e-025	1.13841e-030	3.46403e-035	3.8052e-040	4.93951e-042	2.22434e-041	1.17421e-039	5.26316e-037	5.17471e-035	4.55441e-033	5.83985e-036	6.05984e-039	
0	0	0.000155317	0.000976303	0.00668862	0.000333953	0.0260533	0.000263553	0.000704359	0.000352224	1.82116e-005	4.04858e-005	0.000517194	0.000425453	0.000103535	0.17098	0.97463	0.598321	0.109225	0.0142478	0.00314917	1.47726e-006	4.77933e-007	2.33827e-007	1.63191e-007	9.21658e-010	9.47142e-012	2.69639e-014	1.44718e-016	8.05903e-021	2.5442e-023	4.9739e-026	1.08047e-028	4.62694e-032	2.21816e-035	2.36877e-041	5.86479e-044	2.88953e-043	1.16292e-040	8.63225e-038	1.18575e-035	1.92714e-036	1.03498e-039	
0	0	1.0854e-009	8.50951e-007	1.05099e-005	2.34565e-005	2.96815e-006	2.09876e-005	2.65449e-008	2.81864e-006	4.38911e-008	6.23408e-010	2.09112e-007	3.95317e-006	4.71045e-008	0.000137147	0.00921563	0.254313	0.347487	0.0297575	0.00561867	1.19946e-005	2.58575e-005	5.97848e-006	3.01074e-006	1.73067e-008	1.78657e-011	2.57e-014	3.56014e-016	3.93888e-020	6.12796e-022	1.20288e-024	1.5719e-026	1.19674e-028	2.60955e-030	3.18214e-036	5.13674e-041	4.92685e-046	3.44427e-045	3.50473e-042	9.7937e-040	4.01339e-039	7.64396e-042	
0	0	0	4.20534e-007	8.27005e-009	2.97134e-005	9.29464e-008	0.000113839	6.13881e-006	6.28552e-007	1.49995e-007	3.4949e-008	2.22114e-009	3.16229e-008	2.3041e-009	1.85512e-007	3.47319e-005	0.147304	0.52836	0.862569	0.0517554	0.0015451	0.00036541	0.000559333	0.000600324	1.28752e-005	2.17518e-006	4.77823e-009	1.56989e-012	5.71283e-015	8.42184e-018	1.94651e-019	3.24595e-024	7.72624e-029	6.11913e-030	1.62856e-032	4.29639e-036	6.54899e-039	1.63832e-039	8.19488e-042	6.60513e-041	1.56349e-039	6.43867e-040	
0	0	0	5.39649e-027	5.74752e-011	1.34815e-012	3.42858e-010	1.07372e-009	6.80456e-006	1.11512e-009	6.87696e-009	1.86768e-011	1.10879e-013	3.63956e-015	2.25066e-014	7.78099e-014	2.77287e-012	6.31122e-007	0.014664	0.0189188	0.025169	0.00125159	0.00215315	0.0206058	0.434819	0.992362	0.996974	0.999745	0.999226	0.995535	0.960132	0.992968	0.999196	0.999153	0.996656	0.979272	0.885579	0.0409938	0.000431465	2.79752e-007	1.45293e-010	4.62223e-014	6.18525e-017	
0	0	0	0	1.87989e-010	1.08815e-010	2.0888e-009	3.93245e-009	4.77989e-007	2.1593e-007	3.4327e-007	1.40139e-008	8.98731e-011	4.10681e-013	3.59969e-014	4.19977e-014	1.80945e-012	6.93776e-008	0.00026381	0.0745058	0.914306	0.997189	0.997443	0.978818	0.564576	0.00762507	0.00302405	0.000255142	0.000773592	0.00446451	0.039868	0.00703235	0.00080397	0.000847449	0.00334365	0.0207283	0.114421	0.959006	0.999569	1	1	1	1	


1	0.991012	0.939792	0.544098	0.947542	0.88336	0.970689	0.877187	0.98452	0.97212	0.97905	0.231319	0.0285562	0.00575092	0.00136835	0.000895301	3.49121e-005	2.45072e-005	3.0395e-006	8.51101e-006	1.77358e-005	1.56921e-005	2.1984e-006	8.89239e-011	1.50442e-014	8.75456e-019	2.79084e-022	7.35513e-026	1.17446e-028	1.37283e-028	2.30132e-030	6.34103e-034	3.4391e-036	4.60971e-039	4.62875e-041	4.58641e-042	5.64374e-043	2.80702e-043	2.41839e-043	5.31459e-044	1.18201e-044	1.07763e-045	1.62559e-046	
0	0.00898744	0.0602069	0.455515	0.0521132	0.116475	0.0196361	0.122793	0.0150174	0.0272667	0.0209405	0.768674	0.971264	0.993754	0.996951	0.698116	0.000270897	8.58138e-006	2.01682e-007	3.84259e-008	1.86397e-008	3.89718e-007	6.83108e-007	6.70891e-012	1.94138e-015	1.22464e-019	2.10794e-023	1.63402e-026	1.87831e-029	7.90875e-031	1.1622e-030	6.1044e-034	1.12308e-037	5.89038e-041	4.85419e-042	5.0961e-042	1.29164e-042	3.55399e-043	7.52849e-043	3.97422e-043	8.84141e-045	1.3006e-047	1.516e-049	
0	1.22588e-007	5.95969e-007	0.00038722	0.000344015	0.000164584	0.00967411	1.29613e-005	0.000459823	0.000610854	4.96967e-006	7.53067e-006	0.000179756	0.000494782	0.00168075	0.300985	0.996058	0.18956	0.0134506	0.00227556	0.000266472	1.33723e-006	1.19032e-007	5.79342e-010	2.38115e-013	4.24891e-017	1.19851e-019	4.1693e-023	1.36092e-026	7.59134e-028	1.16672e-030	2.00747e-034	2.35419e-036	2.89938e-039	4.68394e-041	8.74755e-045	2.09461e-046	6.5003e-047	5.44757e-045	6.30563e-046	2.44055e-045	9.78303e-049	9.1029e-052	
0	0	5.64663e-011	5.62398e-011	3.65939e-007	1.93856e-007	3.49883e-007	7.07667e-006	2.57399e-006	2.09485e-006	4.55362e-006	1.90433e-010	1.68783e-011	4.2334e-010	3.90273e-009	3.83797e-006	0.00363614	0.810404	0.986438	0.997676	0.999613	0.971767	0.00688132	1.52145e-005	2.6439e-008	1.60145e-011	6.3384e-014	9.5321e-017	9.76825e-018	4.09649e-016	3.21416e-019	4.76756e-022	1.06155e-021	3.26826e-022	4.47857e-022	1.04776e-023	1.05471e-025	8.31937e-028	7.17843e-031	2.6918e-035	4.72827e-039	1.31232e-041	2.47383e-043	
0	0	7.80597e-020	1.4407e-014	1.25907e-014	4.65609e-011	1.85819e-009	3.42573e-012	3.50717e-010	3.17819e-008	4.51658e-011	2.35534e-009	1.37515e-012	6.04158e-015	1.32863e-013	1.71648e-011	8.50027e-009	3.07892e-006	0.000108159	4.00455e-005	0.000102975	0.028216	0.993115	0.999984	0.995451	0.998153	0.985045	0.984469	0.124597	0.219242	0.991776	0.996938	0.844164	0.969188	0.829004	0.627897	0.189552	0.00114734	7.54155e-005	1.68793e-007	5.66166e-011	1.5149e-016	1.99762e-021	
0	0	0	3.73188e-021	2.61962e-016	1.56856e-015	2.64826e-016	1.02778e-010	2.35541e-013	8.48607e-016	5.13231e-009	8.22329e-012	2.05896e-013	1.50897e-016	1.9125e-018	6.24947e-014	2.72603e-015	5.73048e-010	3.4107e-008	9.23698e-008	6.62559e-009	4.75597e-008	2.43195e-007	1.23197e-006	0.00454905	0.00184684	0.0149551	0.0155301	0.875397	0.740316	0.00550254	0.00305904	0.155833	0.0307608	0.170974	0.371428	0.804606	0.333487	0.00344203	3.50999e-006	1.42854e-009	8.01744e-012	5.53234e-015	
0	0	0	2.44588e-026	1.48373e-020	2.74951e-017	6.15899e-016	2.95578e-017	2.17568e-011	2.00211e-011	1.19295e-011	1.19604e-010	1.32024e-011	8.64106e-013	8.76638e-014	1.07981e-013	4.76056e-015	9.09295e-016	8.69201e-013	5.92556e-010	6.04952e-009	5.91323e-010	2.30046e-011	1.03415e-011	1.55709e-010	1.03451e-007	3.14379e-007	9.87445e-007	6.45954e-006	0.0404358	0.00262575	2.4091e-006	2.92153e-006	5.15093e-005	2.26147e-005	0.000675083	0.00583854	0.664889	0.891648	0.941399	0.907246	0.895804	0.847676	
0	0	0	0	3.02576e-026	2.53257e-021	1.62241e-017	2.05955e-017	8.14206e-016	1.13708e-011	1.46075e-011	2.35032e-012	1.42946e-012	4.87222e-013	8.3804e-014	7.57692e-014	1.13243e-014	1.13628e-014	1.84237e-015	7.68368e-013	3.17256e-010	1.35721e-009	1.64783e-010	2.69276e-014	1.08157e-015	9.36553e-013	6.90555e-012	1.91589e-011	2.80658e-010	6.41931e-006	9.56217e-005	1.02789e-007	2.33517e-009	1.15864e-009	9.61831e-008	1.294e-007	3.89965e-006	0.000476644	0.104834	0.0585971	0.0927539	0.104196	0.152324	


1	0.999888	0.997006	0.757411	0.993756	0.98036	0.929007	0.98775	0.990689	0.828337	0.998508	0.597896	0.183497	0.161816	0.395136	0.669313	0.165147	0.625876	0.520232	0.861173	0.915945	0.903115	0.397827	0.000634119	8.38271e-007	5.783e-010	1.2671e-012	1.82112e-014	3.91114e-017	8.19104e-018	2.32831e-019	8.1528e-021	1.52629e-022	1.57227e-025	3.65044e-028	3.96524e-030	1.89739e-031	1.05565e-031	2.14743e-032	9.18943e-033	3.0255e-033	3.71259e-033	1.73422e-033	
0	0.000112066	0.00299352	0.242587	0.00623504	0.0196353	0.0678479	0.0122322	0.0093077	0.171377	0.00148394	0.402099	0.816335	0.83315	0.518232	0.254706	0.00140486	0.0336763	0.0724838	0.0122872	0.00147582	0.0517059	0.526375	0.00033422	5.584e-008	2.21724e-011	5.29685e-014	3.71766e-015	5.70425e-018	1.15031e-019	1.78493e-020	9.6816e-022	2.88345e-024	7.08972e-028	1.6391e-028	1.27238e-030	8.8455e-033	5.98829e-034	8.46093e-033	6.13168e-034	1.85046e-035	2.15436e-036	6.00192e-037	
0	3.35218e-010	1.564e-009	1.65896e-006	8.78751e-006	4.96244e-006	0.00314532	6.42895e-007	2.45753e-006	0.000286309	2.23426e-006	1.23648e-006	0.000165997	0.0050309	0.0866087	0.0709578	0.678193	0.0369712	0.000151787	0.000106243	1.05504e-005	4.45382e-006	0.0750386	0.958767	0.00228813	2.80794e-006	9.34016e-008	2.08895e-009	5.95614e-013	1.59057e-014	7.47068e-017	1.08865e-018	2.0485e-020	2.52674e-022	6.03716e-026	3.63909e-031	2.52766e-034	1.08706e-035	1.21515e-035	4.00679e-035	2.03287e-036	3.24492e-041	6.70929e-042	
0	0	7.7914e-014	5.93591e-012	6.4976e-009	3.57293e-010	5.96347e-008	1.48659e-007	1.38942e-009	1.27142e-008	5.84166e-008	3.93502e-010	2.51094e-010	2.58379e-009	2.13407e-006	0.0025764	0.139368	0.0717143	0.00391012	6.31274e-006	1.87891e-007	5.44268e-007	2.74415e-006	0.0401972	0.989222	0.932166	0.926884	0.710856	0.00273017	0.000131443	1.30319e-006	6.86389e-007	1.00847e-007	2.93602e-009	4.24741e-012	4.61659e-016	7.81645e-020	1.55508e-023	2.75031e-027	1.68327e-030	6.62875e-034	5.9948e-038	8.23008e-042	
0	0	8.89845e-014	1.69167e-015	2.68003e-010	1.1323e-009	7.53637e-012	1.68121e-005	9.6435e-007	4.66507e-011	6.19385e-006	4.72623e-009	1.41814e-012	2.54994e-010	2.59729e-007	7.49226e-005	3.5769e-005	0.115553	0.239269	0.00556571	5.71935e-005	4.6762e-005	2.75051e-007	6.24021e-005	0.00848832	0.0677858	0.0714093	0.272743	0.997006	0.999455	0.0556209	0.0282944	0.970528	0.996	0.998204	0.905266	0.567295	0.233253	8.18374e-005	1.04076e-008	7.19229e-013	2.04473e-014	7.95452e-017	
0	0	0	1.05625e-014	5.22159e-016	3.01256e-011	1.45772e-011	2.42422e-013	1.42877e-008	2.05143e-008	3.12451e-010	3.02069e-006	1.88249e-006	2.95406e-006	1.96166e-005	2.63342e-005	5.20196e-007	1.11469e-006	0.000119078	1.88502e-005	2.99398e-007	5.72573e-007	1.49221e-006	2.0118e-007	6.36983e-007	4.49405e-005	0.00162925	0.0145135	0.000227277	0.000407059	0.944359	0.91642	0.0238619	0.00397537	0.00179527	0.0947341	0.432689	0.764402	0.986755	0.341077	0.0285204	8.24065e-005	7.3931e-008	
0	0	0	1.96367e-017	4.76026e-015	1.37628e-015	3.67879e-012	4.04697e-015	1.47563e-011	4.38336e-010	7.86438e-011	4.39422e-010	1.40604e-007	5.53394e-008	7.06867e-007	0.0023437	0.0145436	0.00130233	3.18476e-006	2.60768e-008	3.22179e-009	3.3042e-012	2.63489e-011	2.56544e-009	1.2415e-008	4.25431e-007	7.73852e-005	0.00188634	1.80649e-005	4.6861e-007	1.92305e-005	0.0552017	0.0042032	5.34768e-006	1.59349e-007	1.68502e-008	1.18896e-005	0.00126683	0.0129946	0.656932	0.917686	0.0496979	0.00053043	
0	0	0	0	2.57586e-017	6.1619e-016	2.60474e-014	3.26907e-013	3.79309e-013	9.9574e-012	2.93435e-010	7.96432e-011	2.81833e-010	1.12389e-008	4.30075e-008	1.26158e-006	0.00130746	0.114906	0.163831	0.120843	0.0825106	0.0451271	0.000755285	5.2281e-006	2.35922e-008	7.71388e-011	3.22908e-009	1.16113e-006	1.81779e-005	6.15209e-006	5.18275e-008	8.29267e-005	0.00140684	1.93433e-005	1.30444e-007	7.77421e-009	3.55661e-006	0.00107822	0.000168491	0.00199145	0.0537937	0.95022	0.999469	


1	0.99998	0.999796	0.966627	0.999341	0.996985	0.875891	0.999274	0.999615	0.922749	0.999798	0.984579	0.91832	0.874214	0.935095	0.849949	0.147868	0.103367	0.0248033	0.0271127	0.00651743	0.00654271	0.000144311	6.30832e-008	2.48912e-010	4.451e-013	8.02758e-016	1.38939e-018	1.19043e-020	8.61064e-020	2.3701e-020	9.41506e-022	6.01562e-024	1.23735e-025	5.1442e-027	2.14466e-027	6.85774e-028	5.52522e-028	1.41943e-027	2.94927e-028	7.51996e-029	1.33534e-029	2.4028e-030	
0	1.86862e-005	0.000203518	0.0333733	0.000569249	0.00301087	0.124	0.000643999	0.000370412	0.0772447	7.8131e-005	0.0154164	0.0816645	0.125578	0.0628994	0.10686	0.0262276	0.00788943	0.000826148	0.000139825	1.50923e-005	4.10444e-005	0.000439637	5.55925e-006	1.1807e-008	8.33929e-012	1.2883e-014	9.06345e-017	4.34047e-019	3.56686e-019	1.17945e-019	5.91924e-021	3.49153e-023	4.50365e-025	3.32519e-026	1.08009e-027	2.49567e-028	3.73811e-030	1.82449e-028	7.50425e-030	3.95638e-031	3.36874e-034	1.38018e-034	
0	1.27363e-006	6.15122e-008	1.08838e-007	8.95133e-005	1.66312e-006	0.000108439	7.9077e-005	2.90397e-007	5.15978e-006	0.000122599	4.4617e-006	1.58829e-005	0.000207454	0.0020051	0.0431466	0.823139	0.103377	0.00235713	1.04738e-005	6.69578e-008	8.94621e-008	2.58728e-007	3.97894e-005	0.000157506	0.000378795	0.00070829	0.000339223	7.85241e-006	4.82611e-006	4.6406e-006	5.11596e-006	2.34373e-007	1.02628e-007	3.12277e-009	7.80425e-011	3.62178e-012	3.58378e-014	2.21071e-015	2.52585e-017	3.89515e-019	5.13148e-023	1.38018e-026	
0	0	1.98761e-007	8.28194e-009	2.6897e-008	2.52429e-006	6.78696e-008	2.56279e-006	1.39187e-005	6.81595e-007	9.4914e-007	7.53076e-008	2.86744e-009	7.11219e-009	8.07281e-008	4.41292e-005	0.00272293	0.784882	0.970525	0.972526	0.993235	0.827141	0.00038086	1.07684e-006	1.45937e-007	2.99876e-007	2.91978e-007	3.33206e-007	2.16306e-006	6.06189e-005	4.1542e-006	1.0678e-006	2.30972e-006	9.36567e-007	1.45836e-006	4.36746e-007	3.12815e-008	4.59193e-009	1.54062e-010	1.44635e-013	1.12896e-015	1.29793e-015	3.14515e-015	
0	0	3.01498e-011	7.18187e-010	3.3064e-012	1.37129e-009	8.07169e-008	4.95144e-010	1.72638e-009	7.60477e-007	5.32182e-011	2.28955e-008	2.4266e-009	9.01002e-009	5.35509e-008	5.7619e-007	4.30797e-005	0.000483384	0.00148247	0.000210228	0.000232527	0.166275	0.999029	0.999507	0.397347	0.0623107	0.00141128	0.000192082	1.55939e-005	7.47134e-005	0.000236024	0.00154894	0.000158369	0.0001341	3.70341e-005	6.22938e-006	3.65892e-006	9.80871e-008	3.29131e-008	1.0885e-010	3.70011e-014	1.72448e-019	1.41003e-020	
0	0	0	1.02796e-014	5.19284e-011	1.16087e-012	1.4969e-013	2.52413e-009	4.01239e-012	1.15101e-013	4.64998e-008	5.64925e-010	5.64455e-011	3.78806e-012	3.79857e-011	1.3054e-007	3.63291e-008	1.48212e-006	5.57159e-006	1.0226e-006	3.26355e-008	1.33782e-007	6.14971e-006	0.000446152	0.602494	0.936746	0.997276	0.998977	0.99253	0.802276	0.856227	0.962062	0.989111	0.956236	0.984664	0.986442	0.872931	0.0957735	0.0113703	2.29963e-005	1.60387e-007	1.83023e-009	3.59485e-012	
0	0	0	2.93411e-018	2.49821e-016	9.66497e-015	1.07059e-014	3.06744e-015	1.95308e-012	3.86857e-014	6.13262e-014	9.17552e-012	4.93833e-013	2.54424e-014	4.66495e-015	1.46687e-012	3.74936e-009	7.73792e-009	7.86668e-009	5.33509e-009	6.1056e-010	2.72361e-010	4.53964e-010	1.32128e-007	1.5285e-007	5.43498e-005	0.00037408	0.00026235	0.00665173	0.0654168	0.0016772	0.0180426	0.00608926	0.0184131	0.0140905	0.00742235	0.0942335	0.0559967	0.00390971	1.67453e-005	4.68912e-008	8.82501e-011	8.49293e-013	
0	0	0	0	6.39671e-015	2.29178e-012	2.15726e-012	2.99948e-013	2.37712e-010	1.16358e-010	1.27755e-010	1.22325e-009	2.55722e-010	7.21286e-011	4.85894e-011	4.6733e-011	1.20773e-008	3.64011e-009	4.37079e-009	4.3499e-008	2.28904e-008	8.3333e-009	4.27877e-011	1.11805e-009	7.89829e-007	0.00050968	0.000229846	0.000229316	0.000793062	0.132167	0.141851	0.0183398	0.00463842	0.0252157	0.00120696	0.00612909	0.0328321	0.84823	0.98472	0.99996	1	1	1	


