E:\Google Drive\Progetti\MSR Action3D\Real\a20_s01_e01_skeleton3D.txt
20
TRUE
-1302.04
-1367.43
-1352.56
-1341.33
-1333.09
-1351.7
-1344.14
-1333.85
-1256.17
-1270.28
-1341.65
-1326.16
-1175.49
-1262.33
-1284.45
-1281.9
-1250.74
-1283.91
-1316.21
-1303.58

52
20
1	0.218683	0.116933	0.00983481	0.0332735	0.0118386	0.0216112	0.0199483	0.0199738	0.0365231	0.00802152	0.00383341	0.00396018	0.00337155	0.00220525	0.000936671	0.00021527	0.000430607	0.00031478	0.000562155	0.000643655	0.000591857	0.000194266	0.000340044	0.000221021	5.62602e-006	1.95355e-005	0.000312746	0.00038579	0.000343516	0.000171971	1.99364e-005	3.71649e-006	1.80021e-008	5.43514e-009	1.35485e-009	2.11069e-010	3.08664e-012	6.65583e-018	9.46246e-024	6.61256e-025	7.47512e-030	1.95358e-035	4.95974e-036	4.2874e-037	5.91156e-038	1.44674e-038	1.96182e-039	2.81236e-039	1.75809e-039	1.29084e-038	4.50087e-038	4.60874e-038	
0	0.588558	0.180698	0.0956452	0.0962796	0.05019	0.0425791	0.0832724	0.278857	0.762789	0.410944	0.697664	0.485883	0.294589	0.0993017	0.0580238	0.0217133	0.0281733	0.0403315	0.11583	0.341104	0.146314	0.0669688	0.247581	0.0470419	0.000669626	0.00178123	0.0105257	0.00401253	0.00392716	0.000924104	0.00025131	7.36168e-005	2.12478e-006	5.26966e-007	1.76782e-007	4.43677e-008	5.89871e-009	8.44469e-014	9.08277e-019	2.40771e-019	3.05846e-024	5.6501e-030	3.71152e-031	8.46565e-033	3.38491e-034	2.14244e-035	2.03202e-036	1.29412e-036	2.03342e-036	1.95439e-035	4.38998e-034	1.18064e-033	
0	0.192759	0.70109	0.10673	0.543821	0.1239	0.209344	0.0488618	0.0333034	0.0798779	0.577082	0.28564	0.461115	0.692478	0.84357	0.917777	0.959796	0.734604	0.188483	0.485055	0.448858	0.670459	0.0139953	0.0185929	0.00546593	0.00164973	0.00132968	0.00164797	0.000354164	0.000201913	6.93022e-005	2.3499e-006	4.7346e-006	8.78402e-008	1.38421e-007	3.24834e-007	6.10861e-008	4.55802e-009	8.55078e-014	1.12859e-018	2.28267e-019	6.55975e-024	3.86837e-029	1.30857e-030	6.92963e-033	3.13908e-034	2.31641e-035	5.10747e-037	2.00848e-037	1.42009e-037	3.77402e-037	2.87986e-035	2.17028e-035	
0	0	0.000640109	0.666436	0.154683	0.647972	0.717995	0.821578	0.640356	0.115558	0.00320799	0.0121876	0.0487894	0.00916488	0.00791931	0.0225142	0.0153902	0.227429	0.770458	0.353028	0.181074	0.171941	0.74596	0.641074	0.484964	0.00138308	0.00469828	0.116591	0.451738	0.12118	0.0284424	0.0858752	0.0131348	3.95184e-005	2.4031e-006	1.89786e-007	2.26775e-008	9.94775e-010	2.85352e-013	5.99304e-018	1.18284e-019	3.82428e-023	1.1586e-028	9.81918e-030	5.2271e-031	1.66995e-032	1.29937e-034	4.25431e-035	2.28059e-035	8.27146e-036	2.89167e-034	8.70069e-034	2.10282e-034	
0	0	0.000639961	0.121349	0.167593	0.156877	0.00543647	0.0203379	0.000167907	0.00188235	0.000165419	0.000461764	0.000153516	0.00027499	0.0469975	0.000366728	0.00285003	0.00933172	0.000285285	0.00184136	0.004308	0.00325999	0.171956	0.0119734	0.46179	0.996178	0.962924	0.793378	0.541559	0.0702769	0.00659327	0.000234411	0.00187586	1.27214e-005	1.28052e-005	0.000865823	0.000635611	0.00089756	2.50505e-006	4.03892e-010	8.81454e-013	4.28579e-016	7.86173e-022	4.80193e-025	1.06655e-028	2.21781e-030	1.09011e-033	1.19116e-035	3.25412e-037	3.78287e-039	7.71478e-036	8.78697e-035	9.46203e-037	
0	0	0	4.77253e-006	0.00435033	0.00921771	0.00277789	0.00594791	0.0271204	0.000594189	0.000172213	7.67764e-006	2.35884e-005	8.89307e-005	1.79747e-006	0.000380548	3.27565e-005	2.96327e-005	0.000121341	0.0436237	0.00732067	0.000121228	0.000305264	0.0791819	0.000365984	0.000113817	0.0292447	0.0764186	0.00171149	0.803378	0.938291	0.888865	0.945686	0.997734	0.967175	0.975398	0.968562	0.99644	0.987427	0.884557	0.624779	0.0199803	1.50548e-005	5.99841e-007	9.87957e-009	5.72715e-010	7.861e-012	4.31808e-014	4.30198e-017	7.13391e-019	6.61371e-020	4.8346e-020	1.92703e-022	
0	0	0	1.78666e-015	4.57891e-009	1.7651e-007	2.22106e-006	8.68839e-007	9.56129e-006	3.5901e-005	1.05897e-007	4.45774e-008	6.20468e-009	1.76109e-008	2.36554e-008	2.6643e-009	8.53626e-008	1.09679e-007	8.87556e-008	2.27844e-005	0.0121144	0.0030751	4.19743e-005	7.3912e-006	8.49137e-006	1.01639e-009	4.03004e-008	0.000102705	1.84219e-005	2.76841e-005	0.00301427	0.00601019	0.00411095	0.000568419	0.0199235	0.0118728	0.0265179	0.00152997	0.0117084	0.11127	0.331314	0.937592	0.959848	0.466329	0.192449	0.0610938	0.000655198	5.13331e-007	9.90986e-011	4.03686e-014	4.83732e-016	1.56598e-017	3.12009e-020	
0	0	0	0	7.4959e-008	4.95287e-006	0.000254842	5.24274e-005	0.000211414	0.00273907	0.000406516	0.000205084	7.45117e-005	3.34313e-005	4.44638e-006	1.16069e-006	1.89669e-006	2.34131e-006	5.90423e-006	3.63221e-005	0.00457749	0.00423838	0.000577959	0.00124934	0.000142538	2.81167e-007	2.44831e-006	0.00102314	0.000220836	0.000664998	0.0224938	0.0187418	0.0351107	0.00164307	0.0128854	0.0118624	0.00428447	0.0011327	0.000861877	0.00417257	0.0439079	0.0424281	0.0401372	0.53367	0.807551	0.938906	0.999345	0.999999	1	1	1	1	1	


1	0.996062	0.999209	0.715989	0.999959	0.99635	0.999959	0.902748	0.999946	0.992278	0.999999	0.999981	0.999999	1	0.999967	1	1	0.999982	0.959173	0.999985	0.999913	0.996837	0.00586834	0.00981669	0.0516925	0.548623	0.751369	0.986695	0.988896	0.955817	0.894062	0.853074	0.727161	0.121374	0.420025	0.756294	0.88434	0.958173	0.294037	0.00416181	0.00982733	3.24426e-005	7.80612e-009	5.87769e-009	2.44907e-008	1.21635e-007	6.3425e-007	1.28952e-006	7.44662e-006	2.72006e-006	2.31954e-006	8.09457e-006	4.42637e-005	
0	0.00157185	0.000790677	0.281726	2.34299e-005	0.00063032	3.00491e-006	0.097233	5.28519e-005	0.00772102	6.46069e-007	9.97508e-006	8.54027e-009	3.11572e-008	3.2921e-005	2.0823e-008	3.32206e-007	1.79233e-005	0.0408222	9.2638e-006	8.62649e-005	0.00316274	0.992706	0.01973	0.0019063	0.00970978	0.235388	0.00244917	0.00662652	0.033627	0.0011321	0.0725655	0.0235605	0.000618487	0.000482443	0.0544537	1.87188e-005	0.00114637	0.000267314	1.1486e-005	3.8971e-008	8.94579e-009	5.11428e-012	5.67877e-010	8.77887e-010	2.71223e-011	3.17877e-011	5.82709e-008	2.32694e-008	6.17124e-010	4.26102e-006	1.40106e-005	2.38408e-005	
0	0.00236606	4.46487e-008	0.00228487	6.26861e-006	0.00301665	4.21032e-006	1.88519e-005	6.82786e-007	5.75612e-007	1.31125e-007	9.30556e-006	4.24995e-007	1.13879e-007	2.30971e-007	1.032e-007	3.60797e-008	3.03715e-007	5.09936e-006	3.94018e-006	6.52536e-007	4.79586e-008	0.00142613	0.967039	0.626759	0.231229	9.45743e-005	0.0108503	0.00444446	0.0100914	0.00181858	0.0252885	0.0739489	0.0951145	0.165139	0.0672031	0.0677782	0.0359176	0.483951	0.00438143	2.90096e-007	1.4681e-008	2.3567e-013	4.51393e-015	5.61547e-013	1.50539e-009	2.40003e-013	7.55507e-010	1.25413e-011	2.31561e-014	5.23678e-009	8.45879e-010	2.36391e-008	
0	0	6.84215e-010	3.10702e-012	1.1361e-005	3.49399e-006	3.38506e-005	3.18733e-009	4.02789e-008	1.60209e-013	1.60591e-010	6.48693e-012	2.72753e-007	2.01007e-008	6.12609e-013	1.2658e-009	4.3878e-010	1.38635e-011	2.06588e-013	1.59109e-006	1.48098e-009	1.02366e-012	1.54643e-013	0.00341478	0.319146	0.00908675	1.42235e-005	1.21525e-006	2.39982e-005	0.000461459	0.102982	0.0450042	0.174255	0.782454	0.284195	0.00284229	0.0398887	0.002901	0.162156	0.779687	0.144383	0.00112801	3.76577e-009	6.15763e-013	2.82313e-015	4.95452e-013	8.63189e-012	1.91828e-014	6.66312e-013	4.01478e-015	1.22946e-018	1.3755e-013	4.63175e-015	
0	0	7.30109e-019	1.41709e-013	6.47703e-015	1.88672e-009	1.9063e-009	6.7397e-008	1.37921e-010	1.00511e-010	1.09721e-013	7.73032e-014	3.16277e-015	1.76076e-010	2.86018e-011	3.88264e-014	4.76196e-013	1.04103e-012	8.71806e-013	9.19841e-015	6.05235e-008	1.34586e-008	2.41486e-011	8.62858e-013	0.000496373	0.201236	0.000999775	6.92939e-007	1.32361e-009	7.67909e-007	5.53911e-006	0.00406737	0.0010699	0.000439005	0.130154	0.113231	0.00792775	0.00179789	0.0586388	0.133044	0.0449	0.126312	0.0176703	0.00525758	0.0352903	0.0296481	0.0496435	0.0158301	0.000449034	1.04899e-006	5.49652e-009	6.42816e-011	2.9664e-013	
0	0	0	7.03199e-021	1.81606e-016	9.47731e-018	1.79723e-012	4.4377e-012	5.64732e-010	5.05346e-010	2.65372e-011	5.76746e-012	1.37219e-015	6.69217e-017	7.12594e-013	1.81159e-014	6.51986e-016	4.79454e-016	1.11521e-014	2.65442e-016	2.69857e-015	9.30801e-010	5.23054e-013	1.77795e-013	3.66092e-013	0.000114705	0.0121346	4.43454e-007	1.34049e-011	3.03399e-011	5.16309e-009	5.23075e-009	4.29465e-006	7.69602e-008	3.91588e-006	0.0059733	1.16257e-005	2.63357e-005	0.000936083	0.0787139	0.693617	0.0843793	0.965114	0.940302	0.78831	0.0540919	0.860303	0.162151	0.0915002	0.00100777	3.51907e-007	5.95023e-008	5.23219e-008	
0	0	0	1.31368e-037	6.82762e-023	2.91593e-018	5.13134e-019	9.87547e-015	3.88571e-013	1.49433e-012	3.97078e-011	4.494e-011	4.16127e-012	2.56594e-012	1.94953e-012	6.2772e-013	4.44847e-012	2.08235e-010	1.34235e-012	6.02909e-013	3.18e-012	8.54262e-011	6.57321e-016	1.74036e-016	1.04273e-015	6.0152e-016	1.65318e-007	9.49474e-007	3.93644e-010	3.46338e-014	8.97323e-015	1.35182e-011	4.75729e-012	3.30029e-011	1.88084e-009	1.19489e-009	1.12721e-005	1.12641e-007	6.97362e-008	7.64059e-007	0.107272	0.787663	0.0172068	0.0538531	0.136742	0.0292711	0.00794657	0.655215	0.570924	0.985947	0.0346599	0.00412845	0.00512819	
0	0	0	0	5.89765e-025	1.07193e-020	4.90617e-019	2.28856e-017	3.54073e-016	4.5611e-014	4.52818e-014	6.82855e-013	4.61129e-012	1.48265e-012	1.20592e-012	2.67909e-013	1.9788e-014	1.15571e-012	2.34645e-011	9.61082e-012	4.05101e-012	4.01496e-012	8.41293e-013	4.90931e-013	3.13492e-012	6.0296e-011	1.04209e-009	2.2639e-006	8.69461e-006	2.11751e-006	1.05381e-007	8.10222e-008	1.18079e-007	3.13239e-008	7.98489e-007	2.48279e-006	2.35372e-005	3.78277e-005	1.36209e-005	4.19643e-008	5.37913e-007	0.000485474	8.90183e-006	0.000587116	0.0396583	0.886989	0.0821064	0.166802	0.337119	0.0130411	0.965333	0.995849	0.994804	


1	0.987465	0.999967	0.468955	0.998585	0.975852	0.999615	0.978675	0.999767	0.999205	0.99999	0.999969	0.999918	0.999929	0.999984	0.999984	0.999971	0.999886	0.977822	0.999316	0.999982	0.998992	0.00302299	0.000768511	0.000560509	0.00637202	0.637468	0.938135	0.919458	0.886579	0.279838	0.0478255	0.00283649	0.000128446	7.15491e-005	0.00107419	0.000546763	0.00252106	1.90557e-005	6.5936e-008	9.09354e-007	1.81199e-011	8.87485e-014	4.42469e-013	6.79989e-013	9.94595e-013	2.53108e-012	1.50863e-012	1.22516e-012	7.67175e-013	3.18365e-013	5.06804e-013	8.94177e-013	
0	0.0124997	3.25486e-005	0.530959	0.000146162	0.010677	1.92767e-005	0.02128	2.33447e-005	0.000794362	3.90346e-007	9.47524e-006	1.85431e-007	1.21663e-007	1.48723e-005	2.58448e-008	1.64215e-007	8.82967e-005	0.0221737	1.63154e-006	1.44919e-005	0.00100686	0.996965	0.00751303	0.00118422	0.00517871	0.0810389	0.0115126	0.0773784	0.0376012	0.000820216	0.0339928	0.000796357	3.60032e-006	2.32696e-006	0.000113964	6.28348e-007	1.26806e-005	9.05105e-006	1.36876e-007	8.11586e-012	1.86595e-012	7.11184e-016	1.88341e-015	5.20104e-015	8.41956e-016	1.99805e-017	1.63028e-013	2.11984e-015	8.50921e-018	3.8027e-013	5.4432e-015	2.36581e-015	
0	3.49947e-005	4.10702e-007	8.64144e-005	0.00126861	0.0134709	0.000363187	4.45704e-005	0.000209932	4.20367e-007	9.60309e-006	2.19216e-005	8.22507e-005	7.06425e-005	8.12425e-007	1.55837e-005	2.86738e-005	2.53761e-005	4.00733e-006	0.000682518	3.85247e-006	1.43356e-006	1.17857e-005	0.991718	0.996533	0.965707	0.275272	0.0501644	0.00315277	0.0756743	0.716555	0.917007	0.992181	0.976432	0.98958	0.981871	0.951639	0.989493	0.907794	0.932072	0.621973	0.000102958	2.68022e-007	1.04266e-008	3.71e-010	4.9839e-010	8.82831e-012	9.83301e-013	1.65195e-015	1.51303e-017	4.52095e-017	9.89529e-017	1.03029e-017	
0	0	9.09695e-012	7.17584e-015	6.10745e-008	5.9116e-008	2.16499e-006	3.71569e-009	3.2307e-008	2.19204e-010	4.02578e-011	6.82813e-011	3.42397e-008	4.07521e-007	2.69952e-010	6.55215e-010	7.88993e-010	1.7483e-010	7.632e-011	2.83477e-008	7.2252e-009	3.93297e-012	4.83852e-014	1.55743e-008	0.000403629	0.0059912	0.000525575	0.000163907	4.92358e-006	0.000131731	0.00275558	0.000415605	0.00411695	0.0234053	0.00896011	0.00485487	0.0472345	0.0026298	0.0401139	0.0193016	0.0151959	1.74089e-005	1.51889e-006	5.87105e-009	1.28922e-011	1.61742e-012	1.59854e-012	1.8735e-016	4.22238e-018	2.86026e-019	8.30412e-023	4.16869e-021	5.83315e-023	
0	0	4.17971e-010	3.01046e-012	1.01282e-009	8.51195e-009	1.00139e-007	1.96009e-008	9.59142e-010	1.71874e-008	4.11447e-012	1.0424e-010	7.67095e-011	3.20712e-010	7.01992e-010	3.32895e-012	2.99119e-011	5.68489e-010	5.92617e-009	1.46883e-011	2.36957e-008	3.24909e-010	5.49654e-011	1.17558e-009	0.00131816	0.0167253	0.0056371	2.25385e-005	2.33831e-006	9.13055e-006	2.7277e-005	0.000757459	6.8458e-005	3.04267e-005	0.00138256	0.0120373	0.000576205	0.00532566	0.0520171	0.0452364	0.00913416	0.000201342	0.00081543	0.000635591	0.000275484	1.2545e-005	3.12918e-006	6.53971e-007	1.49803e-009	9.16288e-013	1.64589e-015	2.78452e-018	1.21061e-020	
0	0	0	2.48244e-016	9.45358e-016	1.27847e-015	9.48973e-012	1.03991e-012	1.10698e-011	4.23075e-011	2.08237e-010	2.90065e-012	2.82222e-014	9.10725e-012	1.25414e-011	1.04503e-012	4.67526e-014	3.49348e-015	1.28775e-013	1.18193e-012	1.78159e-012	3.46501e-012	2.65343e-017	1.39921e-013	8.36064e-014	2.61996e-005	5.77536e-005	1.15528e-008	1.11286e-011	1.58024e-008	1.15112e-008	1.45124e-009	2.21741e-008	1.19198e-008	3.05728e-006	4.7669e-005	1.05439e-006	1.24235e-005	4.65092e-005	0.00338927	0.252257	2.27877e-005	0.0103411	0.00876299	0.000881357	0.00014362	0.00197064	6.54793e-006	1.02012e-008	2.01206e-012	5.82506e-019	2.12545e-019	1.18473e-020	
0	0	0	8.70172e-024	6.44463e-018	4.71994e-017	1.5573e-017	1.15679e-014	9.97179e-015	5.09008e-015	9.54556e-013	3.08607e-011	1.56884e-011	4.97296e-011	1.67694e-011	2.33506e-012	1.87933e-011	8.29674e-009	1.36794e-011	3.70768e-012	4.65673e-011	1.09157e-008	1.74945e-014	1.31711e-018	1.36966e-016	7.89228e-016	3.15624e-007	7.71923e-010	4.18262e-013	1.61631e-017	3.89157e-013	2.42741e-012	7.74676e-015	6.99053e-015	2.33149e-011	1.92688e-009	8.96748e-008	2.5016e-009	2.55074e-009	1.75141e-007	0.101436	0.999655	0.988605	0.452714	0.0887888	0.00180078	1.00327e-005	0.000424906	1.11615e-005	5.33937e-006	6.78293e-009	3.59395e-012	2.09432e-014	
0	0	0	0	1.16465e-019	4.82657e-018	2.39343e-017	1.93627e-015	1.14222e-014	1.37835e-014	1.60991e-014	2.39713e-013	1.56709e-011	5.59279e-011	3.55839e-011	4.01028e-011	3.44821e-011	1.28464e-010	2.60738e-009	2.88905e-009	2.31947e-009	2.48001e-009	1.91103e-011	4.53373e-012	5.43522e-012	6.18555e-011	3.14595e-007	1.36923e-006	3.38944e-006	5.10317e-006	3.20499e-006	1.96161e-006	3.80543e-007	5.43571e-008	1.04664e-007	1.03249e-006	1.46042e-006	5.24684e-006	2.65555e-008	8.91865e-011	2.65571e-006	4.19425e-007	0.000237173	0.537888	0.910054	0.998043	0.998016	0.999568	0.999989	0.999995	1	1	1	


1	0.992088	0.999302	0.996638	0.994937	0.957573	0.987828	0.948143	0.973106	0.973619	0.993824	0.969436	0.985658	0.936188	0.930853	0.682153	0.12308	0.00758007	0.0228009	0.00296271	0.000183135	4.25968e-005	0.00699558	0.00767694	0.752353	0.94955	0.964096	0.783164	0.604295	0.14925	0.0148131	0.00024176	1.30918e-006	8.31793e-009	1.81703e-010	4.24413e-012	1.097e-011	7.58636e-013	4.39832e-013	4.03304e-013	2.23549e-014	1.57544e-014	1.44354e-014	2.51905e-014	2.95202e-014	4.99653e-015	6.81326e-016	3.08555e-016	2.95395e-015	1.70614e-015	2.997e-014	5.18011e-015	9.8355e-016	
0	0.00133836	0.000469506	0.000778637	0.00258583	0.00490086	0.00913916	0.0247339	0.0235003	0.0244346	0.00596762	0.0286332	0.0104862	0.0547446	0.00558416	0.00710391	0.000828999	8.40645e-005	0.000544552	8.85048e-005	4.02756e-007	1.34347e-008	3.73469e-005	0.000866892	0.0214284	0.00370134	0.00942139	0.00990212	0.00422733	0.0317247	0.00548699	0.000247513	5.38765e-006	1.14e-007	1.40357e-010	4.79463e-014	1.48224e-014	4.19465e-016	3.47718e-018	1.24508e-017	3.24554e-017	2.29348e-019	2.99921e-019	3.03546e-016	4.21635e-016	1.94241e-017	2.57659e-017	8.14725e-017	7.28717e-016	3.10626e-015	1.54619e-014	2.88817e-016	6.5126e-017	
0	0.00657385	2.45044e-005	0.00256827	0.00246754	0.0375186	0.00254944	0.027109	0.00336894	0.00194021	0.000134374	0.000622128	0.00218963	0.000869054	0.000457815	0.000216089	3.06621e-005	1.87037e-005	1.0401e-005	2.75848e-006	3.26442e-008	2.10846e-009	0.000281355	0.000121761	0.0887295	0.00407893	0.0254885	0.206919	0.391387	0.721305	0.962622	0.993887	0.0929674	0.00978719	0.000154791	1.13494e-006	1.9156e-006	2.38784e-008	3.67163e-010	7.03369e-013	2.6501e-016	6.54445e-018	2.2218e-019	7.38632e-017	4.03965e-016	4.79213e-017	6.83592e-018	6.44891e-017	8.41076e-017	1.63432e-017	5.39576e-015	5.10744e-017	1.58413e-018	
0	0	2.87834e-006	4.43948e-007	3.91934e-006	3.42319e-006	7.00506e-005	1.24794e-005	1.64574e-005	3.47796e-006	9.53975e-006	9.35297e-008	5.38368e-007	3.05558e-006	1.39895e-005	4.31544e-007	2.57416e-007	5.07731e-009	3.91107e-008	5.02938e-008	1.34609e-010	1.48814e-011	1.04181e-009	3.18641e-006	8.23407e-005	0.00973433	7.29345e-005	9.13598e-006	7.6408e-005	0.0775347	0.0128327	0.00547835	0.906377	0.951847	0.942462	0.638175	0.0923353	0.000508051	5.18693e-007	1.49516e-009	7.47779e-014	2.15097e-017	1.56658e-020	6.05226e-021	4.561e-019	7.2451e-019	8.35125e-020	6.49277e-019	3.1761e-018	1.78156e-018	2.11335e-016	9.75103e-017	8.27186e-020	
0	0	0.00020155	1.1824e-005	5.29065e-006	4.44308e-006	0.000411667	1.25008e-006	7.64232e-006	1.66156e-006	2.54813e-005	2.34874e-007	1.3994e-007	1.80136e-006	8.27391e-006	1.28449e-006	1.38021e-007	4.60898e-010	7.92789e-010	4.85169e-009	5.91182e-011	2.55383e-012	1.28981e-011	3.26287e-007	2.81453e-006	0.00465937	0.000189765	4.63876e-006	1.39661e-005	0.0201854	0.00419953	0.000143085	0.000649179	0.0383658	0.0573699	0.36182	0.892148	0.987268	0.946018	0.676698	0.0479957	0.000936822	9.45663e-006	3.0977e-006	2.06723e-007	1.58567e-007	1.8872e-008	6.17325e-009	3.82203e-010	8.38157e-013	3.0912e-014	4.97311e-016	1.83889e-018	
0	0	0	3.10149e-006	7.20247e-008	4.53106e-009	1.87011e-006	1.36882e-007	1.0339e-007	2.61108e-007	1.33232e-006	7.49918e-007	2.46338e-007	1.19951e-007	1.32849e-008	3.11991e-006	9.95264e-008	6.2429e-011	2.20815e-011	4.02125e-012	2.66651e-012	3.15865e-014	1.28324e-014	9.10522e-014	6.73699e-009	1.21641e-009	4.73803e-007	3.71737e-007	2.15633e-009	3.99415e-007	4.5826e-005	2.22269e-006	1.06633e-008	7.48202e-008	1.29113e-005	2.70832e-006	0.0154869	0.00904816	0.0507178	0.271072	0.673891	0.223599	0.390472	0.662168	0.933531	0.972098	0.987881	0.940301	0.663985	0.045049	0.000236932	6.11332e-008	8.97542e-010	
0	0	0	1.77326e-011	1.25399e-009	1.03399e-012	1.31919e-011	2.43657e-010	1.95378e-010	2.93539e-010	2.88451e-009	3.34523e-009	4.35818e-010	1.14757e-009	1.11365e-010	3.5253e-011	9.8192e-010	1.54008e-011	6.52918e-014	2.92764e-015	9.47189e-016	9.69682e-017	7.8471e-017	2.02473e-017	6.27949e-013	5.79504e-012	9.20671e-011	9.36319e-013	2.74893e-013	7.86546e-012	3.19273e-010	4.65751e-009	6.5868e-009	9.78078e-009	5.12529e-007	8.23419e-007	2.50907e-005	2.83191e-005	5.30943e-006	9.20815e-005	0.000208412	0.00195895	0.000260637	0.000252899	0.000170448	4.01913e-005	0.000276966	0.00193288	0.0014336	0.00463683	8.21347e-005	1.15558e-006	2.83098e-009	
0	0	0	0	1.97186e-007	1.18219e-008	6.03519e-008	2.17686e-008	6.85908e-008	4.39927e-007	3.71743e-005	0.00130757	0.00166488	0.00819363	0.063083	0.310522	0.87606	0.992317	0.976644	0.996946	0.999816	0.999957	0.992686	0.991331	0.137403	0.0282761	0.000730715	5.75602e-007	4.14431e-010	1.13808e-011	4.89596e-011	7.17472e-009	6.33595e-010	2.07698e-010	5.76859e-010	2.87997e-007	2.46477e-006	0.00314775	0.00325819	0.0521383	0.277905	0.773505	0.609258	0.337576	0.0662982	0.0278616	0.0118423	0.0577665	0.334582	0.950314	0.999681	0.999999	1	


1	0.854342	0.385066	0.0986653	0.102189	0.244274	0.158185	0.709782	0.841789	0.929649	0.309705	0.0317596	0.00115626	2.73894e-006	1.11268e-007	2.24824e-010	2.53626e-012	9.83823e-014	5.91319e-013	1.10696e-012	2.51705e-012	1.49716e-012	4.55143e-013	1.5118e-013	7.59923e-014	9.45883e-014	9.18862e-014	5.09991e-014	3.69375e-014	1.19683e-014	6.07612e-015	4.37196e-015	2.89005e-015	3.25531e-015	1.6962e-014	5.74576e-014	4.20138e-013	7.71418e-013	5.08121e-012	4.09246e-011	4.48555e-010	5.65327e-008	1.07768e-006	1.25408e-006	1.91744e-006	5.68706e-006	4.36453e-006	3.9613e-006	2.42251e-006	1.88035e-006	1.27865e-006	3.3983e-007	1.17768e-007	
0	0.134342	0.248196	0.895458	0.2998	0.667361	0.63587	0.232969	0.102504	0.00962236	0.0403948	0.00523034	0.000116259	4.4212e-008	2.00975e-009	2.06404e-012	6.22752e-014	5.57841e-016	2.74398e-015	2.78232e-014	2.27444e-013	2.67233e-013	4.33196e-015	4.52029e-016	1.42785e-016	6.70397e-015	2.6697e-015	8.60829e-017	7.20727e-017	1.6901e-017	1.13343e-017	1.11529e-017	8.20848e-018	3.28893e-017	4.98674e-016	1.75806e-014	6.83947e-014	1.14907e-012	9.69812e-012	8.64468e-011	9.1667e-010	4.44948e-008	3.8398e-008	3.98664e-009	8.19742e-010	2.07065e-008	1.23815e-008	8.69918e-009	6.59718e-009	1.07493e-008	4.87664e-009	6.92205e-009	8.42277e-010	
0	0.0113165	0.365108	0.0047957	0.392309	0.0788159	0.165333	0.0529525	0.0539782	0.0585793	0.614293	0.718666	0.183578	0.0025952	0.000114165	7.32038e-007	1.36814e-008	2.06794e-010	7.51426e-010	1.18384e-009	3.07429e-009	2.94788e-009	9.7649e-013	1.65602e-014	5.19971e-017	9.87925e-016	1.47734e-016	3.99417e-017	1.05818e-017	1.39282e-017	4.79071e-018	1.00668e-018	2.93846e-018	1.29397e-017	3.70443e-016	7.42766e-016	2.13782e-014	1.53242e-014	4.87297e-013	7.00846e-012	7.34623e-010	6.42926e-008	2.24416e-006	1.21533e-007	6.08632e-009	2.2452e-008	1.30765e-007	1.13574e-008	6.55188e-009	1.77211e-008	4.36756e-010	6.80074e-010	1.28082e-009	
0	0	0.00159073	5.67065e-006	0.205673	0.00569105	0.0400938	0.000311268	0.000386782	0.000215223	0.0353422	0.243422	0.814435	0.997213	0.950677	0.997364	0.985882	0.776917	0.00663082	0.00121946	0.0016892	3.36332e-005	2.76098e-011	5.34516e-013	1.09848e-015	1.46171e-016	1.74078e-019	5.91814e-020	2.33158e-021	7.42853e-022	9.85432e-022	1.59055e-022	1.84104e-022	7.69386e-021	2.31867e-018	9.24008e-018	4.23336e-015	5.8211e-016	1.52816e-016	8.17453e-016	1.42664e-010	1.47834e-010	3.08132e-010	2.08311e-010	2.28842e-011	1.13521e-010	2.49739e-010	9.03366e-012	3.17537e-012	1.45027e-011	2.13985e-013	3.26005e-014	1.93507e-013	
0	0	3.93518e-005	0.00107229	2.74763e-005	0.00355134	0.000440025	0.00375584	0.0007396	0.000720472	0.000120966	0.000919705	0.000712993	0.000188847	0.0491498	0.002631	0.0141009	0.223043	0.988186	0.109457	0.0871327	0.0355058	0.000602378	7.6678e-005	6.24901e-006	1.03121e-006	2.41618e-008	5.55684e-011	2.09356e-013	2.55496e-016	4.63568e-019	1.99783e-020	1.17239e-021	5.7769e-021	1.23498e-019	2.88896e-018	7.12389e-018	7.27505e-017	6.47413e-018	2.12052e-016	4.94542e-013	7.20736e-011	2.31792e-010	4.39523e-008	7.47366e-009	1.70097e-010	1.05173e-010	1.18672e-009	5.63879e-011	8.5757e-011	3.48305e-011	5.90162e-013	3.1882e-012	
0	0	0	2.99571e-006	7.78438e-007	0.000306089	3.19761e-005	1.39682e-005	3.49844e-005	8.65733e-007	1.08191e-006	3.03923e-008	1.48569e-006	8.47413e-008	5.90927e-005	3.91663e-006	1.72249e-005	4.04707e-005	0.0050923	0.887875	0.848517	0.950887	0.894396	0.938581	0.77164	0.657435	0.0037541	0.000161018	1.32534e-005	5.59093e-008	8.7138e-010	4.0038e-011	1.59978e-011	1.57752e-012	1.31195e-012	4.33613e-013	1.87625e-013	3.79616e-014	1.56657e-014	1.94332e-014	3.14042e-014	2.42763e-010	6.59265e-010	1.36817e-010	2.48374e-009	7.0662e-009	6.10792e-011	8.08915e-012	7.32456e-012	2.78496e-013	1.68727e-013	3.41748e-014	1.49967e-015	
0	0	0	2.38263e-013	1.33835e-012	3.6519e-012	1.67578e-012	1.50691e-010	3.6312e-012	2.08328e-013	5.13103e-016	4.59174e-018	5.58102e-016	1.02655e-017	1.24066e-016	4.1189e-017	3.12817e-015	4.3831e-013	5.70829e-009	1.21791e-006	1.22657e-006	0.000366772	0.00723779	1.12598e-006	7.79567e-006	6.22344e-008	5.97056e-006	8.40847e-011	3.8385e-011	8.17032e-013	1.2944e-012	1.32577e-013	1.39612e-014	8.56761e-017	2.6753e-017	4.27586e-016	2.24584e-020	7.40371e-023	6.98029e-021	4.65821e-018	8.45627e-019	3.7474e-014	1.05782e-012	9.31334e-011	2.17635e-011	1.65576e-014	3.01535e-015	1.62354e-016	1.48339e-016	1.97628e-018	1.19965e-018	4.14993e-019	2.93868e-021	
0	0	0	0	2.05232e-007	3.44284e-007	4.62082e-005	0.000216296	0.000567117	0.00121232	0.000142765	1.9759e-006	5.48113e-009	1.5896e-010	2.72814e-010	1.11188e-008	3.34511e-009	3.46549e-008	9.06135e-005	0.00144657	0.0626595	0.0132071	0.0977639	0.061341	0.228346	0.342564	0.99624	0.999839	0.999987	1	1	1	1	1	1	1	1	1	1	1	1	1	0.999997	0.999999	0.999998	0.999994	0.999995	0.999996	0.999998	0.999998	0.999999	1	1	


1	0.180499	0.190952	0.0409863	0.113912	0.0777114	0.0206929	0.0298621	0.0118184	0.00667468	0.00332012	0.00117812	0.00152684	0.0073656	0.00342257	0.00120707	0.000480657	0.000512107	8.49651e-005	4.22834e-005	1.3584e-005	5.41221e-007	1.54887e-009	2.44284e-010	3.21491e-012	8.29742e-013	6.67443e-014	3.09379e-015	1.0207e-016	9.18158e-018	6.16919e-019	8.54715e-020	7.88209e-021	6.19375e-021	8.35666e-022	2.66562e-022	1.54062e-022	1.2801e-022	7.13964e-022	2.61231e-020	2.30517e-019	1.73826e-018	4.43412e-018	1.49355e-020	3.28209e-024	3.30142e-026	6.09167e-027	1.8076e-027	3.25112e-028	2.7109e-028	2.38631e-029	1.97156e-029	3.01035e-029	
0	0.0262422	0.248442	0.0590375	0.575009	0.181481	0.250944	0.0692129	0.0288775	0.0113442	0.00324388	0.000748762	0.0045129	0.025427	0.0355792	0.0293217	0.00653807	0.011601	0.000886623	0.000469698	0.000352467	1.51228e-005	7.03042e-008	1.00288e-008	3.45942e-010	2.58399e-010	2.15367e-011	1.3969e-012	1.13103e-013	5.50436e-015	3.03424e-016	3.41826e-017	1.94914e-018	1.84603e-018	9.68881e-019	7.90149e-019	7.79838e-019	6.91257e-019	1.45589e-017	5.5946e-016	1.09169e-015	2.69604e-014	2.59047e-013	3.38579e-015	3.10146e-018	2.26268e-019	1.27101e-019	1.24575e-020	2.47968e-021	9.39909e-022	9.94259e-023	4.22137e-023	2.02452e-023	
0	0.793259	0.0394012	0.0516839	0.000704356	0.0033028	8.33265e-005	0.285756	0.567357	0.727568	0.0345838	0.034476	0.00191777	9.09821e-005	0.00152497	0.000423557	0.000178348	0.000307255	0.00153784	6.62214e-006	3.1132e-005	9.24661e-008	4.48326e-007	6.01278e-008	2.28298e-011	1.26486e-011	8.04024e-012	4.52266e-014	1.10207e-015	3.81634e-015	1.80551e-017	1.55184e-017	5.36232e-018	5.78001e-017	6.1369e-018	2.39718e-018	3.01455e-018	7.50975e-017	1.13474e-015	1.10954e-014	3.08493e-015	8.52906e-016	1.23415e-015	3.10855e-018	2.91187e-021	1.24602e-023	1.97692e-022	8.3129e-022	2.19629e-023	3.75774e-022	1.84303e-022	4.97143e-021	1.44259e-020	
0	0	0.519016	0.821778	0.0910564	0.00382497	0.00146947	0.00227779	0.0328017	0.034585	0.937474	0.838975	0.620805	0.365838	0.3338	0.815424	0.897464	0.455354	0.00296356	0.00145231	0.0115761	0.000186635	1.13445e-007	7.25507e-008	2.48874e-011	2.87426e-011	8.61672e-014	1.08201e-015	7.91244e-017	6.30266e-018	1.39312e-019	2.028e-019	2.05884e-020	2.78147e-018	1.29521e-018	1.25969e-017	4.8595e-017	9.00654e-015	4.73184e-012	2.51122e-009	2.94609e-007	5.27088e-006	1.43243e-005	9.68576e-010	2.26335e-015	1.81373e-018	4.29601e-021	6.04251e-024	9.15275e-025	2.20412e-023	9.60269e-025	8.32557e-022	9.11284e-022	
0	0	0.00218926	0.0254844	0.0295195	0.000738504	0.000209307	0.000286701	0.00283631	0.109437	0.0018698	0.123422	0.356989	0.250927	0.00624916	0.0068844	0.00231305	0.474859	0.984674	0.0408666	0.06125	0.000381832	0.000124463	0.000406195	1.70262e-005	2.58587e-007	1.34216e-008	6.00319e-010	5.03191e-011	4.90403e-012	4.74945e-013	9.63758e-013	1.51706e-013	3.85008e-013	4.60136e-014	3.67264e-015	8.49766e-016	1.86561e-016	5.49272e-015	1.53828e-011	5.78298e-010	5.51203e-008	4.32446e-006	1.73881e-007	8.02532e-010	8.49427e-012	4.46966e-012	6.2153e-013	2.22231e-013	5.95795e-014	9.65814e-015	4.58435e-015	4.08335e-014	
0	0	0	0.00102909	0.189374	0.713478	0.654548	0.216902	0.00151812	1.81607e-005	0.00483007	8.43219e-005	0.00880373	0.339259	0.573291	0.0956309	0.0774497	0.0336775	0.0012528	0.95331	0.863098	0.89428	0.00255362	0.000258632	1.29796e-005	9.94841e-005	7.94645e-006	1.27359e-007	7.37698e-009	4.68403e-011	3.68451e-013	1.8471e-014	2.08413e-015	4.27892e-015	1.82962e-014	4.16727e-013	2.31408e-013	5.09625e-013	1.71197e-012	7.64607e-011	3.19983e-009	1.99657e-007	2.9671e-007	8.86582e-009	7.13045e-012	4.60721e-011	3.61767e-013	2.57597e-014	3.6206e-015	2.51641e-015	4.40178e-015	4.0267e-015	1.28807e-016	
0	0	0	3.96336e-007	0.000195439	0.00728831	0.003619	0.0411933	0.000103419	1.91935e-007	9.93575e-009	2.65877e-008	7.56478e-005	8.54614e-005	3.25618e-005	4.96048e-005	8.01065e-006	0.000252573	0.000180495	0.00142153	0.0499492	0.0979649	0.993815	0.796389	0.828763	0.00277772	0.000359692	0.000102953	8.17937e-005	1.77022e-006	1.78483e-006	1.15672e-005	4.60217e-007	2.92825e-009	8.83139e-011	2.31761e-012	5.84459e-015	3.20879e-018	2.11368e-013	1.1099e-010	2.10999e-010	1.39672e-005	0.0835582	0.967499	0.999477	0.986005	0.489532	0.0316003	0.0106412	9.14788e-005	4.25155e-006	9.26258e-010	4.23512e-012	
0	0	0	0	0.000228475	0.0121758	0.0684347	0.35451	0.354688	0.110373	0.0146782	0.00111599	0.00536877	0.0110068	0.0461009	0.0510591	0.0155683	0.0234371	0.00841983	0.00243118	0.0137292	0.00717123	0.00350614	0.202946	0.171207	0.997123	0.999632	0.999897	0.999918	0.999998	0.999998	0.999988	1	1	1	1	1	1	1	1	1	0.999981	0.916423	0.0325013	0.000523445	0.0139948	0.510468	0.9684	0.989359	0.999909	0.999996	1	1	


1	0.410407	0.949451	0.637533	0.659501	0.245778	0.477298	0.264577	0.536703	0.914806	0.934546	0.88514	0.939333	0.925202	0.367176	0.00798774	7.1345e-005	4.04221e-007	7.70302e-006	6.65632e-006	3.48857e-006	6.75463e-008	4.52653e-008	3.82558e-008	1.98907e-009	4.59199e-010	3.67084e-011	5.14497e-012	4.94632e-013	1.5967e-013	2.62003e-014	3.57375e-015	2.78021e-015	9.58393e-015	5.17624e-015	1.38582e-015	2.39718e-015	3.34446e-015	1.07249e-014	7.28209e-016	2.33305e-016	7.54866e-018	4.91507e-020	5.40435e-020	3.34747e-020	1.06349e-021	3.09208e-022	3.35487e-023	3.45048e-024	3.17225e-024	5.84994e-025	1.73995e-024	8.98452e-024	
0	0.587687	0.0253515	0.356326	0.325497	0.727141	0.0290284	0.24214	0.245722	0.0124047	0.0550252	0.110438	0.0505083	0.0324751	0.0196467	0.000270084	1.00256e-005	1.73483e-008	1.08574e-007	1.22396e-007	2.06205e-007	1.01213e-009	2.08517e-008	1.01059e-008	1.1527e-009	2.37241e-009	4.02837e-010	1.09108e-011	3.53517e-013	4.91914e-014	5.73791e-015	1.68682e-015	6.89899e-015	1.20468e-013	2.21849e-013	9.21727e-013	1.24218e-011	4.83705e-010	6.68481e-009	2.26053e-010	9.07115e-012	4.59709e-014	7.71685e-018	4.4114e-020	1.01262e-022	1.43774e-024	5.33439e-025	1.29828e-025	1.23219e-026	1.86555e-025	4.88503e-025	1.3585e-023	1.83988e-024	
0	0.00190598	0.024763	0.00401157	0.01004	0.0199003	0.000275832	0.0583759	0.0229481	0.0162032	8.84289e-005	0.000932445	0.00111409	0.000182991	0.000270755	5.77136e-007	1.75426e-008	6.52471e-010	7.32014e-008	4.93217e-011	2.2778e-009	1.09318e-010	1.23471e-007	1.58306e-009	5.07327e-009	3.53564e-009	7.48939e-009	1.2285e-009	3.62025e-010	5.45027e-011	9.03872e-012	2.52365e-012	1.3095e-012	4.82112e-013	2.95916e-013	3.84113e-013	8.04307e-013	1.878e-012	3.01175e-008	1.36171e-008	1.9493e-011	2.48002e-012	1.3443e-013	6.95102e-015	2.15942e-016	7.83136e-021	6.54798e-023	1.95783e-025	4.68868e-027	6.50488e-028	6.08551e-026	4.24914e-025	8.2126e-025	
0	0	0.000402382	0.00210084	0.000319485	0.000695961	0.000272684	0.000247154	0.000257841	0.000833459	5.95119e-007	3.03372e-006	7.64666e-007	8.82159e-007	7.28825e-008	1.19927e-009	2.76276e-012	6.23904e-013	2.43413e-009	4.78996e-011	7.35841e-013	2.7083e-014	3.06832e-009	1.35157e-007	2.075e-008	2.10354e-009	6.18355e-010	2.0415e-009	1.98511e-009	2.72338e-008	9.98212e-008	5.28951e-007	1.98246e-005	0.00224296	0.00289712	0.00263787	0.000787608	3.01349e-005	0.000949428	0.000336891	1.95492e-008	1.77549e-011	7.66036e-014	4.20275e-014	1.21586e-014	8.18591e-017	9.49778e-019	1.28874e-020	8.75114e-023	1.28022e-025	1.31136e-025	1.78716e-025	8.9299e-025	
0	0	3.16973e-005	2.68934e-005	0.0019381	0.000311058	0.00488958	0.000354789	0.00129181	0.000131998	0.000504148	0.000459062	0.00405473	0.0168435	0.000818695	0.000175181	2.55993e-006	4.00587e-009	1.22465e-008	2.94944e-008	1.25423e-008	1.20315e-011	1.23284e-013	1.83256e-008	2.04847e-009	8.94459e-011	7.52998e-012	4.0877e-011	1.75261e-011	2.73326e-010	5.126e-009	1.58537e-008	1.33139e-006	0.000335479	0.00312765	0.00165327	0.00606854	0.00110851	0.241524	0.992888	0.594117	0.730426	0.996956	0.687934	0.315047	0.0250154	0.040185	0.000516649	7.86286e-006	2.62944e-006	4.39847e-008	6.97075e-009	5.41525e-009	
0	0	0	8.30636e-007	0.00269154	0.000388504	0.0988613	0.000303347	1.53209e-005	8.87333e-006	0.00016398	3.91754e-005	0.00125546	0.022085	0.556735	0.978174	0.955404	0.984029	0.00743981	0.00570211	0.0734124	0.0575009	1.08285e-005	1.62855e-007	2.82345e-009	1.94998e-009	5.86259e-012	1.10895e-014	1.06077e-013	1.47208e-013	8.74493e-012	7.23765e-012	1.80858e-010	2.73835e-008	0.000361308	0.00191377	0.000438101	0.00199815	0.00120464	0.0010602	0.399479	0.144607	0.00271448	0.225161	0.0827878	0.0578432	0.0650695	0.000808009	4.27941e-005	1.85202e-006	3.72594e-009	4.56058e-010	1.04568e-011	
0	0	0	6.47486e-007	1.07418e-005	0.00535053	0.379241	0.0254212	0.000296643	1.88529e-006	1.14865e-006	4.53123e-007	1.91303e-005	0.000371666	0.0505227	0.0119787	0.0437226	0.0155531	0.13614	0.452609	0.280406	0.887265	0.00963865	0.000150139	1.71634e-005	2.62001e-006	4.65812e-008	2.65934e-009	2.17528e-010	1.41336e-012	1.24517e-013	5.75423e-013	1.36688e-012	3.93902e-011	1.87431e-007	4.6524e-006	1.29372e-005	7.33321e-006	3.28149e-005	1.21092e-005	0.00470148	0.124392	0.000193899	0.0846752	0.475577	0.87984	0.489108	0.793112	0.781145	0.451072	0.015482	4.76331e-005	2.06627e-006	
0	0	0	0	1.6384e-006	0.000434373	0.0101325	0.408581	0.192765	0.0556101	0.00967006	0.00298756	0.0037142	0.00283851	0.00483009	0.00141394	0.000789482	0.000417849	0.856413	0.541682	0.646177	0.0552344	0.99035	0.999849	0.999983	0.999997	1	1	1	1	1	0.999999	0.999979	0.997422	0.993614	0.99379	0.992693	0.996856	0.756289	0.0057032	0.001703	0.00057557	0.000135726	0.00223046	0.126588	0.0373016	0.405638	0.205564	0.218805	0.548924	0.984518	0.999952	0.999998	


1	0.890983	0.530102	0.377277	0.143093	0.102628	0.0206573	0.0232448	0.113152	0.0704446	0.103875	0.323063	0.559441	0.404035	0.0199191	0.0122848	0.00355261	0.00105443	0.00082891	0.000736973	0.000105672	4.70784e-006	6.67821e-006	2.39112e-005	8.65068e-005	1.89864e-005	2.13155e-005	0.000120685	0.00078203	0.000595266	0.000683221	0.000588604	0.000331629	9.4578e-005	4.31986e-005	1.3738e-005	4.35149e-005	0.00011695	5.34922e-006	6.72211e-008	1.61546e-008	4.71423e-011	1.65349e-014	3.5395e-016	3.85439e-018	1.33523e-018	1.23837e-019	3.18862e-020	2.53551e-020	1.48097e-020	5.35431e-020	6.32462e-020	6.06945e-021	
0	0.107945	0.469687	0.577409	0.855898	0.892301	0.979223	0.714386	0.079755	0.0068693	0.036669	0.0177914	0.064832	0.0913703	0.12266	0.201408	0.186671	0.0464458	0.00258607	0.00672083	0.000879462	0.000490955	3.5625e-005	2.60679e-005	7.29906e-005	4.15559e-005	3.86687e-005	0.000112531	0.000519666	0.00061096	0.000653216	0.00018323	1.50794e-005	1.12941e-006	2.71936e-006	5.42141e-006	2.93128e-006	2.40966e-005	1.2645e-005	7.49449e-007	6.87259e-007	1.05524e-007	5.97747e-010	1.3565e-010	5.14412e-012	2.01402e-011	1.52103e-011	2.05261e-011	2.11495e-011	8.20208e-012	1.45424e-011	2.936e-012	2.73327e-014	
0	0.00107168	2.96294e-005	0.0453068	4.9112e-005	0.00504168	6.08522e-005	0.262349	0.671056	0.060527	6.42414e-005	5.1352e-005	1.23837e-005	1.984e-006	4.30846e-006	1.48714e-005	3.38127e-006	0.000159741	0.00738099	0.00015889	1.84386e-005	3.53624e-006	0.0651367	0.0677	0.0220192	6.70193e-006	4.87966e-007	0.000133615	0.000673078	0.000370444	0.000111944	0.00108867	0.000376027	1.00434e-005	4.85664e-007	2.05739e-009	9.49534e-007	8.47435e-007	1.01973e-005	1.51408e-005	3.9946e-007	6.74117e-007	4.56993e-008	2.66031e-008	2.59243e-008	4.9194e-009	1.22071e-010	7.16848e-011	6.22674e-012	6.94998e-013	5.52404e-012	3.52768e-013	1.2284e-013	
0	0	0.000144546	1.3113e-006	0.000912897	1.50629e-005	5.31569e-005	6.17252e-006	0.0520188	0.32813	0.176777	0.0938769	0.00564916	0.00102451	2.40796e-005	1.21274e-006	1.5282e-007	6.30271e-008	1.35985e-005	0.00101215	8.81281e-006	1.33649e-007	2.27393e-006	0.107562	0.297952	0.4671	0.172093	0.0642683	0.0307434	0.0959801	0.202281	0.155109	0.694363	0.947153	0.880585	0.525631	0.195865	0.0478113	0.0021716	9.10628e-005	3.31932e-006	1.90823e-008	2.32042e-009	2.02166e-009	3.98217e-010	5.81834e-009	2.88292e-009	6.43492e-009	4.49306e-009	1.40766e-009	6.1091e-010	4.08075e-010	2.47465e-011	
0	0	3.6217e-005	1.0818e-006	4.54149e-005	2.32745e-006	1.32855e-006	1.26647e-005	0.0840125	0.53329	0.0576063	0.190541	0.042357	0.00182627	1.84217e-005	1.03036e-006	1.09595e-008	4.11218e-008	9.44266e-006	2.91571e-005	3.49557e-005	8.2744e-007	4.35612e-005	0.0392607	0.176903	0.00216434	0.0141177	0.204676	0.244017	0.357275	0.329204	0.446121	0.127206	0.0333744	0.100048	0.00396963	0.415387	0.288942	0.618701	0.653173	0.495921	0.54569	0.493493	0.374995	0.362728	0.231042	0.575242	0.454553	0.167188	0.0240237	0.0101646	0.00107264	0.00133689	
0	0	0	5.37063e-006	1.80554e-006	1.18184e-005	4.03149e-006	7.11759e-008	6.03666e-008	0.000181929	0.624355	0.0711676	0.00936835	0.00758418	0.00123914	0.000472786	0.000284095	2.09679e-006	3.04746e-008	3.76433e-005	1.13985e-006	7.76366e-007	1.04908e-008	1.48027e-005	0.00388207	0.334708	0.0307147	0.00202102	0.00303397	0.00937403	0.00407799	0.00345129	0.0129019	0.0119638	0.0154053	0.470144	0.0787345	0.49567	0.175888	0.101365	0.268026	0.0171678	0.000299922	0.00292481	0.000116731	0.374555	0.00399236	0.0224535	0.00187701	0.00147776	0.00174243	0.00173455	5.18012e-006	
0	0	0	5.13859e-009	1.7515e-008	9.27291e-009	8.92623e-009	8.49846e-007	5.1048e-006	0.000546121	0.000127291	0.0752553	0.00947167	0.000189511	1.32082e-005	3.18098e-006	3.89869e-007	6.71688e-006	1.00758e-005	7.81771e-007	1.38459e-006	1.95272e-007	5.96828e-005	0.000401383	0.00170661	5.01752e-005	0.0296491	0.171198	0.330359	0.35735	0.409672	0.383299	0.163209	0.00696864	0.00372969	0.00010254	0.307298	0.124265	0.19868	0.243342	0.112409	0.409448	0.504013	0.589786	0.628099	0.314621	0.337058	0.291857	0.177432	0.0308418	0.0213119	0.00262532	0.00180622	
0	0	0	0	2.82699e-008	5.51471e-009	3.66056e-008	7.41924e-008	5.74943e-007	1.08097e-005	0.000525916	0.228253	0.308868	0.493968	0.856122	0.785814	0.809488	0.952331	0.989171	0.991304	0.99895	0.999499	0.934715	0.785011	0.497378	0.19591	0.753365	0.55747	0.389871	0.178444	0.0533174	0.0101595	0.00159661	0.000434368	0.000185111	0.000133378	0.00266741	0.0431704	0.00453149	0.00201269	0.123639	0.0276934	0.00219407	0.0322941	0.00905677	0.0797819	0.0837074	0.231136	0.653503	0.943657	0.966781	0.994567	0.996852	


1	0.998209	0.997888	0.9715	0.958587	0.6238	0.919482	0.630795	0.982302	0.990371	0.999945	0.999683	0.985766	0.998317	0.99565	0.997914	0.999249	0.988269	0.958328	0.999512	0.998889	0.996875	0.0870123	0.583991	0.00277201	0.00896851	0.00251607	1.73842e-005	4.57276e-008	6.32329e-010	5.6782e-013	7.96593e-016	4.76952e-019	6.64571e-022	3.10395e-024	2.05248e-026	7.78511e-027	4.59903e-028	5.57199e-031	1.73225e-034	7.96977e-036	1.38028e-039	8.43441e-045	6.27402e-047	7.35555e-050	8.72494e-052	1.46224e-053	2.02271e-054	3.95466e-055	2.04441e-055	5.93318e-056	2.42806e-056	7.87451e-057	
0	0.00179105	0.00211197	0.0285004	0.0414063	0.376137	0.0804681	0.368355	0.0170355	0.00962235	5.25546e-005	0.000316443	0.0142329	0.00168112	0.00435001	0.0020853	0.000745378	0.0117262	0.0416709	0.000484213	0.00109142	0.00287502	0.912939	0.399158	0.997126	0.990928	0.988292	0.998885	0.999885	0.117367	0.00516831	0.000359135	4.60819e-007	5.16116e-011	1.18875e-013	1.4071e-016	7.21675e-018	7.34428e-021	7.54185e-024	3.08655e-028	1.13324e-032	5.1343e-037	6.40355e-043	6.38506e-045	6.21372e-047	1.32888e-048	4.25977e-050	2.57317e-050	1.86324e-050	1.50849e-052	3.51821e-052	5.40331e-055	3.61866e-057	
0	2.21742e-008	1.19957e-007	4.68299e-008	6.55539e-006	6.28758e-005	4.69666e-005	0.000850411	0.000660021	3.8096e-006	9.32275e-009	2.49616e-007	8.82548e-007	1.23613e-006	5.16382e-008	5.96129e-007	1.22854e-007	1.40794e-006	7.52283e-007	8.26585e-007	3.20842e-007	1.29668e-008	4.31275e-005	0.0167819	0.000101913	8.7677e-005	0.00919188	0.00109752	0.000114573	0.882629	0.994828	0.999501	0.967317	0.0929781	0.00396975	1.14386e-006	6.9688e-009	3.0116e-013	7.23617e-018	2.00305e-023	8.93385e-029	1.03178e-035	8.29778e-043	6.09642e-046	1.63704e-048	9.60566e-051	9.68531e-051	3.16667e-051	1.91107e-052	1.02189e-053	3.066e-055	1.75585e-056	2.40699e-059	
0	0	7.58942e-009	1.91029e-010	2.75811e-008	2.09672e-009	2.79535e-006	1.36772e-008	2.55741e-006	2.48154e-006	3.84441e-007	4.71531e-009	1.884e-009	1.94139e-007	1.10199e-008	8.1251e-008	5.6782e-009	8.36206e-010	1.3446e-008	4.50713e-007	3.59423e-009	3.73539e-010	2.03681e-011	5.51205e-005	4.03866e-009	1.57382e-005	4.8706e-008	4.75955e-009	2.08902e-010	3.99079e-006	3.62161e-006	0.000140037	0.0326823	0.906935	0.99383	0.861183	0.652606	0.0077001	3.71334e-005	6.11445e-008	1.93954e-010	1.08713e-014	1.07938e-019	1.69884e-023	1.27075e-029	8.38303e-034	1.56618e-036	7.27352e-039	5.42977e-043	5.78089e-046	9.41534e-050	8.48538e-051	3.507e-052	
0	0	7.67789e-016	3.5051e-009	8.80464e-010	1.29307e-009	2.88131e-009	3.47402e-009	3.53076e-010	9.57097e-009	2.03662e-006	4.00023e-007	7.0021e-008	3.23813e-008	1.81139e-007	4.64537e-007	5.27149e-006	3.02237e-006	1.01468e-008	2.12157e-008	3.72881e-008	4.80452e-009	7.84848e-013	4.95602e-012	1.15819e-009	3.61863e-009	7.15119e-009	2.59508e-013	5.50439e-015	9.73392e-015	9.47729e-012	5.26247e-011	7.13344e-009	8.70607e-005	0.00219988	0.138815	0.346965	0.992255	0.983314	0.853919	0.690168	0.0220281	5.42175e-007	2.58648e-010	1.97887e-014	1.41393e-015	2.55564e-018	2.50764e-020	5.64715e-023	2.31378e-024	5.36575e-027	1.07389e-027	4.98978e-029	
0	0	0	2.10747e-015	1.32468e-012	2.25154e-014	4.04654e-012	5.52707e-013	7.60037e-012	1.8023e-011	1.0892e-011	1.41033e-010	5.93872e-010	7.54679e-011	2.86882e-012	2.45034e-010	3.41136e-011	1.50207e-009	1.07909e-007	2.63296e-006	1.89189e-005	0.000241606	4.36841e-006	1.20791e-005	2.06125e-010	7.04158e-013	5.38631e-013	6.21081e-014	3.07235e-017	1.4505e-016	5.92293e-014	2.29176e-013	1.23747e-012	1.06132e-009	2.10856e-007	6.45585e-008	0.000426293	4.37232e-005	0.0166092	0.145828	0.307581	0.97639	0.984434	0.644801	0.312083	0.884162	0.00783081	2.33574e-005	5.43727e-009	1.20322e-012	2.76128e-016	5.58222e-020	6.73641e-023	
0	0	0	2.91614e-020	9.34851e-012	2.82688e-014	1.8726e-011	4.91995e-012	4.21129e-011	1.23052e-010	7.28202e-012	5.34966e-009	1.53826e-009	3.39633e-010	1.72353e-010	4.74949e-010	6.9605e-010	4.75096e-008	1.75026e-007	2.99794e-009	4.6053e-007	8.1241e-006	8.35937e-007	1.95769e-007	5.39015e-010	1.00216e-011	2.56707e-011	7.18909e-014	3.97346e-018	2.08956e-018	3.58095e-019	6.02007e-017	2.72868e-017	3.04608e-016	5.04025e-010	5.16935e-009	2.82092e-006	1.24924e-006	3.96632e-005	0.000252805	0.00224284	0.00158177	0.0155651	0.355175	0.687843	0.112902	0.99123	0.623438	0.59953	0.0442141	7.30631e-005	3.68667e-008	1.60409e-009	
0	0	0	0	1.76097e-018	1.50362e-012	4.41769e-012	8.6824e-012	2.47504e-011	8.78576e-011	2.169e-010	5.5563e-010	1.21889e-009	1.90917e-009	6.5053e-009	1.25453e-008	3.89397e-008	1.5087e-007	1.31201e-007	1.2766e-007	1.44879e-007	1.8352e-007	9.35507e-008	9.90543e-007	6.51939e-009	3.18173e-008	1.18592e-008	4.73993e-011	8.6116e-014	2.70629e-015	3.22939e-018	1.24337e-019	4.13895e-019	3.34404e-018	9.20321e-015	3.04465e-012	3.08778e-010	2.14777e-007	2.67731e-010	5.69954e-009	7.50349e-006	3.56125e-008	2.37537e-009	2.43656e-005	7.3719e-005	0.00293577	0.000938818	0.376539	0.40047	0.955786	0.999927	1	1	


1	0.993591	0.824218	0.982883	0.789532	0.680749	0.942755	0.283409	0.580816	0.583718	0.99102	0.968657	0.782351	0.877822	0.963976	0.957723	0.97931	0.9409	0.430799	0.98042	0.913217	0.837005	0.0939102	0.623581	0.0209634	0.0587934	0.00375568	0.000229619	1.00557e-005	5.98396e-006	9.15962e-007	7.4777e-008	1.39992e-008	1.37681e-010	1.28226e-013	1.11371e-017	1.53644e-018	2.62565e-019	2.86634e-023	1.70271e-026	7.06135e-028	2.97841e-031	6.72555e-035	1.06936e-036	1.20337e-038	2.28835e-039	2.31936e-039	7.58417e-040	6.94313e-040	7.55619e-040	5.74839e-040	2.24184e-040	2.66939e-041	
0	0.00640456	0.175781	0.0166385	0.210449	0.312483	0.0571734	0.715502	0.417974	0.415914	0.00897775	0.0313428	0.21759	0.122169	0.0360109	0.0422749	0.0206864	0.0590881	0.566833	0.0191048	0.0867821	0.162971	0.683195	0.327973	0.791649	0.905541	0.984679	0.828915	0.703889	0.841597	0.75686	0.51401	0.0351225	2.24807e-005	8.16403e-009	2.74705e-013	5.63954e-015	1.51218e-017	1.54707e-024	2.15762e-030	1.61183e-029	8.82632e-035	1.57982e-037	1.36199e-036	1.38216e-037	4.66614e-039	2.14167e-038	3.32687e-039	5.37596e-039	7.2421e-040	2.35038e-039	1.25653e-040	5.24092e-042	
0	4.48468e-006	6.47643e-007	0.000478067	1.90137e-005	0.0067686	7.1865e-005	0.00108858	0.00120919	0.000367681	1.91338e-006	2.91207e-007	5.86901e-005	8.23457e-006	1.33069e-005	1.92442e-006	3.79841e-006	1.16102e-005	0.00236891	0.000475626	4.16117e-007	2.3615e-005	0.222893	0.045334	0.187371	0.0198171	0.0115614	0.170855	0.296097	0.155879	0.242675	0.485658	0.487178	0.000604266	2.6178e-009	2.60233e-015	1.27474e-017	8.76366e-021	2.88006e-025	5.26011e-031	4.26752e-034	5.60519e-036	2.87311e-040	1.21403e-038	2.29855e-039	4.80829e-041	1.73102e-041	1.44243e-039	2.75997e-040	2.35485e-041	6.65434e-041	1.07978e-042	1.08925e-043	
0	0	2.37359e-011	2.8875e-012	6.69034e-009	1.94373e-011	1.24597e-008	3.14581e-009	1.62726e-007	1.41563e-008	1.71317e-009	5.47129e-012	1.68335e-013	1.61724e-010	3.9322e-010	3.7092e-011	7.3872e-012	7.97473e-013	2.40149e-011	1.32792e-008	1.28791e-009	2.19962e-013	4.31654e-008	0.00301939	1.67917e-005	0.0146054	3.48427e-006	1.92849e-007	3.42162e-006	0.00247881	0.000464058	0.000248141	0.271421	0.000749681	5.9811e-007	1.16366e-011	1.03562e-014	1.1077e-018	6.85982e-027	7.75629e-034	1.68681e-037	6.67756e-042	9.12413e-042	1.21947e-045	1.09855e-044	1.75031e-044	6.27464e-044	4.65709e-046	6.03617e-043	1.52058e-043	4.72127e-045	1.06877e-043	1.59206e-047	
0	0	3.3573e-011	1.22975e-011	1.47203e-009	2.19806e-011	1.93062e-009	4.73521e-010	6.86016e-009	9.61358e-009	7.05092e-009	1.34118e-011	5.41336e-014	3.37338e-011	5.54538e-012	6.88835e-012	9.1123e-013	9.53165e-013	7.97113e-011	6.87267e-010	8.2e-010	1.16352e-012	4.29651e-010	6.29925e-005	2.6773e-008	0.00124307	1.65567e-007	1.67294e-010	1.94498e-009	3.97932e-005	1.12289e-007	8.39587e-005	0.206277	0.997534	0.999821	0.999111	0.453989	0.1766	0.000123129	3.79485e-008	3.01068e-012	1.34456e-017	4.59497e-022	1.22622e-027	3.76686e-034	2.67222e-039	3.10306e-043	3.50472e-047	2.17802e-047	3.1687e-047	9.40313e-046	5.78153e-043	1.96264e-046	
0	0	0	5.2848e-013	2.15365e-014	6.81705e-011	2.58339e-013	6.7452e-014	2.40498e-013	1.40124e-013	2.06965e-010	6.85508e-013	1.19521e-013	3.09728e-016	2.58833e-013	6.47899e-014	3.30145e-013	2.57653e-015	1.74104e-017	2.02447e-011	1.15394e-012	1.78542e-011	1.16598e-015	1.62168e-012	9.24529e-009	5.42045e-010	2.35899e-008	1.45824e-011	3.4192e-015	4.58186e-013	8.32225e-009	4.24788e-011	4.26757e-007	0.00108997	0.00017792	0.000889121	0.54601	0.823225	0.999873	0.997804	0.622574	0.119386	9.05617e-005	6.04081e-008	1.03029e-011	1.13833e-012	4.4897e-015	4.04949e-018	2.11572e-023	8.63855e-028	2.30425e-031	4.71648e-033	4.00511e-036	
0	0	0	4.87856e-021	1.51214e-016	5.07306e-019	6.29105e-014	2.71286e-017	6.34126e-017	1.03676e-015	4.04398e-017	2.70672e-014	2.63772e-016	1.66784e-016	1.59307e-018	3.07502e-016	7.55622e-017	8.70551e-016	1.15983e-015	1.87458e-013	1.52477e-009	7.18061e-007	1.87205e-007	3.18735e-007	5.51505e-011	1.87383e-011	2.8551e-014	1.94893e-013	2.3231e-016	1.19455e-018	3.61385e-016	4.61576e-012	1.52344e-014	6.62784e-012	1.26364e-009	1.93616e-010	7.18874e-008	1.5382e-005	2.78548e-006	0.00215711	0.376276	0.880116	0.990112	0.76284	0.690734	0.462751	0.00868598	8.66368e-006	2.20215e-008	6.21665e-011	3.85411e-014	3.63912e-017	3.71602e-020	
0	0	0	0	2.89247e-016	1.35207e-017	7.47187e-014	1.44786e-014	1.41844e-014	6.13009e-014	1.2941e-014	9.5864e-013	4.60631e-014	2.13606e-015	6.02545e-016	1.2615e-016	6.85351e-017	3.35975e-016	5.86319e-015	5.75135e-014	2.08692e-012	3.76464e-009	9.09061e-007	2.89388e-005	2.49511e-007	1.96247e-007	2.56014e-008	3.30039e-010	4.20874e-012	2.88827e-012	2.46145e-013	6.83638e-012	4.19941e-012	3.205e-011	4.27543e-009	2.664e-010	1.89768e-007	0.000159359	6.47333e-007	3.87731e-005	0.00115031	0.000498746	0.00979753	0.23716	0.309266	0.537249	0.991314	0.999991	1	1	1	1	1	


1	0.57521	0.870049	0.820905	0.17461	0.0400648	0.0145241	0.165482	0.3919	0.122912	0.0727541	0.014223	0.000629096	6.25931e-006	9.35462e-007	8.16281e-009	1.98097e-011	4.53215e-014	3.505e-013	1.19419e-011	4.64024e-011	5.46393e-012	2.17719e-012	5.13504e-013	1.39026e-013	2.49109e-013	9.36508e-013	8.22884e-013	9.89649e-013	1.18773e-012	2.41747e-013	1.95044e-013	1.14408e-013	3.00684e-013	1.02957e-012	5.35879e-012	3.53573e-012	2.29215e-011	9.85446e-014	1.3001e-016	8.16189e-018	1.04363e-021	4.13022e-026	4.19693e-027	2.49707e-028	3.35125e-029	1.20371e-029	9.20261e-030	1.64615e-029	5.93721e-029	4.03488e-028	2.27109e-027	3.77411e-027	
0	0.415103	0.117222	0.178012	0.0145775	0.000998939	0.000782164	0.0110749	0.438793	0.873487	0.789894	0.896799	0.0195926	0.000282706	7.9967e-006	8.33395e-008	7.95805e-011	2.16252e-013	2.49835e-012	3.89203e-010	1.02156e-008	1.54184e-010	4.69559e-011	3.61766e-011	9.53782e-013	1.11978e-013	6.44554e-014	4.87236e-014	4.73955e-014	9.88161e-014	1.40327e-014	6.24926e-014	3.4572e-014	1.39203e-012	2.56656e-012	2.73295e-012	8.90095e-012	2.45933e-010	8.59583e-012	5.56226e-014	8.82702e-015	1.8084e-018	1.04559e-022	1.96442e-024	4.48864e-026	1.79539e-027	1.01749e-028	9.49417e-030	4.43361e-030	5.47303e-029	2.81753e-028	1.63747e-026	1.45318e-025	
0	0.00968718	0.0126401	0.00107229	0.810811	0.917353	0.984208	0.578562	0.148398	0.0019373	0.131722	0.0854318	0.979616	0.989831	0.055249	0.00929721	0.000143504	1.32202e-006	2.22794e-007	6.8027e-005	0.000257739	5.44691e-006	1.0969e-008	5.22636e-009	8.18292e-009	1.22973e-009	6.65638e-011	2.37513e-010	6.36108e-010	8.58201e-011	5.96709e-011	1.21992e-011	2.72084e-012	5.08e-012	2.9845e-011	1.0687e-011	1.30474e-010	3.91862e-011	4.57028e-014	1.87825e-016	3.80047e-015	4.50488e-019	6.20427e-024	8.00895e-026	7.97855e-027	2.89609e-026	6.75744e-027	3.86958e-028	2.41127e-028	7.10396e-029	1.65136e-029	4.39616e-030	1.93403e-028	
0	0	8.83753e-005	6.76702e-007	7.79557e-007	0.00013015	0.000143528	0.00323078	0.000403768	1.91433e-005	4.44759e-006	0.00012155	0.000145899	0.00987375	0.944609	0.990697	0.999856	0.999998	0.995414	0.906317	0.814252	0.474526	2.17068e-005	4.71239e-008	1.3114e-009	1.27151e-010	1.21061e-012	2.80041e-015	1.5692e-014	2.12287e-015	6.9557e-016	2.07724e-015	5.92518e-017	5.1105e-017	2.79582e-015	1.56648e-014	1.8407e-015	9.39994e-015	6.98563e-017	6.55794e-020	1.20329e-019	4.40793e-020	1.35433e-024	3.05306e-027	5.95511e-030	9.96127e-032	1.31933e-029	9.91199e-031	2.37035e-031	7.30926e-031	1.5334e-032	3.47791e-033	2.30563e-033	
0	0	1.87092e-007	1.01682e-005	8.85439e-007	0.0414529	0.000326941	0.241646	0.000687523	1.35076e-006	2.49271e-008	2.0996e-007	1.24213e-006	5.89436e-006	0.000132443	2.49567e-006	7.94024e-007	3.43917e-007	0.00458576	0.0850377	2.35872e-005	1.02011e-005	0.0185309	0.000344442	0.000941383	0.000373702	0.000131113	0.000867555	0.00775777	0.0457619	0.445258	0.599386	0.760669	0.210075	0.0190904	0.000754528	1.09552e-005	4.22012e-008	6.52871e-011	6.62176e-014	1.44041e-018	7.81443e-020	2.30094e-024	1.15467e-025	2.90124e-027	2.6033e-028	2.98332e-028	1.15423e-027	2.38536e-028	1.30642e-029	3.04855e-029	1.13965e-031	1.37569e-033	
0	0	0	9.39583e-011	1.22388e-010	1.01693e-012	1.52239e-005	2.05523e-007	0.0198115	0.00135465	0.00556767	0.00339243	4.58817e-006	4.99084e-009	2.40889e-007	2.87546e-006	1.04542e-008	2.92834e-011	5.57858e-009	0.00857487	0.0881611	5.04912e-005	4.00957e-009	0.000283865	6.62638e-010	7.04519e-006	1.36904e-008	1.57219e-010	2.62192e-010	1.19669e-005	1.71967e-007	1.52307e-005	0.00054662	0.467452	0.0452401	0.00451808	0.000493639	0.0244624	0.0582594	0.0174817	0.00272162	1.17242e-005	4.85967e-008	3.91277e-012	1.36311e-016	6.27129e-020	3.70357e-022	1.26463e-024	5.53454e-028	1.98572e-028	5.829e-032	8.18401e-030	8.43892e-031	
0	0	0	7.37986e-043	2.32061e-017	2.10566e-017	3.21258e-019	1.67688e-010	1.2754e-012	2.62332e-008	3.52732e-009	2.23371e-009	1.40719e-010	2.03769e-013	7.68155e-016	3.20413e-015	6.33218e-015	1.12116e-017	5.40243e-014	9.28026e-007	0.0104901	0.0164014	0.00105925	9.03849e-005	1.10221e-008	9.74948e-012	1.20935e-011	3.65784e-014	4.20143e-016	5.93285e-015	3.83852e-011	1.34225e-011	4.29967e-008	1.5577e-005	0.0045524	0.00065454	3.67005e-006	1.09455e-008	4.16444e-007	2.58595e-005	0.000236776	6.56602e-005	2.13167e-005	7.73213e-007	6.88636e-009	1.66002e-010	2.23796e-014	3.64357e-018	2.39146e-022	6.73718e-026	1.59801e-029	1.86911e-031	7.34474e-033	
0	0	0	0	5.57656e-013	8.0111e-013	6.31356e-014	4.21881e-006	6.24116e-006	0.000288099	5.77824e-005	3.18452e-005	1.06422e-005	7.67082e-008	2.77606e-009	9.54178e-011	2.17433e-010	1.27829e-012	1.18682e-010	1.21861e-006	0.0868153	0.509006	0.980388	0.999281	0.999059	0.999619	0.999869	0.999132	0.992242	0.954226	0.554742	0.400599	0.238784	0.322457	0.931117	0.994073	0.999492	0.975538	0.94174	0.982492	0.997042	0.999923	0.999979	0.999999	1	1	1	1	1	1	1	1	1	


1	0.120515	0.30207	0.0170578	0.00593328	0.00036083	0.000829571	0.000623178	0.00383756	0.0279854	0.0151752	0.0181882	0.0443926	0.0681525	0.0332415	0.0254752	0.00646087	0.00676607	0.00121036	0.000329254	8.89385e-005	1.38103e-005	1.10338e-005	1.206e-006	5.75308e-008	2.15311e-009	1.08225e-009	4.40234e-011	1.50432e-012	3.19692e-013	8.63278e-014	2.5493e-014	7.27108e-016	1.10245e-016	1.9508e-018	1.66495e-019	8.3065e-021	1.25687e-021	7.77276e-021	2.40874e-021	6.16166e-023	4.19506e-024	1.26588e-025	3.03543e-026	1.02676e-027	2.61847e-029	1.55765e-030	6.47708e-032	1.05986e-032	4.39385e-034	1.24723e-035	1.57283e-036	7.94265e-037	
0	6.30981e-006	0.000152534	0.000255266	7.87183e-008	5.15161e-009	1.13038e-007	7.09875e-008	2.93449e-007	0.000110824	3.01006e-007	3.33729e-007	5.18016e-007	4.28989e-007	3.07385e-007	1.08954e-007	2.51861e-008	1.20396e-007	0.000562339	4.50383e-006	1.12844e-008	1.11717e-008	8.98525e-008	1.22428e-009	3.52835e-012	4.46611e-014	3.49106e-013	1.35292e-014	2.13348e-015	4.72179e-015	7.11863e-016	1.67819e-015	4.83702e-019	7.70681e-020	1.26429e-023	2.29289e-023	1.06557e-025	2.44221e-025	2.71984e-023	5.67111e-023	3.59618e-026	7.3576e-027	8.64586e-028	8.82699e-027	2.1739e-026	2.04017e-027	8.27322e-030	1.36553e-031	3.3116e-034	2.2862e-037	1.56553e-038	1.25312e-040	3.37102e-040	
0	0.879479	0.697653	0.979949	0.99099	0.981565	0.974444	0.99616	0.904623	0.968197	0.960183	0.952976	0.866277	0.692868	0.779806	0.301436	0.200062	0.0279006	0.00647915	0.00644816	0.00150637	0.000445546	0.00100344	0.000253508	0.000101767	0.000192794	0.000244817	3.73477e-005	8.82951e-006	7.29254e-006	7.69464e-006	7.17756e-006	7.63776e-006	2.24999e-005	1.86296e-005	0.000197883	0.000330779	0.00257548	0.0745766	0.026309	0.0019508	0.000159158	4.3855e-006	1.48861e-007	7.62018e-010	1.8439e-010	1.66931e-012	3.38689e-013	5.15499e-014	6.14121e-016	1.76728e-016	1.70571e-016	9.56464e-017	
0	0	0.000122703	0.00273726	0.00305223	0.0180711	0.0246687	0.0030784	0.0914498	0.0017536	0.0244281	0.026206	0.0737047	0.0915702	0.00145478	0.0366476	0.0183994	0.00108637	1.79654e-005	0.00102984	0.000373894	6.15655e-006	3.88778e-007	4.48767e-006	4.61213e-008	2.74271e-008	6.47223e-008	5.37291e-008	4.81384e-009	1.01532e-007	2.10687e-007	1.35867e-006	6.11192e-007	1.02987e-005	2.62771e-006	1.27509e-006	3.64975e-005	0.000932005	0.145188	0.954808	0.977237	0.408578	0.00349781	1.20041e-005	7.42578e-008	3.91278e-008	2.99085e-011	4.54771e-013	6.58925e-016	2.4828e-017	1.9546e-019	2.77446e-019	6.1881e-020	
0	0	2.22467e-006	6.41687e-007	2.47676e-005	2.77669e-006	5.71675e-005	0.000136994	5.76599e-006	0.00172794	3.70076e-006	1.71282e-005	0.000121315	0.000171927	0.000143729	1.37153e-006	1.55357e-005	6.18975e-005	0.000254783	0.000404706	0.000907636	0.0140814	0.0128134	7.08781e-005	6.80018e-007	1.89436e-009	5.67739e-010	1.53497e-010	1.50811e-010	7.33857e-011	7.41781e-010	1.37374e-008	6.91607e-009	6.78584e-009	8.04582e-008	5.1383e-007	5.03498e-008	4.08161e-007	0.000957444	0.00774757	0.0203831	0.59116	0.787077	0.382758	0.140133	0.085806	0.000174563	2.5469e-006	3.7153e-009	1.92652e-013	2.65969e-015	1.15386e-017	7.50329e-020	
0	0	0	1.49686e-009	6.13072e-009	3.95955e-008	2.62288e-007	1.43486e-006	7.82641e-005	0.000147288	5.28616e-005	2.74781e-005	1.52807e-005	2.31853e-005	6.4842e-007	4.47353e-006	1.88907e-007	7.16699e-008	7.00153e-006	3.28323e-006	4.72299e-006	6.09934e-006	0.000482111	0.000292778	4.25337e-006	1.58288e-008	2.34629e-009	4.82946e-011	7.56462e-013	8.87076e-011	6.85798e-010	1.4109e-009	2.34621e-009	7.5342e-010	2.01125e-010	5.08993e-010	1.73058e-009	2.42785e-010	6.76136e-008	4.12033e-005	0.000137495	9.95544e-005	0.209418	0.615927	0.85955	0.913581	0.996906	0.832196	0.498974	0.00756574	2.28891e-005	1.10861e-007	3.03569e-008	
0	0	0	6.24165e-012	2.04077e-010	4.95681e-010	7.64804e-009	3.38268e-007	5.00441e-006	7.33524e-005	0.000109826	0.00231829	0.00640073	0.032392	0.0341905	0.0296575	0.0970891	0.40367	0.47731	0.241985	0.643819	0.835929	0.370373	0.0327324	0.00198739	9.72053e-005	0.00012036	8.54397e-007	1.19567e-008	1.53279e-009	3.76908e-010	3.44152e-010	2.70009e-010	1.06443e-010	2.25146e-011	1.0968e-011	7.17378e-012	8.44372e-011	1.80307e-011	4.87516e-010	3.79469e-007	1.18644e-006	2.75607e-006	0.00130131	0.000315653	0.000582587	0.00290966	0.167752	0.483461	0.988507	0.90948	0.883234	0.779339	
0	0	0	0	5.23402e-012	2.89983e-011	1.34004e-009	6.49932e-009	5.8815e-007	4.97496e-006	4.70915e-005	0.000266634	0.00908797	0.114822	0.151163	0.606778	0.677973	0.560515	0.514158	0.749795	0.353299	0.149518	0.615316	0.966645	0.997906	0.99971	0.999635	0.999962	0.999991	0.999993	0.999992	0.999991	0.999992	0.999967	0.999979	0.9998	0.999633	0.996492	0.779278	0.0110939	0.000291161	1.5015e-006	2.08027e-008	1.69306e-006	1.47126e-006	3.0135e-005	9.39122e-006	4.92449e-005	0.0175651	0.00392733	0.0904974	0.116766	0.220661	


1	0.977957	0.0661675	0.911544	0.874372	0.998961	0.528949	0.990034	0.602361	0.183192	0.000182226	3.521e-006	7.86617e-007	1.46359e-009	5.18135e-012	2.65497e-015	7.30772e-019	8.91618e-021	7.39908e-020	7.67372e-021	4.40057e-023	1.19206e-024	1.88889e-026	5.97659e-028	4.33777e-029	8.37333e-029	3.59149e-029	9.70808e-031	2.507e-032	1.68167e-034	5.7279e-037	1.15802e-038	2.97021e-042	6.68853e-047	2.98697e-050	5.73224e-054	1.83372e-055	2.10071e-057	2.55974e-061	1.27059e-067	8.35662e-072	1.39808e-078	7.15818e-085	4.00051e-087	1.06647e-090	5.09576e-093	8.2215e-095	2.42323e-096	2.8182e-097	1.38339e-097	5.25794e-097	2.32579e-096	1.83681e-097	
0	0.0188667	0.932469	0.0180404	0.122416	0.000445357	0.467425	0.00224976	0.394727	0.815057	0.998582	0.994272	0.957022	0.964389	0.0392662	0.0064404	7.83288e-005	3.58244e-007	1.76531e-007	1.6583e-006	9.91544e-009	1.05271e-011	1.16359e-018	6.83771e-020	5.20975e-025	6.10826e-026	2.41e-029	1.04033e-033	5.66053e-037	3.44816e-036	7.63766e-040	5.05148e-043	8.20197e-045	1.61242e-047	3.68229e-052	4.15831e-056	9.28352e-057	1.72623e-058	2.74798e-062	2.85372e-067	2.69463e-069	5.91683e-077	2.35617e-082	6.6192e-086	2.6835e-091	2.26117e-093	1.04763e-094	1.89862e-098	1.60466e-099	5.27906e-098	5.3259e-101	5.55939e-097	3.26747e-097	
0	0.00317613	0.00136201	0.0137536	0.0031241	0.000495247	0.00362508	0.000543866	0.00216236	0.00127992	0.00123542	0.00566881	0.0429531	0.035608	0.960701	0.993545	0.999905	0.997863	0.06514	0.0372287	0.00109511	2.45625e-005	2.7475e-011	1.48776e-013	1.96722e-016	2.499e-016	2.02727e-019	8.57049e-025	2.20196e-030	7.14213e-036	3.43953e-041	2.18269e-043	3.09937e-046	9.94179e-050	4.21962e-053	2.32021e-056	4.84922e-058	1.32527e-059	4.33818e-062	3.38963e-067	5.57981e-070	2.15916e-074	2.72368e-079	3.30342e-083	5.5769e-089	1.08135e-092	1.45841e-095	8.98495e-099	1.77437e-100	4.63574e-099	3.16279e-101	9.81204e-099	1.32435e-099	
0	0	1.35057e-006	0.0566571	6.72698e-005	8.71476e-005	4.2594e-007	0.00689612	0.000587166	0.000465768	2.05522e-007	5.60018e-005	2.37542e-005	2.78456e-006	3.26021e-005	1.43793e-005	1.62984e-005	0.00213625	0.911365	0.962667	0.998902	0.999973	0.653491	0.985024	0.015379	0.00207327	5.05925e-005	7.73963e-009	2.44494e-012	5.16217e-016	4.50387e-020	2.13936e-022	3.46798e-027	4.88742e-033	3.78473e-038	1.11735e-043	2.40882e-047	1.26573e-050	2.58536e-055	4.49593e-061	1.63797e-064	1.08378e-069	6.83477e-074	1.44015e-075	1.61634e-078	3.78007e-081	9.70283e-085	2.29193e-087	2.39198e-089	2.44898e-090	2.53075e-090	3.21317e-090	3.91658e-092	
0	0	9.70918e-009	5.21574e-006	2.13646e-005	1.15497e-005	4.18754e-008	0.000275893	0.000162527	4.83355e-006	1.04525e-011	4.08657e-010	3.34386e-008	3.53252e-009	1.34626e-008	4.25846e-008	7.6857e-009	8.01077e-007	0.0234951	8.32706e-005	1.16503e-006	1.37363e-006	0.346509	0.0147936	0.984621	0.664863	0.999331	0.999996	0.999998	0.987717	0.99974	0.997967	0.0105124	1.08422e-006	1.33704e-010	1.72104e-015	1.00614e-017	3.15936e-021	3.7648e-024	7.14401e-030	3.94756e-037	1.101e-044	2.52795e-050	6.49374e-053	3.05987e-056	2.60126e-059	2.06699e-061	4.60584e-063	3.50933e-064	5.16638e-066	4.08155e-065	4.39183e-065	2.56499e-067	
0	0	0	5.09649e-011	5.87857e-010	5.95149e-009	1.99782e-010	6.56181e-011	2.50346e-007	3.23805e-009	2.00903e-011	4.92782e-016	2.37014e-015	3.69916e-015	9.76014e-016	2.33638e-015	3.35061e-015	8.67281e-017	3.8766e-010	1.79624e-006	2.02791e-011	4.45765e-013	3.41326e-011	0.000182118	2.41968e-007	0.333063	0.000581326	3.71748e-006	1.63151e-006	0.0122833	0.000260102	0.00203301	0.989488	0.999998	0.999997	0.999979	0.99702	0.994984	0.0871192	6.8098e-006	7.3302e-012	9.7082e-020	4.10633e-025	6.15356e-031	1.27371e-038	6.46379e-043	5.69313e-047	9.98263e-051	1.31147e-055	1.13885e-058	6.60303e-060	7.8988e-058	4.29757e-061	
0	0	0	2.50482e-013	6.1278e-012	1.09693e-011	3.51512e-011	2.14119e-013	7.79862e-010	4.4199e-010	1.60557e-012	6.48602e-015	3.48626e-016	1.11635e-015	1.66789e-016	2.05771e-016	9.81734e-016	3.0093e-016	1.07733e-011	1.73125e-005	1.6742e-006	6.46442e-007	1.90535e-011	1.48582e-008	8.44459e-010	7.92624e-007	3.71766e-005	1.94052e-009	5.36405e-010	7.23537e-009	8.03863e-008	4.41236e-008	4.91892e-010	4.54421e-007	3.02932e-006	2.12784e-005	0.00297993	0.00501568	0.91288	0.999972	0.999886	0.999928	0.972131	0.0635193	9.2191e-005	8.29566e-006	2.83654e-008	1.14468e-011	1.04751e-015	1.01807e-017	1.37064e-020	4.12967e-021	1.35801e-023	
0	0	0	0	2.46497e-016	3.56043e-015	8.63933e-014	1.90356e-012	1.45311e-012	1.29396e-010	5.62809e-015	1.73439e-015	1.08349e-017	2.56995e-021	7.00949e-020	8.54564e-022	2.05127e-022	1.78451e-019	9.2529e-016	4.78026e-013	2.40939e-007	5.65205e-008	4.04354e-008	3.59083e-009	2.14528e-011	1.83445e-012	2.2849e-008	3.14686e-008	9.66975e-011	8.90397e-012	1.49005e-011	5.22477e-010	2.72008e-012	3.88236e-016	7.56577e-012	1.6167e-012	3.51574e-009	1.83274e-007	1.17666e-006	2.09145e-005	0.000113821	7.15219e-005	0.027869	0.936481	0.999908	0.999992	1	1	1	1	1	1	1	


1	0.998255	0.999756	0.996453	0.998784	0.972987	0.996812	0.967421	0.99328	0.999825	0.994758	0.995795	0.9968	0.990608	0.977097	0.326595	0.00598265	0.00963165	0.0439741	0.00186504	1.03233e-006	7.87243e-011	6.32914e-012	4.37283e-012	3.56476e-010	3.61939e-009	7.61593e-009	2.06265e-007	7.87172e-006	4.53703e-006	8.16961e-006	3.76123e-006	7.19696e-008	8.70217e-011	1.18806e-012	2.98155e-014	2.29288e-015	1.78824e-017	1.61366e-021	1.56782e-025	1.55242e-029	1.43033e-033	1.17236e-036	6.45677e-038	1.79382e-041	4.07796e-042	1.47572e-043	3.49648e-045	2.43945e-046	2.01418e-047	8.97451e-047	1.53286e-047	4.576e-048	
0	0.00114186	8.34227e-005	0.00336078	0.00119041	0.0269573	0.00260622	0.0325553	0.00427667	0.000144166	2.1844e-005	0.00216426	4.08281e-005	0.000361513	2.7441e-005	3.03752e-005	4.89092e-007	1.1065e-005	1.11562e-005	3.05016e-007	2.61078e-009	8.80276e-015	1.1417e-012	9.26644e-013	4.89887e-012	4.07878e-011	2.99684e-010	4.98403e-010	2.28614e-008	3.52412e-005	0.00231065	0.521306	0.688553	0.034403	0.0122418	0.000614523	5.70679e-006	2.47405e-008	1.248e-012	2.93031e-016	6.745e-022	1.04288e-026	9.21049e-031	1.28976e-032	1.31341e-036	3.30749e-038	1.53949e-040	4.02253e-042	8.71036e-045	1.31387e-047	1.01394e-047	1.92227e-050	3.02689e-052	
0	0.000603273	6.73869e-005	0.000184347	2.45167e-005	5.55224e-005	0.000560242	2.39753e-005	0.00242923	1.33999e-005	0.00291567	0.000355001	0.000133871	2.70621e-005	3.69689e-005	0.000216536	8.09139e-007	2.22356e-007	7.2293e-007	1.42742e-006	3.22034e-011	1.62491e-015	9.843e-018	2.62458e-013	3.05455e-015	7.40468e-013	6.55925e-014	2.98698e-012	2.46532e-012	3.12823e-008	1.10388e-006	0.000114372	0.266196	0.965012	0.987562	0.998362	0.986546	0.979759	0.986387	0.200146	1.47282e-005	9.78938e-009	1.42794e-010	1.46805e-013	2.21758e-019	6.99195e-021	1.33886e-023	7.30538e-027	1.32892e-032	3.14663e-036	7.9893e-038	1.18783e-038	5.52436e-041	
0	0	9.30274e-005	2.05749e-006	1.03642e-006	2.6831e-008	2.13982e-005	1.61084e-008	1.39676e-005	1.61837e-005	0.00230339	0.00167884	0.00302227	0.00900111	0.0226941	0.673154	0.993994	0.932309	0.0204173	0.812416	0.0147448	6.32964e-006	4.30466e-012	1.29288e-013	1.97468e-016	9.11733e-017	2.09857e-017	2.51138e-016	3.30573e-016	1.66494e-014	6.81156e-011	6.26637e-010	6.10295e-008	5.38679e-005	0.000180875	0.00102274	0.0134483	0.0202406	0.0136129	0.799854	0.999671	0.943786	0.937142	0.0516046	7.61265e-006	3.9672e-005	3.36709e-007	7.07159e-011	2.11439e-015	2.5996e-017	1.31334e-021	8.57157e-024	1.12504e-025	
0	0	2.48779e-013	9.83777e-008	7.29882e-010	1.35414e-010	2.04612e-012	1.06728e-008	2.76534e-012	6.26317e-009	2.16635e-009	1.43095e-006	9.90806e-008	7.53103e-007	0.000141704	3.00739e-006	2.2218e-005	0.0579266	0.076146	0.17663	0.985234	0.999989	0.118654	0.00461399	0.000924847	7.28797e-005	8.47696e-008	1.01441e-010	1.22433e-012	2.28983e-017	6.69724e-019	5.74826e-015	5.58309e-016	2.6467e-014	6.52863e-010	2.18728e-008	7.0037e-008	2.93911e-007	4.33509e-009	4.34539e-008	0.00031436	0.0562124	0.0561071	0.00542534	6.08171e-006	9.22159e-007	6.45669e-011	2.96563e-012	5.99956e-016	5.38655e-020	3.73106e-019	2.23131e-022	5.92496e-026	
0	0	0	3.62966e-009	5.24968e-011	1.16531e-011	3.0348e-012	5.00981e-008	4.20168e-009	1.31828e-007	4.19911e-011	1.16416e-007	3.84528e-008	3.08117e-008	2.32118e-008	1.00939e-007	1.62726e-008	0.000121586	0.859249	0.000937653	1.31318e-005	4.66401e-006	0.881346	0.838345	0.456031	0.000664875	0.000201954	0.00030221	0.000224256	0.000344575	0.000801399	0.000556461	9.72653e-007	1.98545e-011	2.68422e-010	1.50666e-010	8.74615e-010	6.60498e-010	4.34392e-009	1.79918e-007	1.08043e-007	1.3564e-006	0.00675039	0.939973	0.9963	0.860679	0.0739069	0.000108807	4.91826e-007	1.56226e-010	6.16062e-012	1.04915e-015	1.08383e-017	
0	0	0	7.08843e-022	1.01609e-011	5.70586e-014	1.76648e-012	1.51904e-013	1.33599e-007	7.99865e-007	1.72659e-007	1.54088e-007	2.87319e-008	5.54289e-009	2.63004e-009	1.1575e-009	1.19966e-010	5.75025e-009	0.000181151	0.00551328	2.61141e-006	1.89556e-010	2.49496e-008	0.137065	0.332185	0.0260813	0.0191866	0.014339	0.00518271	0.0107153	0.0737234	0.00635063	0.000233573	4.59014e-008	4.6293e-011	7.42286e-015	1.74944e-014	1.78947e-014	3.45012e-016	3.35438e-014	1.59772e-012	9.8774e-013	1.62861e-008	0.00297887	0.0036718	0.128465	0.922792	0.970231	0.995148	0.934518	0.104114	0.00162702	0.00163605	
0	0	0	0	1.53988e-011	3.79947e-012	3.45627e-012	1.64417e-012	5.53789e-009	6.52136e-008	9.23725e-007	5.61266e-006	3.07283e-006	1.90829e-006	2.71686e-006	1.00634e-006	3.18892e-008	1.14398e-007	2.0891e-005	0.00263575	4.37024e-006	3.98531e-010	2.22041e-009	0.0199766	0.210859	0.973181	0.980611	0.985359	0.994585	0.9889	0.923155	0.471668	0.0450172	0.000531381	1.50027e-005	9.71109e-007	1.08884e-007	9.36758e-009	7.46871e-011	2.67093e-012	1.83324e-012	1.30361e-011	1.96681e-009	1.80527e-005	1.46306e-005	0.0108148	0.00330054	0.0296598	0.00485161	0.0654824	0.895886	0.998373	0.998364	


1	0.556918	0.64388	0.0614368	0.0575779	0.00766688	0.00520449	0.00451472	0.00924796	0.0193232	0.0258185	0.0561779	0.0342727	0.0313742	0.0293972	0.0048017	0.00157346	0.000220746	0.000147518	7.57058e-005	2.19453e-005	1.0506e-005	1.00984e-006	8.62385e-007	7.16743e-008	5.81618e-009	1.93181e-009	4.29216e-010	9.76607e-012	1.53454e-013	1.01312e-015	3.33101e-018	5.51489e-020	3.37787e-021	9.45532e-023	5.51523e-024	1.89606e-024	4.99405e-025	2.73484e-028	4.18292e-032	9.04195e-034	9.35153e-039	7.45208e-044	9.39626e-047	1.18892e-049	4.56554e-053	2.50017e-054	8.39797e-056	6.13798e-056	3.40149e-056	2.7745e-056	2.02278e-056	7.46966e-057	
0	0.344777	0.354224	0.59376	0.671622	0.16835	0.943656	0.341077	0.982774	0.974538	0.972143	0.934287	0.961581	0.962996	0.910864	0.99455	0.992858	0.998081	0.970302	0.994411	0.996915	0.985034	0.149808	0.21402	0.128656	0.00843514	0.000411112	0.000155931	2.50908e-005	9.57423e-008	6.17914e-010	1.39403e-011	3.02766e-013	1.66363e-014	1.31332e-015	1.39785e-016	8.16709e-017	3.97531e-017	4.4543e-020	1.81272e-023	3.16856e-025	9.20964e-030	1.91549e-034	5.90959e-037	2.88579e-039	9.63249e-042	6.78112e-043	2.00735e-044	3.6712e-044	1.90138e-044	4.75758e-044	1.92497e-044	3.36047e-045	
0	0.0983047	0.00151412	0.344257	0.242603	0.809718	0.022322	0.632654	0.00515868	0.00578496	0.00159087	0.00583573	0.00257939	0.00448238	0.0589428	0.000495887	0.00552616	0.00163267	0.0292767	0.0051989	0.00287082	0.0145577	0.81867	0.0317558	0.688324	0.962568	0.909816	0.845594	0.938714	0.00509858	2.31039e-005	9.93467e-007	1.56119e-008	3.56302e-010	8.80233e-012	2.79309e-011	1.04708e-011	6.15548e-012	1.39939e-013	2.66038e-016	9.19685e-020	1.84306e-023	6.68154e-029	7.84904e-033	7.55659e-037	9.88915e-041	3.04801e-044	2.21266e-045	5.98617e-046	1.51277e-046	3.30419e-043	9.17011e-044	5.71631e-046	
0	0	0.000381931	0.000546582	0.0281689	0.0138813	0.0285303	0.0215594	0.00273648	0.000147887	5.71777e-006	6.37364e-005	6.44288e-006	5.07426e-005	4.06629e-005	3.71532e-006	3.36442e-006	3.69296e-005	0.000188222	0.000262995	5.93051e-005	0.000112658	0.0315005	0.753615	0.155788	0.0218564	0.0886266	0.14038	0.0593553	0.972158	0.801849	0.993273	0.910885	0.822517	0.682945	0.696193	0.23218	0.0752752	0.00515451	0.000437176	3.64828e-007	4.76902e-010	2.87837e-013	4.9075e-015	1.38742e-016	2.60665e-018	1.13639e-019	1.30195e-020	2.06791e-021	1.02299e-023	7.00557e-023	6.83271e-025	1.17468e-027	
0	0	7.50906e-008	1.12721e-007	2.83163e-005	0.000382204	0.000182751	0.000184561	4.36866e-005	7.22273e-007	1.5055e-007	1.07386e-009	1.4137e-007	1.45514e-008	1.07296e-006	6.89023e-008	4.15904e-009	4.64458e-010	1.57834e-009	2.88967e-006	1.18222e-007	7.38594e-008	2.25661e-007	0.000479626	0.0271975	0.00705666	0.00111494	0.0138331	0.00184823	0.0226571	0.197488	0.00338511	0.0883398	0.173946	0.30138	0.275833	0.693045	0.749011	0.827234	0.0507132	0.000138658	4.12507e-007	4.04787e-010	1.23298e-012	3.23104e-015	1.13991e-016	1.65464e-017	4.83995e-019	8.514e-021	1.09509e-023	1.65609e-024	1.66242e-025	1.25034e-028	
0	0	0	2.58264e-008	1.78906e-007	1.23298e-006	7.00918e-005	8.21797e-006	1.29336e-005	1.29429e-006	1.14992e-007	8.69375e-009	3.55385e-009	4.61574e-009	8.39523e-009	4.5071e-009	5.48856e-010	9.9066e-011	6.15647e-009	1.57902e-006	2.60684e-006	8.90542e-006	1.491e-006	0.000111669	3.46569e-005	8.28242e-005	3.06509e-005	2.08153e-005	3.6456e-005	7.29164e-005	0.000575941	0.00303643	0.000750787	0.00347289	0.0155726	0.027802	0.0736438	0.170104	0.155603	0.907254	0.990767	0.989324	0.971185	0.946381	0.929025	0.9289	0.653472	0.228266	0.0719872	0.00579068	0.00234364	6.38966e-005	1.04439e-006	
0	0	0	4.56941e-010	5.29597e-011	6.58619e-009	3.47435e-005	1.64731e-007	6.19774e-007	9.80933e-008	4.44354e-009	5.71318e-011	1.08857e-011	1.13826e-010	5.9424e-011	1.41345e-009	3.351e-011	1.73948e-013	1.03641e-011	1.80003e-010	9.55633e-010	8.69829e-009	1.35267e-009	6.44698e-009	1.43398e-007	9.22192e-007	6.75532e-007	1.56337e-005	2.07971e-005	1.29497e-005	6.40703e-005	0.000303902	1.04204e-005	5.81862e-005	6.65087e-005	5.47538e-005	0.00025676	0.000641668	0.00620627	0.0352167	0.00175127	0.00503002	0.00753009	0.0520765	0.0693179	0.0709121	0.322237	0.739722	0.665157	0.059222	0.00182324	6.36143e-007	1.4966e-007	
0	0	0	0	2.44246e-010	4.78209e-011	8.52757e-008	2.40407e-006	2.58717e-005	0.000203385	0.000441952	0.0036355	0.00156024	0.00109646	0.00075396	0.000148212	3.86427e-005	2.8911e-005	8.60831e-005	4.72872e-005	0.000130598	0.000276183	1.85965e-005	1.70523e-005	1.93533e-007	1.53408e-008	1.06636e-007	1.68138e-008	1.15228e-008	5.64954e-008	1.71526e-008	6.76305e-007	1.41131e-005	6.54644e-006	3.59549e-005	0.000116573	0.000874765	0.00496794	0.00580198	0.00637899	0.00734253	0.00564606	0.021285	0.00154283	0.00165725	0.000187566	0.0242903	0.0320125	0.262856	0.934987	0.995833	0.999935	0.999999	


1	0.911068	0.190143	0.450282	0.327624	0.104515	0.092173	0.108256	0.436037	0.131721	0.087505	0.134804	0.0332791	0.00681091	0.00120403	0.000490964	0.000552597	4.6796e-005	0.000142063	8.22824e-006	1.39039e-007	5.97153e-009	9.23568e-008	4.09306e-008	2.65754e-007	2.29659e-007	6.9369e-007	9.18077e-007	6.39998e-008	1.45794e-008	2.83675e-009	1.31983e-010	2.20952e-011	1.45014e-012	6.62083e-014	1.85446e-015	3.35104e-016	1.09475e-018	2.42407e-023	1.00051e-027	7.87992e-031	2.21355e-037	4.58436e-043	2.83145e-046	4.37941e-051	3.72822e-054	6.8658e-057	1.67687e-058	1.84058e-059	3.68679e-060	4.37167e-060	4.33259e-059	1.49378e-059	
0	0.00393645	0.809443	0.0285731	0.332465	0.00545585	0.627118	0.158399	0.514737	0.86735	0.909093	0.858118	0.956774	0.988873	0.979419	0.974163	0.67865	0.303799	0.478278	0.111618	0.00154068	0.000172857	0.000150809	0.000154636	0.000191779	1.207e-005	1.63514e-005	2.04953e-005	2.85332e-007	4.96049e-007	1.83547e-007	5.99266e-010	4.69257e-011	2.20743e-013	7.60989e-015	1.38799e-017	3.01828e-018	3.39198e-021	1.56594e-025	3.79372e-029	1.56209e-031	1.08872e-037	3.328e-042	7.46936e-044	3.62539e-047	6.62176e-049	2.31027e-049	7.09594e-050	1.10107e-049	3.93281e-050	4.51743e-051	1.00548e-051	1.17485e-051	
0	0.0849953	0.000202668	0.520668	0.288616	0.876011	0.124704	0.731772	0.038065	0.000917031	0.00309364	0.0070548	0.00988457	0.00413428	0.0179547	0.0105472	0.0281992	0.00197762	0.00698085	0.000850577	2.09974e-005	1.24542e-006	0.00171063	0.000143769	0.0258963	0.0331935	0.0743422	0.882567	0.999485	0.906616	0.98894	0.998727	0.719362	0.0502017	0.00478163	0.000756965	0.000264317	1.36672e-006	4.43441e-009	3.66342e-012	2.30801e-016	5.72851e-021	4.81729e-026	6.50682e-030	3.45574e-035	3.04166e-038	1.57569e-041	4.86597e-043	8.79767e-045	8.4313e-047	3.1236e-046	1.49934e-046	6.71317e-049	
0	0	0.00021165	0.000477074	0.0512943	0.0140171	0.155907	0.00156736	0.01116	9.94594e-006	0.000307956	1.17161e-005	2.62998e-005	3.47466e-005	0.000162129	0.00149	0.0035563	6.59201e-005	7.23658e-007	0.000685587	1.05933e-006	4.6264e-008	5.13002e-009	6.78613e-005	2.38006e-006	0.00234062	0.000161312	0.000242906	2.93053e-005	0.0932688	0.0110343	0.00127161	0.280638	0.949793	0.995208	0.999227	0.999656	0.999994	0.999856	0.774722	0.00616871	6.9282e-006	2.17689e-009	6.10945e-013	2.89955e-018	1.52415e-019	1.09873e-022	1.08306e-024	1.68307e-028	5.02087e-031	7.45484e-033	5.63416e-033	8.85441e-036	
0	0	1.21793e-020	1.13523e-007	4.49937e-007	5.0183e-007	9.70889e-005	5.56169e-006	6.15834e-007	1.30738e-006	7.62174e-009	1.49885e-007	2.32704e-009	3.60209e-008	1.7363e-008	3.57905e-007	2.7114e-006	1.63485e-006	3.68948e-007	8.10784e-006	0.000961434	0.00572127	0.000397925	6.43966e-006	4.41412e-009	2.40663e-011	9.03265e-008	3.27667e-009	3.12637e-010	6.12832e-009	6.85511e-006	1.02602e-006	1.79056e-009	5.1778e-006	9.39874e-006	1.64936e-005	7.95749e-005	4.58736e-006	0.000143898	0.225272	0.993481	0.999866	0.62117	0.0857598	0.00404608	0.0115621	5.68594e-006	4.79665e-010	4.82686e-014	2.0191e-017	1.68183e-021	4.12766e-025	3.59107e-029	
0	0	0	4.09928e-011	2.76797e-009	5.12898e-010	3.67914e-007	4.57857e-007	6.59625e-008	4.27359e-007	4.8167e-010	8.71794e-009	4.63006e-010	7.21056e-011	1.07809e-011	5.60921e-010	5.39051e-010	3.38103e-009	8.72535e-007	6.52529e-009	1.53001e-007	1.67221e-005	0.00311022	0.00183393	1.47993e-005	7.34675e-010	3.32555e-008	1.40858e-009	1.81948e-011	7.30517e-009	9.26848e-006	1.80518e-007	2.08339e-009	9.18238e-008	9.6291e-007	2.72251e-008	1.37167e-007	5.27029e-010	6.51243e-008	6.67653e-006	0.000350115	0.000127187	0.37883	0.912119	0.995867	0.987608	0.989281	0.0110039	0.000163586	1.21181e-007	4.73519e-011	7.86035e-015	7.84709e-017	
0	0	0	5.29089e-028	6.55157e-013	6.062e-012	5.04372e-011	3.28302e-008	1.9019e-007	1.42821e-007	1.45417e-008	2.16144e-008	1.66881e-009	8.45742e-011	4.00455e-011	2.58718e-012	3.65118e-011	5.31899e-011	2.67148e-009	5.66974e-009	1.03231e-010	2.82506e-009	2.70624e-005	0.000211976	0.000433735	1.48619e-005	7.33283e-005	1.27232e-005	6.204e-008	9.74268e-008	5.40618e-008	8.56737e-008	4.76004e-008	8.00724e-010	3.88584e-010	1.97468e-010	1.57919e-011	2.26325e-012	4.77421e-015	5.35194e-012	2.82041e-010	3.7895e-009	2.81045e-008	0.00211192	8.61951e-005	0.000610391	0.010547	0.988499	0.980598	0.922885	0.955596	0.467673	0.773991	
0	0	0	0	1.11603e-012	2.58255e-012	8.54573e-011	6.48516e-010	2.78749e-008	3.24658e-008	6.317e-007	1.16125e-005	3.62324e-005	0.000147327	0.00126024	0.0133085	0.289039	0.694109	0.514597	0.88683	0.997476	0.994088	0.994603	0.997581	0.973461	0.964439	0.925406	0.117156	0.000485267	0.000114593	9.20911e-006	1.1308e-007	6.64773e-009	1.63844e-009	4.07804e-010	4.95457e-010	2.59856e-010	2.46059e-011	6.92322e-013	4.26837e-011	2.54511e-009	1.10861e-008	5.39378e-009	9.18338e-006	6.48947e-007	0.000219631	0.00016675	0.000496755	0.0192386	0.0771151	0.0444036	0.532327	0.226009	


1	0.904022	0.954892	0.883761	0.921625	0.682507	0.959251	0.766143	0.912423	0.512529	0.94666	0.877031	0.893286	0.920586	0.969851	0.972234	0.985307	0.968958	0.377041	0.863038	0.92517	0.714559	0.20036	0.194098	0.0636646	0.0533946	0.0120023	0.00548324	0.000522238	4.92319e-006	4.97974e-008	1.47126e-010	4.79632e-014	8.9957e-018	2.7711e-021	2.15371e-023	2.28158e-025	1.42633e-027	9.0513e-033	1.52102e-037	1.75182e-040	3.91838e-048	1.55015e-055	7.75778e-058	2.45754e-060	1.74502e-062	2.63798e-063	1.42488e-064	1.79445e-065	7.43731e-066	3.13893e-065	1.32213e-064	5.47393e-065	
0	0.0956045	0.0448558	0.113823	0.0685776	0.0655759	0.0320965	0.129739	0.0776667	0.487341	0.0531659	0.122674	0.106535	0.0786861	0.0300092	0.0277074	0.0145518	0.0304837	0.622568	0.136256	0.0734245	0.0259244	0.642197	0.386537	0.574167	0.134178	0.0183049	0.0637925	0.0764448	0.00109274	2.65938e-005	6.47875e-007	4.46698e-010	1.49987e-013	4.56177e-017	1.92949e-019	2.66008e-021	2.12043e-024	4.35496e-028	9.76766e-032	1.73306e-035	9.63636e-042	2.8317e-047	7.19839e-050	5.35777e-052	5.61672e-054	3.09706e-055	3.00158e-056	5.77319e-057	3.28406e-058	2.18661e-057	2.47954e-057	1.88736e-057	
0	0.000373383	0.000216787	0.00239335	0.00945461	0.251666	0.0063072	0.102666	0.00168602	9.96548e-005	3.69066e-005	0.000212449	0.000146697	0.000642826	0.000137869	4.87459e-005	0.000138162	0.000554843	0.000263536	0.000243743	0.000561564	0.00087047	0.145103	0.0134201	0.360304	0.808801	0.967623	0.92366	0.922396	0.290609	0.76559	0.720591	0.0032043	6.48744e-007	1.86395e-009	5.56938e-011	2.9956e-013	2.29528e-016	2.29696e-020	7.39478e-024	1.61138e-028	6.0943e-035	2.02959e-041	3.51946e-044	9.4341e-047	2.07796e-049	5.2747e-051	6.74865e-052	4.26054e-053	1.555e-055	7.58754e-055	2.57708e-056	4.77136e-060	
0	0	3.52837e-005	2.28307e-005	0.000343038	0.000238925	0.00233602	0.0014497	0.00820354	2.83612e-005	0.000134389	8.23371e-005	3.21117e-005	8.50243e-005	2.68624e-007	9.29729e-006	8.76376e-007	3.0755e-006	0.000126224	0.000450883	0.000239909	1.70063e-005	0.000136208	0.393246	0.00124538	0.0034428	0.00206764	0.00705344	0.00063613	0.708147	0.234148	0.279227	0.66185	0.106225	0.0711552	0.003862	8.85201e-005	4.8259e-007	1.59285e-009	1.40436e-011	2.3515e-016	4.8834e-023	5.07169e-027	3.98968e-030	5.21079e-033	1.42209e-035	1.09347e-036	2.15278e-038	4.96762e-041	1.70219e-043	3.94239e-043	7.60725e-044	6.29441e-047	
0	0	2.88776e-009	3.31718e-007	1.24402e-008	2.30995e-007	8.3748e-006	8.52089e-007	1.98634e-005	1.36297e-006	1.04179e-007	1.71241e-008	2.77878e-008	1.37351e-009	1.2544e-009	5.27681e-010	1.59548e-010	4.88927e-010	2.76164e-007	4.13125e-007	1.64813e-008	1.02881e-007	3.70803e-008	0.000733066	1.08912e-005	2.58557e-005	2.77899e-007	1.06222e-005	8.67209e-007	0.000145956	6.28252e-005	0.000179723	0.334932	0.893438	0.927179	0.569764	0.0538324	0.000340941	1.47346e-006	6.6969e-009	1.87664e-015	3.07599e-023	6.14205e-029	9.06309e-032	2.96872e-035	9.70681e-037	4.26621e-039	1.21603e-039	8.65782e-044	1.02285e-045	2.14828e-044	3.7417e-043	1.42899e-044	
0	0	0	3.30132e-008	1.7947e-007	1.26084e-005	3.14492e-007	1.48167e-006	1.03889e-006	6.18227e-008	2.63234e-006	1.49199e-007	4.11434e-007	2.30037e-007	2.14252e-006	4.31255e-007	2.41257e-006	1.67876e-008	6.70807e-012	1.04141e-005	3.0659e-006	1.0106e-006	1.6647e-010	2.94899e-008	0.000254841	0.000126104	6.10841e-007	3.20685e-007	1.89613e-007	4.76839e-008	0.000173337	2.1118e-006	1.42595e-005	0.000336165	0.00166533	0.426374	0.946045	0.999647	0.999865	0.788765	0.0393632	2.30173e-005	9.29395e-010	3.29575e-014	3.50132e-019	1.70107e-021	6.5829e-024	7.55258e-027	2.14311e-031	2.8682e-034	3.20996e-036	4.30277e-036	1.55581e-039	
0	0	0	1.56081e-025	6.13479e-011	4.92734e-012	1.0074e-007	2.46936e-011	7.69956e-010	1.20257e-009	2.36448e-010	2.30864e-009	9.2523e-011	8.05777e-009	8.62796e-010	8.78547e-009	1.25067e-009	5.23176e-008	8.63912e-010	1.2803e-007	0.000598942	0.257614	0.00120151	1.37011e-005	4.52232e-010	1.81354e-008	4.06552e-010	5.93415e-012	2.66082e-012	9.09634e-013	2.19146e-013	3.10143e-009	7.86507e-014	8.51429e-013	5.03036e-010	6.51075e-008	3.32845e-005	1.04929e-005	0.000131893	0.211187	0.959994	0.999905	0.995608	0.943541	0.853998	0.837612	0.00733011	4.18402e-006	6.6842e-010	4.23591e-013	5.58069e-016	7.87023e-019	2.99044e-022	
0	0	0	0	5.33637e-012	3.60909e-012	1.03143e-008	4.39221e-009	7.5639e-009	2.17783e-008	3.03527e-008	5.05728e-008	1.41206e-008	1.36582e-008	5.56597e-009	3.90129e-009	3.08531e-009	4.24986e-009	3.80808e-008	1.9168e-007	2.14685e-006	0.00101419	0.0110023	0.0119528	0.000353456	3.13799e-005	1.24656e-006	4.97603e-008	5.52229e-010	1.18622e-011	1.01912e-012	9.01351e-010	4.09187e-012	2.26941e-012	3.07749e-010	5.84485e-009	8.99237e-007	9.11504e-007	1.22923e-006	4.79281e-005	0.000643106	7.18086e-005	0.00439214	0.0564587	0.146002	0.162388	0.99267	0.999996	1	1	1	1	1	


1	0.840065	0.969967	0.696689	0.541775	0.273748	0.870948	0.929531	0.990498	0.997365	0.991491	0.997122	0.995342	0.992895	0.844668	0.995902	0.97919	0.96959	0.998831	0.997389	0.99024	0.897093	0.626639	0.937191	0.181201	0.00317051	0.00873763	0.0198532	0.00615677	0.00160633	0.000181454	0.000146582	9.69481e-006	1.93657e-007	2.06138e-008	1.04652e-008	3.30351e-009	9.95252e-011	1.76199e-015	9.72164e-021	5.40734e-023	2.13643e-028	8.22161e-034	4.85645e-035	5.88789e-037	2.18929e-039	1.18822e-040	2.25959e-042	5.1951e-044	5.23543e-045	6.14729e-045	2.23574e-045	6.47414e-046	
0	0.159927	0.0291314	0.303044	0.457514	0.720603	0.12099	0.0690925	0.000938662	0.0024524	0.00835993	0.00284841	0.00465266	0.00709362	0.155328	0.0032525	0.0207016	0.0303889	0.0011616	0.002439	0.00637504	0.0611265	0.345149	0.0266279	0.818757	0.996497	0.954391	0.966459	0.99348	0.0443762	0.00214908	0.000236302	1.09476e-005	2.96739e-008	8.72835e-008	2.38143e-006	5.07458e-006	9.75816e-007	2.24967e-009	2.87457e-013	3.97724e-017	1.49055e-020	3.30098e-025	2.00048e-028	3.35528e-032	6.69924e-035	3.83397e-038	9.01601e-041	1.2123e-043	1.91463e-047	1.67458e-045	1.00305e-046	1.09932e-048	
0	8.25156e-006	0.000901196	0.000265787	0.000710636	0.00564895	0.00761759	0.00137028	0.00819134	2.01414e-005	3.92611e-005	1.76283e-005	3.54743e-006	1.04759e-005	4.26254e-006	0.000843982	3.2137e-005	1.27188e-005	3.17747e-006	2.48984e-005	1.27485e-005	2.62384e-006	0.000318311	0.034711	2.84533e-005	0.000332187	0.036871	0.0136771	0.000362704	0.954017	0.996988	0.976786	0.998792	0.999021	0.998143	0.998967	0.990372	0.998196	0.993459	0.489408	0.00392216	8.0674e-006	1.3646e-008	8.84323e-011	8.38017e-014	8.46752e-017	7.34659e-019	5.12799e-022	2.7396e-026	3.51848e-029	1.33041e-031	3.92709e-033	2.07094e-036	
0	0	7.35889e-008	1.66887e-006	1.6745e-007	1.71967e-007	0.000444306	4.42414e-006	0.000372092	0.000162684	0.000109879	1.19149e-005	1.82369e-006	7.08721e-007	3.96652e-008	1.05117e-006	7.62085e-005	8.71589e-006	4.14403e-006	0.000143546	0.00242016	0.0109129	8.60687e-006	6.31749e-006	1.78785e-007	1.61555e-011	3.73856e-008	1.07929e-005	2.32935e-007	4.1644e-007	0.000681744	0.0227992	0.00109707	0.000977288	0.0018512	0.000978318	0.00959851	0.00178988	0.00653995	0.51058	0.992948	0.965917	0.983609	0.922326	0.568879	0.0318512	0.00165423	6.80648e-006	2.1641e-009	1.31504e-010	4.58391e-014	1.29227e-016	2.01477e-018	
0	0	1.59791e-018	1.15721e-011	2.05016e-010	4.74613e-011	4.1746e-012	1.37161e-006	1.95664e-009	6.08563e-008	2.90164e-009	1.11894e-008	2.53914e-010	6.37163e-011	6.28602e-011	5.66979e-013	8.60171e-011	5.33097e-008	5.87096e-008	3.76882e-006	0.000952341	0.0308066	0.0276982	0.00111502	8.93502e-007	2.41034e-011	3.94859e-013	2.34175e-011	2.5841e-009	9.86234e-010	1.31999e-009	3.15773e-005	8.99865e-005	1.51547e-006	5.30242e-006	5.26308e-005	2.46025e-005	1.30554e-005	6.73515e-007	1.16534e-005	0.00312964	0.034072	0.00803306	0.00870197	0.00234183	0.000120053	1.29992e-006	1.42678e-007	2.13435e-011	5.07916e-014	9.23838e-013	3.36937e-015	6.47067e-019	
0	0	0	5.27473e-018	1.21783e-014	1.19106e-015	4.4472e-013	2.65389e-014	1.76171e-010	3.35224e-011	2.18231e-011	1.55297e-013	9.00072e-012	3.80044e-013	1.42832e-014	2.77436e-014	4.70825e-017	3.90883e-015	7.85938e-009	1.12666e-008	4.14568e-008	5.85744e-005	0.000163454	0.000316442	1.11886e-006	5.69338e-011	9.09119e-014	4.11686e-014	1.54071e-013	1.48623e-010	1.22757e-011	1.39708e-011	2.18543e-008	2.87679e-009	2.6319e-009	1.10232e-008	3.9484e-008	9.76544e-011	9.85012e-010	6.72894e-010	7.13753e-009	2.5852e-006	0.00835763	0.0660108	0.401084	0.965904	0.510443	0.00121683	4.45672e-007	2.87736e-012	8.06568e-016	2.37571e-018	4.04586e-018	
0	0	0	1.89004e-027	8.44052e-020	4.81352e-017	7.80542e-017	1.07366e-013	6.1706e-013	6.24962e-011	2.20919e-012	5.22167e-012	2.38606e-013	2.7091e-013	4.69574e-014	2.30722e-015	1.1116e-015	3.62232e-016	8.46028e-015	1.23128e-010	2.63383e-009	6.66024e-009	2.34832e-005	2.85402e-005	1.07431e-005	9.59873e-009	5.65352e-008	3.4053e-008	2.97045e-009	6.31147e-009	2.21126e-008	4.38299e-008	1.46478e-008	2.45001e-011	4.06692e-011	5.71869e-012	2.89386e-011	6.4342e-012	5.37511e-016	1.8763e-014	4.57386e-013	1.51354e-012	1.83297e-008	0.00296154	0.0276879	0.00211885	0.487859	0.992528	0.985648	0.806579	0.35415	0.00776642	0.00349456	
0	0	0	0	4.64204e-024	1.09563e-020	1.47265e-017	8.03029e-017	1.20376e-013	5.26861e-013	1.32617e-011	3.65037e-011	2.80898e-011	2.95615e-011	3.26888e-011	5.41596e-011	1.29111e-010	2.52271e-010	4.86037e-010	6.04371e-010	1.64414e-009	3.33156e-009	3.20304e-009	3.33012e-006	7.45709e-007	1.30119e-008	7.13215e-008	1.39158e-007	3.03378e-008	1.75918e-008	5.89577e-009	1.41028e-008	5.15949e-009	9.73888e-011	1.23234e-011	2.76234e-012	8.42469e-013	1.55814e-013	5.7595e-016	1.14576e-018	5.05197e-017	5.16221e-017	1.84663e-014	3.2322e-009	7.74268e-006	5.60133e-006	4.1772e-005	0.00624782	0.0143517	0.193421	0.64585	0.992234	0.996505	


1	0.204031	0.996968	0.298951	0.445349	0.053319	0.676024	0.849229	0.996314	0.999675	0.967601	0.985655	0.997987	0.984051	0.919798	0.993033	0.859405	0.956982	0.999307	0.974587	0.966139	0.890851	0.364331	0.746813	0.563028	0.0275128	0.438709	0.937794	0.860135	0.0905283	0.000134495	9.29063e-007	3.36114e-008	2.40345e-008	6.98233e-009	5.31296e-008	1.08892e-007	5.35238e-007	4.38016e-010	1.30961e-014	9.98213e-016	9.48728e-020	1.40756e-025	2.08956e-027	1.47594e-029	5.38563e-031	1.6668e-031	2.67778e-032	7.76902e-033	1.7812e-033	3.1959e-033	1.12237e-032	5.04463e-033	
0	0.795969	0.00293176	0.701047	0.553069	0.938917	0.316254	0.111859	0.000635512	0.000212498	0.0323977	0.0143221	0.00199622	0.0159476	0.0802019	0.00692624	0.140592	0.0426474	0.000479096	0.0245088	0.0296182	0.0543783	0.0170656	0.0107154	0.328597	0.972059	0.363696	0.0235627	0.119225	0.000846446	1.91339e-006	8.51751e-008	1.03486e-008	8.56103e-009	3.1883e-008	3.33793e-005	0.000791638	0.342885	0.0432042	7.17666e-005	6.66918e-007	5.5396e-009	3.53919e-015	1.1759e-020	1.78041e-026	5.5087e-029	1.67859e-033	4.37905e-034	1.45344e-035	3.60821e-036	3.28162e-033	5.93896e-033	3.07388e-036	
0	4.22519e-008	9.94796e-005	2.31484e-006	0.00158224	0.00776397	0.00760483	0.0388757	0.00175963	1.48907e-007	1.75164e-008	2.2892e-005	1.69949e-005	6.90027e-007	4.98981e-007	4.0439e-005	3.17273e-006	0.000370086	3.38218e-005	1.37735e-005	0.000811906	7.61625e-005	0.000446083	0.000996324	2.4112e-005	1.87584e-006	0.185061	0.0115887	0.000107585	0.00423567	1.61663e-005	1.28251e-006	1.94266e-008	7.75734e-008	1.99635e-009	2.56663e-008	6.09572e-005	0.00350224	0.806373	0.0800246	0.00423037	9.44124e-005	3.21984e-010	8.07597e-014	3.38293e-017	1.13764e-020	4.5831e-023	3.41214e-026	1.2658e-030	8.54552e-034	1.13646e-035	3.50974e-035	9.53442e-038	
0	0	1.20059e-006	1.61177e-009	5.78369e-008	4.78382e-008	8.29074e-006	2.96131e-005	0.00127591	5.962e-006	4.34395e-009	1.55297e-009	3.22524e-008	2.36213e-008	2.21885e-011	1.25474e-008	4.31567e-009	4.25529e-009	2.02941e-005	9.9297e-006	7.29077e-006	2.44437e-005	1.10062e-007	4.75192e-006	1.22668e-007	8.75792e-011	1.1133e-006	0.000870229	6.55606e-006	2.00985e-006	7.00447e-007	2.91348e-008	3.79055e-009	4.02132e-008	6.05723e-009	1.19298e-009	1.17702e-008	8.65135e-006	0.0277027	0.858572	0.0544362	0.00417129	7.62719e-005	2.04546e-007	3.15326e-010	1.9776e-013	2.81684e-015	6.31249e-020	1.14919e-024	1.53775e-028	1.98294e-031	1.06502e-032	6.14808e-036	
0	0	6.55477e-009	1.4013e-009	3.58397e-010	5.60365e-010	0.000108658	9.98556e-008	1.49867e-005	0.00010572	1.58122e-006	2.3479e-009	1.1974e-008	2.05172e-008	4.99519e-011	4.09672e-010	4.25666e-009	2.93898e-010	0.000159362	0.000879682	0.00337106	0.0533373	7.47232e-005	6.61644e-007	1.79901e-008	1.28596e-011	2.9208e-010	2.05921e-005	1.40004e-006	1.55698e-008	3.4249e-009	2.57669e-010	1.03847e-011	1.57894e-011	9.53379e-011	8.00047e-010	2.9363e-011	2.1155e-008	1.60958e-005	0.0531417	0.93404	0.945341	0.998771	0.93898	0.723194	0.552012	0.319955	0.00136673	3.00429e-006	6.79002e-010	1.23105e-013	2.03795e-016	1.29324e-018	
0	0	0	7.54455e-011	3.566e-012	2.39085e-012	3.0719e-012	6.74429e-006	3.39066e-009	4.29267e-008	4.09804e-009	1.42439e-009	5.74641e-013	1.04729e-012	1.75616e-010	1.23916e-014	3.26244e-013	1.05086e-011	4.01236e-012	8.06778e-007	5.23538e-005	0.00133295	0.614753	0.0259587	0.0249108	0.000333278	0.0101659	0.00148491	0.000829037	5.46164e-005	3.66491e-007	5.42006e-009	2.51511e-011	3.36218e-013	3.40198e-013	6.9343e-010	1.91492e-010	1.45525e-010	1.56686e-010	7.47981e-008	0.00107085	0.0476744	8.6131e-005	0.0596702	0.219435	0.409194	0.0192797	0.179352	0.00619805	3.44177e-006	1.20279e-006	2.79848e-008	8.77524e-011	
0	0	0	2.22691e-016	5.28266e-014	1.46806e-015	8.31979e-015	2.29954e-008	1.50717e-007	2.1136e-009	2.86188e-012	2.80413e-012	1.21613e-013	4.57789e-015	4.02876e-016	1.58036e-014	6.82888e-018	4.35249e-016	5.3564e-014	7.42857e-011	6.10146e-009	3.56208e-008	0.00332969	0.21198	0.0616539	2.27633e-005	0.0013373	0.0227626	0.0150698	0.897627	0.995101	0.980581	0.945085	0.71492	0.900007	0.142151	0.0229833	0.00160983	0.000135466	1.33004e-006	2.5541e-007	5.66461e-006	0.000842893	0.00110532	0.0569645	0.0331767	0.543558	0.188732	0.00824386	5.61058e-006	9.77584e-007	1.53961e-008	8.59023e-011	
0	0	0	0	2.19746e-014	3.91753e-016	1.74749e-014	2.56829e-014	2.79994e-008	3.02469e-007	8.9195e-008	1.62693e-007	2.00754e-007	3.21889e-007	4.73648e-008	2.82953e-008	1.12118e-008	8.55764e-009	6.28026e-008	5.75469e-008	1.11805e-007	1.28469e-007	5.20909e-007	0.00353126	0.0217859	7.00605e-005	0.00102967	0.00191626	0.00462569	0.00670626	0.00474517	0.0194167	0.054915	0.28508	0.0999934	0.857816	0.976164	0.651993	0.122569	0.00818847	0.00622118	0.00271354	0.000223861	0.000244721	0.000406541	0.00561741	0.117208	0.63055	0.985555	0.999991	0.999998	1	1	


1	0.64936	0.996613	0.881334	0.981749	0.675567	0.992	0.952346	0.996447	0.997728	0.996423	0.993436	0.99883	0.998839	0.996775	0.999214	0.997232	0.987463	0.997646	0.986058	0.953456	0.945677	0.833506	0.951797	0.960756	0.889692	0.989145	0.990863	0.98084	0.896231	0.622938	0.201917	0.192175	0.0301783	0.0696543	0.0289173	0.00214212	5.55798e-005	3.08376e-008	4.06472e-012	2.4534e-013	6.70085e-017	9.34956e-022	1.47657e-023	1.15549e-025	7.11029e-027	3.87542e-028	1.24301e-029	1.35263e-030	2.40888e-031	2.68693e-031	1.853e-030	4.06134e-031	
0	0.35064	0.000228082	0.118651	0.0181339	0.324421	0.00790205	0.0474481	0.00251398	0.000168119	0.00158055	0.00374602	0.000993576	0.00111814	0.00322064	0.000783493	0.00276803	0.0125363	0.000841825	0.0129678	0.0425674	0.0309948	0.156363	0.0441023	0.0388802	0.110295	0.00867638	0.00800579	0.0188248	0.0288514	0.0186743	0.0727196	0.0928822	0.0284257	0.259184	0.876509	0.952467	0.998358	0.353432	0.013485	0.000232886	1.97257e-005	5.21876e-010	3.01435e-014	5.21473e-018	6.24747e-020	4.41127e-024	7.50881e-027	1.34487e-030	9.38479e-034	1.94666e-032	3.46918e-032	8.4384e-035	
0	1.84662e-008	0.00315745	1.62209e-006	0.000117002	1.11472e-005	9.67841e-005	0.0002057	0.000948723	0.000109191	2.05824e-007	1.34678e-006	7.98617e-006	1.339e-006	9.30328e-008	1.60341e-006	6.30463e-008	6.79746e-007	0.00151181	0.000220345	0.000408257	0.000380694	0.0048226	0.00346895	0.000325173	1.20962e-005	0.00217694	0.0011287	0.000334128	0.0748645	0.354561	0.71694	0.655356	0.932859	0.579566	0.0676561	0.0394435	0.00116335	0.646527	0.855137	0.0784789	0.00604157	0.000284454	1.65158e-005	2.51898e-006	1.30612e-007	7.78665e-009	4.24511e-012	9.59613e-016	3.53789e-019	6.6581e-021	2.91625e-021	1.74053e-023	
0	0	1.64849e-006	1.25923e-005	7.54336e-008	3.96287e-008	7.75007e-007	4.20635e-007	9.03551e-005	0.0019949	0.00199566	0.00281384	0.000166964	4.19676e-005	4.18355e-006	7.64822e-007	2.55718e-007	7.67654e-008	6.11881e-007	0.00073993	0.00162262	0.00218726	5.60879e-005	0.000274358	1.27932e-006	1.23356e-007	6.83329e-008	1.88132e-006	3.74612e-007	5.00173e-005	0.0037748	0.00689734	0.0554523	0.00599248	0.0398214	0.000815862	3.35126e-005	2.12195e-005	9.87606e-006	0.13121	0.920005	0.85446	0.967981	0.949314	0.859871	0.614302	0.59793	0.525577	0.0571476	0.0215997	0.000104331	5.1987e-005	0.000102556	
0	0	4.31569e-014	5.86166e-007	1.59819e-008	5.02831e-008	2.22038e-010	5.76543e-008	1.75681e-008	4.40747e-008	2.93728e-007	2.41941e-006	1.19161e-006	4.31254e-008	3.70435e-008	6.77558e-010	6.99426e-010	1.12431e-008	1.52477e-009	1.3855e-005	0.00194529	0.0207084	0.00401665	4.3154e-005	1.75474e-006	6.12002e-008	2.00984e-009	4.67069e-008	1.14198e-007	1.056e-007	2.88422e-005	0.00143558	0.00383831	0.00250319	0.0514589	0.0257844	0.00590219	0.000401424	2.55882e-005	0.00016464	0.00128153	0.139471	0.000115119	5.03034e-005	0.000143089	0.000498755	7.2541e-006	0.000158322	6.04368e-006	5.2925e-006	0.000555393	0.00013686	1.71209e-008	
0	0	0	6.12796e-018	5.63227e-010	7.79491e-013	1.43904e-010	2.53013e-013	7.2204e-011	8.38057e-010	1.53299e-011	3.36554e-011	8.00229e-010	8.94244e-010	2.84655e-012	7.55782e-012	6.31486e-015	1.09894e-014	7.18373e-009	1.38362e-009	8.15438e-008	5.20276e-005	0.00120938	0.000194003	1.79315e-006	7.16808e-009	2.70476e-010	1.7837e-010	8.62681e-010	4.96486e-007	7.06281e-007	1.54504e-006	0.000133568	3.41682e-005	0.000308525	0.000317089	1.11992e-005	1.08313e-007	5.87431e-006	2.81198e-006	1.14585e-006	7.49184e-006	0.031619	0.0436318	0.0652259	0.198956	0.0858713	0.000699032	1.19747e-006	6.0576e-011	2.428e-009	9.4262e-007	5.53502e-007	
0	0	0	1.89297e-021	3.44567e-014	8.23697e-014	1.2554e-014	1.80941e-013	5.42234e-014	3.05396e-013	1.83107e-013	5.23007e-013	6.36802e-013	8.50543e-013	1.77521e-013	5.37796e-015	2.84762e-015	4.3119e-016	1.10184e-013	4.88646e-011	6.8607e-010	1.70752e-008	1.45198e-006	2.19358e-005	1.7282e-007	1.85529e-010	9.02782e-012	1.4997e-013	7.50329e-014	5.71663e-011	4.63126e-008	6.36563e-008	7.69017e-008	1.30382e-007	8.52865e-007	1.26963e-007	9.14771e-008	1.54914e-009	5.24185e-011	7.94844e-009	5.35285e-008	2.75568e-008	1.43744e-007	0.000374877	0.0387639	0.180319	0.022656	0.00594987	7.85525e-005	6.30723e-007	2.19248e-009	3.7185e-011	1.66739e-010	
0	0	0	0	5.31712e-020	8.1749e-013	1.76102e-013	3.83548e-011	6.26289e-011	7.33465e-010	1.97913e-011	2.25061e-011	3.69851e-012	1.86093e-011	9.01626e-012	4.5786e-013	4.88531e-014	5.8787e-014	6.79466e-013	6.16896e-011	3.38139e-010	1.13215e-008	2.46906e-005	9.86342e-005	3.40412e-005	3.534e-007	1.37946e-006	4.59004e-007	1.36884e-007	2.01449e-006	2.29855e-005	8.9153e-005	0.000162493	6.69699e-006	5.94926e-006	4.29602e-007	7.96548e-008	3.51779e-010	2.01308e-011	2.41169e-009	1.19076e-008	5.06906e-009	4.9639e-008	0.00661206	0.0359937	0.00592464	0.293535	0.467615	0.942767	0.978394	0.99934	0.99981	0.999897	


