@Right hand swipe right;Right
-0.883082228860341
-1.84764763850215
-0.861393566225685
-1.68846512791644
-0.77321079337335
-0.946578311368288
0.521074659704218
-0.720892958979513
0.030825435015146
-0.788502980697526
-0.0737320702252999
-0.641783966818232

-0.88452680860692
-1.84042331970281
-0.862907086140473
-1.67968238301557
-0.778674971409741
-0.931847766002737
0.37911666187408
-0.630770480268915
-0.193998207177545
-0.794366074507792
-0.306285316316339
-0.716631196515327

-0.931426677051782
-1.98987648838367
-0.911346977693193
-1.79538360127023
-0.788987824271545
-0.956853989884243
0.151184896976628
-0.685335787627393
-0.576462140709401
-0.738099660527554
-0.710472217859553
-0.647556969397022
 
-0.930653370842221
-2.02524356693698
-0.912614507287375
-1.83364088940786
-0.773226016311749
-0.967989842651546
-0.0285699811928354
-0.67677743587548
-0.82133347726718
-0.630062522639202
-1.04289941135492
-0.498465139967514
 
-0.926870997508874
-2.0472319401058
-0.911889231607862
-1.87685522885885
-0.766236426364306
-0.965363548798032
-0.219146118265445
-0.653265258568967
-1.02632750135536
-0.57433074392128
-1.21517242728158
-0.437030607351664
 
-0.930078983976704
-2.07946742564254
-0.913987710720332
-1.91937228929286
-0.763245154313301
-0.967026410980297
-0.240289725441519
-0.636782756053123
-1.08084237444704
-0.527604690869088
-1.30157161724216
-0.375508061117901
 
-0.937037218745393
-2.07938885167887
-0.918313549773107
-1.92485815149344
-0.759385402769974
-0.966368970306099
-0.26398855838789
-0.597615297515446
-1.09512113589463
-0.48698212232481
-1.34073178979403
-0.318349255370301
 
-0.951030368391969
-2.15106923362156
-0.923385468543066
-1.98888447132035
-0.750795947783662
-0.992434147373095
-0.327950245886296
-0.559898184321137
-1.17367621060597
-0.406798028783833
-1.3483890172809
-0.254565300097476
 
-0.966345938550295
-2.14639662370605
-0.926476893227233
-1.97709062298725
-0.750387074999949
-0.988247279842573
-0.308820324924523
-0.531971686137703
-1.16576581922749
-0.28188325125801
-1.34927413068239
-0.119588922701946
 
-0.969689305349453
-2.17017204445991
-0.921649470690555
-2.00695796874126
-0.738029316154926
-0.984137071348228
-0.289476910932928
-0.536618333792427
-1.12911618477323
-0.231650183097745
-1.30881725684923
-0.0423318107871361
 
-0.988419018685494
-2.16298088509579
-0.938369813140576
-1.98622704201645
-0.747993543834398
-0.982571969540501
-0.247690706583115
-0.523430297049375
-1.1028429749504
-0.179392508942166
-1.24725676074324
-0.0168408865307456
 
-0.99172608268073
-2.14764275511578
-0.945605026422592
-1.97618698742684
-0.752410056256047
-0.978483598501188
-0.20925258234238
-0.523555822373288
-1.05331052220148
-0.157022327174411
-1.17184442729869
-0.0162472744829018
 
-1.00465001307243
-2.14571221721153
-0.959448793473119
-1.9667993089473
-0.763792481308759
-0.979718565373322
-0.188803151499563
-0.525881138707518
-0.984216712515176
-0.172311590257063
-1.09805560515602
-0.0392850847143691
 
-1.0065949900403
-2.10843269629941
-0.964618734918995
-1.93953135276314
-0.779031680184624
-0.99041924348418
-0.0810906090431954
-0.576899280682918
-0.83555945635227
-0.252470984017861
-1.00577766506508
-0.0494647051103712
 
-1.01310274982591
-2.10238044233014
-0.977029342466972
-1.9311843901115
-0.791482986236634
-0.987218705480364
-0.0519221990710749
-0.588584696373164
-0.798096776424828
-0.258838023546333
-0.92996243770911
-0.0511010860603772
 
-1.00971948530099
-2.07216042611066
-0.97350730640578
-1.89990618088594
-0.80881983423379
-0.989302988050981
-0.0224925386423398
-0.579833198096235
-0.738423477809093
-0.210572874967876
-0.840582968848473
-0.0803207548064511
 
-0.974162740841562
-1.97860998669147
-0.951986016056324
-1.81293327767417
-0.815042195826874
-1.01074972658714
0.0510857965904792
-0.522226576528166
-0.654889721710318
-0.167124926752977
-0.841255017405686
0.0454208541868843
 
-1.02913976851104
-2.1024999208649
-1.01504371871498
-1.92553812296194
-0.845959745626868
-0.993466703692412
0.0825445101172298
-0.596675129002936
-0.671083856261533
-0.242495667712093
-0.893491675531268
-0.0080312695763086
 
-1.08834363928257
-2.23878951330132
-1.08637285370597
-2.05436337310546
-0.874361197701953
-0.97491540023075
0.162737831204465
-0.675950626674807
-0.642625651782708
-0.3458466658282
-0.861416098065368
-0.14691421861328
 
-0.71479112554801
-1.61352907920843
-0.728289376808213
-1.49175788701495
-0.640132297046505
-0.82539378827179
0.421331321608311
-0.40149869147524
-0.2278890953719
-0.183728516155755
-0.349427635960207
-0.0935344249770114
 
-0.723029385249906
-1.61096286587966
-0.73967841048565
-1.5284924218603
-0.667204740139516
-0.856516321787383
0.626452126741935
-0.485747002756527
0.0081329362513807
-0.331588770328325
-0.068800837390196
-0.257863640500058
 
-0.7152634055807
-1.60384177010764
-0.731210220920968
-1.54095034776105
-0.678266850881596
-0.871611205249227
0.798378097757952
-0.472035588943418
0.501144163210172
-0.429392692976588
0.324367588901716
-0.40994485196408
 
-0.710835087647576
-1.49154793859432
-0.716048346660514
-1.43763650545942
-0.676918339977847
-0.794966986322496
0.941804731614264
-0.466529872564383
0.778710892319707
-0.471810848545706
0.664263618575697
-0.360652838947493
 
-0.717281669905045
-1.49120912249739
-0.712022430616449
-1.4260705977618
-0.678863464679095
-0.790687675762696
1.00697828585855
-0.408242999037886
1.05281685869444
-0.363874132860039
1.02548043682946
-0.29248007604664
 
-0.733636774079416
-1.48799351655087
-0.716567548963545
-1.41771767021903
-0.684307994374153
-0.791059444898907
1.00706373618368
-0.366817978705606
1.27175002744737
-0.345594856734791
1.25706788050947
-0.281062917268695
 
-0.749644548143705
-1.51289025686445
-0.731918592681311
-1.40119489482467
-0.686888929625082
-0.784503030237663
1.0184817650523
-0.343745400127853
1.32336020686938
-0.181784889577958
1.37899921847625
-0.177086582570341
 
-0.767781365079858
-1.50445093708715
-0.745569649542788
-1.39403346775338
-0.69049990878489
-0.782529986425671
1.02465471021562
-0.33092894582682
1.41206959216834
-0.150709814309421
1.43682804025007
-0.156435031580572
 
-0.773418569271685
-1.4365236213509
-0.757574667303014
-1.37677152553385
-0.691864794234089
-0.770097170128695
1.02828731511794
-0.321875886660755
1.46298042791921
-0.203148003333387
1.48700973439129
-0.106693607202027
 
-0.774271770588345
-1.42106787022582
-0.767177263492318
-1.36674897153074
-0.699328239778131
-0.760140814339441
1.03699658281828
-0.323296424893934
1.47753770436632
-0.199101670728275
1.50933534873857
-0.108928285755446
 
-0.760486638149631
-1.40997330426107
-0.761778129169104
-1.35498160245371
-0.700154543513175
-0.748665885226752
1.03754167470714
-0.335017121774388
1.5046437468666
-0.1451206912218
1.50374291444599
-0.159415204637358
 
-0.74404670157419
-1.38874015208055
-0.746989561396503
-1.34867625795996
-0.69976299515608
-0.742309420528714
1.03031431930431
-0.364013594064381
1.50169961230603
-0.28727950064895
1.52759464451353
-0.217821752050346
 
-0.713711846917076
-1.38798963354515
-0.727158315850682
-1.34590987779029
-0.698106298454017
-0.740136609162331
1.01839659941879
-0.408312235310009
1.4958217997598
-0.37037404916209
1.53206883196206
-0.316366493760478
 
-0.691552833046892
-1.3890315742553
-0.713063992639911
-1.35062481197173
-0.697162538809865
-0.743724610521813
1.00201301440813
-0.47075368663725
1.48257317250002
-0.499327395834187
1.52704338670785
-0.446209767467976

----
@Right hand swipe left;Right
-0.667667992934673
-1.51338171809746
-0.696571372324241
-1.36567643347246
-0.653299276159196
-0.716579833063413
0.618466994497296
-0.770460040365021
0.620700247411184
-1.42095477799926
0.624622713406045
-1.54106936756326
 
-0.670300138260723
-1.51399086921207
-0.701009222742312
-1.36689649661404
-0.655609475568629
-0.717299456470912
0.618337787141429
-0.770293034042838
0.621488098392955
-1.42125582267295
0.629560191858848
-1.54256105556895
 
-0.673270626398264
-1.5113725588983
-0.704745560020604
-1.36694721026429
-0.657099446912217
-0.717094655688478
0.617703182608495
-0.769594399144395
0.622433249242961
-1.42079590092518
0.633167004570213
-1.54054337158462
 
-0.674410753263239
-1.51032214964982
-0.707557925542613
-1.36667470886009
-0.65878376800562
-0.716661287392159
0.617816277590574
-0.769971234786518
0.623963989063693
-1.42127310916353
0.641161782690346
-1.54781786973343
 
-0.675577357324515
-1.50879383446448
-0.709064965100443
-1.36713254871209
-0.65956123692909
-0.71707997353165
0.618118700926595
-0.770583912953979
0.625777669091973
-1.4219204227442
0.648090805483255
-1.55020429023968
 
-0.674027490500125
-1.50817280122951
-0.709924958530509
-1.36752637523571
-0.660025472649894
-0.71778975451735
0.618659953549514
-0.772390917741872
0.631443629686529
-1.42334960423372
0.669811016741873
-1.54914548370465
 
-0.674721746816386
-1.50732352704954
-0.70947631957381
-1.36673877881113
-0.659333443836946
-0.717939343453012
0.616758916591949
-0.77181867310594
0.650673547660019
-1.42081038063617
0.75052366799266
-1.59659371058524
 
-0.67135041974263
-1.5058254879689
-0.706195083617814
-1.36474338236018
-0.656549800753925
-0.717823340056159
0.613577553965025
-0.760079223998846
0.708533391584152
-1.39726991795451
0.834215249054449
-1.5573199974588
 
-0.667684713633225
-1.50098086224257
-0.700809482943593
-1.36158380980049
-0.652917861839471
-0.717761285077573
0.616665033439262
-0.70933400802949
0.771840098831613
-1.31868684779364
0.898333256586605
-1.46729237447874
 
-0.664341091983069
-1.50123123608855
-0.696703528669567
-1.3615544970443
-0.648666058260494
-0.719631258728147
0.6539306251389
-0.66623621395453
0.841316098317437
-1.2377612852985
0.986913372573452
-1.38715566177733
 
-0.659630856456425
-1.50483417830566
-0.689691278505071
-1.35443084267874
-0.646301130543525
-0.713837312386494
0.695242083540445
-0.648167163714739
0.905957308914723
-1.14758894615849
1.06658729931334
-1.27910131436001
 
-0.657731335198404
-1.52013288407121
-0.688744177254165
-1.36064228139137
-0.645315202658232
-0.715653824353848
0.726271630080417
-0.619616953819789
0.932284722595199
-1.04900880397212
1.07054856456309
-1.12015211662824
 
-0.654983735013965
-1.53240851139238
-0.68570590998645
-1.36792577885454
-0.643651538069361
-0.719489947338142
0.730105275295903
-0.581542573933388
0.884622301596804
-0.889036034509721
1.02393901578786
-0.941066687889372
 
-0.649255888337929
-1.56913667514888
-0.68228650328774
-1.40182989670516
-0.639418377241601
-0.743619686915782
0.69043672823041
-0.556714430933275
0.827338879509677
-0.785314624044908
0.902042659292161
-0.770330142226788
 
-0.645944228237209
-1.60304296449668
-0.679529256982223
-1.43313061439204
-0.637846052526891
-0.757922892006462
0.655144410781298
-0.518400311223427
0.67727957645666
-0.651514059053945
0.733512413666085
-0.620427784386397
 
-0.636167875026789
-1.64840671413316
-0.675545524163747
-1.47672058894267
-0.63380558223833
-0.782071640247103
0.597170815590009
-0.475185752924379
0.499957574692987
-0.573065805650155
0.533820232916537
-0.514249959334049
 
-0.634920406892989
-1.7115996750898
-0.676043833004033
-1.53519232819803
-0.634342001940707
-0.811315860458708
0.440394132339056
-0.697240188982961
0.338119962314592
-0.503593076119387
0.319616450831154
-0.425105250713541
 
-0.638181783691505
-1.7744139883336
-0.684133338202502
-1.60085892777713
-0.642018495307839
-0.854704767036532
0.314031709559345
-0.632580655854508
0.115768718297716
-0.412458843431134
0.0665959692929329
-0.374635364215617
 
-0.626206127296663
-1.76665779993995
-0.671845535052844
-1.59198658896673
-0.622769555300165
-0.849050541807324
0.407912771496658
-0.400920936969321
-0.0413418803804639
-0.384478406584286
-0.187918088174105
-0.319363740815635
 
-0.610031441617054
-1.73756032306684
-0.652376827457822
-1.56785324340588
-0.608256348089297
-0.817793187911403
0.341107294714996
-0.392345690149828
-0.173101884072931
-0.3571945262249
-0.336798332536501
-0.309404941020312
 
-0.694812239233313
-1.95393322014184
-0.735948796798056
-1.76909693746234
-0.685345128136258
-0.913791063416338
0.124979001259888
-0.407578880399641
-0.476428824537123
-0.425518851760629
-0.658866800900858
-0.383244461910334
 
-0.696482043595714
-2.00507883787513
-0.737985828747991
-1.81691952385505
-0.688617274898763
-0.943088372108743
0.0583325581924336
-0.436751578876006
-0.592107561017491
-0.486957215707244
-0.849643252818902
-0.42726068985635
 
-0.693530062368053
-2.01825839090325
-0.738755160758708
-1.83612746635034
-0.688921080716145
-0.945733617798522
0.0475951829884921
-0.504899082127665
-0.651766946998976
-0.499257731634057
-0.99567729696081
-0.434349422049224
 
-0.69003367299459
-2.03447361621329
-0.737606775827542
-1.85297088542695
-0.68723801291376
-0.95315399708024
0.0433776681739001
-0.532746962319644
-0.670151635283457
-0.511035071020035
-1.03001777379535
-0.448161733245681
 
-0.68866349261019
-2.03897504295731
-0.736800793370746
-1.86006318489928
-0.686359580686747
-0.954746499378259
-0.0696219087879523
-0.505229499041119
-0.780321176324044
-0.518005722584807
-1.01563601303238
-0.444941484143627
 
-0.696559803842321
-2.08454021070373
-0.743176774512001
-1.90334070808375
-0.693446690175854
-0.965862133444381
0.00862858211965672
-0.551189324738678
-0.729632479134598
-0.504555657131574
-0.900127777333378
-0.433561881298025
 
-0.707623324403812
-2.0772422714391
-0.751232304149821
-1.88982454226506
-0.709200131007088
-0.982152279836598
0.244732989738134
-0.69992421518227
-0.49210051189921
-0.532372299429089
-0.690629037681691
-0.421184213411822
 
-0.674174328550288
-1.9773793355524
-0.713472106953362
-1.79641277507068
-0.680933203460025
-0.945929105568438
0.252436501614021
-0.688531379507488
-0.12521376820622
-0.554109727940599
-0.374804073544556
-0.464340664717132
 
-0.623332339565009
-1.81267302125569
-0.659809628095291
-1.6422519247821
-0.636915567932289
-0.871586005290825
0.608794569148539
-0.741441912850734
0.0364487835229813
-0.591536654448181
-0.0857669544973751
-0.488514171689996
 
-0.572764476914011
-1.6573345374734
-0.607295902848704
-1.49719308686456
-0.595124133761258
-0.793650475086228
0.631929012839948
-0.664886738547371
0.238234695519337
-0.567674781453091
0.200752344355283
-0.539535107797322
 
-0.566024622457036
-1.58117259454819
-0.598757027638484
-1.42248884876026
-0.590034558968727
-0.754914723665859
0.719019438584395
-0.647639271938241
0.465671659901844
-0.647253588019962
0.453650611275407
-0.664031609118412
 
-0.569178716082465
-1.56137159495991
-0.602810263767125
-1.40081995327968
-0.591301942376212
-0.745082833531868
0.708075597423952
-0.639891842739699
0.696995267366131
-0.83147483842707
0.683580333906618
-0.876877145296319
 
-0.570345471118699
-1.53250610263178
-0.608056650001851
-1.37397143887383
-0.597087026450265
-0.729033347416774
0.673931879578151
-0.633828135270777
0.794135424022822
-1.08023755072491
0.819238423547926
-1.11640521646268
 
----
@Left hand swipe right;Left
-0.681369433741153
-1.52144736727163
-0.690142925970576
-1.38154073438037
-0.641943630313121
-0.72770155778098
0.603092724164855
-0.73981371501739
0.579157376065594
-1.39531673751303
0.523678584499365
-1.54924625821482
 
-0.685361747671171
-1.5220649138678
-0.689423949095913
-1.38038054327731
-0.641507910333547
-0.726667571658769
0.603748235010217
-0.738781946249883
0.580480970141962
-1.39420736833032
0.525709747712473
-1.54887163553262
 
-0.705862889843325
-1.51413515318552
-0.6898528555846
-1.37549483605422
-0.641587052369001
-0.722221400851138
0.603905946310985
-0.736759892486315
0.58096028403691
-1.39196393403133
0.526702827605154
-1.54526557085953
 
-0.744629888554538
-1.51499497989589
-0.702357266214328
-1.37046908493456
-0.64199714555158
-0.719809374621282
0.603904249008841
-0.735809300458172
0.58130065269938
-1.3910266193355
0.527244719621914
-1.54399393537734
 
-0.788219799831008
-1.48582414868306
-0.730481623792406
-1.35924414405986
-0.642313122250703
-0.717142426953454
0.604217515749854
-0.734946972757719
0.581817157128637
-1.39029258877353
0.530189497480064
-1.54416895457719
 
-0.858081308117111
-1.51095187361433
-0.767491468436184
-1.33178184092019
-0.643502903448737
-0.71132333410437
0.604668506037202
-0.733920289160252
0.582334371331299
-1.38922260340305
0.531238412124253
-1.54232804168665
 
-0.911006763327919
-1.42433796239658
-0.817071368060749
-1.24053131713348
-0.657714677370532
-0.677539049651167
0.604535459736163
-0.732875532268626
0.582525734202885
-1.38758023834201
0.53214014756794
-1.5410732148077
 
-0.925968875863094
-1.25778466933161
-0.823749196243667
-1.08692416501032
-0.680352565574236
-0.624324959403103
0.602499598969333
-0.729045830664569
0.57948145966274
-1.38157611037798
0.52910232134558
-1.53678271059247
 
-0.825423991086403
-1.03235701088648
-0.710732068777614
-0.934024580402991
-0.725081895951673
-0.584142060851376
0.597223766234566
-0.727133485836619
0.574589973983529
-1.37658879080443
0.524489074123382
-1.5322315372227
 
-0.621807975513527
-0.783160291872135
-0.579555895503732
-0.78854165175707
-0.723072142443353
-0.509533845798704
0.594007653064938
-0.735732883627266
0.571571993465764
-1.38799878216669
0.516476207304863
-1.54695367411623
 
-0.439719703552193
-0.627447963300568
-0.476717171178688
-0.704499942354893
-0.70497199174365
-0.472703358548254
0.597617645031024
-0.782979305482797
0.572857810498151
-1.47295868363789
0.505769628784945
-1.64440855281024
 
-0.0673499092835056
-0.508711121775613
-0.133841787315201
-0.562693156074531
-0.479986168319448
-0.501512591726763
0.645121702797935
-0.853426981756977
0.625072529257241
-1.57019506192278
0.550579308001414
-1.76426526766857
 
0.298215839154447
-0.341359867491931
0.145840792094251
-0.398131780158025
-0.356965808595946
-0.469926337914261
0.621092690900522
-0.838839762858207
0.60557391147064
-1.540754782457
0.528525253216906
-1.73013652775807
 
0.605586642057327
-0.251179878048185
0.415832670922386
-0.331544881709797
-0.252462121414344
-0.474580738400658
0.599537956216792
-0.845821877304289
0.590385520407276
-1.53741280386687
0.517371254745354
-1.70927870445016
 
0.823158936637515
-0.243370040924791
0.524304497512926
-0.319960875137964
-0.153248672234457
-0.422946523564181
0.590588783176602
-0.86868247821599
0.579396632161107
-1.55832796515356
0.509740014955471
-1.71950193895536
 
0.936262068122569
-0.248851578559331
0.742173569742179
-0.319038292752975
0.0528529333119171
-0.303244581514575
0.58637237681786
-0.887310006686347
0.575722132593008
-1.59198551931419
0.506694425387277
-1.75035457887332
 
0.939709292682924
-0.243660174534779
0.781373468171608
-0.31600371590193
0.0858001552373205
-0.367042274698279
0.585187452589557
-0.899986334674658
0.575634348844179
-1.60792500896536
0.506284806211026
-1.76311119855479
 
0.931915233520743
-0.199867000935832
0.725788734462883
-0.291683825182911
0.0350085603914865
-0.396760964137023
0.587576799692859
-0.88362329836709
0.576576613010254
-1.59061511027062
0.512560400118429
-1.76288331668952
 
0.819325421676349
-0.186022324906942
0.622147521063203
-0.287040262515852
-0.059203115541048
-0.416347862209844
0.588249896412786
-0.878347224832729
0.577660267132819
-1.58437615409675
0.515898375611067
-1.75949935533756
 
0.674208421794701
-0.177710605857229
0.507706553667021
-0.265456878642535
-0.141182506884857
-0.449645124530543
0.588602736585864
-0.871985245662093
0.577964257395843
-1.57272689156035
0.517559999352175
-1.74232391237072
 
0.477586244405305
-0.215477425339688
0.291685148201687
-0.299557472553717
-0.325183371208063
-0.534510411508835
0.589185090027939
-0.859229706343765
0.576667001016837
-1.55298274263635
0.517526007975708
-1.72657330453174
 
0.233072353481788
-0.30248258568899
0.0755378768323389
-0.370160799770842
-0.494451906712295
-0.592192468742052
0.597378401058264
-0.832320789179378
0.580176077080084
-1.51422004503939
0.520894843730021
-1.69554811034095
 
0.0135576699785017
-0.422048477584787
-0.1223015104419
-0.492791500229024
-0.637251401148911
-0.643222857591353
0.600985742701401
-0.827094525937351
0.581564519978695
-1.51002603996996
0.521544345119274
-1.69798880753912
 
-0.237646572651329
-0.536657938284047
-0.373680795533391
-0.584172210744109
-0.788501120260457
-0.617665890547234
0.594312757912022
-0.794028613542233
0.571842801028134
-1.46714176305496
0.512034744257983
-1.64891775341523
 
-0.486811665634004
-0.65937312594896
-0.592851980980108
-0.699132893521067
-0.89325712942794
-0.647395154903846
0.578995315453857
-0.771121024851356
0.552972407228472
-1.43780405961505
0.494091282347117
-1.61364426318523
 
-0.7037776699765
-0.828384030349747
-0.782805418777537
-0.911780597916371
-0.850443225584091
-0.61393965080579
0.571551183558221
-0.74745071672818
0.545887488090503
-1.4028784309605
0.486150673387343
-1.5746671603907
 
-0.88922824499624
-1.11005793496129
-0.905988373639958
-1.1438529354387
-0.809945336356074
-0.615133131180219
0.568997146862082
-0.733892392796936
0.543837931745082
-1.38287689736672
0.484532643122969
-1.55690587179622
 
-0.954369650260794
-1.25613341165005
-0.937819833132467
-1.13949054972024
-0.760270769743417
-0.582624816177243
0.567908362399955
-0.731680933734717
0.543922609458998
-1.38035367678183
0.48416713760923
-1.55331494686143
 
-0.953478328214962
-1.47057335576708
-0.922480637533716
-1.24900232138892
-0.755904139765181
-0.634046998724632
0.570964583104953
-0.727262859330061
0.545190308381172
-1.37562504183692
0.482926603801999
-1.54573527106221
 
-0.914958215470274
-1.53292092960305
-0.909638250626135
-1.31383846994126
-0.747214674074549
-0.682866972739278
0.574406461887637
-0.725235951689114
0.546848517161044
-1.37520221500115
0.482074229737584
-1.55358838283562
 
-0.851332740452796
-1.52388166667761
-0.870894428230231
-1.33563204150103
-0.721578919457081
-0.703331159390498
0.576457290059962
-0.715347436385169
0.547322487492646
-1.36227663352877
0.482484188698321
-1.53639723218694
 
-0.816069357053393
-1.52089142869259
-0.84173555229617
-1.34809308431655
-0.704759685157795
-0.713445151313088
0.579934423396132
-0.713250336164968
0.550311552710115
-1.35990844741912
0.487418774092518
-1.53472389464896
 
-0.807880397339023
-1.56635661122532
-0.824502244086803
-1.35639328596836
-0.693339345002994
-0.719315991608993
0.583785690699314
-0.714455402835718
0.554006661391021
-1.36273938399794
0.494998554086349
-1.53889578391737
 
----
@Two hands zoom in;Ctrl+plus
-0.629298165889496
-1.49319977862711
-0.659753613426798
-1.3531978664123
-0.641216939625084
-0.711727007698848
0.56998129488252
-0.724876328078545
0.52159906153156
-1.36698392377995
0.452457929577888
-1.52882115021124
 
-0.629746450507692
-1.5000083462858
-0.660765863344233
-1.35890430326267
-0.643307649120446
-0.714002349850002
0.57587957573352
-0.726921377060951
0.52490221057273
-1.37211532308977
0.453975387236648
-1.53658587051748
 
-0.631578994481702
-1.50298068051274
-0.661342017942765
-1.36126597845326
-0.644423929251905
-0.715159485383027
0.578562832982694
-0.726024148404263
0.524268852255221
-1.37206007864246
0.452378564642052
-1.536687057477
 
-0.630386644315312
-1.50361213172003
-0.661408908873271
-1.36094587511104
-0.645724759522434
-0.714505623646042
0.579259473397628
-0.724410380745907
0.522604532771786
-1.37049504688661
0.448771198071556
-1.53555619885563
 
-0.630033481737767
-1.48474915680058
-0.661084902434277
-1.34524419716604
-0.645025984110033
-0.706647819710862
0.568952138297039
-0.714597261872024
0.507770254655775
-1.35267152519025
0.434823898905745
-1.51249777640622
 
-0.622364222658418
-1.45106836996183
-0.664332515242669
-1.33473864890424
-0.650313342676533
-0.705385711972963
0.575323894418201
-0.712761185985442
0.489408191902747
-1.34507215934743
0.413724750626872
-1.48575372730218
 
-0.577178293487936
-1.39041045403615
-0.63954537337141
-1.20853175894788
-0.670939297538119
-0.635230396898022
0.581881465678612
-0.685961099423246
0.432738356956915
-1.27144532031487
0.368779641791124
-1.38950904620451
 
-0.450468938704595
-1.21608059003709
-0.586740100764188
-1.04738627965168
-0.689957492299393
-0.575974225342742
0.596061884062833
-0.645917544464398
0.386914404288035
-1.12560122437372
0.278078060455675
-1.221400028704
 
-0.37532055618744
-1.00418752505813
-0.464631429033897
-0.910900581878216
-0.732316701422957
-0.56048966226478
0.611345601474805
-0.646620285890348
0.34056932362207
-0.944178896767845
0.217369383626773
-1.04176771160118
 
-0.295151259841493
-0.724842134486245
-0.451108428967329
-0.661115522056011
-0.771346566279587
-0.571678524322085
0.65617681334843
-0.646141339221545
0.367667878874624
-0.794172657388408
0.185222819360389
-0.785621790797101
 
-0.262119616912383
-0.476678390818931
-0.338012706576347
-0.50154352283088
-0.81145834437487
-0.602812372067743
0.746480890807226
-0.657332188007939
0.26684944402142
-0.599190968759105
0.179674512359556
-0.562786853745988
 
-0.293709900738369
-0.302229226154396
-0.375958308842138
-0.402606162277962
-0.820418744338071
-0.593216235139138
0.647750389139019
-0.662887320446753
0.269882528519875
-0.409634789409473
0.238937723162668
-0.408086452221469
 
-0.375530541682258
-0.229870357966914
-0.451965462951697
-0.339760919564928
-0.847708620662612
-0.642655508521932
0.685000339819665
-0.639881007502342
0.49513053911528
-0.470747384930733
0.377652623964794
-0.344983477856094
 
-0.513709095363038
-0.16823323543732
-0.508430610585141
-0.17423686093513
-0.915431952823383
-0.652348326362643
0.777915270382012
-0.629240512957755
0.637820924511713
-0.409214564979615
0.56112690150462
-0.275499044932094
 
-0.542929280756237
-0.126812141981014
-0.577682160274763
-0.231128903172971
-0.786137197427501
-0.562604708130399
0.836341353849031
-0.512762192093142
0.72396681676644
-0.259943671225754
0.728867816027848
-0.178890785132262
 
-0.923501790220102
-0.105868618080081
-0.893173677515679
-0.100670942338418
-0.968361952228074
-0.45600657160599
0.990660922805745
-0.482498329576987
1.01286693797839
-0.209488743037747
1.01308214735427
-0.104069680892625
 
-1.08779068820134
-0.0565120818198871
-1.08355586704337
-0.17026999359149
-0.995444155369588
-0.429962745265109
1.08638871686645
-0.460439977837493
1.21795892363511
-0.141962405175467
1.2414370616365
-0.0363270860424013
 
-1.22404875251395
-0.0301327497185618
-1.14889455505926
-0.156327962042987
-1.01024657617885
-0.387164512242847
1.10546943303229
-0.28355508298245
1.4133393663246
-0.100635120934413
1.45047428721982
0.0336815565206648
 
-1.31207536322861
-0.0385314333991808
-1.21495088876828
-0.144321312692112
-1.00794201038943
-0.362390218197245
1.0975929988757
-0.234542677277164
1.52845126186098
-0.081664639250895
1.57696704547159
0.0259965676080997
 
-1.3640529491013
-0.0717506917310959
-1.2686759997548
-0.1344996343833
-1.03808206387706
-0.242196726942853
1.10561790527641
-0.171332736307832
1.59790505993565
-0.0524782005665306
1.64944441641051
0.0177004821263875
 
-1.44899586137603
-0.0979184090773245
-1.33473576642247
-0.127951070313525
-1.03452329371007
-0.170777491845441
1.09609497232986
-0.114633680941139
1.62750909402723
-0.016191680830522
1.66128796293838
0.040543552452881
 
-1.60593635523071
-0.105639367114669
-1.41842024610667
-0.12483098648294
-1.01755432445441
-0.111553957624962
1.11992330170064
-0.0573669809960006
1.68563827127487
0.0239982955171798
1.71576437927713
0.0710938948586152
 
-1.7251886153339
-0.108801205538423
-1.49398270543624
-0.124186540990638
-1.05549091200502
-0.10605794350741
1.11702980139357
-0.0388892167449755
1.69525149910136
0.0531198454219065
1.73972798073641
0.0870228701671397
 
-1.74160964932084
-0.0818450927975927
-1.51115163543647
-0.112659455915677
-1.06005785203324
-0.105353803863848
1.11288026410629
-0.0313504902422671
1.69425088897875
0.0714288814319825
1.73808464875337
0.0804597958319349
 
-1.72453428020116
-0.0903950928568865
-1.54665638169091
-0.102197149793973
-1.05958563898258
-0.103674959160936
1.11005464946926
-0.0389244566516686
1.68960653334652
0.0541478895579254
1.73505972067993
0.0577003944515826
 
-1.65709692722545
-0.138526928800283
-1.50075329777667
-0.135544721175615
-1.04509511518892
-0.122236760441532
1.10561845331903
-0.084940085363049
1.68003533130179
0.00462804027374396
1.71453969238093
0.0147976142578684
 
-1.45504703836757
-0.213516047167677
-1.38910754375629
-0.199837622722932
-1.03877527593749
-0.240481225269988
1.08093416591911
-0.187978749848856
1.64581099851327
-0.123545492803175
1.67624812113561
-0.0888564400795315
 
-1.28722543028147
-0.368371496038965
-1.22683848588096
-0.330511829989855
-0.979530938247017
-0.411820253376097
1.01932655035381
-0.357041080138477
1.54943445094861
-0.332478652387824
1.52594159914759
-0.291900949710855
 
-1.12478551636532
-0.605412825668343
-1.09245059297035
-0.534309848411384
-0.846545686688647
-0.531033485009034
0.917529936866725
-0.502339232357829
1.38303525526909
-0.599675297583519
1.41439420613328
-0.564268208469494
 
-0.915779251507167
-0.944467555118819
-0.92439845449905
-0.878387053343604
-0.832349999488667
-0.538915339225166
0.730565557307626
-0.594676747856322
1.06787852096495
-0.860309866508994
1.10306169869023
-0.858617472018141
 
-0.685494355676433
-1.21820690076519
-0.736129206151116
-1.08608192451262
-0.703646442004926
-0.605825650688123
0.678227595641556
-0.673819174402363
0.806843896061888
-1.15295159209968
0.813207838689104
-1.19601115945406
 
-0.524564580616616
-1.3910160245395
-0.608020075326493
-1.20346285090639
-0.667730518779793
-0.635774851058966
0.603296392957991
-0.720330093615712
0.578939251200085
-1.27630842783575
0.546548884828934
-1.36030097194377
 
-0.470324544693126
-1.40505221608148
-0.557078407180946
-1.25484118189064
-0.646161361696146
-0.650212910621884
0.557705157823691
-0.741016862898746
0.450932010978958
-1.35613128670575
0.383665082888902
-1.51085981826748
 
----
@Two hands zoom out;Ctrl+minus
-0.684768604168021
-1.54388621006829
-0.703189113596985
-1.39047105264131
-0.642388228295013
-0.716197621978466
0.613065186169514
-0.784732673278163
0.616066837463632
-1.45813271771809
0.563939755425245
-1.61898096184521
 
-0.703238269225122
-1.54386290412272
-0.702416396384252
-1.38686083972868
-0.643546449569289
-0.714223048260333
0.610521964251072
-0.776837190616361
0.614609395167025
-1.44675681409932
0.567459330043907
-1.60767284461895
 
-0.71229536528153
-1.5421713914492
-0.712021921010609
-1.38545614774552
-0.646901869029722
-0.712295696548915
0.611368470468792
-0.776382181249472
0.616952042220638
-1.44581483883864
0.563448280148154
-1.67156820863774
 
-0.736253436372934
-1.55321191408898
-0.731514187078605
-1.380893283981
-0.648204741936144
-0.709952319069258
0.611141488040689
-0.7754572184291
0.618447361060985
-1.44366038822575
0.56847931076111
-1.67181420966581
 
-0.797331642540947
-1.58053205650254
-0.760698638746038
-1.3706046889667
-0.648252129644573
-0.710240670534586
0.609624260133842
-0.773544606170902
0.616097053853464
-1.44033117738785
0.585908177951892
-1.6766009349512
 
-0.862115785113386
-1.54819573675162
-0.813420633725849
-1.32991013430827
-0.650739873109155
-0.716003702058961
0.608662053017171
-0.778231942010209
0.626059410754851
-1.44190830424984
0.643853502739196
-1.61860409149558
 
-0.950487854096884
-1.46679743588864
-0.880928017632735
-1.22647457635585
-0.659419253512125
-0.695394992069895
0.615728120972105
-0.822993485078306
0.694041006129828
-1.47111178811814
0.75569692998903
-1.65166751292491
 
-1.01294899030656
-1.19123451752371
-0.937273806029886
-1.08719307968203
-0.669831673238638
-0.623417118902006
0.642086685852225
-0.856623309488097
0.812367216898492
-1.47741334131717
0.942515739411725
-1.67809192421013
 
-1.07046425229607
-1.05361143772879
-0.978295850774419
-1.08081943411926
-0.759347240672593
-0.509065594521337
0.673157708684739
-0.850324013578462
0.976222529537219
-1.42551991232859
1.1173670054846
-1.591735310839
 
-1.26779365927858
-1.20733894844825
-1.12832988934369
-1.04638093410348
-0.796957094063505
-0.524855594244807
0.765574614285102
-0.794743896916066
1.13745827339308
-1.36204518952654
1.31954468152503
-1.53773297533586
 
-1.37065213556689
-1.29301781943392
-1.23745997020875
-1.08017511319115
-0.90516861240999
-0.532627591984443
0.838636143340644
-0.739390332625587
1.24881800660392
-1.27212667443167
1.4544243648256
-1.45437827679567
 
-1.48578510869676
-1.28351910022871
-1.35910037735158
-1.0752200789798
-0.948538834302305
-0.524368552597197
0.875571987392597
-0.677643636526618
1.31703043532623
-1.17404893472706
1.45127043742932
-1.29041471459321
 
-1.58090267996319
-1.23377431656421
-1.44164612269901
-1.01757713245551
-0.991713165205232
-0.515229587397941
0.909765040108213
-0.613067690220332
1.32399894497538
-1.07199078653653
1.35734658576331
-1.08592437330648
 
-1.60262283520661
-1.07614519168118
-1.50321573494167
-0.932344864834497
-0.990478886624414
-0.447400966759794
0.925686157794052
-0.561552747051304
1.27970362804752
-0.912966969894361
1.25171814185184
-0.982315842393441
 
-1.50160511091109
-0.833755000907379
-1.3255477547168
-0.676149774555153
-0.952346556177009
-0.359298052568097
0.894803711549036
-0.491061381626293
1.12168689914187
-0.685816610598578
1.23482267628914
-0.803636756609566
 
-1.30808296426088
-0.604343053638098
-1.16114307891233
-0.524562811865848
-0.894844880700516
-0.251042447983667
0.85464569244209
-0.423579658360921
0.867103909024462
-0.492415828582803
0.956245928690623
-0.571904581919378
 
-1.07805537121269
-0.461579330706085
-0.854208863210801
-0.371520416226045
-0.793542589789599
-0.263057689222483
0.772811760992991
-0.366445122255391
0.710641724000363
-0.410102019457798
0.801230189049169
-0.421635299944028
 
-0.867879060745843
-0.359561493165242
-0.799561120689272
-0.23654687787065
-0.791564503664735
-0.263993138301342
0.613751897863481
-0.347629763600301
0.527973898719184
-0.357177833711413
0.561922490571999
-0.302983058727272
 
-0.675625880535482
-0.292551656622305
-0.680666677399968
-0.272041168355699
-0.680953887139543
-0.248722713927927
0.513074373376393
-0.319145099886063
0.290600768101014
-0.340625892709107
0.28970947690776
-0.229734703216013
 
-0.466104566943913
-0.25678430344722
-0.537938062265835
-0.250157548276037
-0.611216041185858
-0.243519593211071
0.354392487660427
-0.429130993269644
0.129461892929748
-0.219450668322839
0.0324226835006769
-0.184836589388706
 
-0.218495714365639
-0.237927639171538
-0.199943489778118
-0.295261938143112
-0.553477823896257
-0.220139209021214
0.285807972127246
-0.420289208376275
-0.130199972621759
-0.141712030738574
-0.169339234098294
-0.185177734436237
 
-0.24015951670719
-0.221796618884282
-0.33728852307343
-0.27841662792188
-0.544611761892123
-0.213750482437282
0.222696397552193
-0.441382518792132
-0.113210356375873
-0.204339665090682
-0.15746638850355
-0.171892921531748
 
-0.253989850810548
-0.266792890942454
-0.358389522142711
-0.314481253031046
-0.552171757900956
-0.24367748013574
0.256263309329627
-0.46268401261051
-0.0692716574630316
-0.324871599319325
-0.132574540356252
-0.239919802752859
 
-0.19297803590217
-0.329774038340342
-0.356469680296249
-0.354899553081072
-0.645070294935822
-0.408065387892082
0.251567625973294
-0.546825477506981
0.0364742322295856
-0.377891882065089
-0.0846853587522457
-0.279784191289531
 
-0.370684300073904
-0.588735985058137
-0.484480552657255
-0.610162990607219
-0.84352084597414
-0.591968248228071
0.47613904659673
-0.704376688935924
0.246538445293374
-0.590534896555866
0.0589892564587102
-0.49379912908216
 
-0.39412666660805
-0.899975839393682
-0.487268006021362
-0.955233012349423
-0.704865473514507
-0.6873583096955
0.857833917702539
-0.66029161061951
0.33854657996985
-0.871903400271492
0.131269177070264
-0.831594558760043
 
-0.46304998220824
-1.23386632262525
-0.581937306528944
-1.11260179505035
-0.713417108521053
-0.648894327762716
0.624643404223597
-0.733266154437407
0.380949427354689
-1.19551763075359
0.238874477645478
-1.26821339118156
 
-0.558112886683067
-1.49615156153552
-0.617300910906858
-1.30071080238202
-0.680610902605751
-0.669384768753907
0.582406235489679
-0.742387686903979
0.436215149508189
-1.38758678398618
0.36321750967488
-1.57193088220803
 
-0.607108181122179
-1.53632084700886
-0.651326262101047
-1.38590120353504
-0.663479946379945
-0.706654393611593
0.573055417109669
-0.755538545905036
0.49540455942008
-1.45000508245299
0.432877542231725
-1.64872732374631
 
-0.638740662525524
-1.56453303323167
-0.667534600312692
-1.42370678510459
-0.658237970477693
-0.749788665324517
0.572528241260398
-0.777384999280614
0.532379007522384
-1.45017192448533
0.471417683275237
-1.65897527781029
 
-0.654998746970042
-1.55665033469627
-0.681835155531708
-1.42161364772403
-0.659188228038097
-0.750342698209306
0.578221446688391
-0.777880183035706
0.542646805443713
-1.44977995990298
0.483863245310886
-1.60949398282576
 
-0.663630415651358
-1.56214639779671
-0.686447841240746
-1.41600501465422
-0.663041853631011
-0.74406649450353
0.584499176513022
-0.777904011597368
0.544021233874263
-1.44915902696622
0.478782883846223
-1.61306089752313
 
-0.66575278153892
-1.55415172679807
-0.685235231412252
-1.4122607677511
-0.665245514184015
-0.739624930589553
0.587108011071183
-0.776145395243247
0.542696762462412
-1.44716669734526
0.476073488437109
-1.5725935802907
 
----
@Right hand wave;Alt+F4
-0.576962660942153
-1.48586018412754
-0.614536815598364
-1.32417123435972
-0.620187119737228
-0.648382660210492
0.582194767361992
-0.734207511952679
0.581872371248394
-1.34787773095693
0.570822927497422
-1.52446754807202
 
-0.574789430329056
-1.46552798814991
-0.608470121713254
-1.30444222400428
-0.617637557316885
-0.640525271287884
0.573122988742482
-0.723728766349227
0.573185973820165
-1.32314034003455
0.563466743395347
-1.50632147783801
 
-0.578198138049195
-1.45847849322423
-0.609517286642126
-1.29648391814411
-0.619351054318477
-0.63799270581347
0.569508542060548
-0.719626692218005
0.568898465859462
-1.31768198947305
0.559887074287631
-1.50033416620674
 
-0.578925588170176
-1.48343387120233
-0.612424617170293
-1.3164571759991
-0.6219099034386
-0.649570225830356
0.588186218079493
-0.730828578725674
0.586927970213683
-1.33937024546559
0.577323631930444
-1.52751490569019
 
-0.575049894295907
-1.48641809816363
-0.610566578605482
-1.31787411326811
-0.619212177983961
-0.651105130648624
0.595818900770276
-0.729635684896053
0.593980101953385
-1.34269042410309
0.586519495331182
-1.53229264771042
 
-0.57195834179484
-1.49019347930684
-0.607951438949328
-1.32057544969234
-0.616079652598909
-0.653157297384503
0.602279611807341
-0.731946484343824
0.603868936252374
-1.34912884186683
0.604517023321887
-1.5183490866381
 
-0.570003423491188
-1.49838253086374
-0.605646672547283
-1.32682306764917
-0.612097708459337
-0.657326587859457
0.610609865374701
-0.739718546977204
0.725601828349637
-1.34056570686075
0.750044732792317
-1.49466052730145
 
-0.569712236736849
-1.48272472394667
-0.604376730619186
-1.31280243459686
-0.614491339322785
-0.649500131162343
0.626952704727917
-0.681841947345708
0.925382533303312
-1.19082987310742
1.00916545449211
-1.37834488309187
 
-0.557857549737608
-1.49313565522851
-0.594121648071995
-1.32076103783459
-0.607649972636772
-0.654299461460865
0.73610048143137
-0.611669188607121
1.16378848502036
-0.98022879063175
1.35732612797506
-1.11318293558938
 
-0.554183321698611
-1.49953185774789
-0.591549312185911
-1.32841434085587
-0.605695801714173
-0.656555773122614
0.867523220949379
-0.532891725917056
1.41224034074044
-0.674718894638341
1.60128494700811
-0.690659019240349
 
-0.551391000144724
-1.51062503294176
-0.588847708573246
-1.34172983633635
-0.603551398065525
-0.665099102333615
0.934248830847269
-0.453392950222234
1.43328437287497
-0.317537553719749
1.62057707628057
-0.227863061690847
 
-0.549563104455206
-1.51198369173047
-0.58778716065993
-1.34906616466163
-0.602704650666246
-0.667028777572119
0.992732664732225
-0.404810227398798
1.30449816015881
-0.0233573538010306
1.39308413687788
0.134506836231943
 
-0.543492007157412
-1.51117272651154
-0.586334255468209
-1.35154082380117
-0.602278391156308
-0.666411854911247
1.02493014722266
-0.371593344673636
1.06325719164321
0.133287199239702
1.06468820413581
0.30577236969636
 
-0.538542797432423
-1.50650218220082
-0.583539717117895
-1.3482211622821
-0.598966477377959
-0.667496536237901
1.03070025799237
-0.347931716937419
0.859200106614265
0.132959434418013
0.755280633806764
0.288406306017119
 
-0.533981116262708
-1.50626567505242
-0.581345667847171
-1.34797404306634
-0.597554434231709
-0.668039049597407
1.0576246115395
-0.324701838301088
0.712553865419491
0.157603653456342
0.605121750940764
0.231333101381206
 
-0.533662696336064
-1.50627302191129
-0.580302041095311
-1.34958264240631
-0.598915311068387
-0.668190661372269
1.08391755914366
-0.307007149284949
0.709068949764738
0.159457732421622
0.643449292718152
0.257767085865984
 
-0.524964232506394
-1.49916300032935
-0.570542065316737
-1.34175026129406
-0.59224697333123
-0.668156909537487
1.05753496802048
-0.20787372444257
0.906322705686863
0.230187765899852
0.863451851946204
0.33521464319349
 
-0.519376305726389
-1.49697387104751
-0.563401970735634
-1.34186579566498
-0.586739845403506
-0.672246639773714
1.11690119622459
-0.23101176265137
1.16924858263243
0.283621720941437
1.15604501183556
0.454040964048389
 
-0.519512748900512
-1.49604928798699
-0.563419888177083
-1.34299409714956
-0.584551566250681
-0.674982307680873
1.12291232237898
-0.198079810824688
1.37295619897277
0.266705307158824
1.47726728341393
0.486721795449312
 
-0.522706513492471
-1.48953060888049
-0.563538621483712
-1.34005144335194
-0.576366765503841
-0.674875157947118
1.08661615769175
-0.115627600883364
1.43973702249501
0.245295445529033
1.59989727703583
0.398915332935351
 
-0.523619804113886
-1.48914229995041
-0.564190000170792
-1.33919419706753
-0.572041121924372
-0.677875056165357
1.0833952050793
-0.116094109986757
1.43338937215711
0.247564620441668
1.5402793320057
0.42572172818686
 
-0.527807909372417
-1.49140249478169
-0.567637470828999
-1.34232178807924
-0.572666793910087
-0.679448265490401
1.06381560560791
-0.145863809006644
1.22520261319458
0.287429045461171
1.26009142853737
0.441710312706678
 
-0.536097537675561
-1.46513632390705
-0.57633680698046
-1.31848855543846
-0.579723031449207
-0.662248736755245
1.04837482777602
-0.246437857990265
0.946018739799555
0.199882677992864
0.896714706386918
0.342268686378796
 
-0.533070405335777
-1.45866368504611
-0.575817520883525
-1.31416430644947
-0.578711121971126
-0.657223269919971
1.0820939171496
-0.296494313093457
0.811151658944927
0.121534277528932
0.694041561288998
0.222788774490067
 
-0.543735326347741
-1.46898504120358
-0.587550846647147
-1.30694714474642
-0.591918912710381
-0.654911058119515
1.0989741577279
-0.293790801974649
0.73778648119875
0.132466550521355
0.645156410452592
0.21108610790778
 
-0.533133606738302
-1.46004114773486
-0.577080745611832
-1.30158867089586
-0.59128200240358
-0.650551915822463
1.05343119493723
-0.197024727726668
0.843078096405598
0.232662660918861
0.797700241990072
0.29706916213027
 
-0.525288389594865
-1.45864195165585
-0.57462665054418
-1.29647935491254
-0.593617943117839
-0.647858017342478
1.0982926215379
-0.236318743747647
1.07685567102557
0.270568971026381
1.03611980607749
0.441968372555939
 
-0.523008288790991
-1.46559385211851
-0.572426043011703
-1.30287995503774
-0.594257521192882
-0.652042894882503
1.07424696991272
-0.12085249529235
1.30286931481884
0.320538325109772
1.34410577162601
0.536486230424097
 
-0.524813168515179
-1.46418648547118
-0.570073739732704
-1.305118638213
-0.593371878153996
-0.653094165733867
1.07599146047917
-0.0976801274449232
1.4809983049467
0.343282046040115
1.59133539648189
0.492604361269973
 
-0.528440337532803
-1.45710941274772
-0.569603081464702
-1.3009191482696
-0.592291281634224
-0.650202692026305
1.0764967927632
-0.0914625926475579
1.51377994715671
0.288209539813615
1.66734775747718
0.423618004103799
 
-0.532268379839697
-1.45377575827931
-0.571257189943913
-1.30060663116414
-0.59222420201419
-0.649827685354214
1.0659531488503
-0.144195763021785
1.48168710693726
0.215678300978155
1.5807842647638
0.35598767772309
 
-0.532414648658493
-1.45082188004952
-0.572347302893701
-1.29932586291506
-0.589461755475129
-0.648074186047812
1.05898320944739
-0.357210041506719
1.30713854492098
0.0129949220445543
1.36808860461421
0.166428703780839
 
-0.532696341118747
-1.44811156673701
-0.574513806682709
-1.29533331948316
-0.585717756165388
-0.647503092451807
0.883179161744376
-0.406048669863843
1.12339950124114
-0.24742342716951
1.1135481589521
-0.151525282185926
 
----
@Left hand wave;Alt+F4
-0.608779994225774
-1.47700672788245
-0.632138962524303
-1.3208272029169
-0.632166283606719
-0.703458342394864
0.584270993416582
-0.748452401769063
0.582932678253465
-1.36672264161113
0.536751014905574
-1.54753054041822
 
-0.609701544530289
-1.47721367149032
-0.636069957446688
-1.32234782642272
-0.634278494083496
-0.703098507108584
0.584719432803288
-0.75164311741936
0.584191730539764
-1.37181268865761
0.536855160989185
-1.55234370453945
 
-0.612362492871711
-1.47291205590823
-0.640851753032927
-1.32331457078281
-0.635006063901817
-0.702728211945343
0.583208637016318
-0.754980313731699
0.58300999078605
-1.3762110070376
0.532761771083321
-1.55695924394644
 
-0.632223438695034
-1.48414186040019
-0.6582904275435
-1.32852894347853
-0.638389945940686
-0.706033223224611
0.583049131329152
-0.757951798003524
0.580849189829452
-1.38106238191553
0.533057147057491
-1.56825246782186
 
-0.760888244519947
-1.52231642438503
-0.775748985031443
-1.32578627331938
-0.659292387901195
-0.716714096583116
0.5824761227906
-0.760968355508783
0.579775581331803
-1.38590638173734
0.535777476972434
-1.56901056554688
 
-0.926980502540108
-1.45139562643017
-0.906334412222403
-1.26026866095747
-0.73696215232622
-0.699141476437691
0.582976562247925
-0.760243408200968
0.579535769139971
-1.38728189097245
0.541247513151621
-1.56473986939924
 
-1.13699969985972
-1.3191807643129
-1.0733874990974
-1.11834048764116
-0.828386000638383
-0.619653662298797
0.58749152597546
-0.764414010428495
0.583119994022404
-1.39412768008563
0.5494734298985
-1.57223008224968
 
-1.3171896480141
-1.10331025223632
-1.19812674948503
-0.910164487094841
-0.903472914970884
-0.54185823635592
0.588561917849732
-0.774016498791638
0.589915476587456
-1.4059838409278
0.558371538566607
-1.58621880928517
 
-1.42363452269025
-0.790347541942871
-1.26903978339551
-0.680273782045539
-0.925647831217526
-0.440906039975554
0.591672796239934
-0.77253906145236
0.59628278056541
-1.40270015136533
0.563547227110163
-1.60670049627799
 
-1.39726458319311
-0.370643397195522
-1.27202291773777
-0.390900779152679
-0.941395214382601
-0.405086668706565
0.600563214883868
-0.76855376548094
0.606163417362236
-1.39805575768456
0.574149986941716
-1.60433635285704
 
-1.22089826337572
0.0244675468487863
-1.16549803466562
-0.0789837077149422
-0.965027035338976
-0.355249205026227
0.590732972096052
-0.755125041652651
0.600971549906479
-1.3744121007849
0.568630478246314
-1.57722374192486
 
-0.992655144498173
0.314431148153695
-0.999121033181108
0.136943700945154
-0.978364200618917
-0.255186051373955
0.585571824498534
-0.745924424948508
0.598262988973311
-1.35913138943511
0.565583965450195
-1.5560254318408
 
-0.752233038118878
0.403925783581478
-0.8182748389693
0.258415016121538
-0.995694224562566
-0.209754892961472
0.583391167272151
-0.748776730164426
0.597268686459211
-1.36592934420061
0.55883481542321
-1.56444266156434
 
-0.637702136873746
0.349053577121631
-0.706678066425764
0.274644941181971
-0.993561166622858
-0.194429151508351
0.581223460227969
-0.751545775838452
0.597365802072696
-1.37405902234376
0.55103255208851
-1.57825421804564
 
-0.754095279985913
0.321145647318809
-0.773624458241347
0.247900261702536
-1.00018171536416
-0.201029028155176
0.576451107189669
-0.753257028369233
0.592337862551148
-1.37655194367444
0.539085400704221
-1.58369770221117
 
-1.0265419877447
0.348601504130554
-1.0251597330171
0.185562101992499
-1.01669356471748
-0.216283414739211
0.579467798485481
-0.757575490680753
0.591499642303235
-1.38603703420705
0.536034542754033
-1.59474517244324
 
-1.26605742301017
0.277069423404208
-1.16784491141994
0.141057019654085
-1.02041837440878
-0.267680694164
0.572361837051339
-0.760608930137021
0.582785649352914
-1.38891713792093
0.532608468378593
-1.59833582081555
 
-1.27219401835588
0.311238144125407
-1.20873691544877
0.145447093078794
-1.02896834186219
-0.251052672571449
0.571878208986141
-0.775149430105709
0.58181590203552
-1.40774201512469
0.539688538545351
-1.60835484944777
 
-1.05668180188341
0.374779464187065
-1.06330045092595
0.181105009721769
-1.0259803466786
-0.249833001087798
0.57017932187479
-0.773067610932323
0.583925677868634
-1.40435971717817
0.551838897500162
-1.60699258869092
 
-0.836829067512879
0.34958731337202
-0.903247767429823
0.213976434972549
-1.02916815580841
-0.250960614741036
0.569113141236124
-0.769175843039379
0.586806423501184
-1.39855759219325
0.559163709588011
-1.60018001286284
 
-0.734198229911655
0.316258235517935
-0.797706347722799
0.24892235508457
-1.01031845813061
-0.23518871266069
0.570051159298542
-0.768382639710842
0.592029949517326
-1.39698190234102
0.56508938630986
-1.59749476016839
 
-0.804173407344696
0.326854621814098
-0.812710770636682
0.243496407471606
-1.01090381922936
-0.240027992940048
0.569619329314292
-0.766123903154477
0.593548341253853
-1.39382183167438
0.566025783541946
-1.5947067807594
 
-0.985858686937832
0.383557746434625
-0.985771350682382
0.216417178898553
-1.01253239235575
-0.247034682318348
0.569471363379985
-0.765096205863038
0.593753915337348
-1.39201286996477
0.561996431183224
-1.59330866576813
 
-1.12662230512922
0.362476356816743
-1.05874010581088
0.1838140390895
-1.00499870415681
-0.299039663589177
0.569568937464057
-0.76350514364855
0.593338451431255
-1.3902947303568
0.559801573208456
-1.59129626492078
 
-1.07376796964396
0.372964759688623
-1.06479136016137
0.183614192609563
-1.01219025520434
-0.314307603141653
0.569126915479196
-0.762401098610512
0.593459135058589
-1.38873796163327
0.56029148258694
-1.5932110257611
 
-0.90293049896623
0.360776242237063
-0.959712958641674
0.190939240083755
-1.0365114074664
-0.29265139476537
0.568727297970329
-0.759164981313676
0.593790199297042
-1.38508569255267
0.559637919198689
-1.58906290514917
 
-0.794717765806864
0.236936872189143
-0.832457498073077
0.180932939733698
-1.02793872254507
-0.296161651915247
0.566523945306527
-0.760388027893734
0.593376856432418
-1.38563670593082
0.553256247146025
-1.58797422538613
 
-0.86596476101385
0.0853591710985222
-0.87713335221975
0.0147599181431736
-0.993659358803837
-0.384028828797337
0.574498901416163
-0.771620679706139
0.60150491727835
-1.4059528475634
0.555285254223439
-1.61200743758846
 
-1.0368146881629
-0.168778118848638
-1.01036495787646
-0.266247014596281
-0.902712424666365
-0.484565211017687
0.568113610266486
-0.769629506298796
0.593559520409941
-1.40102775436949
0.543329990934985
-1.60339269915991
 
-1.17819988707041
-0.536066804986757
-1.09785280420102
-0.618033213731865
-0.873386973939404
-0.517565419219674
0.575910693382004
-0.780735430827321
0.599536706072322
-1.41902213540762
0.547088034788367
-1.62133223929054
 
-1.18898399887973
-0.969522462368296
-1.08516091752614
-0.974623180042155
-0.849157729462983
-0.597319382811673
0.577928213431844
-0.785873550641377
0.596173085802005
-1.42751688488578
0.55064921520445
-1.6334919762838
 
-1.07616919969977
-1.30263236169949
-1.01434843727335
-1.13399097361444
-0.856782428398613
-0.609979086865187
0.579251200802835
-0.783613439100162
0.595545069477976
-1.42393089128239
0.556321947732189
-1.58761736706862
 
-0.933720711670047
-1.53701226286082
-0.922338708974962
-1.29592123478463
-0.835993404409406
-0.68372793040197
0.582659418928009
-0.782229818575848
0.597094594633913
-1.42210713609428
0.556761258005437
-1.62405428925286
 
----
@Right hand rotate;Maiusc+Ctrl+R
-0.65647886278611
-1.47883049861311
-0.67544835235732
-1.32300102877737
-0.638870827120007
-0.686143438108977
0.624594438338473
-0.77283322892393
0.736608678689875
-1.38182407553973
0.768244278411379
-1.56507090486053
 
-0.653611169439331
-1.47859224165204
-0.673362746360972
-1.32576806238752
-0.636001051586115
-0.687844176203101
0.62914456872012
-0.772737822004873
0.748358128171982
-1.38060705207787
0.778112070365195
-1.55274184974597
 
-0.650950034761433
-1.48126601025043
-0.670723288125567
-1.32951519773224
-0.633112731654623
-0.690257327401408
0.633217181973021
-0.769000435299092
0.755536144589152
-1.37618201188253
0.770500311993968
-1.52770306979365
 
-0.652556927205319
-1.4784653971473
-0.666666742595196
-1.33003804453531
-0.627622405006333
-0.693125937231915
0.639650693247492
-0.764554505700553
0.763043920860742
-1.37157586941901
0.763465140790234
-1.52330118808155
 
-0.628222403187135
-1.47520153393602
-0.650044130963196
-1.32890420788872
-0.615099767190548
-0.699531459813957
0.650463647626189
-0.766085041855846
0.760416784938061
-1.38280299389827
0.737022303493464
-1.54329124446352
 
-0.6052030796087
-1.460666360276
-0.634071554969097
-1.31245412997604
-0.606490676361802
-0.690835692950821
0.625570571318175
-0.770909898537596
0.671314241706576
-1.422739973799
0.618339397721301
-1.58753922096783
 
-0.593272620155658
-1.51638604789044
-0.627781985600795
-1.36431631264237
-0.597539143915039
-0.718061339274784
0.597278966567097
-0.791999220784155
0.526206222391489
-1.4632835332965
0.453043911851804
-1.65854363416429
 
-0.58496578256646
-1.5899747816296
-0.624225020203006
-1.42178153810472
-0.589295775047737
-0.736415995729691
0.542103339905775
-0.779435050809381
0.378622362204201
-1.42999109030375
0.274222995115908
-1.61331296174896
 
-0.574567720708755
-1.61038925163433
-0.613675006632989
-1.44626468871579
-0.573381470272292
-0.736642004847713
0.430319130669958
-0.775117176292253
0.0906056092933865
-1.38097397879907
-0.0668934532189076
-1.53420087062017
 
-0.568090760969069
-1.78612646055177
-0.612644019011231
-1.50056232351247
-0.567481575968466
-0.797685528080209
0.324563997320817
-0.796875527619749
-0.135047110496933
-1.34589016307346
-0.151836794577607
-1.33145102838971
 
-0.567578358057501
-1.79945295323735
-0.609686355255146
-1.62698896651882
-0.556596331399226
-0.778883676334599
0.146674338549319
-0.743297277906403
-0.452644499237459
-1.17267465350942
-0.586446013621099
-1.17322745275092
 
-0.582918246433261
-2.0228991645587
-0.626926125353321
-1.78080561085971
-0.707344116654712
-0.711147213929624
0.02970755576993
-0.729501870604283
-0.763399082644944
-0.941202517397099
-0.991946730714057
-0.93178673288314
 
-0.595931578112929
-2.08974948314268
-0.635887294860404
-1.81855968992583
-0.541803941448407
-1.0246051112463
-0.133108104025727
-0.478421883815423
-0.944396622504461
-0.502381134851882
-1.14997482035946
-0.426713254790826
 
-0.650144741213231
-2.18480877294706
-0.683890875066204
-1.90300433653463
-0.631099555621156
-0.972145946555535
-0.242586362394616
-0.265623829716501
-1.06207636120949
-0.0957515236206978
-1.19762663011841
-0.0133708788810004
 
-0.545375768414668
-1.9682352737369
-0.575769926664353
-1.70603840511359
-0.51092519904697
-0.762515611299347
-0.104682599127315
-0.0520514363427202
-0.773560643376502
0.205391897114612
-0.920053108643062
0.349872250072523
 
-0.534438338384056
-1.9413192903506
-0.558236901887394
-1.6526579552131
-0.534955756206518
-0.758279394163451
0.199116616515643
0.41086696483292
-0.447123690577014
0.804507667771781
-0.646799382714987
0.984053011804364
 
-0.532671257761457
-2.08909891857448
-0.571478140243485
-1.81973506772575
-0.524603776436885
-0.92548879766385
0.368757286010283
0.47852123692767
-0.202281930772033
1.11129814244875
-0.297205019990842
1.25653787513475
 
-0.547676634851915
-1.90049625013396
-0.525754165761103
-1.70171645922079
-0.496292176635353
-0.880919822484117
0.644939587554401
0.573581360362508
0.334646481923806
1.14181305261075
0.220609995639433
1.31428812478545
 
-0.51693787650423
-1.87967580161777
-0.536851386268972
-1.68999391426192
-0.512113825036881
-0.918581943137118
0.812674245438152
0.585251542197453
0.706896056579918
1.20357352592333
0.667056197656893
1.31185984415513
 
-0.497208277456202
-1.71220784862804
-0.496318763463376
-1.49887801854699
-0.481855310364673
-0.822051503889603
0.84653510888892
0.522968327718843
0.919241616365993
1.07159893990448
0.903878859009564
1.12931796245866
 
-0.482697329607316
-1.68813303288043
-0.506937984226091
-1.49133770712925
-0.504744522739794
-0.832239983579034
0.994336314429082
0.522071555902769
1.18648958568749
1.06389973243936
1.18976084278183
1.16336393726792
 
-0.48162802243688
-1.634138091478
-0.509872250007565
-1.44654803650166
-0.516642121646427
-0.811662860038827
1.0589856580234
0.437630248264127
1.38565694395804
0.920022740234041
1.4286814737401
1.05903694155872
 
-0.473099875392617
-1.56430976959795
-0.505442017499863
-1.40050424127825
-0.520529968993505
-0.784538229052465
1.12154051556753
0.345225160651434
1.55038501017437
0.796351146067737
1.62962991752884
0.911792721005867
 
-0.474489180650236
-1.55368875463633
-0.505642195868708
-1.39615964720198
-0.527278967443575
-0.789659158364006
1.19956306443807
0.233387739274047
1.70312627115821
0.536455248877441
1.75444718356598
0.65484312776023
 
-0.47607984300253
-1.5340264410518
-0.509309987020751
-1.37538461703108
-0.532063767837775
-0.779201339206484
1.17199250086985
0.0861213026175679
1.71618224877479
0.297806542693319
1.84491124855215
0.442923834448444
 
-0.479926612546252
-1.52448715672942
-0.514422943625992
-1.37158307210898
-0.536349845055646
-0.776143299712782
1.12244884690454
-0.0544205066832669
1.69559997294533
0.0586021719831238
1.83079101048624
0.140287569221859
 
-0.482168345643461
-1.53947756043578
-0.520670805991996
-1.38163880513307
-0.542414344847654
-0.778719205934915
1.0927319377368
-0.218463662605797
1.68540646458268
-0.215478981253565
1.84210849073224
-0.172372827083916
 
-0.47841473880102
-1.53652808975169
-0.523706385164343
-1.37716474343391
-0.544137141560994
-0.769006072722518
1.03872921933317
-0.38304528731753
1.59726997660135
-0.60146071259919
1.78350794691227
-0.532526750080521
 
-0.478202629020753
-1.52397731573341
-0.527975062242276
-1.36292912280881
-0.54809779930243
-0.752332422052199
0.948160475693026
-0.523110189720962
1.43672465604105
-0.876349157862905
1.50679486672104
-0.877386079050741
 
-0.492224615441255
-1.50835936688434
-0.537898351633118
-1.35463935882128
-0.557809942834542
-0.740743132858916
0.834685328971086
-0.604459483980805
1.21371516249398
-1.08062925314148
1.39903053598988
-1.15746788736125
 
-0.517936613450306
-1.51960588030476
-0.556238855257718
-1.36624075102611
-0.573691579290465
-0.746358158125566
0.729487120029506
-0.663343783930644
1.03228421645889
-1.19956986546717
1.17905612500937
-1.34171294106624
 
-0.526159724641495
-1.50617667041
-0.562987065101129
-1.35374485593689
-0.578315266521542
-0.736256270321291
0.674889486049363
-0.693052378495006
0.820506513121951
-1.29074269505682
0.932109353452836
-1.43311560872982
 
-0.535289089175987
-1.50355570736594
-0.572520531295971
-1.35076510906996
-0.585042645407574
-0.731888740001496
0.631600365852035
-0.715887913935121
0.690423097952715
-1.33129445390131
0.727855702210684
-1.50905285155118
 
----
@Point;Return
-0.565502087958742
-1.52365048366354
-0.590492082210905
-1.36359707832894
-0.597639948751835
-0.728805548660529
0.581176463072297
-0.744844834865988
0.586686204206933
-1.37025223866037
0.53262693666361
-1.5549662461062
 
-0.563620819724962
-1.52128940240068
-0.589418438940558
-1.36386226551126
-0.596369323351918
-0.728605005688851
0.581600873273517
-0.744526594870457
0.587449527230538
-1.36989778062154
0.533177597911881
-1.55419555134945
 
-0.560549007462576
-1.5189060909022
-0.587663053734756
-1.36301258757579
-0.594692338307657
-0.728435919630965
0.581410113133726
-0.743619967932854
0.587665491266883
-1.36876111919303
0.5333850243156
-1.55310249437953
 
-0.561257245871177
-1.51255997910207
-0.588040188591909
-1.36471782671804
-0.594357738563524
-0.73002065659893
0.581393981196308
-0.744262710814545
0.586789631339763
-1.36992497133377
0.531341435652664
-1.55582031462956
 
-0.560864233259513
-1.51405924047354
-0.588285303834328
-1.36675080229181
-0.593515768968482
-0.729819116370894
0.579709480576752
-0.744074983736701
0.583424851225419
-1.36950957314313
0.526557090078242
-1.55379896669458
 
-0.56463341215746
-1.51170382666217
-0.589698437963353
-1.3678354868222
-0.595162505143412
-0.727443211647022
0.573477757616611
-0.744353258068627
0.568575278490908
-1.36963244845697
0.506830952681477
-1.54655956421604
 
-0.563133706894286
-1.51609783333733
-0.58959242126577
-1.37254093204494
-0.59550928971803
-0.727492346715087
0.553391381406405
-0.737802535412941
0.51677439767866
-1.3701934018372
0.467575709808355
-1.54765779065034
 
-0.55914885109597
-1.52655745662838
-0.588358304857619
-1.38269015121533
-0.595063759883121
-0.734099618951536
0.520302612666966
-0.710470564877243
0.444650479352103
-1.33588491152569
0.406296603753562
-1.51860901997417
 
-0.555150493330321
-1.54612792861934
-0.5881977930523
-1.39986861026694
-0.595175128243543
-0.744013056091723
0.487792970031586
-0.661860868810853
0.365455412671114
-1.23128131014665
0.307241920362196
-1.41686342633897
 
-0.550981828952506
-1.59445464964562
-0.586665501394843
-1.4402007522858
-0.595714881628831
-0.758950321327867
0.443525694819817
-0.642544542221179
0.294849443368564
-1.0319959191633
0.185845154239871
-1.24896554360296
 
-0.547083337700272
-1.63895408417783
-0.585609420355704
-1.48033327547769
-0.596037555124361
-0.780608546470823
0.466084239108159
-0.467040444833662
0.195840000690966
-0.827718818713635
0.0645361542006102
-0.973900162361832
 
-0.562090382079599
-1.79305388030043
-0.602034016873773
-1.61986040691184
-0.611349585630465
-0.861409203969688
0.516030290562798
-0.298719649857018
0.181648105349653
-0.650233613134802
-0.0313677117259449
-0.709509913753206
 
-0.56529498928201
-1.82575384358478
-0.60891867385429
-1.62639474713971
-0.613045053878313
-0.892473440259269
0.484817547420913
-0.320420497948683
0.122226364468659
-0.442426363115364
-0.135716341483382
-0.39203023006432
 
-0.568926701854931
-1.82583400411805
-0.610594353027776
-1.63183928970967
-0.616883395817081
-0.852671359771324
0.387071507162906
-0.215145541433575
-0.0312392188166677
-0.141654700944173
-0.19385522242894
-0.0861516605199893
 
-0.579685642985629
-1.88716251047332
-0.621660036784922
-1.68699667520992
-0.626022378911962
-0.855044175643396
0.334799876581656
-0.0270952729087751
-0.062983026613617
0.114777220221275
-0.226597437874433
0.230453829843861
 
-0.592699140480142
-1.88183345085538
-0.625863280338071
-1.68466835948144
-0.62757432582981
-0.859533829143957
0.298636428552317
-0.0347751162174354
-0.123631722209747
0.231575535809326
-0.266275695905108
0.360587344989243
 
-0.599726641814371
-1.96776329026173
-0.633829462750571
-1.75426484674993
-0.63438603569228
-0.864004418352875
0.345018863711101
0.0773435196862934
-0.0926688927556521
0.323357369889999
-0.256586947582389
0.474962392088921
 
-0.605603316636056
-1.99093190095356
-0.637647442417898
-1.75727204045339
-0.636215812709538
-0.864508841636257
0.347436030016757
0.08257318408231
-0.0864941204485601
0.322697637625978
-0.256886454141538
0.446073084515046
 
-0.611080992962153
-1.98574303089508
-0.638239479557163
-1.75587810911514
-0.634964439936989
-0.85811607137576
0.356184134354147
0.0723097728041854
-0.0689158910688952
0.272833975224037
-0.233484540792319
0.352233694123297
 
-0.60955676765105
-1.96890634602076
-0.640605968064386
-1.74280279384461
-0.637564990336737
-0.845932239830028
0.386914426477615
-0.00184529190443388
-0.0409901739381867
0.173924080163086
-0.201819385240187
0.226044360816177
 
-0.602227056068564
-1.93481303412705
-0.639288803591417
-1.71502048324162
-0.636048922734062
-0.83386265466814
0.403040317646709
-0.0670270699116419
-0.00870040299553607
0.0349760668588979
-0.153403871001024
0.0741933256104274
 
-0.597806747353607
-1.87929226956426
-0.637147570312855
-1.67734596818279
-0.633384471255428
-0.838337582301356
0.414897818425082
-0.229601028947331
0.0122175743958726
-0.189160144801556
-0.1427055635401
-0.145714694826172
 
-0.591042795033352
-1.83380981884097
-0.632063393968357
-1.65618375691769
-0.624770723756828
-0.865184125201664
0.431799224704298
-0.398442627452145
0.0708377932925823
-0.512831236781987
-0.102953741734187
-0.505688283753825
 
-0.583421741698072
-1.82442409840911
-0.627480207213666
-1.64753759491912
-0.625378528504338
-0.862382578918623
0.611098236199094
-0.5728621661696
0.195087624457349
-0.825047120605581
0.000268343282855514
-0.886538056682815
 
-0.557010997077661
-1.7455603416466
-0.597602068306176
-1.58115130654904
-0.604368543047301
-0.822852514867533
0.616609513080437
-0.68181708116447
0.284639265089168
-1.13597098649976
0.156878581018933
-1.27752055038832
 
-0.549239137739915
-1.62941935424088
-0.585372572309715
-1.46083910504202
-0.598587356586462
-0.743430813339239
0.526416564261232
-0.715115712310068
0.383395723550299
-1.29332821449536
0.30144141927206
-1.48809403988156
 
-0.54402661635067
-1.58362184159612
-0.579378543452842
-1.41188922694688
-0.594412474868724
-0.721186158638469
0.541946311490439
-0.758908359920036
0.464109275775392
-1.38170940990071
0.418147172923869
-1.58501830405754
 
-0.54549492591391
-1.55003830786871
-0.577609531009308
-1.38641709631773
-0.593930122491969
-0.708808447073772
0.564637132982146
-0.774437057353991
0.517740001936114
-1.39579677307084
0.487017338702864
-1.60569518114915
 
-0.547978269652104
-1.53610038058345
-0.578846326848599
-1.37017440415928
-0.596817615386073
-0.71082885314608
0.582091203728481
-0.761785932307076
0.546119898388519
-1.3832639604813
0.509683875548372
-1.57858762024304
 
-0.559627257673675
-1.53486082202044
-0.588171720881668
-1.36766849354482
-0.606533474081936
-0.717091936943357
0.583144102332949
-0.762924241268393
0.560805033001577
-1.39064594645466
0.513059604021486
-1.58125623993542
 
-0.563480038494759
-1.52915078538699
-0.59332125800955
-1.36185128155331
-0.609721699596336
-0.719069935511207
0.5809697137538
-0.759475621180527
0.572392284062342
-1.38890949148169
0.522365890458311
-1.56644385630693
 
-0.56389091055588
-1.52465624962269
-0.594758310620618
-1.35602333784653
-0.607832892264461
-0.721828124264328
0.578910819987593
-0.75495031589467
0.57474057552206
-1.38385050755914
0.524188802537003
-1.5607308612771
 
-0.559383517517761
-1.52121208270188
-0.594700020738758
-1.34790630260091
-0.607526648141504
-0.719040962521094
0.577057826028558
-0.749827281911581
0.573880813942622
-1.37786259056725
0.524092506306566
-1.56411803019005
 
----
@Go back;Ctrl+z
-0.619991926033685
-1.49895113698804
-0.629696102739254
-1.34944361525938
-0.607250045119866
-0.717820913872533
0.581623262836528
-0.769170314712229
0.564813347292021
-1.39758684435089
0.492056363126666
-1.59028748879206
 
-0.619081272881109
-1.49831181274543
-0.628027188597892
-1.34891692091777
-0.6074131565012
-0.715437511321736
0.580988072935586
-0.768152246359229
0.564986813023598
-1.39639242050629
0.493515092326673
-1.58877194822156
 
-0.615945637167939
-1.49956646631593
-0.626484728078686
-1.35104681707211
-0.612333611078018
-0.714165947294092
0.582226118381121
-0.768190125454536
0.56685163272553
-1.39691013413359
0.498025517590052
-1.58979083875257
 
-0.612884683495618
-1.50397048521469
-0.624511289350916
-1.35308284200865
-0.610944589680002
-0.717989906388718
0.585497146178598
-0.769107884385605
0.570219613795146
-1.39882038422267
0.502322102448531
-1.58985646832877
 
-0.608209307549852
-1.50213951962091
-0.621514231915718
-1.35282984992738
-0.607155858269184
-0.721338047747722
0.588561423691663
-0.767988295155883
0.572893584594572
-1.39761329136076
0.508990240405709
-1.58282875802261
 
-0.604202094408147
-1.50134688112874
-0.617661833041408
-1.3517821165074
-0.603646944965685
-0.723678074382153
0.591678706693443
-0.766139702264994
0.576065454581584
-1.39556783103449
0.513866969754551
-1.5721741194147
 
-0.597653725833426
-1.49884843854819
-0.61201104274977
-1.35074325148019
-0.598420689896027
-0.72427619410665
0.593993803885309
-0.762950727519236
0.579321166629194
-1.39101348321675
0.517857558598294
-1.56650992105584
 
-0.591546445214826
-1.49537190753528
-0.607131886202615
-1.34858991582696
-0.593877282687691
-0.723598863079309
0.59424043431397
-0.760666021807116
0.581846868074301
-1.38707721493978
0.521991496418824
-1.54832735821291
 
-0.589960318831163
-1.49730829320939
-0.604554273858548
-1.34978733341335
-0.592289985999264
-0.72404433217226
0.597604876289934
-0.762523843028474
0.585168538463894
-1.38914492038738
0.52353137587008
-1.54694701776139
 
-0.587438095791606
-1.49888814807093
-0.600952944419392
-1.35314315157244
-0.58922721457156
-0.725882243343198
0.609058784998917
-0.757563094104042
0.610233877791445
-1.37631903053913
0.569445035190311
-1.50354903856763
 
-0.580246582160853
-1.50075568630765
-0.593738403610173
-1.35619730139067
-0.58438974558833
-0.728736235263688
0.639475501697926
-0.71302889543325
0.681786392907886
-1.2755774071757
0.647993572794885
-1.35483013803177
 
-0.573850885210378
-1.49878105785651
-0.588977260113918
-1.35307302697947
-0.578642777647647
-0.727682678669947
0.66050052601536
-0.647628392672788
0.783049715252895
-1.09704080507383
0.730283631071948
-1.0561050637914
 
-0.572070462264059
-1.53544384813622
-0.591153957109228
-1.36303121989152
-0.580127458074966
-0.729847227378185
0.685718749874137
-0.615421437769969
0.82074183003344
-0.755194744716872
0.766520658115843
-0.779677121981683
 
-0.574057849500219
-1.54203693949763
-0.593578523648443
-1.36870412698822
-0.58190873410757
-0.727483343720204
0.802875492772452
-0.689183350727614
0.811405419514291
-0.484465451746722
0.79381124572783
-0.439592185696546
 
-0.572302743187729
-1.55537813486342
-0.594079153677602
-1.38030557647442
-0.583247276733907
-0.733040999498778
0.846400460216741
-0.559657728710165
0.88096570911861
-0.194743970170804
0.837381376863621
-0.0711852150371423
 
-0.564430573299766
-1.55948942645247
-0.588932883459308
-1.37993181397663
-0.579882814383833
-0.730021008734923
1.00523660488299
-0.5160615858764
0.860489491931059
0.0198873623990259
0.797983543983932
0.224034015131668
 
-0.558964001777453
-1.55995658615515
-0.584880104611992
-1.3727763149376
-0.576991137008794
-0.725397649617034
1.04199367462934
-0.457969384329462
0.829994760768023
0.194705844396753
0.738343210370023
0.414998990787961
 
-0.553520303341024
-1.5587938110222
-0.581395428002946
-1.36651524082232
-0.573530336325687
-0.726716555249062
1.04254620064356
-0.298517559702509
0.734255350373437
0.39183969637155
0.664999800988498
0.502926203819188
 
-0.548941710146993
-1.56083914871243
-0.579752130603128
-1.36758399087367
-0.572265411308666
-0.726357313180468
1.05212125811596
-0.269305727949728
0.715975610134235
0.372696373005829
0.623457518955059
0.487568349513496
 
-0.544279207778042
-1.56329158034244
-0.578028978187925
-1.37211557340019
-0.573041170050487
-0.733139855844789
1.05651050648822
-0.255822261603633
0.619624361639976
0.449990340152146
0.576309255736224
0.506769469852855
 
-0.535818682638222
-1.56223992843648
-0.574010133898652
-1.37540037854285
-0.570720414912203
-0.737514150611378
1.05789938290215
-0.250649371736953
0.723637645645445
0.346871422684378
0.603811961290425
0.489629351883008
 
-0.52963821866356
-1.56393813063607
-0.570168775541924
-1.3769941705814
-0.56906945038874
-0.743519343470432
1.05873312444128
-0.250210186601837
0.729603718515003
0.346141239979163
0.623976191654809
0.498103982163166
 
-0.528643227623806
-1.56693038721492
-0.566976138847004
-1.37619764287232
-0.56684306296493
-0.745815379254996
1.05890482047266
-0.250720633400291
0.734000438040948
0.346501934339308
0.630738937077378
0.492640295288945
 
-0.532170047034567
-1.56826794220619
-0.566772030043664
-1.37813377003771
-0.567907962763459
-0.748734106777031
1.05836370405304
-0.253875666806098
0.734699339576577
0.348977319581129
0.629201640250115
0.4792563347299
 
-0.533896162337016
-1.57511889335352
-0.567132427448234
-1.3828008893549
-0.568030771165432
-0.75196791824479
1.0498684597978
-0.279395909576508
0.73045983654165
0.331890462273791
0.646446935068582
0.405987885641108
 
-0.533846837474973
-1.58240047676481
-0.568107230645164
-1.38885132554028
-0.567297841441664
-0.755012428614822
0.999070227541662
-0.376530055035716
0.702883876824976
0.26690120398018
0.662777852071866
0.266257513954108
 
-0.531425822752591
-1.58621262107837
-0.568455306153209
-1.39429959265491
-0.565631627679784
-0.757172731648901
0.928562982510234
-0.453464608291955
0.745363454408066
0.0297844685148891
0.672214765613698
0.0763875713749833
 
-0.528516808967989
-1.5918994493167
-0.567444091200163
-1.40830077843604
-0.563806611426931
-0.76435661067298
0.893651220970251
-0.489535234863925
0.72643516025468
-0.228816669504492
0.699296687802257
-0.205920285351839
 
-0.522009416746926
-1.58739611182092
-0.562683300547678
-1.40333512978782
-0.55720077154618
-0.757533164444828
0.709214790709164
-0.473227944259277
0.746872334763553
-0.453246853508998
0.727796855773083
-0.581111671801746
 
-0.516262961299001
-1.58436317393322
-0.560558557424321
-1.39915428721513
-0.553840506361112
-0.751199014065398
0.761970066352734
-0.533149916374218
0.805122962897748
-0.869960189755557
0.747634588639257
-0.936247477711322
 
-0.511877221970214
-1.58626424594519
-0.560291246178381
-1.4019265038875
-0.554706066671422
-0.752203604889088
0.739278193810434
-0.625794746605923
0.760643997704719
-1.13224365474391
0.716559998302985
-1.27969491958425
 
-0.509252441189226
-1.57676347661626
-0.55661059060399
-1.3947827380946
-0.5538183111452
-0.747388958732208
0.70462874483738
-0.698551746840529
0.715164396202985
-1.28688081081112
0.681713423476574
-1.47805444290421
 
-0.512998138077084
-1.56364275090034
-0.556541961757967
-1.38226572688462
-0.554542687881745
-0.740099440100797
0.669065118112316
-0.741967777181462
0.689867500356425
-1.36083538542467
0.638969918028076
-1.53025672047918
 
